$MXCM10033,0*36
$MXCM10033,1,74,212*05
$MXCM10033,2,1,19800105,235956,00,35A4E8F5,00000000,0089,0000,0000,00,A101*2E
GPS_PRN:00,00,00,00,00,00,00,00,00,00,00,00,00,00,00,SAT_TAL:00
GPS_SNR:00,00,00,00,00,00,00,00,00,00,00,00,00,00,00,SNR_AVG:0.00
GLO_PRN:00,00,00,00,00,00,00,00,00,00,00,00,00,00,00,SAT_TAL:00
GLO_SNR:00,00,00,00,00,00,00,00,00,00,00,00,00,00,00,SNR_AVG:0.00
GAL_PRN:00,00,00,00,00,00,00,00,00,00,00,00,00,00,00,SAT_TAL:00
GAL_SNR:00,00,00,00,00,00,00,00,00,00,00,00,00,00,00,SNR_AVG:0.00
BEI_PRN:00,00,00,00,00,00,00,00,00,00,00,00,00,00,00,SAT_TAL:00
BEI_SNR:00,00,00,00,00,00,00,00,00,00,00,00,00,00,00,SNR_AVG:0.00
QZS_PRN:00,00,00,00,00,SAT_TAL:00
QZS_SNR:00,00,00,00,00,SNR_AVG:0.00
SatInView:0 GDOP:19998
Roll:52.857948 Pitch:33.561848
X_AVG:-6.044811 Y_AVG:5.137294 Z_AVG:4.808851
X_SD:9.563670 Y_SD:9.399425 Z_SD:14.297694
$MXCM10033,2,2,19800106,000011,00,35A4E8F5,00000000,0089,0000,0000,00,A102*23
GPS_PRN:29,10,19500,00,00,00,00,00,00,00,00,00,00,00,SAT_TAL:03
GPS_SNR:30,37,36,00,00,00,00,00,00,00,00,00,00,00,00,SNR_AVG:34.33
GLO_PRN:00,00,00,00,00,00,00,00,00,00,00,00,00,00,00,SAT_TAL:00
GLO_SNR:00,00,00,00,00,00,00,00,00,00,00,00,00,00,00,SNR_AVG:0.00
GAL_PRN:00,00,00,00,00,00,00,00,00,00,00,00,00,00,00,SAT_TAL:00
GAL_SNR:00,00,00,00,00,00,00,00,00,00,00,00,00,00,00,SNR_AVG:0.00
BEI_PRN:00,00,00,00,00,00,00,00,00,00,00,00,00,00,00,SAT_TAL:00
BEI_SNR:00,00,00,00,00,00,00,00,00,00,00,00,00,00,00,SNR_AVG:0.00
QZS_PRN:00,00,00,00,00,SAT_TAL:00
QZS_SNR:00,00,00,00,00,SNR_AVG:0.00
SatInView:3 GDOP:19998
Roll:96.403809 Pitch:46.859268
X_AVG:-9.673057 Y_AVG:7.802382 Z_AVG:-0.911682
X_SD:9.043772 Y_SD:8.466745 Z_SD:10.780442
$MXCM10033,2,3,19800106,000026,00,35A4E8F5,00000000,0089,0000,0000,00,A101*25
GPS_PRN:10,19600,00,00,00,00,00,00,00,00,00,00,00,00,SAT_TAL:02
GPS_SNR:37,32,00,00,00,00,00,00,00,00,00,00,00,00,00,SNR_AVG:34.50
GLO_PRN:00,00,00,00,00,00,00,00,00,00,00,00,00,00,00,SAT_TAL:00
GLO_SNR:00,00,00,00,00,00,00,00,00,00,00,00,00,00,00,SNR_AVG:0.00
GAL_PRN:00,00,00,00,00,00,00,00,00,00,00,00,00,00,00,SAT_TAL:00
GAL_SNR:00,00,00,00,00,00,00,00,00,00,00,00,00,00,00,SNR_AVG:0.00
BEI_PRN:00,00,00,00,00,00,00,00,00,00,00,00,00,00,00,SAT_TAL:00
BEI_SNR:00,00,00,00,00,00,00,00,00,00,00,00,00,00,00,SNR_AVG:0.00
QZS_PRN:00,00,00,00,00,SAT_TAL:00
QZS_SNR:00,00,00,00,00,SNR_AVG:0.00
SatInView:2 GDOP:19998
Roll:100.381729 Pitch:44.476334
X_AVG:-8.231288 Y_AVG:6.744458 Z_AVG:-1.828584
X_SD:9.406866 Y_SD:8.440644 Z_SD:11.472749
$MXCM10033,2,4,19800106,000039,00,35A4E8F5,00000000,0089,0000,0000,00,A102*2F
GPS_PRN:25,32,28,31,10,19619500,00,00,00,00,00,00,00,SAT_TAL:07
GPS_SNR:34,36,24,31,36,31,34,00,00,00,00,00,00,00,00,SNR_AVG:32.29
GLO_PRN:00,00,00,00,00,00,00,00,00,00,00,00,00,00,00,SAT_TAL:00
GLO_SNR:00,00,00,00,00,00,00,00,00,00,00,00,00,00,00,SNR_AVG:0.00
GAL_PRN:00,00,00,00,00,00,00,00,00,00,00,00,00,00,00,SAT_TAL:00
GAL_SNR:00,00,00,00,00,00,00,00,00,00,00,00,00,00,00,SNR_AVG:0.00
BEI_PRN:00,00,00,00,00,00,00,00,00,00,00,00,00,00,00,SAT_TAL:00
BEI_SNR:00,00,00,00,00,00,00,00,00,00,00,00,00,00,00,SNR_AVG:0.00
QZS_PRN:00,00,00,00,00,SAT_TAL:00
QZS_SNR:00,00,00,00,00,SNR_AVG:0.00
SatInView:7 GDOP:19998
Roll:95.756348 Pitch:56.071297
X_AVG:-15.386599 Y_AVG:11.646541 Z_AVG:-2.033484
X_SD:6.305959 Y_SD:8.157075 Z_SD:10.549801
$MXCM10033,2,5,19800110,021110,00,35A4E8F5,00000000,0089,0000,0000,00,A102*20
GPS_PRN:25,10,32,19619500,00,00,00,00,00,00,00,00,00,SAT_TAL:05
GPS_SNR:34,37,37,31,35,00,00,00,00,00,00,00,00,00,00,SNR_AVG:34.80
GLO_PRN:00,00,00,00,00,00,00,00,00,00,00,00,00,00,00,SAT_TAL:00
GLO_SNR:00,00,00,00,00,00,00,00,00,00,00,00,00,00,00,SNR_AVG:0.00
GAL_PRN:00,00,00,00,00,00,00,00,00,00,00,00,00,00,00,SAT_TAL:00
GAL_SNR:00,00,00,00,00,00,00,00,00,00,00,00,00,00,00,SNR_AVG:0.00
BEI_PRN:00,00,00,00,00,00,00,00,00,00,00,00,00,00,00,SAT_TAL:00
BEI_SNR:00,00,00,00,00,00,00,00,00,00,00,00,00,00,00,SNR_AVG:0.00
QZS_PRN:00,00,00,00,00,SAT_TAL:00
QZS_SNR:00,00,00,00,00,SNR_AVG:0.00
SatInView:5 GDOP:19998
Roll:99.631401 Pitch:49.673717
X_AVG:-10.624197 Y_AVG:8.373123 Z_AVG:-1.900316
X_SD:8.156031 Y_SD:8.291816 Z_SD:10.618918
$MXCM10033,2,6,19800110,021123,00,35A4E8F5,00000000,0089,0000,0000,00,A102*23
GPS_PRN:19526,28,16,31,12,10,32,25,19619423,00,00,00,SAT_TAL:12
GPS_SNR:34,33,35,38,25,36,38,37,36,30,30,35,00,00,00,SNR_AVG:33.92
GLO_PRN:00,00,00,00,00,00,00,00,00,00,00,00,00,00,00,SAT_TAL:00
GLO_SNR:00,00,00,00,00,00,00,00,00,00,00,00,00,00,00,SNR_AVG:0.00
GAL_PRN:00,00,00,00,00,00,00,00,00,00,00,00,00,00,00,SAT_TAL:00
GAL_SNR:00,00,00,00,00,00,00,00,00,00,00,00,00,00,00,SNR_AVG:0.00
BEI_PRN:00,00,00,00,00,00,00,00,00,00,00,00,00,00,00,SAT_TAL:00
BEI_SNR:00,00,00,00,00,00,00,00,00,00,00,00,00,00,00,SNR_AVG:0.00
QZS_PRN:00,00,00,00,00,SAT_TAL:00
QZS_SNR:00,00,00,00,00,SNR_AVG:0.00
SatInView:12 GDOP:19998
Roll:76.096970 Pitch:60.732265
X_AVG:-7.200754 Y_AVG:3.991167 Z_AVG:-1.230740
X_SD:9.668646 Y_SD:7.686142 Z_SD:9.779452
$MXCM10033,2,7,20240104,021137,12,0E98EA80,47EDCB43,0073,0016,4B3E,0A,A102*57
GPS_PRN:19428,10,25,31,26,29,23,12,16,19619532,00,00,SAT_TAL:13
GPS_SNR:29,35,38,36,35,35,36,34,37,36,28,32,39,00,00,SNR_AVG:34.62
GLO_PRN:00,00,00,00,00,00,00,00,00,00,00,00,00,00,00,SAT_TAL:00
GLO_SNR:00,00,00,00,00,00,00,00,00,00,00,00,00,00,00,SNR_AVG:0.00
GAL_PRN:36,09,24,05,00,00,00,00,00,00,00,00,00,00,00,SAT_TAL:02
GAL_SNR:00,35,35,00,00,00,00,00,00,00,00,00,00,00,00,SNR_AVG:35.00
BEI_PRN:00,00,00,00,00,00,00,00,00,00,00,00,00,00,00,SAT_TAL:00
BEI_SNR:00,00,00,00,00,00,00,00,00,00,00,00,00,00,00,SNR_AVG:0.00
QZS_PRN:00,00,00,00,00,SAT_TAL:00
QZS_SNR:00,00,00,00,00,SNR_AVG:0.00
SatInView:17 GDOP:182
Roll:63.593040 Pitch:66.704430
X_AVG:-8.162333 Y_AVG:4.070225 Z_AVG:0.696344
X_SD:8.184950 Y_SD:7.195749 Z_SD:9.010295
$MXCM10033,2,8,20240104,021152,12,0E9891EB,47EDED44,0086,0013,3EFA,0A,A102*21
GPS_PRN:19410,25,31,26,29,23,12,16,19619528,00,00,00,SAT_TAL:12
GPS_SNR:29,35,35,37,32,27,37,36,31,28,36,37,00,00,00,SNR_AVG:33.33
GLO_PRN:00,00,00,00,00,00,00,00,00,00,00,00,00,00,00,SAT_TAL:00
GLO_SNR:00,00,00,00,00,00,00,00,00,00,00,00,00,00,00,SNR_AVG:0.00
GAL_PRN:36,09,24,05,00,00,00,00,00,00,00,00,00,00,00,SAT_TAL:04
GAL_SNR:23,35,30,25,00,00,00,00,00,00,00,00,00,00,00,SNR_AVG:28.25
BEI_PRN:00,00,00,00,00,00,00,00,00,00,00,00,00,00,00,SAT_TAL:00
BEI_SNR:00,00,00,00,00,00,00,00,00,00,00,00,00,00,00,SNR_AVG:0.00
QZS_PRN:00,00,00,00,00,SAT_TAL:00
QZS_SNR:00,00,00,00,00,SNR_AVG:0.00
SatInView:16 GDOP:196
Roll:90.640358 Pitch:60.653553
X_AVG:-7.408288 Y_AVG:4.291166 Z_AVG:0.064501
X_SD:9.001291 Y_SD:6.937733 Z_SD:8.358122
$MXCM10033,2,9,20240104,021207,12,0E98657E,47EDCB81,008D,0003,1343,0C,A102*51
GPS_PRN:19410,25,31,26,29,23,12,16,19619528,00,00,00,SAT_TAL:12
GPS_SNR:29,39,26,38,36,37,34,36,30,30,33,36,00,00,00,SNR_AVG:33.67
GLO_PRN:00,00,00,00,00,00,00,00,00,00,00,00,00,00,00,SAT_TAL:00
GLO_SNR:00,00,00,00,00,00,00,00,00,00,00,00,00,00,00,SNR_AVG:0.00
GAL_PRN:05,36,09,04,24,00,00,00,00,00,00,00,00,00,00,SAT_TAL:05
GAL_SNR:33,25,32,28,34,00,00,00,00,00,00,00,00,00,00,SNR_AVG:30.40
BEI_PRN:00,00,00,00,00,00,00,00,00,00,00,00,00,00,00,SAT_TAL:00
BEI_SNR:00,00,00,00,00,00,00,00,00,00,00,00,00,00,00,SNR_AVG:0.00
QZS_PRN:00,00,00,00,00,SAT_TAL:00
QZS_SNR:00,00,00,00,00,SNR_AVG:0.00
SatInView:17 GDOP:182
Roll:75.719063 Pitch:58.925011
X_AVG:-7.757226 Y_AVG:4.988037 Z_AVG:0.015084
X_SD:8.819547 Y_SD:7.976055 Z_SD:8.783608
$MXCM10033,2,10,20240104,021222,12,0E98134E,47EE1B35,008A,0014,2DB8,0E,A102*1C
GPS_PRN:19428,10,25,31,26,29,23,12,16,19619532,00,00,SAT_TAL:13
GPS_SNR:28,37,38,29,34,29,37,36,33,19,30,36,34,00,00,SNR_AVG:32.31
GLO_PRN:00,00,00,00,00,00,00,00,00,00,00,00,00,00,00,SAT_TAL:00
GLO_SNR:00,00,00,00,00,00,00,00,00,00,00,00,00,00,00,SNR_AVG:0.00
GAL_PRN:05,36,18,09,04,24,00,00,00,00,00,00,00,00,00,SAT_TAL:06
GAL_SNR:30,21,34,34,31,30,00,00,00,00,00,00,00,00,00,SNR_AVG:30.00
BEI_PRN:00,00,00,00,00,00,00,00,00,00,00,00,00,00,00,SAT_TAL:00
BEI_SNR:00,00,00,00,00,00,00,00,00,00,00,00,00,00,00,SNR_AVG:0.00
QZS_PRN:00,00,00,00,00,SAT_TAL:00
QZS_SNR:00,00,00,00,00,SNR_AVG:0.00
SatInView:19 GDOP:140
Roll:71.493591 Pitch:56.491871
X_AVG:-8.676331 Y_AVG:5.022274 Z_AVG:0.526160
X_SD:9.246870 Y_SD:8.166564 Z_SD:10.074205
$MXCM10033,2,11,20240104,021237,12,0E9841FA,47EE1C8C,008C,0013,6F94,0D,A102*61
GPS_PRN:32,28,10,25,31,26,29,23,12,16,19619519919400,SAT_TAL:14
GPS_SNR:34,26,37,28,37,34,35,34,30,32,33,32,28,32,00,SNR_AVG:32.29
GLO_PRN:00,00,00,00,00,00,00,00,00,00,00,00,00,00,00,SAT_TAL:00
GLO_SNR:00,00,00,00,00,00,00,00,00,00,00,00,00,00,00,SNR_AVG:0.00
GAL_PRN:36,18,09,04,24,05,00,00,00,00,00,00,00,00,00,SAT_TAL:05
GAL_SNR:31,28,00,32,34,27,00,00,00,00,00,00,00,00,00,SNR_AVG:30.40
BEI_PRN:00,00,00,00,00,00,00,00,00,00,00,00,00,00,00,SAT_TAL:00
BEI_SNR:00,00,00,00,00,00,00,00,00,00,00,00,00,00,00,SNR_AVG:0.00
QZS_PRN:00,00,00,00,00,SAT_TAL:00
QZS_SNR:00,00,00,00,00,SNR_AVG:0.00
SatInView:20 GDOP:112
Roll:83.851616 Pitch:58.616264
X_AVG:-13.098989 Y_AVG:9.267423 Z_AVG:-0.434748
X_SD:6.738894 Y_SD:8.741118 Z_SD:7.748141
$MXCM10033,2,12,20240104,021252,12,0E97E7EA,47EE591D,0097,0013,3A13,0E,A102*13
GPS_PRN:32,28,10,25,31,26,29,23,12,16,19619519919400,SAT_TAL:14
GPS_SNR:36,37,34,34,37,34,27,37,37,32,29,37,25,30,00,SNR_AVG:33.29
GLO_PRN:00,00,00,00,00,00,00,00,00,00,00,00,00,00,00,SAT_TAL:00
GLO_SNR:00,00,00,00,00,00,00,00,00,00,00,00,00,00,00,SNR_AVG:0.00
GAL_PRN:36,19,09,04,24,05,00,00,00,00,00,00,00,00,00,SAT_TAL:05
GAL_SNR:24,00,34,28,31,30,00,00,00,00,00,00,00,00,00,SNR_AVG:29.40
BEI_PRN:00,00,00,00,00,00,00,00,00,00,00,00,00,00,00,SAT_TAL:00
BEI_SNR:00,00,00,00,00,00,00,00,00,00,00,00,00,00,00,SNR_AVG:0.00
QZS_PRN:00,00,00,00,00,SAT_TAL:00
QZS_SNR:00,00,00,00,00,SNR_AVG:0.00
SatInView:20 GDOP:140
Roll:75.570282 Pitch:62.380280
X_AVG:-7.332630 Y_AVG:3.853162 Z_AVG:1.497124
X_SD:8.113564 Y_SD:6.779803 Z_SD:7.463493
$MXCM10033,2,13,20240104,021307,12,0E978888,47EE3830,0097,0010,68A8,0E,A102*10
GPS_PRN:19928,10,25,31,26,29,23,12,16,19619519432,00,SAT_TAL:14
GPS_SNR:27,32,38,34,34,35,37,36,35,37,31,35,33,36,00,SNR_AVG:34.29
GLO_PRN:00,00,00,00,00,00,00,00,00,00,00,00,00,00,00,SAT_TAL:00
GLO_SNR:00,00,00,00,00,00,00,00,00,00,00,00,00,00,00,SNR_AVG:0.00
GAL_PRN:36,09,04,24,05,00,00,00,00,00,00,00,00,00,00,SAT_TAL:05
GAL_SNR:34,29,34,33,32,00,00,00,00,00,00,00,00,00,00,SNR_AVG:32.40
BEI_PRN:00,00,00,00,00,00,00,00,00,00,00,00,00,00,00,SAT_TAL:00
BEI_SNR:00,00,00,00,00,00,00,00,00,00,00,00,00,00,00,SNR_AVG:0.00
QZS_PRN:00,00,00,00,00,SAT_TAL:00
QZS_SNR:00,00,00,00,00,SNR_AVG:0.00
SatInView:19 GDOP:110
Roll:48.626785 Pitch:55.520161
X_AVG:-9.140959 Y_AVG:5.296799 Z_AVG:1.340445
X_SD:8.307597 Y_SD:8.791216 Z_SD:10.263971
$MXCM10033,2,14,20240104,021322,12,0E97524E,47EE4422,009E,0013,3C09,10,A102*65
GPS_PRN:32,28,10,25,31,26,29,23,12,16,19619519919400,SAT_TAL:14
GPS_SNR:39,35,36,33,32,34,30,36,35,34,29,36,24,29,00,SNR_AVG:33.00
GLO_PRN:00,00,00,00,00,00,00,00,00,00,00,00,00,00,00,SAT_TAL:00
GLO_SNR:00,00,00,00,00,00,00,00,00,00,00,00,00,00,00,SNR_AVG:0.00
GAL_PRN:05,36,31,09,04,24,00,00,00,00,00,00,00,00,00,SAT_TAL:06
GAL_SNR:27,17,29,35,28,32,00,00,00,00,00,00,00,00,00,SNR_AVG:28.00
BEI_PRN:00,00,00,00,00,00,00,00,00,00,00,00,00,00,00,SAT_TAL:00
BEI_SNR:00,00,00,00,00,00,00,00,00,00,00,00,00,00,00,SNR_AVG:0.00
QZS_PRN:00,00,00,00,00,SAT_TAL:00
QZS_SNR:00,00,00,00,00,SNR_AVG:0.00
SatInView:20 GDOP:127
Roll:90.823975 Pitch:65.134422
X_AVG:-8.226355 Y_AVG:5.065179 Z_AVG:0.771667
X_SD:8.146322 Y_SD:7.535393 Z_SD:7.959806
$MXCM10033,2,15,20240104,021337,12,0E972CE6,47EE917A,00B3,0013,3BC2,11,A102*1F
GPS_PRN:32,28,10,25,31,26,29,23,12,16,19619419519900,SAT_TAL:14
GPS_SNR:36,37,34,34,37,35,29,36,36,32,27,29,35,24,00,SNR_AVG:32.93
GLO_PRN:00,00,00,00,00,00,00,00,00,00,00,00,00,00,00,SAT_TAL:00
GLO_SNR:00,00,00,00,00,00,00,00,00,00,00,00,00,00,00,SNR_AVG:0.00
GAL_PRN:05,36,31,09,04,24,00,00,00,00,00,00,00,00,00,SAT_TAL:06
GAL_SNR:29,25,27,34,27,32,00,00,00,00,00,00,00,00,00,SNR_AVG:29.00
BEI_PRN:00,00,00,00,00,00,00,00,00,00,00,00,00,00,00,SAT_TAL:00
BEI_SNR:00,00,00,00,00,00,00,00,00,00,00,00,00,00,00,SNR_AVG:0.00
QZS_PRN:00,00,00,00,00,SAT_TAL:00
QZS_SNR:00,00,00,00,00,SNR_AVG:0.00
SatInView:20 GDOP:123
Roll:76.733391 Pitch:56.402637
X_AVG:-7.997657 Y_AVG:4.775619 Z_AVG:1.181083
X_SD:8.053808 Y_SD:8.510399 Z_SD:11.167286
$MXCM10033,2,16,20240104,021352,12,0E96B9C5,47EEAC73,00AC,0017,411A,13,A102*69
GPS_PRN:32,28,10,25,31,26,29,23,12,16,19619419519900,SAT_TAL:14
GPS_SNR:38,37,36,34,36,33,25,37,37,32,28,29,36,24,00,SNR_AVG:33.00
GLO_PRN:00,00,00,00,00,00,00,00,00,00,00,00,00,00,00,SAT_TAL:00
GLO_SNR:00,00,00,00,00,00,00,00,00,00,00,00,00,00,00,SNR_AVG:0.00
GAL_PRN:05,36,31,09,04,24,00,00,00,00,00,00,00,00,00,SAT_TAL:06
GAL_SNR:26,22,29,35,28,30,00,00,00,00,00,00,00,00,00,SNR_AVG:28.33
BEI_PRN:00,00,00,00,00,00,00,00,00,00,00,00,00,00,00,SAT_TAL:00
BEI_SNR:00,00,00,00,00,00,00,00,00,00,00,00,00,00,00,SNR_AVG:0.00
QZS_PRN:00,00,00,00,00,SAT_TAL:00
QZS_SNR:00,00,00,00,00,SNR_AVG:0.00
SatInView:20 GDOP:115
Roll:53.534836 Pitch:63.372562
X_AVG:-7.672517 Y_AVG:3.517297 Z_AVG:1.236247
X_SD:7.914543 Y_SD:6.873024 Z_SD:6.323215
$MXCM10033,2,17,20240104,021407,12,0E963E61,47EEAA19,00B2,0016,3D1A,13,A102*1C
GPS_PRN:32,28,10,25,31,26,29,23,12,16,19619419519900,SAT_TAL:14
GPS_SNR:38,35,36,35,32,34,37,37,34,32,29,29,37,24,00,SNR_AVG:33.50
GLO_PRN:00,00,00,00,00,00,00,00,00,00,00,00,00,00,00,SAT_TAL:00
GLO_SNR:00,00,00,00,00,00,00,00,00,00,00,00,00,00,00,SNR_AVG:0.00
GAL_PRN:05,36,31,09,04,24,00,00,00,00,00,00,00,00,00,SAT_TAL:06
GAL_SNR:25,19,30,34,27,32,00,00,00,00,00,00,00,00,00,SNR_AVG:27.83
BEI_PRN:00,00,00,00,00,00,00,00,00,00,00,00,00,00,00,SAT_TAL:00
BEI_SNR:00,00,00,00,00,00,00,00,00,00,00,00,00,00,00,SNR_AVG:0.00
QZS_PRN:00,00,00,00,00,SAT_TAL:00
QZS_SNR:00,00,00,00,00,SNR_AVG:0.00
SatInView:20 GDOP:115
Roll:55.557289 Pitch:64.245125
X_AVG:-7.590778 Y_AVG:3.997392 Z_AVG:2.319741
X_SD:8.641105 Y_SD:7.659657 Z_SD:9.849701
$MXCM10033,2,18,20240104,021422,12,0E963F6D,47EEE6FA,00CB,0012,35ED,13,A102*6B
GPS_PRN:32,28,10,25,31,26,29,23,12,16,19619419519900,SAT_TAL:14
GPS_SNR:36,37,36,32,35,34,33,36,34,31,29,29,35,24,00,SNR_AVG:32.93
GLO_PRN:00,00,00,00,00,00,00,00,00,00,00,00,00,00,00,SAT_TAL:00
GLO_SNR:00,00,00,00,00,00,00,00,00,00,00,00,00,00,00,SNR_AVG:0.00
GAL_PRN:05,36,31,09,04,24,00,00,00,00,00,00,00,00,00,SAT_TAL:06
GAL_SNR:29,21,28,34,29,33,00,00,00,00,00,00,00,00,00,SNR_AVG:29.00
BEI_PRN:00,00,00,00,00,00,00,00,00,00,00,00,00,00,00,SAT_TAL:00
BEI_SNR:00,00,00,00,00,00,00,00,00,00,00,00,00,00,00,SNR_AVG:0.00
QZS_PRN:00,00,00,00,00,SAT_TAL:00
QZS_SNR:00,00,00,00,00,SNR_AVG:0.00
SatInView:20 GDOP:115
Roll:69.792564 Pitch:55.657021
X_AVG:-8.165925 Y_AVG:4.690479 Z_AVG:1.219583
X_SD:8.932664 Y_SD:9.543063 Z_SD:11.823543
$MXCM10033,2,19,20240104,021638,12,0E92AC6E,47EEB609,011C,0018,45DB,13,A202*63
GPS_PRN:19528,10,25,31,26,29,23,12,16,03,19619432,00,SAT_TAL:14
GPS_SNR:34,35,35,36,34,33,31,35,37,36,26,28,30,38,00,SNR_AVG:33.43
GLO_PRN:00,00,00,00,00,00,00,00,00,00,00,00,00,00,00,SAT_TAL:00
GLO_SNR:00,00,00,00,00,00,00,00,00,00,00,00,00,00,00,SNR_AVG:0.00
GAL_PRN:19,05,36,24,31,09,04,00,00,00,00,00,00,00,00,SAT_TAL:06
GAL_SNR:00,22,30,31,30,35,29,00,00,00,00,00,00,00,00,SNR_AVG:29.50
BEI_PRN:00,00,00,00,00,00,00,00,00,00,00,00,00,00,00,SAT_TAL:00
BEI_SNR:00,00,00,00,00,00,00,00,00,00,00,00,00,00,00,SNR_AVG:0.00
QZS_PRN:00,00,00,00,00,SAT_TAL:00
QZS_SNR:00,00,00,00,00,SNR_AVG:0.00
SatInView:21 GDOP:114
Roll:67.524422 Pitch:63.805767
X_AVG:-7.707234 Y_AVG:4.207224 Z_AVG:2.159230
X_SD:8.377595 Y_SD:7.689562 Z_SD:9.211727
$MXCM10033,2,20,20240104,021653,12,0E923A50,47EE7B26,0136,0018,5615,13,A202*19
GPS_PRN:32,28,10,25,31,26,29,23,12,16,03,196194195199SAT_TAL:15
GPS_SNR:38,33,36,35,35,36,35,25,31,34,21,28,33,28,22,SNR_AVG:31.33
GLO_PRN:00,00,00,00,00,00,00,00,00,00,00,00,00,00,00,SAT_TAL:00
GLO_SNR:00,00,00,00,00,00,00,00,00,00,00,00,00,00,00,SNR_AVG:0.00
GAL_PRN:00,00,00,00,00,00,00,00,00,00,00,00,00,00,00,SAT_TAL:00
GAL_SNR:00,00,00,00,00,00,00,00,00,00,00,00,00,00,00,SNR_AVG:0.00
BEI_PRN:00,00,00,00,00,00,00,00,00,00,00,00,00,00,00,SAT_TAL:00
BEI_SNR:00,00,00,00,00,00,00,00,00,00,00,00,00,00,00,SNR_AVG:0.00
QZS_PRN:00,00,00,00,00,SAT_TAL:00
QZS_SNR:00,00,00,00,00,SNR_AVG:0.00
SatInView:22 GDOP:114
Roll:67.784355 Pitch:59.953609
X_AVG:-8.854846 Y_AVG:5.597756 Z_AVG:1.844099
X_SD:9.183523 Y_SD:7.508364 Z_SD:9.415929
$MXCM10033,2,21,20240104,021909,12,0E8E573E,47EEECB1,019F,0019,4D0E,12,A202*11
GPS_PRN:19928,10,25,31,26,29,23,12,16,03,19619419532,SAT_TAL:15
GPS_SNR:22,35,38,36,36,35,34,26,36,37,20,28,30,28,38,SNR_AVG:31.93
GLO_PRN:00,00,00,00,00,00,00,00,00,00,00,00,00,00,00,SAT_TAL:00
GLO_SNR:00,00,00,00,00,00,00,00,00,00,00,00,00,00,00,SNR_AVG:0.00
GAL_PRN:00,00,00,00,00,00,00,00,00,00,00,00,00,00,00,SAT_TAL:00
GAL_SNR:00,00,00,00,00,00,00,00,00,00,00,00,00,00,00,SNR_AVG:0.00
BEI_PRN:00,00,00,00,00,00,00,00,00,00,00,00,00,00,00,SAT_TAL:00
BEI_SNR:00,00,00,00,00,00,00,00,00,00,00,00,00,00,00,SNR_AVG:0.00
QZS_PRN:00,00,00,00,00,SAT_TAL:00
QZS_SNR:00,00,00,00,00,SNR_AVG:0.00
SatInView:21 GDOP:121
Roll:55.563404 Pitch:59.429077
X_AVG:0.000000 Y_AVG:0.000000 Z_AVG:0.000000
X_SD:0.000000 Y_SD:0.000000 Z_SD:0.000000
$MXCM10033,2,22,20240104,021924,12,0E8DD365,47EEDC8E,01A0,0019,474E,12,A202*6A
GPS_PRN:19928,10,25,31,26,29,23,12,16,03,19619419532,SAT_TAL:15
GPS_SNR:24,35,38,36,34,34,29,35,36,36,24,27,29,33,38,SNR_AVG:32.53
GLO_PRN:00,00,00,00,00,00,00,00,00,00,00,00,00,00,00,SAT_TAL:00
GLO_SNR:00,00,00,00,00,00,00,00,00,00,00,00,00,00,00,SNR_AVG:0.00
GAL_PRN:00,00,00,00,00,00,00,00,00,00,00,00,00,00,00,SAT_TAL:00
GAL_SNR:00,00,00,00,00,00,00,00,00,00,00,00,00,00,00,SNR_AVG:0.00
BEI_PRN:00,00,00,00,00,00,00,00,00,00,00,00,00,00,00,SAT_TAL:00
BEI_SNR:00,00,00,00,00,00,00,00,00,00,00,00,00,00,00,SNR_AVG:0.00
QZS_PRN:00,00,00,00,00,SAT_TAL:00
QZS_SNR:00,00,00,00,00,SNR_AVG:0.00
SatInView:21 GDOP:121
Roll:45.802868 Pitch:67.305580
X_AVG:-7.670123 Y_AVG:3.411567 Z_AVG:1.507563
X_SD:8.176005 Y_SD:6.719313 Z_SD:8.060752
$MXCM10033,2,23,20240104,022140,12,0E893FFE,47EF231C,01BC,0019,44AE,12,A202*11
GPS_PRN:19528,10,25,31,26,29,23,16,12,03,19619432,00,SAT_TAL:14
GPS_SNR:32,36,39,35,34,33,31,35,37,36,23,27,29,38,00,SNR_AVG:33.21
GLO_PRN:00,00,00,00,00,00,00,00,00,00,00,00,00,00,00,SAT_TAL:00
GLO_SNR:00,00,00,00,00,00,00,00,00,00,00,00,00,00,00,SNR_AVG:0.00
GAL_PRN:24,05,36,31,09,04,00,00,00,00,00,00,00,00,00,SAT_TAL:06
GAL_SNR:31,23,29,31,34,28,00,00,00,00,00,00,00,00,00,SNR_AVG:29.33
BEI_PRN:00,00,00,00,00,00,00,00,00,00,00,00,00,00,00,SAT_TAL:00
BEI_SNR:00,00,00,00,00,00,00,00,00,00,00,00,00,00,00,SNR_AVG:0.00
QZS_PRN:00,00,00,00,00,SAT_TAL:00
QZS_SNR:00,00,00,00,00,SNR_AVG:0.00
SatInView:20 GDOP:120
Roll:64.392349 Pitch:67.009216
X_AVG:-7.128304 Y_AVG:3.036579 Z_AVG:1.577811
X_SD:8.444174 Y_SD:7.008366 Z_SD:7.457308
$MXCM10033,2,24,20240104,022155,12,0E88BCD0,47EF437D,01C0,0019,3FF7,11,A202*66
GPS_PRN:19928,10,25,31,26,29,23,16,12,03,19619419532,SAT_TAL:14
GPS_SNR:23,36,37,34,34,33,00,36,31,36,28,26,28,35,37,SNR_AVG:32.43
GLO_PRN:00,00,00,00,00,00,00,00,00,00,00,00,00,00,00,SAT_TAL:00
GLO_SNR:00,00,00,00,00,00,00,00,00,00,00,00,00,00,00,SNR_AVG:0.00
GAL_PRN:00,00,00,00,00,00,00,00,00,00,00,00,00,00,00,SAT_TAL:00
GAL_SNR:00,00,00,00,00,00,00,00,00,00,00,00,00,00,00,SNR_AVG:0.00
BEI_PRN:00,00,00,00,00,00,00,00,00,00,00,00,00,00,00,SAT_TAL:00
BEI_SNR:00,00,00,00,00,00,00,00,00,00,00,00,00,00,00,SNR_AVG:0.00
QZS_PRN:00,00,00,00,00,SAT_TAL:00
QZS_SNR:00,00,00,00,00,SNR_AVG:0.00
SatInView:21 GDOP:126
Roll:34.529610 Pitch:71.380890
X_AVG:-8.190011 Y_AVG:3.640553 Z_AVG:2.275639
X_SD:8.687033 Y_SD:7.334500 Z_SD:7.768192
$MXCM10033,2,25,20240104,022411,12,0E84309A,47F11802,01A6,001A,3E16,10,A202*63
GPS_PRN:19528,10,25,31,26,29,23,16,12,03,19619432,00,SAT_TAL:13
GPS_SNR:36,36,37,35,34,32,00,37,32,36,29,27,28,37,00,SNR_AVG:33.54
GLO_PRN:00,00,00,00,00,00,00,00,00,00,00,00,00,00,00,SAT_TAL:00
GLO_SNR:00,00,00,00,00,00,00,00,00,00,00,00,00,00,00,SNR_AVG:0.00
GAL_PRN:24,05,36,31,09,04,00,00,00,00,00,00,00,00,00,SAT_TAL:05
GAL_SNR:30,00,24,31,35,26,00,00,00,00,00,00,00,00,00,SNR_AVG:29.20
BEI_PRN:00,00,00,00,00,00,00,00,00,00,00,00,00,00,00,SAT_TAL:00
BEI_SNR:00,00,00,00,00,00,00,00,00,00,00,00,00,00,00,SNR_AVG:0.00
QZS_PRN:00,00,00,00,00,SAT_TAL:00
QZS_SNR:00,00,00,00,00,SNR_AVG:0.00
SatInView:20 GDOP:140
Roll:41.046894 Pitch:61.518158
X_AVG:-6.882846 Y_AVG:2.995733 Z_AVG:2.023955
X_SD:8.811850 Y_SD:7.676323 Z_SD:9.183659
$MXCM10033,2,26,20240104,022426,12,0E83B52E,47F15F2D,01A2,001A,3F2C,12,A202*65
GPS_PRN:19528,10,31,25,26,29,23,16,12,03,19619432,00,SAT_TAL:14
GPS_SNR:36,36,36,35,35,32,32,37,31,35,28,27,29,37,00,SNR_AVG:33.29
GLO_PRN:00,00,00,00,00,00,00,00,00,00,00,00,00,00,00,SAT_TAL:00
GLO_SNR:00,00,00,00,00,00,00,00,00,00,00,00,00,00,00,SNR_AVG:0.00
GAL_PRN:24,05,36,31,09,04,00,00,00,00,00,00,00,00,00,SAT_TAL:06
GAL_SNR:28,25,26,30,34,28,00,00,00,00,00,00,00,00,00,SNR_AVG:28.50
BEI_PRN:00,00,00,00,00,00,00,00,00,00,00,00,00,00,00,SAT_TAL:00
BEI_SNR:00,00,00,00,00,00,00,00,00,00,00,00,00,00,00,SNR_AVG:0.00
QZS_PRN:00,00,00,00,00,SAT_TAL:00
QZS_SNR:00,00,00,00,00,SNR_AVG:0.00
SatInView:20 GDOP:121
Roll:24.860136 Pitch:62.515839
X_AVG:-6.537356 Y_AVG:3.101176 Z_AVG:1.491282
X_SD:8.767718 Y_SD:6.742822 Z_SD:7.301975
$MXCM10033,2,27,20240104,022642,12,0E7ED01D,47F28138,016D,001A,46AF,13,A202*19
GPS_PRN:19528,10,25,31,26,29,16,23,03,12,19619432,00,SAT_TAL:14
GPS_SNR:32,35,39,34,32,34,31,35,32,19,35,28,30,38,00,SNR_AVG:32.43
GLO_PRN:00,00,00,00,00,00,00,00,00,00,00,00,00,00,00,SAT_TAL:00
GLO_SNR:00,00,00,00,00,00,00,00,00,00,00,00,00,00,00,SNR_AVG:0.00
GAL_PRN:24,05,36,31,09,04,00,00,00,00,00,00,00,00,00,SAT_TAL:06
GAL_SNR:31,20,30,31,34,28,00,00,00,00,00,00,00,00,00,SNR_AVG:29.00
BEI_PRN:00,00,00,00,00,00,00,00,00,00,00,00,00,00,00,SAT_TAL:00
BEI_SNR:00,00,00,00,00,00,00,00,00,00,00,00,00,00,00,SNR_AVG:0.00
QZS_PRN:00,00,00,00,00,SAT_TAL:00
QZS_SNR:00,00,00,00,00,SNR_AVG:0.00
SatInView:20 GDOP:111
Roll:6.540080 Pitch:54.921211
X_AVG:-5.326344 Y_AVG:1.482328 Z_AVG:0.906176
X_SD:8.483294 Y_SD:6.638781 Z_SD:8.951642
$MXCM10033,2,28,20240104,022657,12,0E7E3F08,47F281DE,0165,001B,4577,13,A202*12
GPS_PRN:19528,10,31,25,26,29,16,23,03,12,19619432,00,SAT_TAL:14
GPS_SNR:31,35,39,34,36,32,34,36,32,21,35,28,31,38,00,SNR_AVG:33.00
GLO_PRN:00,00,00,00,00,00,00,00,00,00,00,00,00,00,00,SAT_TAL:00
GLO_SNR:00,00,00,00,00,00,00,00,00,00,00,00,00,00,00,SNR_AVG:0.00
GAL_PRN:24,05,36,31,09,04,00,00,00,00,00,00,00,00,00,SAT_TAL:06
GAL_SNR:30,24,29,32,34,29,00,00,00,00,00,00,00,00,00,SNR_AVG:29.67
BEI_PRN:00,00,00,00,00,00,00,00,00,00,00,00,00,00,00,SAT_TAL:00
BEI_SNR:00,00,00,00,00,00,00,00,00,00,00,00,00,00,00,SNR_AVG:0.00
QZS_PRN:00,00,00,00,00,SAT_TAL:00
QZS_SNR:00,00,00,00,00,SNR_AVG:0.00
SatInView:20 GDOP:111
Roll:29.238892 Pitch:50.699986
X_AVG:-6.092983 Y_AVG:3.057170 Z_AVG:2.523156
X_SD:8.593585 Y_SD:7.555733 Z_SD:8.156724
$MXCM10033,2,29,20240104,022913,12,0E795CA6,47F272A9,013C,001C,499F,12,A202*69
GPS_PRN:32,28,31,10,26,25,29,16,23,03,12,194196195199SAT_TAL:15
GPS_SNR:39,36,35,38,35,36,36,36,29,22,35,33,29,25,23,SNR_AVG:32.47
GLO_PRN:00,00,00,00,00,00,00,00,00,00,00,00,00,00,00,SAT_TAL:00
GLO_SNR:00,00,00,00,00,00,00,00,00,00,00,00,00,00,00,SNR_AVG:0.00
GAL_PRN:00,00,00,00,00,00,00,00,00,00,00,00,00,00,00,SAT_TAL:00
GAL_SNR:00,00,00,00,00,00,00,00,00,00,00,00,00,00,00,SNR_AVG:0.00
BEI_PRN:00,00,00,00,00,00,00,00,00,00,00,00,00,00,00,SAT_TAL:00
BEI_SNR:00,00,00,00,00,00,00,00,00,00,00,00,00,00,00,SNR_AVG:0.00
QZS_PRN:00,00,00,00,00,SAT_TAL:00
QZS_SNR:00,00,00,00,00,SNR_AVG:0.00
SatInView:22 GDOP:127
Roll:44.742680 Pitch:63.894920
X_AVG:-8.440545 Y_AVG:3.891949 Z_AVG:2.802565
X_SD:8.469855 Y_SD:7.428389 Z_SD:7.645351
$MXCM10033,2,30,20240104,022928,12,0E78D2C9,47F2512F,012D,001A,4B40,12,A202*6C
GPS_PRN:32,28,31,26,10,25,29,16,23,03,12,194196195199SAT_TAL:15
GPS_SNR:38,36,35,35,37,36,34,36,29,26,34,32,27,27,23,SNR_AVG:32.33
GLO_PRN:00,00,00,00,00,00,00,00,00,00,00,00,00,00,00,SAT_TAL:00
GLO_SNR:00,00,00,00,00,00,00,00,00,00,00,00,00,00,00,SNR_AVG:0.00
GAL_PRN:00,00,00,00,00,00,00,00,00,00,00,00,00,00,00,SAT_TAL:00
GAL_SNR:00,00,00,00,00,00,00,00,00,00,00,00,00,00,00,SNR_AVG:0.00
BEI_PRN:00,00,00,00,00,00,00,00,00,00,00,00,00,00,00,SAT_TAL:00
BEI_SNR:00,00,00,00,00,00,00,00,00,00,00,00,00,00,00,SNR_AVG:0.00
QZS_PRN:00,00,00,00,00,SAT_TAL:00
QZS_SNR:00,00,00,00,00,SNR_AVG:0.00
SatInView:22 GDOP:127
Roll:53.469894 Pitch:66.492439
X_AVG:-7.126581 Y_AVG:2.989029 Z_AVG:2.592063
X_SD:8.604805 Y_SD:7.596730 Z_SD:9.093901
$MXCM10033,2,31,20240104,023144,12,0E745C5C,47F17C62,010F,0017,4F41,11,A202*1D
GPS_PRN:19528,26,31,10,25,29,16,23,03,12,19419632,00,SAT_TAL:14
GPS_SNR:26,34,35,34,36,36,37,36,23,23,33,32,30,40,00,SNR_AVG:32.50
GLO_PRN:00,00,00,00,00,00,00,00,00,00,00,00,00,00,00,SAT_TAL:00
GLO_SNR:00,00,00,00,00,00,00,00,00,00,00,00,00,00,00,SNR_AVG:0.00
GAL_PRN:25,05,36,04,31,09,24,00,00,00,00,00,00,00,00,SAT_TAL:06
GAL_SNR:33,00,30,32,32,30,31,00,00,00,00,00,00,00,00,SNR_AVG:31.33
BEI_PRN:00,00,00,00,00,00,00,00,00,00,00,00,00,00,00,SAT_TAL:00
BEI_SNR:00,00,00,00,00,00,00,00,00,00,00,00,00,00,00,SNR_AVG:0.00
QZS_PRN:00,00,00,00,00,SAT_TAL:00
QZS_SNR:00,00,00,00,00,SNR_AVG:0.00
SatInView:21 GDOP:133
Roll:51.347107 Pitch:46.987694
X_AVG:-11.584770 Y_AVG:7.535614 Z_AVG:7.993826
X_SD:9.293885 Y_SD:9.355317 Z_SD:12.336588
$MXCM10033,2,32,20240104,023159,12,0E73E5BA,47F18960,010A,0017,3F4E,12,A202*66
GPS_PRN:19528,26,31,10,25,29,16,23,03,12,19419632,00,SAT_TAL:14
GPS_SNR:34,36,34,35,37,35,37,35,35,27,13,32,30,38,00,SNR_AVG:32.71
GLO_PRN:00,00,00,00,00,00,00,00,00,00,00,00,00,00,00,SAT_TAL:00
GLO_SNR:00,00,00,00,00,00,00,00,00,00,00,00,00,00,00,SNR_AVG:0.00
GAL_PRN:25,05,36,04,31,09,24,00,00,00,00,00,00,00,00,SAT_TAL:07
GAL_SNR:29,29,25,29,32,33,31,00,00,00,00,00,00,00,00,SNR_AVG:29.71
BEI_PRN:00,00,00,00,00,00,00,00,00,00,00,00,00,00,00,SAT_TAL:00
BEI_SNR:00,00,00,00,00,00,00,00,00,00,00,00,00,00,00,SNR_AVG:0.00
QZS_PRN:00,00,00,00,00,SAT_TAL:00
QZS_SNR:00,00,00,00,00,SNR_AVG:0.00
SatInView:21 GDOP:127
Roll:53.632187 Pitch:53.873901
X_AVG:-9.196841 Y_AVG:5.572856 Z_AVG:4.726345
X_SD:7.565241 Y_SD:8.523427 Z_SD:10.578181
$MXCM10033,2,33,20240104,023415,12,0E70FBF9,47EFADC1,00C7,0008,289A,12,A201*1A
GPS_PRN:19528,26,31,10,25,29,16,23,03,12,19419632,00,SAT_TAL:14
GPS_SNR:20,36,32,35,38,35,29,35,26,27,35,32,30,36,00,SNR_AVG:31.86
GLO_PRN:00,00,00,00,00,00,00,00,00,00,00,00,00,00,00,SAT_TAL:00
GLO_SNR:00,00,00,00,00,00,00,00,00,00,00,00,00,00,00,SNR_AVG:0.00
GAL_PRN:36,05,25,04,31,09,24,00,00,00,00,00,00,00,00,SAT_TAL:07
GAL_SNR:24,30,29,32,33,33,33,00,00,00,00,00,00,00,00,SNR_AVG:30.57
BEI_PRN:00,00,00,00,00,00,00,00,00,00,00,00,00,00,00,SAT_TAL:00
BEI_SNR:00,00,00,00,00,00,00,00,00,00,00,00,00,00,00,SNR_AVG:0.00
QZS_PRN:00,00,00,00,00,SAT_TAL:00
QZS_SNR:00,00,00,00,00,SNR_AVG:0.00
SatInView:21 GDOP:105
Roll:48.918610 Pitch:35.173569
X_AVG:0.000000 Y_AVG:0.000000 Z_AVG:0.000000
X_SD:0.000000 Y_SD:0.000000 Z_SD:0.000000
$MXCM10033,2,34,20240104,023430,12,0E710385,47EF9A3B,00BE,0000,7A8F,12,A202*12
GPS_PRN:32,28,26,31,10,25,29,16,23,03,12,194196195199SAT_TAL:15
GPS_SNR:37,29,24,14,36,31,31,17,34,17,18,29,32,23,27,SNR_AVG:26.60
GLO_PRN:00,00,00,00,00,00,00,00,00,00,00,00,00,00,00,SAT_TAL:00
GLO_SNR:00,00,00,00,00,00,00,00,00,00,00,00,00,00,00,SNR_AVG:0.00
GAL_PRN:00,00,00,00,00,00,00,00,00,00,00,00,00,00,00,SAT_TAL:00
GAL_SNR:00,00,00,00,00,00,00,00,00,00,00,00,00,00,00,SNR_AVG:0.00
BEI_PRN:00,00,00,00,00,00,00,00,00,00,00,00,00,00,00,SAT_TAL:00
BEI_SNR:00,00,00,00,00,00,00,00,00,00,00,00,00,00,00,SNR_AVG:0.00
QZS_PRN:00,00,00,00,00,SAT_TAL:00
QZS_SNR:00,00,00,00,00,SNR_AVG:0.00
SatInView:22 GDOP:105
Roll:35.431541 Pitch:-9.385164
X_AVG:2.168089 Y_AVG:7.709676 Z_AVG:10.365665
X_SD:2.836233 Y_SD:4.366067 Z_SD:3.773159
$MXCM10033,2,35,20240104,023646,12,0E71020B,47EF9FC5,00BD,0000,2E2B,09,A201*69
GPS_PRN:19528,26,31,10,25,29,16,03,23,12,19419632,00,SAT_TAL:08
GPS_SNR:24,00,00,13,16,18,31,00,00,34,00,20,19,00,00,SNR_AVG:21.88
GLO_PRN:00,00,00,00,00,00,00,00,00,00,00,00,00,00,00,SAT_TAL:00
GLO_SNR:00,00,00,00,00,00,00,00,00,00,00,00,00,00,00,SNR_AVG:0.00
GAL_PRN:36,05,25,04,31,09,24,00,00,00,00,00,00,00,00,SAT_TAL:01
GAL_SNR:00,00,00,28,00,00,00,00,00,00,00,00,00,00,00,SNR_AVG:28.00
BEI_PRN:00,00,00,00,00,00,00,00,00,00,00,00,00,00,00,SAT_TAL:00
BEI_SNR:00,00,00,00,00,00,00,00,00,00,00,00,00,00,00,SNR_AVG:0.00
QZS_PRN:00,00,00,00,00,SAT_TAL:00
QZS_SNR:00,00,00,00,00,SNR_AVG:0.00
SatInView:21 GDOP:149
Roll:97.108040 Pitch:26.271372
X_AVG:-4.205883 Y_AVG:8.775692 Z_AVG:-1.874506
X_SD:0.117042 Y_SD:0.076897 Z_SD:0.102262
$MXCM10033,2,36,20240104,023701,12,0E7101AD,47EFA068,00BD,0000,30D8,0D,A201*6F
GPS_PRN:32,28,26,31,10,25,29,16,23,12,19419619500,00,SAT_TAL:10
GPS_SNR:32,00,15,00,19,18,18,18,21,00,23,17,27,00,00,SNR_AVG:20.80
GLO_PRN:00,00,00,00,00,00,00,00,00,00,00,00,00,00,00,SAT_TAL:00
GLO_SNR:00,00,00,00,00,00,00,00,00,00,00,00,00,00,00,SNR_AVG:0.00
GAL_PRN:36,05,25,04,31,09,24,00,00,00,00,00,00,00,00,SAT_TAL:04
GAL_SNR:00,00,00,12,11,10,14,00,00,00,00,00,00,00,00,SNR_AVG:11.75
BEI_PRN:00,00,00,00,00,00,00,00,00,00,00,00,00,00,00,SAT_TAL:00
BEI_SNR:00,00,00,00,00,00,00,00,00,00,00,00,00,00,00,SNR_AVG:0.00
QZS_PRN:00,00,00,00,00,SAT_TAL:00
QZS_SNR:00,00,00,00,00,SNR_AVG:0.00
SatInView:20 GDOP:156
Roll:96.945045 Pitch:26.304361
X_AVG:-4.592267 Y_AVG:8.565573 Z_AVG:-1.184723
X_SD:0.151716 Y_SD:0.120958 Z_SD:0.104072
$MXCM10033,2,37,20240104,023916,12,0E7100AD,47EFA0E2,00BD,0000,3106,09,A201*18
GPS_PRN:19528,26,31,10,25,29,16,03,23,12,19419632,00,SAT_TAL:08
GPS_SNR:25,18,00,00,21,22,29,00,00,30,00,14,00,18,00,SNR_AVG:22.12
GLO_PRN:00,00,00,00,00,00,00,00,00,00,00,00,00,00,00,SAT_TAL:00
GLO_SNR:00,00,00,00,00,00,00,00,00,00,00,00,00,00,00,SNR_AVG:0.00
GAL_PRN:36,05,25,04,31,09,24,00,00,00,00,00,00,00,00,SAT_TAL:01
GAL_SNR:00,00,00,23,00,00,00,00,00,00,00,00,00,00,00,SNR_AVG:23.00
BEI_PRN:00,00,00,00,00,00,00,00,00,00,00,00,00,00,00,SAT_TAL:00
BEI_SNR:00,00,00,00,00,00,00,00,00,00,00,00,00,00,00,SNR_AVG:0.00
QZS_PRN:00,00,00,00,00,SAT_TAL:00
QZS_SNR:00,00,00,00,00,SNR_AVG:0.00
SatInView:21 GDOP:168
Roll:119.061790 Pitch:10.622265
X_AVG:-2.680219 Y_AVG:9.257702 Z_AVG:-5.090846
X_SD:0.138873 Y_SD:0.142683 Z_SD:0.114742
$MXCM10033,2,38,20240104,023932,12,0E710153,47EFA14F,00BD,0000,29A6,0B,A201*14
GPS_PRN:32,28,26,31,10,25,29,16,23,12,19419619500,00,SAT_TAL:09
GPS_SNR:21,15,00,13,20,20,30,00,21,00,21,00,23,00,00,SNR_AVG:20.44
GLO_PRN:00,00,00,00,00,00,00,00,00,00,00,00,00,00,00,SAT_TAL:00
GLO_SNR:00,00,00,00,00,00,00,00,00,00,00,00,00,00,00,SNR_AVG:0.00
GAL_PRN:36,05,25,04,31,09,24,00,00,00,00,00,00,00,00,SAT_TAL:02
GAL_SNR:00,00,00,20,16,00,00,00,00,00,00,00,00,00,00,SNR_AVG:18.00
BEI_PRN:00,00,00,00,00,00,00,00,00,00,00,00,00,00,00,SAT_TAL:00
BEI_SNR:00,00,00,00,00,00,00,00,00,00,00,00,00,00,00,SNR_AVG:0.00
QZS_PRN:00,00,00,00,00,SAT_TAL:00
QZS_SNR:00,00,00,00,00,SNR_AVG:0.00
SatInView:20 GDOP:144
Roll:120.038605 Pitch:14.913019
X_AVG:-3.783777 Y_AVG:7.664329 Z_AVG:-4.633257
X_SD:4.954614 Y_SD:7.992305 Z_SD:7.304998
$MXCM10033,2,39,20240104,024147,00,0E710180,47EFA164,00BD,0000,0000,00,A202*68
GPS_PRN:32,28,31,10,29,16,03,23,19419619500,00,00,00,SAT_TAL:01
GPS_SNR:00,00,00,00,20,00,00,00,00,00,00,00,00,00,00,SNR_AVG:20.00
GLO_PRN:00,00,00,00,00,00,00,00,00,00,00,00,00,00,00,SAT_TAL:00
GLO_SNR:00,00,00,00,00,00,00,00,00,00,00,00,00,00,00,SNR_AVG:0.00
GAL_PRN:04,05,25,31,09,24,00,00,00,00,00,00,00,00,00,SAT_TAL:00
GAL_SNR:00,00,00,00,00,00,00,00,00,00,00,00,00,00,00,SNR_AVG:0.00
BEI_PRN:00,00,00,00,00,00,00,00,00,00,00,00,00,00,00,SAT_TAL:00
BEI_SNR:00,00,00,00,00,00,00,00,00,00,00,00,00,00,00,SNR_AVG:0.00
QZS_PRN:00,00,00,00,00,SAT_TAL:00
QZS_SNR:00,00,00,00,00,SNR_AVG:0.00
SatInView:17 GDOP:17001
Roll:-146.417664 Pitch:-7.031015
X_AVG:1.870292 Y_AVG:-9.927901 Z_AVG:-14.180615
X_SD:0.530220 Y_SD:0.778842 Z_SD:0.832721
$MXCM10033,2,40,20240104,024202,12,0E7102C7,47EFAE87,00BD,0000,15B6,06,A202*17
GPS_PRN:19528,26,31,10,25,29,16,03,23,19419632,00,00,SAT_TAL:06
GPS_SNR:17,00,00,00,15,00,17,00,00,19,17,00,18,00,00,SNR_AVG:17.17
GLO_PRN:00,00,00,00,00,00,00,00,00,00,00,00,00,00,00,SAT_TAL:00
GLO_SNR:00,00,00,00,00,00,00,00,00,00,00,00,00,00,00,SNR_AVG:0.00
GAL_PRN:04,05,25,31,09,24,00,00,00,00,00,00,00,00,00,SAT_TAL:00
GAL_SNR:00,00,00,00,00,00,00,00,00,00,00,00,00,00,00,SNR_AVG:0.00
BEI_PRN:00,00,00,00,00,00,00,00,00,00,00,00,00,00,00,SAT_TAL:00
BEI_SNR:00,00,00,00,00,00,00,00,00,00,00,00,00,00,00,SNR_AVG:0.00
QZS_PRN:00,00,00,00,00,SAT_TAL:00
QZS_SNR:00,00,00,00,00,SNR_AVG:0.00
SatInView:19 GDOP:277
Roll:-141.039398 Pitch:-7.830233
X_AVG:3.327912 Y_AVG:-9.291270 Z_AVG:-12.738654
X_SD:0.725325 Y_SD:0.722321 Z_SD:0.761304
$MXCM10033,2,41,20240104,024417,00,0E710214,47EFAEFF,00BD,0000,0000,00,A202*1F
GPS_PRN:00,00,00,00,00,00,00,00,00,00,00,00,00,00,00,SAT_TAL:00
GPS_SNR:00,00,00,00,00,00,00,00,00,00,00,00,00,00,00,SNR_AVG:0.00
GLO_PRN:00,00,00,00,00,00,00,00,00,00,00,00,00,00,00,SAT_TAL:00
GLO_SNR:00,00,00,00,00,00,00,00,00,00,00,00,00,00,00,SNR_AVG:0.00
GAL_PRN:00,00,00,00,00,00,00,00,00,00,00,00,00,00,00,SAT_TAL:00
GAL_SNR:00,00,00,00,00,00,00,00,00,00,00,00,00,00,00,SNR_AVG:0.00
BEI_PRN:00,00,00,00,00,00,00,00,00,00,00,00,00,00,00,SAT_TAL:00
BEI_SNR:00,00,00,00,00,00,00,00,00,00,00,00,00,00,00,SNR_AVG:0.00
QZS_PRN:00,00,00,00,00,SAT_TAL:00
QZS_SNR:00,00,00,00,00,SNR_AVG:0.00
SatInView:0 GDOP:17319
Roll:-150.698868 Pitch:1.634683
X_AVG:-0.999264 Y_AVG:-8.843832 Z_AVG:-16.431833
X_SD:0.091956 Y_SD:0.060439 Z_SD:0.088250
$MXCM10033,2,42,20240104,024432,00,0E710214,47EFAEFF,00BD,0000,0000,00,A202*1B
GPS_PRN:28,26,19419600,00,00,00,00,00,00,00,00,00,00,SAT_TAL:00
GPS_SNR:00,00,00,00,00,00,00,00,00,00,00,00,00,00,00,SNR_AVG:0.00
GLO_PRN:00,00,00,00,00,00,00,00,00,00,00,00,00,00,00,SAT_TAL:00
GLO_SNR:00,00,00,00,00,00,00,00,00,00,00,00,00,00,00,SNR_AVG:0.00
GAL_PRN:00,00,00,00,00,00,00,00,00,00,00,00,00,00,00,SAT_TAL:00
GAL_SNR:00,00,00,00,00,00,00,00,00,00,00,00,00,00,00,SNR_AVG:0.00
BEI_PRN:00,00,00,00,00,00,00,00,00,00,00,00,00,00,00,SAT_TAL:00
BEI_SNR:00,00,00,00,00,00,00,00,00,00,00,00,00,00,00,SNR_AVG:0.00
QZS_PRN:00,00,00,00,00,SAT_TAL:00
QZS_SNR:00,00,00,00,00,SNR_AVG:0.00
SatInView:4 GDOP:17319
Roll:-150.737885 Pitch:2.117284
X_AVG:-1.012672 Y_AVG:-8.832723 Z_AVG:-16.448832
X_SD:0.073726 Y_SD:0.055731 Z_SD:0.089783
$MXCM10033,2,43,20240104,024647,12,0E7104E5,47EF9E39,00BD,0000,72AD,07,A202*1F
GPS_PRN:19528,26,31,10,25,29,16,03,23,19419632,00,00,SAT_TAL:07
GPS_SNR:30,00,00,00,22,16,18,00,00,28,20,00,26,00,00,SNR_AVG:22.86
GLO_PRN:00,00,00,00,00,00,00,00,00,00,00,00,00,00,00,SAT_TAL:00
GLO_SNR:00,00,00,00,00,00,00,00,00,00,00,00,00,00,00,SNR_AVG:0.00
GAL_PRN:04,05,25,31,09,24,00,00,00,00,00,00,00,00,00,SAT_TAL:01
GAL_SNR:27,00,00,00,00,00,00,00,00,00,00,00,00,00,00,SNR_AVG:27.00
BEI_PRN:00,00,00,00,00,00,00,00,00,00,00,00,00,00,00,SAT_TAL:00
BEI_SNR:00,00,00,00,00,00,00,00,00,00,00,00,00,00,00,SNR_AVG:0.00
QZS_PRN:00,00,00,00,00,SAT_TAL:00
QZS_SNR:00,00,00,00,00,SNR_AVG:0.00
SatInView:19 GDOP:228
Roll:-155.146362 Pitch:-10.147336
X_AVG:3.504080 Y_AVG:-7.587330 Z_AVG:-19.613695
X_SD:0.110763 Y_SD:0.066885 Z_SD:0.000000
$MXCM10033,2,44,20240104,024703,12,0E710254,47EFA14D,00BC,0000,66CF,0E,A202*68
GPS_PRN:32,28,26,31,10,25,29,16,23,19419619500,00,00,SAT_TAL:11
GPS_SNR:20,23,17,15,19,21,30,00,19,18,24,26,00,00,00,SNR_AVG:21.09
GLO_PRN:00,00,00,00,00,00,00,00,00,00,00,00,00,00,00,SAT_TAL:00
GLO_SNR:00,00,00,00,00,00,00,00,00,00,00,00,00,00,00,SNR_AVG:0.00
GAL_PRN:04,05,25,09,31,24,00,00,00,00,00,00,00,00,00,SAT_TAL:04
GAL_SNR:22,00,00,18,14,17,00,00,00,00,00,00,00,00,00,SNR_AVG:17.75
BEI_PRN:00,00,00,00,00,00,00,00,00,00,00,00,00,00,00,SAT_TAL:00
BEI_SNR:00,00,00,00,00,00,00,00,00,00,00,00,00,00,00,SNR_AVG:0.00
QZS_PRN:00,00,00,00,00,SAT_TAL:00
QZS_SNR:00,00,00,00,00,SNR_AVG:0.00
SatInView:18 GDOP:137
Roll:-155.775589 Pitch:-12.896731
X_AVG:4.229299 Y_AVG:-7.647617 Z_AVG:-19.559729
X_SD:0.140726 Y_SD:0.138605 Z_SD:0.085053
$MXCM10033,2,45,20240104,024919,12,0E70FFE6,47EFA51A,00BC,0000,6E06,0F,A202*6A
GPS_PRN:32,28,26,31,10,25,29,16,23,19419619500,00,00,SAT_TAL:11
GPS_SNR:37,23,29,29,22,32,39,23,00,24,25,41,00,00,00,SNR_AVG:29.45
GLO_PRN:00,00,00,00,00,00,00,00,00,00,00,00,00,00,00,SAT_TAL:00
GLO_SNR:00,00,00,00,00,00,00,00,00,00,00,00,00,00,00,SNR_AVG:0.00
GAL_PRN:04,05,25,09,31,24,00,00,00,00,00,00,00,00,00,SAT_TAL:04
GAL_SNR:39,19,00,00,26,18,00,00,00,00,00,00,00,00,00,SNR_AVG:25.50
BEI_PRN:00,00,00,00,00,00,00,00,00,00,00,00,00,00,00,SAT_TAL:00
BEI_SNR:00,00,00,00,00,00,00,00,00,00,00,00,00,00,00,SNR_AVG:0.00
QZS_PRN:00,00,00,00,00,SAT_TAL:00
QZS_SNR:00,00,00,00,00,SNR_AVG:0.00
SatInView:18 GDOP:120
Roll:0.000000 Pitch:38.562141
X_AVG:-9.108972 Y_AVG:0.576296 Z_AVG:11.701370
X_SD:0.067999 Y_SD:0.058258 Z_SD:0.091237
$MXCM10033,2,46,20240104,024934,12,0E70FFF2,47EFA585,00BC,0000,6E06,10,A202*6B
GPS_PRN:32,28,26,31,10,25,29,16,23,19419619500,00,00,SAT_TAL:11
GPS_SNR:36,20,25,28,22,32,37,22,00,21,26,41,00,00,00,SNR_AVG:28.18
GLO_PRN:00,00,00,00,00,00,00,00,00,00,00,00,00,00,00,SAT_TAL:00
GLO_SNR:00,00,00,00,00,00,00,00,00,00,00,00,00,00,00,SNR_AVG:0.00
GAL_PRN:04,05,25,09,31,24,00,00,00,00,00,00,00,00,00,SAT_TAL:06
GAL_SNR:38,16,14,19,22,13,00,00,00,00,00,00,00,00,00,SNR_AVG:20.33
BEI_PRN:00,00,00,00,00,00,00,00,00,00,00,00,00,00,00,SAT_TAL:00
BEI_SNR:00,00,00,00,00,00,00,00,00,00,00,00,00,00,00,SNR_AVG:0.00
QZS_PRN:00,00,00,00,00,SAT_TAL:00
QZS_SNR:00,00,00,00,00,SNR_AVG:0.00
SatInView:18 GDOP:115
Roll:0.000000 Pitch:39.229473
X_AVG:-9.113377 Y_AVG:0.587549 Z_AVG:11.735799
X_SD:0.074591 Y_SD:0.063344 Z_SD:0.088536
$MXCM10033,2,47,20240104,025150,12,0E70FE72,47EFA339,00BD,0000,06B9,0F,A202*6A
GPS_PRN:19528,26,31,10,29,25,16,03,23,19419632,00,00,SAT_TAL:10
GPS_SNR:42,28,26,27,27,37,34,00,00,00,21,28,39,00,00,SNR_AVG:30.90
GLO_PRN:00,00,00,00,00,00,00,00,00,00,00,00,00,00,00,SAT_TAL:00
GLO_SNR:00,00,00,00,00,00,00,00,00,00,00,00,00,00,00,SNR_AVG:0.00
GAL_PRN:04,05,25,09,31,24,00,00,00,00,00,00,00,00,00,SAT_TAL:05
GAL_SNR:39,00,18,25,30,22,00,00,00,00,00,00,00,00,00,SNR_AVG:26.80
BEI_PRN:00,00,00,00,00,00,00,00,00,00,00,00,00,00,00,SAT_TAL:00
BEI_SNR:00,00,00,00,00,00,00,00,00,00,00,00,00,00,00,SNR_AVG:0.00
QZS_PRN:00,00,00,00,00,SAT_TAL:00
QZS_SNR:00,00,00,00,00,SNR_AVG:0.00
SatInView:19 GDOP:125
Roll:0.000000 Pitch:39.008572
X_AVG:-9.107200 Y_AVG:0.578978 Z_AVG:11.817251
X_SD:0.075690 Y_SD:0.056608 Z_SD:0.079509
$MXCM10033,2,48,20240104,025205,12,0E70FF24,47EFA1FC,00BC,0000,06B9,10,A202*1B
GPS_PRN:32,28,26,31,10,29,25,16,23,19419619500,00,00,SAT_TAL:12
GPS_SNR:38,29,24,23,27,37,31,19,16,21,28,42,00,00,00,SNR_AVG:27.92
GLO_PRN:00,00,00,00,00,00,00,00,00,00,00,00,00,00,00,SAT_TAL:00
GLO_SNR:00,00,00,00,00,00,00,00,00,00,00,00,00,00,00,SNR_AVG:0.00
GAL_PRN:04,05,25,09,31,24,00,00,00,00,00,00,00,00,00,SAT_TAL:05
GAL_SNR:37,00,18,21,28,22,00,00,00,00,00,00,00,00,00,SNR_AVG:25.20
BEI_PRN:00,00,00,00,00,00,00,00,00,00,00,00,00,00,00,SAT_TAL:00
BEI_SNR:00,00,00,00,00,00,00,00,00,00,00,00,00,00,00,SNR_AVG:0.00
QZS_PRN:00,00,00,00,00,SAT_TAL:00
QZS_SNR:00,00,00,00,00,SNR_AVG:0.00
SatInView:18 GDOP:123
Roll:0.000000 Pitch:38.735245
X_AVG:-9.109929 Y_AVG:0.570933 Z_AVG:11.803604
X_SD:0.076859 Y_SD:0.059212 Z_SD:0.089482
$MXCM10033,2,49,20240104,025421,12,0E70FEED,47EFA3EC,00BD,0000,5EBC,11,A202*15
GPS_PRN:19528,26,31,10,29,25,16,03,23,19419632,00,00,SAT_TAL:12
GPS_SNR:44,26,19,21,28,38,34,17,20,00,24,30,39,00,00,SNR_AVG:28.33
GLO_PRN:00,00,00,00,00,00,00,00,00,00,00,00,00,00,00,SAT_TAL:00
GLO_SNR:00,00,00,00,00,00,00,00,00,00,00,00,00,00,00,SNR_AVG:0.00
GAL_PRN:04,05,25,09,31,24,00,00,00,00,00,00,00,00,00,SAT_TAL:05
GAL_SNR:40,00,21,20,27,23,00,00,00,00,00,00,00,00,00,SNR_AVG:26.20
BEI_PRN:00,00,00,00,00,00,00,00,00,00,00,00,00,00,00,SAT_TAL:00
BEI_SNR:00,00,00,00,00,00,00,00,00,00,00,00,00,00,00,SNR_AVG:0.00
QZS_PRN:00,00,00,00,00,SAT_TAL:00
QZS_SNR:00,00,00,00,00,SNR_AVG:0.00
SatInView:19 GDOP:111
Roll:0.000000 Pitch:38.571335
X_AVG:-9.117256 Y_AVG:0.572752 Z_AVG:11.842152
X_SD:0.076643 Y_SD:0.056583 Z_SD:0.080901
$MXCM10033,2,50,20240104,025436,12,0E70FF5F,47EFA31E,00BD,0000,5EBC,12,A202*1B
GPS_PRN:19528,26,31,10,29,25,16,03,23,19419632,00,00,SAT_TAL:12
GPS_SNR:43,24,13,19,24,37,33,18,19,00,23,29,38,00,00,SNR_AVG:26.67
GLO_PRN:00,00,00,00,00,00,00,00,00,00,00,00,00,00,00,SAT_TAL:00
GLO_SNR:00,00,00,00,00,00,00,00,00,00,00,00,00,00,00,SNR_AVG:0.00
GAL_PRN:04,05,25,09,31,24,00,00,00,00,00,00,00,00,00,SAT_TAL:06
GAL_SNR:37,18,17,20,26,18,00,00,00,00,00,00,00,00,00,SNR_AVG:22.67
BEI_PRN:00,00,00,00,00,00,00,00,00,00,00,00,00,00,00,SAT_TAL:00
BEI_SNR:00,00,00,00,00,00,00,00,00,00,00,00,00,00,00,SNR_AVG:0.00
QZS_PRN:00,00,00,00,00,SAT_TAL:00
QZS_SNR:00,00,00,00,00,SNR_AVG:0.00
SatInView:19 GDOP:107
Roll:0.000000 Pitch:38.229042
X_AVG:-9.111510 Y_AVG:0.572369 Z_AVG:11.857858
X_SD:0.072139 Y_SD:0.055720 Z_SD:0.089505
$MXCM10033,2,51,20240104,025651,12,0E710190,47EFA672,00BD,0000,5375,0E,A202*14
GPS_PRN:32,28,26,31,29,10,25,16,03,19419619500,00,00,SAT_TAL:12
GPS_SNR:36,20,25,29,37,18,25,19,21,32,26,44,00,00,00,SNR_AVG:27.67
GLO_PRN:00,00,00,00,00,00,00,00,00,00,00,00,00,00,00,SAT_TAL:00
GLO_SNR:00,00,00,00,00,00,00,00,00,00,00,00,00,00,00,SNR_AVG:0.00
GAL_PRN:04,05,25,09,31,24,00,00,00,00,00,00,00,00,00,SAT_TAL:02
GAL_SNR:40,00,22,00,00,00,00,00,00,00,00,00,00,00,00,SNR_AVG:31.00
BEI_PRN:00,00,00,00,00,00,00,00,00,00,00,00,00,00,00,SAT_TAL:00
BEI_SNR:00,00,00,00,00,00,00,00,00,00,00,00,00,00,00,SNR_AVG:0.00
QZS_PRN:00,00,00,00,00,SAT_TAL:00
QZS_SNR:00,00,00,00,00,SNR_AVG:0.00
SatInView:18 GDOP:115
Roll:0.000000 Pitch:38.729916
X_AVG:-9.129945 Y_AVG:0.574620 Z_AVG:11.881321
X_SD:0.076086 Y_SD:0.054074 Z_SD:0.086016
$MXCM10033,2,52,20240104,025706,12,0E7100E2,47EFA429,00BC,0000,5375,12,A202*16
GPS_PRN:32,28,26,31,29,10,25,16,03,19419619500,00,00,SAT_TAL:12
GPS_SNR:36,16,25,30,36,19,28,19,21,32,25,43,00,00,00,SNR_AVG:27.50
GLO_PRN:00,00,00,00,00,00,00,00,00,00,00,00,00,00,00,SAT_TAL:00
GLO_SNR:00,00,00,00,00,00,00,00,00,00,00,00,00,00,00,SNR_AVG:0.00
GAL_PRN:04,05,25,09,31,24,00,00,00,00,00,00,00,00,00,SAT_TAL:06
GAL_SNR:37,18,18,26,26,20,00,00,00,00,00,00,00,00,00,SNR_AVG:24.17
BEI_PRN:00,00,00,00,00,00,00,00,00,00,00,00,00,00,00,SAT_TAL:00
BEI_SNR:00,00,00,00,00,00,00,00,00,00,00,00,00,00,00,SNR_AVG:0.00
QZS_PRN:00,00,00,00,00,SAT_TAL:00
QZS_SNR:00,00,00,00,00,SNR_AVG:0.00
SatInView:18 GDOP:107
Roll:0.000000 Pitch:38.769009
X_AVG:-9.123194 Y_AVG:0.574572 Z_AVG:11.889606
X_SD:0.075820 Y_SD:0.062166 Z_SD:0.086033
$MXCM10033,2,53,20240104,025922,12,0E70FD55,47EFA004,00BC,0000,0000,0D,A202*13
GPS_PRN:32,26,28,31,29,10,25,16,19419619500,00,00,00,SAT_TAL:09
GPS_SNR:37,00,18,29,46,19,37,00,34,17,38,00,00,00,00,SNR_AVG:30.56
GLO_PRN:00,00,00,00,00,00,00,00,00,00,00,00,00,00,00,SAT_TAL:00
GLO_SNR:00,00,00,00,00,00,00,00,00,00,00,00,00,00,00,SNR_AVG:0.00
GAL_PRN:04,05,25,09,31,24,00,00,00,00,00,00,00,00,00,SAT_TAL:04
GAL_SNR:39,00,00,26,29,27,00,00,00,00,00,00,00,00,00,SNR_AVG:30.25
BEI_PRN:00,00,00,00,00,00,00,00,00,00,00,00,00,00,00,SAT_TAL:00
BEI_SNR:00,00,00,00,00,00,00,00,00,00,00,00,00,00,00,SNR_AVG:0.00
QZS_PRN:00,00,00,00,00,SAT_TAL:00
QZS_SNR:00,00,00,00,00,SNR_AVG:0.00
SatInView:17 GDOP:141
Roll:0.000000 Pitch:39.138287
X_AVG:-9.135356 Y_AVG:0.576200 Z_AVG:11.905072
X_SD:0.074867 Y_SD:0.054738 Z_SD:0.094338
$MXCM10033,2,54,20240104,025937,12,0E70FD9D,47EFA15D,00BC,0000,0000,10,A202*6C
GPS_PRN:32,26,28,31,29,10,25,16,19419619500,00,00,00,SAT_TAL:11
GPS_SNR:26,21,23,28,43,23,37,15,34,22,38,00,00,00,00,SNR_AVG:28.18
GLO_PRN:00,00,00,00,00,00,00,00,00,00,00,00,00,00,00,SAT_TAL:00
GLO_SNR:00,00,00,00,00,00,00,00,00,00,00,00,00,00,00,SNR_AVG:0.00
GAL_PRN:04,05,25,09,31,24,00,00,00,00,00,00,00,00,00,SAT_TAL:05
GAL_SNR:36,19,00,26,29,21,00,00,00,00,00,00,00,00,00,SNR_AVG:26.20
BEI_PRN:00,00,00,00,00,00,00,00,00,00,00,00,00,00,00,SAT_TAL:00
BEI_SNR:00,00,00,00,00,00,00,00,00,00,00,00,00,00,00,SNR_AVG:0.00
QZS_PRN:00,00,00,00,00,SAT_TAL:00
QZS_SNR:00,00,00,00,00,SNR_AVG:0.00
SatInView:17 GDOP:119
Roll:0.000000 Pitch:39.113510
X_AVG:-9.128652 Y_AVG:0.575673 Z_AVG:11.901433
X_SD:0.075537 Y_SD:0.059113 Z_SD:0.092742
$MXCM10033,2,55,20240104,030152,12,0E70FFBC,47EFA32A,00BC,0000,605F,0E,A202*1D
GPS_PRN:32,26,28,31,29,16,10,25,03,19419619500,00,00,SAT_TAL:11
GPS_SNR:38,28,27,28,44,26,20,39,00,33,29,41,00,00,00,SNR_AVG:32.09
GLO_PRN:00,00,00,00,00,00,00,00,00,00,00,00,00,00,00,SAT_TAL:00
GLO_SNR:00,00,00,00,00,00,00,00,00,00,00,00,00,00,00,SNR_AVG:0.00
GAL_PRN:04,05,25,09,24,31,00,00,00,00,00,00,00,00,00,SAT_TAL:03
GAL_SNR:35,00,00,25,00,30,00,00,00,00,00,00,00,00,00,SNR_AVG:30.00
BEI_PRN:00,00,00,00,00,00,00,00,00,00,00,00,00,00,00,SAT_TAL:00
BEI_SNR:00,00,00,00,00,00,00,00,00,00,00,00,00,00,00,SNR_AVG:0.00
QZS_PRN:00,00,00,00,00,SAT_TAL:00
QZS_SNR:00,00,00,00,00,SNR_AVG:0.00
SatInView:18 GDOP:131
Roll:0.000000 Pitch:38.502213
X_AVG:-9.128221 Y_AVG:0.580031 Z_AVG:11.924705
X_SD:0.071489 Y_SD:0.062819 Z_SD:0.088363
$MXCM10033,2,56,20240104,030207,12,0E70FEF6,47EFA39E,00BC,0000,605F,12,A202*16
GPS_PRN:32,26,28,31,29,16,10,25,03,19419619500,00,00,SAT_TAL:12
GPS_SNR:38,27,29,26,43,19,24,40,18,31,29,40,00,00,00,SNR_AVG:30.33
GLO_PRN:00,00,00,00,00,00,00,00,00,00,00,00,00,00,00,SAT_TAL:00
GLO_SNR:00,00,00,00,00,00,00,00,00,00,00,00,00,00,00,SNR_AVG:0.00
GAL_PRN:04,05,25,09,24,31,00,00,00,00,00,00,00,00,00,SAT_TAL:06
GAL_SNR:33,17,13,20,24,29,00,00,00,00,00,00,00,00,00,SNR_AVG:22.67
BEI_PRN:00,00,00,00,00,00,00,00,00,00,00,00,00,00,00,SAT_TAL:00
BEI_SNR:00,00,00,00,00,00,00,00,00,00,00,00,00,00,00,SNR_AVG:0.00
QZS_PRN:00,00,00,00,00,SAT_TAL:00
QZS_SNR:00,00,00,00,00,SNR_AVG:0.00
SatInView:18 GDOP:107
Roll:0.000000 Pitch:38.353706
X_AVG:-9.128461 Y_AVG:0.573088 Z_AVG:11.936294
X_SD:0.074416 Y_SD:0.061884 Z_SD:0.093216
$MXCM10033,2,57,20240104,030423,12,0E70FF51,47EFA2F8,00BC,0000,8B44,0F,A202*19
GPS_PRN:32,26,28,31,29,16,10,25,03,19419619500,00,00,SAT_TAL:11
GPS_SNR:28,26,27,29,40,25,00,38,19,28,22,41,00,00,00,SNR_AVG:29.36
GLO_PRN:00,00,00,00,00,00,00,00,00,00,00,00,00,00,00,SAT_TAL:00
GLO_SNR:00,00,00,00,00,00,00,00,00,00,00,00,00,00,00,SNR_AVG:0.00
GAL_PRN:04,05,25,09,24,31,00,00,00,00,00,00,00,00,00,SAT_TAL:04
GAL_SNR:41,00,21,00,27,26,00,00,00,00,00,00,00,00,00,SNR_AVG:28.75
BEI_PRN:00,00,00,00,00,00,00,00,00,00,00,00,00,00,00,SAT_TAL:00
BEI_SNR:00,00,00,00,00,00,00,00,00,00,00,00,00,00,00,SNR_AVG:0.00
QZS_PRN:00,00,00,00,00,SAT_TAL:00
QZS_SNR:00,00,00,00,00,SNR_AVG:0.00
SatInView:18 GDOP:114
Roll:0.000000 Pitch:38.767803
X_AVG:-9.136649 Y_AVG:0.581372 Z_AVG:11.958033
X_SD:0.075354 Y_SD:0.054004 Z_SD:0.094771
$MXCM10033,2,58,20240104,030438,12,0E70FF74,47EFA1C8,00BC,0000,8B44,11,A202*6B
GPS_PRN:32,26,28,31,29,16,10,25,03,19419619500,00,00,SAT_TAL:12
GPS_SNR:28,26,23,30,39,24,17,37,17,25,19,39,00,00,00,SNR_AVG:27.00
GLO_PRN:00,00,00,00,00,00,00,00,00,00,00,00,00,00,00,SAT_TAL:00
GLO_SNR:00,00,00,00,00,00,00,00,00,00,00,00,00,00,00,SNR_AVG:0.00
GAL_PRN:04,05,25,09,24,31,00,00,00,00,00,00,00,00,00,SAT_TAL:05
GAL_SNR:40,00,19,20,26,26,00,00,00,00,00,00,00,00,00,SNR_AVG:26.20
BEI_PRN:00,00,00,00,00,00,00,00,00,00,00,00,00,00,00,SAT_TAL:00
BEI_SNR:00,00,00,00,00,00,00,00,00,00,00,00,00,00,00,SNR_AVG:0.00
QZS_PRN:00,00,00,00,00,SAT_TAL:00
QZS_SNR:00,00,00,00,00,SNR_AVG:0.00
SatInView:18 GDOP:112
Roll:0.000000 Pitch:38.304977
X_AVG:-9.144502 Y_AVG:0.574812 Z_AVG:11.946780
X_SD:0.076804 Y_SD:0.059724 Z_SD:0.091086
$MXCM10033,2,59,20240104,030654,12,0E70FF2E,47EFA702,00BC,0000,750B,0D,A202*17
GPS_PRN:32,26,28,31,29,16,10,25,19419619500,00,00,00,SAT_TAL:08
GPS_SNR:34,00,00,27,44,28,31,40,31,00,43,00,00,00,00,SNR_AVG:34.75
GLO_PRN:00,00,00,00,00,00,00,00,00,00,00,00,00,00,00,SAT_TAL:00
GLO_SNR:00,00,00,00,00,00,00,00,00,00,00,00,00,00,00,SNR_AVG:0.00
GAL_PRN:04,05,25,09,24,31,00,00,00,00,00,00,00,00,00,SAT_TAL:05
GAL_SNR:38,18,20,00,27,23,00,00,00,00,00,00,00,00,00,SNR_AVG:25.20
BEI_PRN:00,00,00,00,00,00,00,00,00,00,00,00,00,00,00,SAT_TAL:00
BEI_SNR:00,00,00,00,00,00,00,00,00,00,00,00,00,00,00,SNR_AVG:0.00
QZS_PRN:00,00,00,00,00,SAT_TAL:00
QZS_SNR:00,00,00,00,00,SNR_AVG:0.00
SatInView:17 GDOP:120
Roll:0.000000 Pitch:38.970303
X_AVG:-9.146609 Y_AVG:0.585873 Z_AVG:11.957411
X_SD:0.071190 Y_SD:0.053335 Z_SD:0.088709
$MXCM10033,2,60,20240104,030709,12,0E70FF3B,47EFA5A0,00BC,0000,750B,0F,A202*61
GPS_PRN:32,26,28,31,29,16,10,25,19419619500,00,00,00,SAT_TAL:09
GPS_SNR:28,19,00,27,43,24,30,38,28,00,42,00,00,00,00,SNR_AVG:31.00
GLO_PRN:00,00,00,00,00,00,00,00,00,00,00,00,00,00,00,SAT_TAL:00
GLO_SNR:00,00,00,00,00,00,00,00,00,00,00,00,00,00,00,SNR_AVG:0.00
GAL_PRN:04,05,25,09,24,31,00,00,00,00,00,00,00,00,00,SAT_TAL:06
GAL_SNR:36,18,16,25,25,20,00,00,00,00,00,00,00,00,00,SNR_AVG:23.33
BEI_PRN:00,00,00,00,00,00,00,00,00,00,00,00,00,00,00,SAT_TAL:00
BEI_SNR:00,00,00,00,00,00,00,00,00,00,00,00,00,00,00,SNR_AVG:0.00
QZS_PRN:00,00,00,00,00,SAT_TAL:00
QZS_SNR:00,00,00,00,00,SNR_AVG:0.00
SatInView:17 GDOP:116
Roll:0.000000 Pitch:38.092953
X_AVG:-9.140480 Y_AVG:0.582665 Z_AVG:11.958368
X_SD:0.082514 Y_SD:0.054112 Z_SD:0.085373
$MXCM10033,2,61,20240104,030925,12,0E71006D,47EF9EEF,00BC,0000,7717,0E,A202*6D
GPS_PRN:32,26,28,31,29,16,10,25,19419619500,00,00,00,SAT_TAL:10
GPS_SNR:38,18,27,29,43,00,29,39,31,28,43,00,00,00,00,SNR_AVG:32.50
GLO_PRN:00,00,00,00,00,00,00,00,00,00,00,00,00,00,00,SAT_TAL:00
GLO_SNR:00,00,00,00,00,00,00,00,00,00,00,00,00,00,00,SNR_AVG:0.00
GAL_PRN:04,05,25,09,24,31,00,00,00,00,00,00,00,00,00,SAT_TAL:04
GAL_SNR:40,00,00,23,27,29,00,00,00,00,00,00,00,00,00,SNR_AVG:29.75
BEI_PRN:00,00,00,00,00,00,00,00,00,00,00,00,00,00,00,SAT_TAL:00
BEI_SNR:00,00,00,00,00,00,00,00,00,00,00,00,00,00,00,SNR_AVG:0.00
QZS_PRN:00,00,00,00,00,SAT_TAL:00
QZS_SNR:00,00,00,00,00,SNR_AVG:0.00
SatInView:17 GDOP:137
Roll:0.000000 Pitch:38.207973
X_AVG:-9.135356 Y_AVG:0.574476 Z_AVG:11.954538
X_SD:0.080744 Y_SD:0.062136 Z_SD:0.084196
$MXCM10033,2,62,20240104,030940,12,0E710018,47EF9F6B,00BC,0000,7717,11,A202*17
GPS_PRN:32,26,28,31,29,16,10,25,19419619500,00,00,00,SAT_TAL:11
GPS_SNR:40,19,28,27,43,18,29,38,29,27,42,00,00,00,00,SNR_AVG:30.91
GLO_PRN:00,00,00,00,00,00,00,00,00,00,00,00,00,00,00,SAT_TAL:00
GLO_SNR:00,00,00,00,00,00,00,00,00,00,00,00,00,00,00,SNR_AVG:0.00
GAL_PRN:04,05,25,09,24,31,00,00,00,00,00,00,00,00,00,SAT_TAL:06
GAL_SNR:37,16,16,28,21,26,00,00,00,00,00,00,00,00,00,SNR_AVG:24.00
BEI_PRN:00,00,00,00,00,00,00,00,00,00,00,00,00,00,00,SAT_TAL:00
BEI_SNR:00,00,00,00,00,00,00,00,00,00,00,00,00,00,00,SNR_AVG:0.00
QZS_PRN:00,00,00,00,00,SAT_TAL:00
QZS_SNR:00,00,00,00,00,SNR_AVG:0.00
SatInView:17 GDOP:114
Roll:0.000000 Pitch:37.834373
X_AVG:-9.144119 Y_AVG:0.587788 Z_AVG:11.962534
X_SD:0.070513 Y_SD:0.054534 Z_SD:0.092651
$MXCM10033,2,63,20240104,031155,12,0E710036,47EFA1A7,00BC,0000,6A2D,0C,A202*6E
GPS_PRN:32,26,28,31,29,16,10,25,19419619500,00,00,00,SAT_TAL:10
GPS_SNR:39,26,22,00,43,22,31,38,32,26,43,00,00,00,00,SNR_AVG:32.20
GLO_PRN:00,00,00,00,00,00,00,00,00,00,00,00,00,00,00,SAT_TAL:00
GLO_SNR:00,00,00,00,00,00,00,00,00,00,00,00,00,00,00,SNR_AVG:0.00
GAL_PRN:04,05,25,09,24,31,00,00,00,00,00,00,00,00,00,SAT_TAL:02
GAL_SNR:42,00,00,27,00,00,00,00,00,00,00,00,00,00,00,SNR_AVG:34.50
BEI_PRN:00,00,00,00,00,00,00,00,00,00,00,00,00,00,00,SAT_TAL:00
BEI_SNR:00,00,00,00,00,00,00,00,00,00,00,00,00,00,00,SNR_AVG:0.00
QZS_PRN:00,00,00,00,00,SAT_TAL:00
QZS_SNR:00,00,00,00,00,SNR_AVG:0.00
SatInView:17 GDOP:141
Roll:0.000000 Pitch:37.311443
X_AVG:-9.143688 Y_AVG:0.582760 Z_AVG:11.976948
X_SD:0.073372 Y_SD:0.058840 Z_SD:0.084496
$MXCM10033,2,64,20240104,031211,12,0E710042,47EFA306,00BC,0000,6A2D,11,A202*68
GPS_PRN:32,26,28,31,29,16,10,25,19419619500,00,00,00,SAT_TAL:11
GPS_SNR:34,22,24,29,42,25,32,37,29,28,43,00,00,00,00,SNR_AVG:31.36
GLO_PRN:00,00,00,00,00,00,00,00,00,00,00,00,00,00,00,SAT_TAL:00
GLO_SNR:00,00,00,00,00,00,00,00,00,00,00,00,00,00,00,SNR_AVG:0.00
GAL_PRN:04,05,25,09,24,31,00,00,00,00,00,00,00,00,00,SAT_TAL:06
GAL_SNR:41,13,12,26,17,26,00,00,00,00,00,00,00,00,00,SNR_AVG:22.50
BEI_PRN:00,00,00,00,00,00,00,00,00,00,00,00,00,00,00,SAT_TAL:00
BEI_SNR:00,00,00,00,00,00,00,00,00,00,00,00,00,00,00,SNR_AVG:0.00
QZS_PRN:00,00,00,00,00,SAT_TAL:00
QZS_SNR:00,00,00,00,00,SNR_AVG:0.00
SatInView:17 GDOP:114
Roll:0.000000 Pitch:37.930767
X_AVG:-9.146418 Y_AVG:0.582713 Z_AVG:11.981593
X_SD:0.069628 Y_SD:0.056505 Z_SD:0.090453
$MXCM10033,2,65,20240104,031427,12,0E70FEE0,47EFA8A4,00BC,0000,0000,0B,A202*10
GPS_PRN:32,26,28,31,29,16,10,25,03,19419619500,00,00,SAT_TAL:10
GPS_SNR:32,20,26,24,34,30,25,36,00,30,00,43,00,00,00,SNR_AVG:30.00
GLO_PRN:00,00,00,00,00,00,00,00,00,00,00,00,00,00,00,SAT_TAL:00
GLO_SNR:00,00,00,00,00,00,00,00,00,00,00,00,00,00,00,SNR_AVG:0.00
GAL_PRN:04,05,25,09,24,31,00,00,00,00,00,00,00,00,00,SAT_TAL:01
GAL_SNR:43,00,00,00,00,00,00,00,00,00,00,00,00,00,00,SNR_AVG:43.00
BEI_PRN:00,00,00,00,00,00,00,00,00,00,00,00,00,00,00,SAT_TAL:00
BEI_SNR:00,00,00,00,00,00,00,00,00,00,00,00,00,00,00,SNR_AVG:0.00
QZS_PRN:00,00,00,00,00,SAT_TAL:00
QZS_SNR:00,00,00,00,00,SNR_AVG:0.00
SatInView:18 GDOP:135
Roll:0.000000 Pitch:37.149616
X_AVG:-9.143832 Y_AVG:0.583766 Z_AVG:11.978145
X_SD:0.075395 Y_SD:0.053975 Z_SD:0.089887
$MXCM10033,2,66,20240104,031442,12,0E70FF21,47EFAA45,00BC,0000,0000,10,A202*1B
GPS_PRN:32,26,28,31,16,29,10,25,19419619500,00,00,00,SAT_TAL:11
GPS_SNR:29,28,17,14,29,27,30,35,26,25,42,00,00,00,00,SNR_AVG:27.45
GLO_PRN:00,00,00,00,00,00,00,00,00,00,00,00,00,00,00,SAT_TAL:00
GLO_SNR:00,00,00,00,00,00,00,00,00,00,00,00,00,00,00,SNR_AVG:0.00
GAL_PRN:04,05,25,09,24,31,00,00,00,00,00,00,00,00,00,SAT_TAL:06
GAL_SNR:41,17,24,15,16,18,00,00,00,00,00,00,00,00,00,SNR_AVG:21.83
BEI_PRN:00,00,00,00,00,00,00,00,00,00,00,00,00,00,00,SAT_TAL:00
BEI_SNR:00,00,00,00,00,00,00,00,00,00,00,00,00,00,00,SNR_AVG:0.00
QZS_PRN:00,00,00,00,00,SAT_TAL:00
QZS_SNR:00,00,00,00,00,SNR_AVG:0.00
SatInView:17 GDOP:116
Roll:0.000000 Pitch:38.090054
X_AVG:-9.152930 Y_AVG:0.583814 Z_AVG:11.985663
X_SD:0.071142 Y_SD:0.061112 Z_SD:0.089886
$MXCM10033,2,67,20240104,031658,12,0E710176,47EFA736,00BC,0000,056E,0F,A202*62
GPS_PRN:32,26,28,31,16,29,10,03,25,19419619500,00,00,SAT_TAL:10
GPS_SNR:34,23,00,23,27,37,27,00,32,31,21,43,00,00,00,SNR_AVG:29.80
GLO_PRN:00,00,00,00,00,00,00,00,00,00,00,00,00,00,00,SAT_TAL:00
GLO_SNR:00,00,00,00,00,00,00,00,00,00,00,00,00,00,00,SNR_AVG:0.00
GAL_PRN:04,05,25,09,24,31,00,00,00,00,00,00,00,00,00,SAT_TAL:05
GAL_SNR:44,00,18,22,22,23,00,00,00,00,00,00,00,00,00,SNR_AVG:25.80
BEI_PRN:00,00,00,00,00,00,00,00,00,00,00,00,00,00,00,SAT_TAL:00
BEI_SNR:00,00,00,00,00,00,00,00,00,00,00,00,00,00,00,SNR_AVG:0.00
QZS_PRN:00,00,00,00,00,SAT_TAL:00
QZS_SNR:00,00,00,00,00,SNR_AVG:0.00
SatInView:18 GDOP:123
Roll:0.000000 Pitch:37.702213
X_AVG:-9.151924 Y_AVG:0.590039 Z_AVG:11.985567
X_SD:0.076644 Y_SD:0.056486 Z_SD:0.088030
$MXCM10033,2,68,20240104,031713,12,0E710159,47EFA554,00BC,0000,056E,11,A202*1E
GPS_PRN:32,26,28,31,16,29,10,25,19419619500,00,00,00,SAT_TAL:11
GPS_SNR:36,23,24,26,25,37,26,31,28,25,43,00,00,00,00,SNR_AVG:29.45
GLO_PRN:00,00,00,00,00,00,00,00,00,00,00,00,00,00,00,SAT_TAL:00
GLO_SNR:00,00,00,00,00,00,00,00,00,00,00,00,00,00,00,SNR_AVG:0.00
GAL_PRN:04,05,25,09,24,31,00,00,00,00,00,00,00,00,00,SAT_TAL:06
GAL_SNR:42,12,20,17,16,22,00,00,00,00,00,00,00,00,00,SNR_AVG:21.50
BEI_PRN:00,00,00,00,00,00,00,00,00,00,00,00,00,00,00,SAT_TAL:00
BEI_SNR:00,00,00,00,00,00,00,00,00,00,00,00,00,00,00,SNR_AVG:0.00
QZS_PRN:00,00,00,00,00,SAT_TAL:00
QZS_SNR:00,00,00,00,00,SNR_AVG:0.00
SatInView:17 GDOP:113
Roll:0.000000 Pitch:38.153008
X_AVG:-9.143976 Y_AVG:0.576918 Z_AVG:11.987483
X_SD:0.070869 Y_SD:0.057224 Z_SD:0.082274
$MXCM10033,2,69,20240104,031929,12,0E70FFD9,47EFA3B1,00BC,0000,7DE5,0E,A202*1D
GPS_PRN:32,26,28,31,16,29,03,10,25,19419619500,00,00,SAT_TAL:11
GPS_SNR:44,28,26,14,00,37,23,36,17,25,18,43,00,00,00,SNR_AVG:28.27
GLO_PRN:00,00,00,00,00,00,00,00,00,00,00,00,00,00,00,SAT_TAL:00
GLO_SNR:00,00,00,00,00,00,00,00,00,00,00,00,00,00,00,SNR_AVG:0.00
GAL_PRN:04,05,25,09,24,31,00,00,00,00,00,00,00,00,00,SAT_TAL:04
GAL_SNR:44,00,25,18,00,20,00,00,00,00,00,00,00,00,00,SNR_AVG:26.75
BEI_PRN:00,00,00,00,00,00,00,00,00,00,00,00,00,00,00,SAT_TAL:00
BEI_SNR:00,00,00,00,00,00,00,00,00,00,00,00,00,00,00,SNR_AVG:0.00
QZS_PRN:00,00,00,00,00,SAT_TAL:00
QZS_SNR:00,00,00,00,00,SNR_AVG:0.00
SatInView:18 GDOP:117
Roll:0.000000 Pitch:38.009239
X_AVG:-9.136889 Y_AVG:0.580414 Z_AVG:11.987435
X_SD:0.074098 Y_SD:0.052950 Z_SD:0.089181
$MXCM10033,2,70,20240104,031944,12,0E710090,47EFA33D,00BC,0000,7DE5,0F,A202*6C
GPS_PRN:32,26,28,31,16,29,03,10,25,19419619500,00,00,SAT_TAL:11
GPS_SNR:40,24,26,00,20,36,21,38,17,25,13,43,00,00,00,SNR_AVG:27.55
GLO_PRN:00,00,00,00,00,00,00,00,00,00,00,00,00,00,00,SAT_TAL:00
GLO_SNR:00,00,00,00,00,00,00,00,00,00,00,00,00,00,00,SNR_AVG:0.00
GAL_PRN:04,05,25,09,24,31,00,00,00,00,00,00,00,00,00,SAT_TAL:06
GAL_SNR:44,17,26,15,14,18,00,00,00,00,00,00,00,00,00,SNR_AVG:22.33
BEI_PRN:00,00,00,00,00,00,00,00,00,00,00,00,00,00,00,SAT_TAL:00
BEI_SNR:00,00,00,00,00,00,00,00,00,00,00,00,00,00,00,SNR_AVG:0.00
QZS_PRN:00,00,00,00,00,SAT_TAL:00
QZS_SNR:00,00,00,00,00,SNR_AVG:0.00
SatInView:18 GDOP:119
Roll:0.000000 Pitch:37.660130
X_AVG:-9.138469 Y_AVG:0.580941 Z_AVG:11.982694
X_SD:0.076805 Y_SD:0.058892 Z_SD:0.089726
$MXCM10033,2,71,20240104,032159,00,0E7100A4,47EFA32A,00BC,0000,0000,00,A202*64
GPS_PRN:16,29,00,00,00,00,00,00,00,00,00,00,00,00,00,SAT_TAL:00
GPS_SNR:00,00,00,00,00,00,00,00,00,00,00,00,00,00,00,SNR_AVG:0.00
GLO_PRN:00,00,00,00,00,00,00,00,00,00,00,00,00,00,00,SAT_TAL:00
GLO_SNR:00,00,00,00,00,00,00,00,00,00,00,00,00,00,00,SNR_AVG:0.00
GAL_PRN:00,00,00,00,00,00,00,00,00,00,00,00,00,00,00,SAT_TAL:00
GAL_SNR:00,00,00,00,00,00,00,00,00,00,00,00,00,00,00,SNR_AVG:0.00
BEI_PRN:00,00,00,00,00,00,00,00,00,00,00,00,00,00,00,SAT_TAL:00
BEI_SNR:00,00,00,00,00,00,00,00,00,00,00,00,00,00,00,SNR_AVG:0.00
QZS_PRN:00,00,00,00,00,SAT_TAL:00
QZS_SNR:00,00,00,00,00,SNR_AVG:0.00
SatInView:2 GDOP:17319
Roll:-47.443878 Pitch:56.251251
X_AVG:-8.503562 Y_AVG:-4.975012 Z_AVG:4.385260
X_SD:1.169958 Y_SD:1.471634 Z_SD:1.301008
$MXCM10033,2,72,20240104,032214,00,0E7100A4,47EFA32A,00BC,0000,0000,00,A202*6D
GPS_PRN:32,28,31,19600,00,00,00,00,00,00,00,00,00,00,SAT_TAL:00
GPS_SNR:00,00,00,00,00,00,00,00,00,00,00,00,00,00,00,SNR_AVG:0.00
GLO_PRN:00,00,00,00,00,00,00,00,00,00,00,00,00,00,00,SAT_TAL:00
GLO_SNR:00,00,00,00,00,00,00,00,00,00,00,00,00,00,00,SNR_AVG:0.00
GAL_PRN:00,00,00,00,00,00,00,00,00,00,00,00,00,00,00,SAT_TAL:00
GAL_SNR:00,00,00,00,00,00,00,00,00,00,00,00,00,00,00,SNR_AVG:0.00
BEI_PRN:00,00,00,00,00,00,00,00,00,00,00,00,00,00,00,SAT_TAL:00
BEI_SNR:00,00,00,00,00,00,00,00,00,00,00,00,00,00,00,SNR_AVG:0.00
QZS_PRN:00,00,00,00,00,SAT_TAL:00
QZS_SNR:00,00,00,00,00,SNR_AVG:0.00
SatInView:4 GDOP:17319
Roll:-12.250725 Pitch:51.083897
X_AVG:-9.732003 Y_AVG:-2.031808 Z_AVG:5.362545
X_SD:0.904329 Y_SD:1.117552 Z_SD:1.978475
$MXCM10033,2,73,20240104,032429,00,0E7100A4,47EFA32A,00BC,0000,0000,00,A202*64
GPS_PRN:16,00,00,00,00,00,00,00,00,00,00,00,00,00,00,SAT_TAL:00
GPS_SNR:00,00,00,00,00,00,00,00,00,00,00,00,00,00,00,SNR_AVG:0.00
GLO_PRN:00,00,00,00,00,00,00,00,00,00,00,00,00,00,00,SAT_TAL:00
GLO_SNR:00,00,00,00,00,00,00,00,00,00,00,00,00,00,00,SNR_AVG:0.00
GAL_PRN:00,00,00,00,00,00,00,00,00,00,00,00,00,00,00,SAT_TAL:00
GAL_SNR:00,00,00,00,00,00,00,00,00,00,00,00,00,00,00,SNR_AVG:0.00
BEI_PRN:00,00,00,00,00,00,00,00,00,00,00,00,00,00,00,SAT_TAL:00
BEI_SNR:00,00,00,00,00,00,00,00,00,00,00,00,00,00,00,SNR_AVG:0.00
QZS_PRN:00,00,00,00,00,SAT_TAL:00
QZS_SNR:00,00,00,00,00,SNR_AVG:0.00
SatInView:1 GDOP:17319
Roll:0.000000 Pitch:0.000000
X_AVG:-0.605889 Y_AVG:0.049513 Z_AVG:-19.613695
X_SD:0.071273 Y_SD:0.064445 Z_SD:0.000000
$MXCM10033,2,74,20240104,032444,00,0E7100A4,47EFA32A,00BC,0000,0000,00,A202*68
GPS_PRN:32,28,31,19600,00,00,00,00,00,00,00,00,00,00,SAT_TAL:00
GPS_SNR:00,00,00,00,00,00,00,00,00,00,00,00,00,00,00,SNR_AVG:0.00
GLO_PRN:00,00,00,00,00,00,00,00,00,00,00,00,00,00,00,SAT_TAL:00
GLO_SNR:00,00,00,00,00,00,00,00,00,00,00,00,00,00,00,SNR_AVG:0.00
GAL_PRN:00,00,00,00,00,00,00,00,00,00,00,00,00,00,00,SAT_TAL:00
GAL_SNR:00,00,00,00,00,00,00,00,00,00,00,00,00,00,00,SNR_AVG:0.00
BEI_PRN:00,00,00,00,00,00,00,00,00,00,00,00,00,00,00,SAT_TAL:00
BEI_SNR:00,00,00,00,00,00,00,00,00,00,00,00,00,00,00,SNR_AVG:0.00
QZS_PRN:00,00,00,00,00,SAT_TAL:00
QZS_SNR:00,00,00,00,00,SNR_AVG:0.00
SatInView:4 GDOP:17319
Roll:0.000000 Pitch:0.000000
X_AVG:-0.627389 Y_AVG:0.057175 Z_AVG:-19.613695
X_SD:0.076316 Y_SD:0.061344 Z_SD:0.000000
$MXCM10033,3*35
$MXCM001,10033,0*2B
======== Tracker Setting ========
[System]
COMPort:COM29
SerialNumber:MX231214CW000001
FirmwareVersion:231220163813_v1.0.CN
[Periodic]
Enable:1
Stage:2
WorkMode:0
T0:15
T1:270
T2:120
T3:30
T4:120
FirstFixStage:2
TraceFixStage:0
PeriodicCycle:30
[Dynamic]
Enable:0
PrecisionChk:1
T5:70
T6:10
[Geofencing]
Enable:0
T7:30
T8:60
DistanceThreshold:500
DestinationLongitude:120.6886122
DestinationLatitude:24.2287275
DestinationAltitude:134
[MotionDetection]
Enable:1
Angle:45
DataRate:200
SampleFrequency:50
[GPS_EPO]
EpoDataNumber:12
FWN:2295
FTOW:259200
LWN:2295
LTOW:518400
[GLO_EPO]
EpoDataNumber:12
FWN:2295
FTOW:259200
LWN:2295
LTOW:518400
[GAL_EPO]
EpoDataNumber:0
FWN:0
FTOW:0
LWN:0
LTOW:0
[BEI_EPO]
EpoDataNumber:0
FWN:0
FTOW:0
LWN:0
LTOW:0
