$MXCM10033,0*36
$MXCM10033,1,92,212*0D
$MXCM10033,2,1,19800105,235956,00,35A4E8F5,00000000,0089,0000,0000,00,8102*54
GPS_PRN:31,16,28,18,19500,00,00,00,00,00,00,00,00,00,SAT_TAL:05
GPS_SNR:36,32,31,35,27,00,00,00,00,00,00,00,00,00,00,SNR_AVG:32.20
GLO_PRN:00,00,00,00,00,00,00,00,00,00,00,00,00,00,00,SAT_TAL:00
GLO_SNR:00,00,00,00,00,00,00,00,00,00,00,00,00,00,00,SNR_AVG:0.00
GAL_PRN:00,00,00,00,00,00,00,00,00,00,00,00,00,00,00,SAT_TAL:00
GAL_SNR:00,00,00,00,00,00,00,00,00,00,00,00,00,00,00,SNR_AVG:0.00
BEI_PRN:00,00,00,00,00,00,00,00,00,00,00,00,00,00,00,SAT_TAL:00
BEI_SNR:00,00,00,00,00,00,00,00,00,00,00,00,00,00,00,SNR_AVG:0.00
QZS_PRN:00,00,00,00,00,SAT_TAL:00
QZS_SNR:00,00,00,00,00,SNR_AVG:0.00
SatInView:5 GDOP:19998
Roll:117.935272 Pitch:62.835552
X_AVG:-8.009341 Y_AVG:4.765419 Z_AVG:-5.868402
X_SD:11.130540 Y_SD:10.305943 Z_SD:12.436506
$MXCM10033,2,2,19800106,000010,00,35A4E8F5,00000000,0089,0000,0000,00,8102*5B
GPS_PRN:04,27,16,19600,00,00,00,00,00,00,00,00,00,00,SAT_TAL:04
GPS_SNR:36,37,20,21,00,00,00,00,00,00,00,00,00,00,00,SNR_AVG:28.50
GLO_PRN:00,00,00,00,00,00,00,00,00,00,00,00,00,00,00,SAT_TAL:00
GLO_SNR:00,00,00,00,00,00,00,00,00,00,00,00,00,00,00,SNR_AVG:0.00
GAL_PRN:00,00,00,00,00,00,00,00,00,00,00,00,00,00,00,SAT_TAL:00
GAL_SNR:00,00,00,00,00,00,00,00,00,00,00,00,00,00,00,SNR_AVG:0.00
BEI_PRN:00,00,00,00,00,00,00,00,00,00,00,00,00,00,00,SAT_TAL:00
BEI_SNR:00,00,00,00,00,00,00,00,00,00,00,00,00,00,00,SNR_AVG:0.00
QZS_PRN:00,00,00,00,00,SAT_TAL:00
QZS_SNR:00,00,00,00,00,SNR_AVG:0.00
SatInView:4 GDOP:19998
Roll:132.564011 Pitch:49.701591
X_AVG:-10.255482 Y_AVG:7.630618 Z_AVG:-10.683526
X_SD:10.836541 Y_SD:9.720672 Z_SD:11.029633
$MXCM10033,2,3,19800106,000025,00,35A4E8F5,00000000,0089,0000,0000,00,8102*5C
GPS_PRN:31,21,28,27,19419900,00,00,00,00,00,00,00,00,SAT_TAL:06
GPS_SNR:36,25,26,36,32,30,00,00,00,00,00,00,00,00,00,SNR_AVG:30.83
GLO_PRN:00,00,00,00,00,00,00,00,00,00,00,00,00,00,00,SAT_TAL:00
GLO_SNR:00,00,00,00,00,00,00,00,00,00,00,00,00,00,00,SNR_AVG:0.00
GAL_PRN:00,00,00,00,00,00,00,00,00,00,00,00,00,00,00,SAT_TAL:00
GAL_SNR:00,00,00,00,00,00,00,00,00,00,00,00,00,00,00,SNR_AVG:0.00
BEI_PRN:00,00,00,00,00,00,00,00,00,00,00,00,00,00,00,SAT_TAL:00
BEI_SNR:00,00,00,00,00,00,00,00,00,00,00,00,00,00,00,SNR_AVG:0.00
QZS_PRN:00,00,00,00,00,SAT_TAL:00
QZS_SNR:00,00,00,00,00,SNR_AVG:0.00
SatInView:6 GDOP:19998
Roll:128.107880 Pitch:56.208458
X_AVG:-12.011186 Y_AVG:7.257642 Z_AVG:-8.315469
X_SD:6.785402 Y_SD:8.371356 Z_SD:10.104683
$MXCM10033,2,4,19800106,000038,00,35A4E8F5,00000000,0089,0000,0000,00,8102*57
GPS_PRN:19916,03,04,31,18,21,28,26,19419519627,00,00,SAT_TAL:13
GPS_SNR:18,36,34,36,33,37,32,36,37,29,37,32,25,00,00,SNR_AVG:32.46
GLO_PRN:00,00,00,00,00,00,00,00,00,00,00,00,00,00,00,SAT_TAL:00
GLO_SNR:00,00,00,00,00,00,00,00,00,00,00,00,00,00,00,SNR_AVG:0.00
GAL_PRN:00,00,00,00,00,00,00,00,00,00,00,00,00,00,00,SAT_TAL:00
GAL_SNR:00,00,00,00,00,00,00,00,00,00,00,00,00,00,00,SNR_AVG:0.00
BEI_PRN:00,00,00,00,00,00,00,00,00,00,00,00,00,00,00,SAT_TAL:00
BEI_SNR:00,00,00,00,00,00,00,00,00,00,00,00,00,00,00,SNR_AVG:0.00
QZS_PRN:00,00,00,00,00,SAT_TAL:00
QZS_SNR:00,00,00,00,00,SNR_AVG:0.00
SatInView:13 GDOP:19998
Roll:132.820175 Pitch:57.437885
X_AVG:-11.106111 Y_AVG:4.645994 Z_AVG:-9.302092
X_SD:8.878770 Y_SD:9.914961 Z_SD:8.786921
$MXCM10033,2,5,19800108,062110,00,35A4E8F5,00000000,0089,0000,0000,00,8102*57
GPS_PRN:19903,04,26,08,18,21,28,27,16,31,19419619509,SAT_TAL:15
GPS_SNR:25,34,33,37,35,36,27,30,33,34,37,34,35,33,23,SNR_AVG:32.40
GLO_PRN:00,00,00,00,00,00,00,00,00,00,00,00,00,00,00,SAT_TAL:00
GLO_SNR:00,00,00,00,00,00,00,00,00,00,00,00,00,00,00,SNR_AVG:0.00
GAL_PRN:00,00,00,00,00,00,00,00,00,00,00,00,00,00,00,SAT_TAL:00
GAL_SNR:00,00,00,00,00,00,00,00,00,00,00,00,00,00,00,SNR_AVG:0.00
BEI_PRN:00,00,00,00,00,00,00,00,00,00,00,00,00,00,00,SAT_TAL:00
BEI_SNR:00,00,00,00,00,00,00,00,00,00,00,00,00,00,00,SNR_AVG:0.00
QZS_PRN:00,00,00,00,00,SAT_TAL:00
QZS_SNR:00,00,00,00,00,SNR_AVG:0.00
SatInView:15 GDOP:19998
Roll:100.470413 Pitch:67.865166
X_AVG:-9.796648 Y_AVG:2.799932 Z_AVG:-3.705820
X_SD:9.133930 Y_SD:10.588687 Z_SD:7.201228
$MXCM10033,2,6,19800108,062123,00,35A4E8F5,00000000,0089,0000,0000,00,8102*54
GPS_PRN:19903,04,26,08,18,21,28,27,16,31,19419619509,SAT_TAL:15
GPS_SNR:27,30,35,37,32,32,17,32,36,35,35,33,19,33,33,SNR_AVG:31.07
GLO_PRN:00,00,00,00,00,00,00,00,00,00,00,00,00,00,00,SAT_TAL:00
GLO_SNR:00,00,00,00,00,00,00,00,00,00,00,00,00,00,00,SNR_AVG:0.00
GAL_PRN:00,00,00,00,00,00,00,00,00,00,00,00,00,00,00,SAT_TAL:00
GAL_SNR:00,00,00,00,00,00,00,00,00,00,00,00,00,00,00,SNR_AVG:0.00
BEI_PRN:00,00,00,00,00,00,00,00,00,00,00,00,00,00,00,SAT_TAL:00
BEI_SNR:00,00,00,00,00,00,00,00,00,00,00,00,00,00,00,SNR_AVG:0.00
QZS_PRN:00,00,00,00,00,SAT_TAL:00
QZS_SNR:00,00,00,00,00,SNR_AVG:0.00
SatInView:15 GDOP:19998
Roll:133.875824 Pitch:58.540585
X_AVG:-12.618463 Y_AVG:6.656829 Z_AVG:-8.199013
X_SD:6.675531 Y_SD:8.773296 Z_SD:12.964476
$MXCM10033,2,7,19800108,062136,00,35A4E8F5,00000000,0089,0000,0000,00,8102*51
GPS_PRN:19603,04,26,31,18,28,27,16,08,19419519909,00,SAT_TAL:14
GPS_SNR:28,32,36,34,35,36,36,36,32,31,31,36,27,33,00,SNR_AVG:33.07
GLO_PRN:00,00,00,00,00,00,00,00,00,00,00,00,00,00,00,SAT_TAL:00
GLO_SNR:00,00,00,00,00,00,00,00,00,00,00,00,00,00,00,SNR_AVG:0.00
GAL_PRN:00,00,00,00,00,00,00,00,00,00,00,00,00,00,00,SAT_TAL:00
GAL_SNR:00,00,00,00,00,00,00,00,00,00,00,00,00,00,00,SNR_AVG:0.00
BEI_PRN:00,00,00,00,00,00,00,00,00,00,00,00,00,00,00,SAT_TAL:00
BEI_SNR:00,00,00,00,00,00,00,00,00,00,00,00,00,00,00,SNR_AVG:0.00
QZS_PRN:00,00,00,00,00,SAT_TAL:00
QZS_SNR:00,00,00,00,00,SNR_AVG:0.00
SatInView:14 GDOP:19998
Roll:85.470985 Pitch:90.000000
X_AVG:-9.493680 Y_AVG:4.327702 Z_AVG:-0.958083
X_SD:10.850307 Y_SD:9.810002 Z_SD:8.334670
$MXCM10033,2,8,19800108,062148,00,35A4E8F5,00000000,0089,0000,0000,00,8102*57
GPS_PRN:19603,04,26,31,18,28,27,16,08,19419519909,00,SAT_TAL:14
GPS_SNR:34,23,35,33,35,25,36,36,36,34,32,35,28,32,00,SNR_AVG:32.43
GLO_PRN:00,00,00,00,00,00,00,00,00,00,00,00,00,00,00,SAT_TAL:00
GLO_SNR:00,00,00,00,00,00,00,00,00,00,00,00,00,00,00,SNR_AVG:0.00
GAL_PRN:00,00,00,00,00,00,00,00,00,00,00,00,00,00,00,SAT_TAL:00
GAL_SNR:00,00,00,00,00,00,00,00,00,00,00,00,00,00,00,SNR_AVG:0.00
BEI_PRN:00,00,00,00,00,00,00,00,00,00,00,00,00,00,00,SAT_TAL:00
BEI_SNR:00,00,00,00,00,00,00,00,00,00,00,00,00,00,00,SNR_AVG:0.00
QZS_PRN:00,00,00,00,00,SAT_TAL:00
QZS_SNR:00,00,00,00,00,SNR_AVG:0.00
SatInView:14 GDOP:19998
Roll:16.303337 Pitch:32.735477
X_AVG:-9.493680 Y_AVG:4.327702 Z_AVG:-0.958083
X_SD:10.850307 Y_SD:9.810002 Z_SD:8.334670
$MXCM10033,2,9,20240102,062203,12,0E988DCE,47EEC2C5,0074,0007,1A7D,09,8102*2F
GPS_PRN:19504,31,26,08,28,09,18,03,21,19419619916,00,SAT_TAL:14
GPS_SNR:33,35,34,33,37,36,35,34,32,30,21,34,26,34,00,SNR_AVG:32.43
GLO_PRN:00,00,00,00,00,00,00,00,00,00,00,00,00,00,00,SAT_TAL:00
GLO_SNR:00,00,00,00,00,00,00,00,00,00,00,00,00,00,00,SNR_AVG:0.00
GAL_PRN:00,00,00,00,00,00,00,00,00,00,00,00,00,00,00,SAT_TAL:00
GAL_SNR:00,00,00,00,00,00,00,00,00,00,00,00,00,00,00,SNR_AVG:0.00
BEI_PRN:00,00,00,00,00,00,00,00,00,00,00,00,00,00,00,SAT_TAL:00
BEI_SNR:00,00,00,00,00,00,00,00,00,00,00,00,00,00,00,SNR_AVG:0.00
QZS_PRN:00,00,00,00,00,SAT_TAL:00
QZS_SNR:00,00,00,00,00,SNR_AVG:0.00
SatInView:14 GDOP:213
Roll:30.292063 Pitch:90.000000
X_AVG:-8.525589 Y_AVG:4.204542 Z_AVG:0.457924
X_SD:11.621990 Y_SD:11.071615 Z_SD:10.200104
$MXCM10033,2,10,20240102,062218,12,0E982C04,47EF0DE8,0093,0016,3E7E,09,8102*11
GPS_PRN:19504,31,26,08,28,09,18,03,21,19419919616,00,SAT_TAL:14
GPS_SNR:35,34,34,37,36,36,35,35,32,35,31,17,35,35,00,SNR_AVG:33.36
GLO_PRN:00,00,00,00,00,00,00,00,00,00,00,00,00,00,00,SAT_TAL:00
GLO_SNR:00,00,00,00,00,00,00,00,00,00,00,00,00,00,00,SNR_AVG:0.00
GAL_PRN:00,00,00,00,00,00,00,00,00,00,00,00,00,00,00,SAT_TAL:00
GAL_SNR:00,00,00,00,00,00,00,00,00,00,00,00,00,00,00,SNR_AVG:0.00
BEI_PRN:00,00,00,00,00,00,00,00,00,00,00,00,00,00,00,SAT_TAL:00
BEI_SNR:00,00,00,00,00,00,00,00,00,00,00,00,00,00,00,SNR_AVG:0.00
QZS_PRN:00,00,00,00,00,SAT_TAL:00
QZS_SNR:00,00,00,00,00,SNR_AVG:0.00
SatInView:14 GDOP:144
Roll:159.494812 Pitch:48.427200
X_AVG:-12.432717 Y_AVG:4.420743 Z_AVG:-11.389638
X_SD:5.459553 Y_SD:10.133536 Z_SD:7.202466
$MXCM10033,2,11,20240102,062233,12,0E97FE97,47EF1C00,00A5,0018,3D4A,0B,8102*18
GPS_PRN:19604,31,26,08,28,09,18,03,21,19419919516,00,SAT_TAL:14
GPS_SNR:35,36,30,34,36,35,34,29,25,27,33,28,35,37,00,SNR_AVG:32.43
GLO_PRN:00,00,00,00,00,00,00,00,00,00,00,00,00,00,00,SAT_TAL:00
GLO_SNR:00,00,00,00,00,00,00,00,00,00,00,00,00,00,00,SNR_AVG:0.00
GAL_PRN:00,00,00,00,00,00,00,00,00,00,00,00,00,00,00,SAT_TAL:00
GAL_SNR:00,00,00,00,00,00,00,00,00,00,00,00,00,00,00,SNR_AVG:0.00
BEI_PRN:00,00,00,00,00,00,00,00,00,00,00,00,00,00,00,SAT_TAL:00
BEI_SNR:00,00,00,00,00,00,00,00,00,00,00,00,00,00,00,SNR_AVG:0.00
QZS_PRN:00,00,00,00,00,SAT_TAL:00
QZS_SNR:00,00,00,00,00,SNR_AVG:0.00
SatInView:14 GDOP:199
Roll:88.006035 Pitch:90.000000
X_AVG:-9.419410 Y_AVG:4.321813 Z_AVG:-8.776027
X_SD:9.075586 Y_SD:10.350317 Z_SD:10.683585
$MXCM10033,2,12,20240102,062248,12,0E9788B1,47EF3ACE,00AB,0019,45F2,0B,8102*6E
GPS_PRN:19604,31,26,08,28,09,18,03,21,19419919516,00,SAT_TAL:14
GPS_SNR:35,34,33,36,36,29,31,35,33,32,34,26,31,36,00,SNR_AVG:32.93
GLO_PRN:00,00,00,00,00,00,00,00,00,00,00,00,00,00,00,SAT_TAL:00
GLO_SNR:00,00,00,00,00,00,00,00,00,00,00,00,00,00,00,SNR_AVG:0.00
GAL_PRN:00,00,00,00,00,00,00,00,00,00,00,00,00,00,00,SAT_TAL:00
GAL_SNR:00,00,00,00,00,00,00,00,00,00,00,00,00,00,00,SNR_AVG:0.00
BEI_PRN:00,00,00,00,00,00,00,00,00,00,00,00,00,00,00,SAT_TAL:00
BEI_SNR:00,00,00,00,00,00,00,00,00,00,00,00,00,00,00,SNR_AVG:0.00
QZS_PRN:00,00,00,00,00,SAT_TAL:00
QZS_SNR:00,00,00,00,00,SNR_AVG:0.00
SatInView:14 GDOP:200
Roll:48.654068 Pitch:71.158340
X_AVG:-10.529384 Y_AVG:3.913162 Z_AVG:0.154238
X_SD:10.228841 Y_SD:10.338229 Z_SD:7.894241
$MXCM10033,2,13,20240102,062303,12,0E96FB72,47EF3269,00A6,001B,451D,0C,8102*67
GPS_PRN:19604,31,26,08,28,09,18,03,21,19419919516,00,SAT_TAL:14
GPS_SNR:36,34,32,36,36,28,30,34,33,35,34,27,31,37,00,SNR_AVG:33.07
GLO_PRN:00,00,00,00,00,00,00,00,00,00,00,00,00,00,00,SAT_TAL:00
GLO_SNR:00,00,00,00,00,00,00,00,00,00,00,00,00,00,00,SNR_AVG:0.00
GAL_PRN:00,00,00,00,00,00,00,00,00,00,00,00,00,00,00,SAT_TAL:00
GAL_SNR:00,00,00,00,00,00,00,00,00,00,00,00,00,00,00,SNR_AVG:0.00
BEI_PRN:00,00,00,00,00,00,00,00,00,00,00,00,00,00,00,SAT_TAL:00
BEI_SNR:00,00,00,00,00,00,00,00,00,00,00,00,00,00,00,SNR_AVG:0.00
QZS_PRN:00,00,00,00,00,SAT_TAL:00
QZS_SNR:00,00,00,00,00,SNR_AVG:0.00
SatInView:14 GDOP:191
Roll:-12.190730 Pitch:63.965355
X_AVG:-7.710059 Y_AVG:3.314743 Z_AVG:-0.394908
X_SD:11.911788 Y_SD:10.234841 Z_SD:8.779910
$MXCM10033,2,14,20240102,062318,12,0E96A81C,47EF93F2,00C0,0017,319D,0C,8102*6A
GPS_PRN:19604,31,26,08,28,09,18,03,21,19419919516,00,SAT_TAL:14
GPS_SNR:34,36,35,29,36,37,36,31,28,32,27,27,36,33,00,SNR_AVG:32.64
GLO_PRN:00,00,00,00,00,00,00,00,00,00,00,00,00,00,00,SAT_TAL:00
GLO_SNR:00,00,00,00,00,00,00,00,00,00,00,00,00,00,00,SNR_AVG:0.00
GAL_PRN:00,00,00,00,00,00,00,00,00,00,00,00,00,00,00,SAT_TAL:00
GAL_SNR:00,00,00,00,00,00,00,00,00,00,00,00,00,00,00,SNR_AVG:0.00
BEI_PRN:00,00,00,00,00,00,00,00,00,00,00,00,00,00,00,SAT_TAL:00
BEI_SNR:00,00,00,00,00,00,00,00,00,00,00,00,00,00,00,SNR_AVG:0.00
QZS_PRN:00,00,00,00,00,SAT_TAL:00
QZS_SNR:00,00,00,00,00,SNR_AVG:0.00
SatInView:14 GDOP:191
Roll:31.845982 Pitch:90.000000
X_AVG:-9.879393 Y_AVG:4.304478 Z_AVG:0.111716
X_SD:10.275273 Y_SD:10.223767 Z_SD:7.479120
$MXCM10033,2,15,20240102,062333,12,0E963271,47EFA951,00D1,0018,4A04,0C,8102*6B
GPS_PRN:19604,31,26,08,28,09,18,03,21,19419919516,00,SAT_TAL:14
GPS_SNR:27,34,34,37,36,32,34,35,34,30,34,23,29,37,00,SNR_AVG:32.57
GLO_PRN:00,00,00,00,00,00,00,00,00,00,00,00,00,00,00,SAT_TAL:00
GLO_SNR:00,00,00,00,00,00,00,00,00,00,00,00,00,00,00,SNR_AVG:0.00
GAL_PRN:00,00,00,00,00,00,00,00,00,00,00,00,00,00,00,SAT_TAL:00
GAL_SNR:00,00,00,00,00,00,00,00,00,00,00,00,00,00,00,SNR_AVG:0.00
BEI_PRN:00,00,00,00,00,00,00,00,00,00,00,00,00,00,00,SAT_TAL:00
BEI_SNR:00,00,00,00,00,00,00,00,00,00,00,00,00,00,00,SNR_AVG:0.00
QZS_PRN:00,00,00,00,00,SAT_TAL:00
QZS_SNR:00,00,00,00,00,SNR_AVG:0.00
SatInView:14 GDOP:191
Roll:53.435848 Pitch:71.372292
X_AVG:-9.991971 Y_AVG:4.213736 Z_AVG:0.145235
X_SD:10.047017 Y_SD:10.737813 Z_SD:10.192119
$MXCM10033,2,16,20240102,062348,12,0E9636C2,47EF9BF3,00D0,0015,2F97,0C,8102*62
GPS_PRN:19604,31,26,08,28,09,18,03,21,19419919516,00,SAT_TAL:14
GPS_SNR:34,36,28,32,37,34,36,36,32,30,26,26,35,34,00,SNR_AVG:32.57
GLO_PRN:00,00,00,00,00,00,00,00,00,00,00,00,00,00,00,SAT_TAL:00
GLO_SNR:00,00,00,00,00,00,00,00,00,00,00,00,00,00,00,SNR_AVG:0.00
GAL_PRN:00,00,00,00,00,00,00,00,00,00,00,00,00,00,00,SAT_TAL:00
GAL_SNR:00,00,00,00,00,00,00,00,00,00,00,00,00,00,00,SNR_AVG:0.00
BEI_PRN:00,00,00,00,00,00,00,00,00,00,00,00,00,00,00,SAT_TAL:00
BEI_SNR:00,00,00,00,00,00,00,00,00,00,00,00,00,00,00,SNR_AVG:0.00
QZS_PRN:00,00,00,00,00,SAT_TAL:00
QZS_SNR:00,00,00,00,00,SNR_AVG:0.00
SatInView:14 GDOP:129
Roll:34.771935 Pitch:90.000000
X_AVG:-9.298931 Y_AVG:2.448504 Z_AVG:-0.764340
X_SD:9.486861 Y_SD:9.626260 Z_SD:6.926965
$MXCM10033,2,17,20240102,062403,12,0E95B273,47EFC522,00E2,001A,474B,0C,8102*68
GPS_PRN:19604,31,26,08,28,09,18,03,21,19419919516,00,SAT_TAL:14
GPS_SNR:36,34,32,36,36,30,31,35,33,34,33,25,32,36,00,SNR_AVG:33.07
GLO_PRN:00,00,00,00,00,00,00,00,00,00,00,00,00,00,00,SAT_TAL:00
GLO_SNR:00,00,00,00,00,00,00,00,00,00,00,00,00,00,00,SNR_AVG:0.00
GAL_PRN:00,00,00,00,00,00,00,00,00,00,00,00,00,00,00,SAT_TAL:00
GAL_SNR:00,00,00,00,00,00,00,00,00,00,00,00,00,00,00,SNR_AVG:0.00
BEI_PRN:00,00,00,00,00,00,00,00,00,00,00,00,00,00,00,SAT_TAL:00
BEI_SNR:00,00,00,00,00,00,00,00,00,00,00,00,00,00,00,SNR_AVG:0.00
QZS_PRN:00,00,00,00,00,SAT_TAL:00
QZS_SNR:00,00,00,00,00,SNR_AVG:0.00
SatInView:14 GDOP:191
Roll:8.631992 Pitch:67.796432
X_AVG:-8.784407 Y_AVG:4.009507 Z_AVG:0.391364
X_SD:10.636402 Y_SD:10.156096 Z_SD:7.028689
$MXCM10033,2,18,20240102,062418,12,0E9528CE,47EFC64A,00FC,001B,45B8,0C,8102*1C
GPS_PRN:19604,31,26,08,28,09,18,03,21,19419919516,00,SAT_TAL:14
GPS_SNR:35,35,32,36,35,27,31,35,33,31,34,26,31,37,00,SNR_AVG:32.71
GLO_PRN:00,00,00,00,00,00,00,00,00,00,00,00,00,00,00,SAT_TAL:00
GLO_SNR:00,00,00,00,00,00,00,00,00,00,00,00,00,00,00,SNR_AVG:0.00
GAL_PRN:00,00,00,00,00,00,00,00,00,00,00,00,00,00,00,SAT_TAL:00
GAL_SNR:00,00,00,00,00,00,00,00,00,00,00,00,00,00,00,SNR_AVG:0.00
BEI_PRN:00,00,00,00,00,00,00,00,00,00,00,00,00,00,00,SAT_TAL:00
BEI_SNR:00,00,00,00,00,00,00,00,00,00,00,00,00,00,00,SNR_AVG:0.00
QZS_PRN:00,00,00,00,00,SAT_TAL:00
QZS_SNR:00,00,00,00,00,SNR_AVG:0.00
SatInView:14 GDOP:191
Roll:23.060431 Pitch:72.388504
X_AVG:-7.122750 Y_AVG:1.879726 Z_AVG:-0.755577
X_SD:10.407940 Y_SD:10.333522 Z_SD:6.315578
$MXCM10033,2,19,20240102,062634,12,0E903AA0,47EFBDFC,011D,001C,43E9,0C,8202*6B
GPS_PRN:19616,31,08,26,28,09,18,03,21,19419919504,00,SAT_TAL:14
GPS_SNR:35,36,32,35,36,27,26,34,31,33,34,24,31,33,00,SNR_AVG:31.93
GLO_PRN:00,00,00,00,00,00,00,00,00,00,00,00,00,00,00,SAT_TAL:00
GLO_SNR:00,00,00,00,00,00,00,00,00,00,00,00,00,00,00,SNR_AVG:0.00
GAL_PRN:00,00,00,00,00,00,00,00,00,00,00,00,00,00,00,SAT_TAL:00
GAL_SNR:00,00,00,00,00,00,00,00,00,00,00,00,00,00,00,SNR_AVG:0.00
BEI_PRN:00,00,00,00,00,00,00,00,00,00,00,00,00,00,00,SAT_TAL:00
BEI_SNR:00,00,00,00,00,00,00,00,00,00,00,00,00,00,00,SNR_AVG:0.00
QZS_PRN:00,00,00,00,00,SAT_TAL:00
QZS_SNR:00,00,00,00,00,SNR_AVG:0.00
SatInView:14 GDOP:192
Roll:23.540541 Pitch:68.480072
X_AVG:-9.649450 Y_AVG:3.883617 Z_AVG:1.646621
X_SD:10.801050 Y_SD:9.916164 Z_SD:9.230876
$MXCM10033,2,20,20240102,062649,12,0E8FAFFC,47EFEE52,011F,001D,4001,0C,8202*62
GPS_PRN:19616,31,08,26,28,09,18,03,21,19419919504,00,SAT_TAL:14
GPS_SNR:35,36,30,35,35,23,31,35,33,33,33,26,33,35,00,SNR_AVG:32.36
GLO_PRN:00,00,00,00,00,00,00,00,00,00,00,00,00,00,00,SAT_TAL:00
GLO_SNR:00,00,00,00,00,00,00,00,00,00,00,00,00,00,00,SNR_AVG:0.00
GAL_PRN:00,00,00,00,00,00,00,00,00,00,00,00,00,00,00,SAT_TAL:00
GAL_SNR:00,00,00,00,00,00,00,00,00,00,00,00,00,00,00,SNR_AVG:0.00
BEI_PRN:00,00,00,00,00,00,00,00,00,00,00,00,00,00,00,SAT_TAL:00
BEI_SNR:00,00,00,00,00,00,00,00,00,00,00,00,00,00,00,SNR_AVG:0.00
QZS_PRN:00,00,00,00,00,SAT_TAL:00
QZS_SNR:00,00,00,00,00,SNR_AVG:0.00
SatInView:14 GDOP:192
Roll:44.140179 Pitch:64.844551
X_AVG:-9.651988 Y_AVG:3.798238 Z_AVG:0.262362
X_SD:11.521488 Y_SD:10.849988 Z_SD:10.706524
$MXCM10033,2,21,20240102,062905,12,0E8A95D2,47F0556B,0162,001B,4334,0C,8202*6D
GPS_PRN:19616,31,08,26,09,28,18,21,03,19419919504,00,SAT_TAL:14
GPS_SNR:35,37,31,35,36,31,26,33,34,31,34,26,33,35,00,SNR_AVG:32.64
GLO_PRN:00,00,00,00,00,00,00,00,00,00,00,00,00,00,00,SAT_TAL:00
GLO_SNR:00,00,00,00,00,00,00,00,00,00,00,00,00,00,00,SNR_AVG:0.00
GAL_PRN:00,00,00,00,00,00,00,00,00,00,00,00,00,00,00,SAT_TAL:00
GAL_SNR:00,00,00,00,00,00,00,00,00,00,00,00,00,00,00,SNR_AVG:0.00
BEI_PRN:00,00,00,00,00,00,00,00,00,00,00,00,00,00,00,SAT_TAL:00
BEI_SNR:00,00,00,00,00,00,00,00,00,00,00,00,00,00,00,SNR_AVG:0.00
QZS_PRN:00,00,00,00,00,SAT_TAL:00
QZS_SNR:00,00,00,00,00,SNR_AVG:0.00
SatInView:14 GDOP:193
Roll:9.987069 Pitch:60.705559
X_AVG:-8.142269 Y_AVG:3.333610 Z_AVG:0.268347
X_SD:11.079164 Y_SD:9.747033 Z_SD:10.301232
$MXCM10033,2,22,20240102,062920,12,0E8A0DFB,47F079E5,0176,001B,4423,0C,8202*6D
GPS_PRN:19616,31,08,26,09,28,18,21,03,19419919504,00,SAT_TAL:14
GPS_SNR:35,37,31,35,35,31,27,35,34,33,33,26,30,34,00,SNR_AVG:32.57
GLO_PRN:00,00,00,00,00,00,00,00,00,00,00,00,00,00,00,SAT_TAL:00
GLO_SNR:00,00,00,00,00,00,00,00,00,00,00,00,00,00,00,SNR_AVG:0.00
GAL_PRN:00,00,00,00,00,00,00,00,00,00,00,00,00,00,00,SAT_TAL:00
GAL_SNR:00,00,00,00,00,00,00,00,00,00,00,00,00,00,00,SNR_AVG:0.00
BEI_PRN:00,00,00,00,00,00,00,00,00,00,00,00,00,00,00,SAT_TAL:00
BEI_SNR:00,00,00,00,00,00,00,00,00,00,00,00,00,00,00,SNR_AVG:0.00
QZS_PRN:00,00,00,00,00,SAT_TAL:00
QZS_SNR:00,00,00,00,00,SNR_AVG:0.00
SatInView:14 GDOP:129
Roll:14.682750 Pitch:67.799934
X_AVG:-9.464661 Y_AVG:4.673001 Z_AVG:-2.749413
X_SD:9.655795 Y_SD:10.701346 Z_SD:8.366898
$MXCM10033,2,23,20240102,063136,12,0E853520,47F1B030,01A0,001C,3E6D,0C,8202*18
GPS_PRN:19616,31,08,26,09,28,18,21,03,19419919504,00,SAT_TAL:14
GPS_SNR:35,36,30,35,35,30,22,35,34,32,33,25,32,35,00,SNR_AVG:32.07
GLO_PRN:00,00,00,00,00,00,00,00,00,00,00,00,00,00,00,SAT_TAL:00
GLO_SNR:00,00,00,00,00,00,00,00,00,00,00,00,00,00,00,SNR_AVG:0.00
GAL_PRN:00,00,00,00,00,00,00,00,00,00,00,00,00,00,00,SAT_TAL:00
GAL_SNR:00,00,00,00,00,00,00,00,00,00,00,00,00,00,00,SNR_AVG:0.00
BEI_PRN:00,00,00,00,00,00,00,00,00,00,00,00,00,00,00,SAT_TAL:00
BEI_SNR:00,00,00,00,00,00,00,00,00,00,00,00,00,00,00,SNR_AVG:0.00
QZS_PRN:00,00,00,00,00,SAT_TAL:00
QZS_SNR:00,00,00,00,00,SNR_AVG:0.00
SatInView:14 GDOP:193
Roll:-13.842412 Pitch:61.877018
X_AVG:-7.643212 Y_AVG:2.405311 Z_AVG:-0.013312
X_SD:9.648967 Y_SD:8.986649 Z_SD:6.307589
$MXCM10033,2,24,20240102,063151,12,0E84A52E,47F1E635,0196,001B,41B3,0C,8202*13
GPS_PRN:19616,31,08,26,09,28,18,21,03,19419919504,00,SAT_TAL:14
GPS_SNR:35,37,31,35,35,31,23,35,36,32,33,25,30,35,00,SNR_AVG:32.36
GLO_PRN:00,00,00,00,00,00,00,00,00,00,00,00,00,00,00,SAT_TAL:00
GLO_SNR:00,00,00,00,00,00,00,00,00,00,00,00,00,00,00,SNR_AVG:0.00
GAL_PRN:00,00,00,00,00,00,00,00,00,00,00,00,00,00,00,SAT_TAL:00
GAL_SNR:00,00,00,00,00,00,00,00,00,00,00,00,00,00,00,SNR_AVG:0.00
BEI_PRN:00,00,00,00,00,00,00,00,00,00,00,00,00,00,00,SAT_TAL:00
BEI_SNR:00,00,00,00,00,00,00,00,00,00,00,00,00,00,00,SNR_AVG:0.00
QZS_PRN:00,00,00,00,00,SAT_TAL:00
QZS_SNR:00,00,00,00,00,SNR_AVG:0.00
SatInView:14 GDOP:193
Roll:-15.371782 Pitch:69.650269
X_AVG:-7.954895 Y_AVG:2.673803 Z_AVG:0.412912
X_SD:9.201309 Y_SD:9.175036 Z_SD:6.610723
$MXCM10033,2,25,20240102,063407,12,0E7FD430,47F3D512,0186,001A,3F12,0D,8202*1B
GPS_PRN:19616,08,31,26,09,28,18,21,03,19419919504,00,SAT_TAL:14
GPS_SNR:36,37,35,30,35,31,26,35,34,32,33,26,33,35,00,SNR_AVG:32.71
GLO_PRN:00,00,00,00,00,00,00,00,00,00,00,00,00,00,00,SAT_TAL:00
GLO_SNR:00,00,00,00,00,00,00,00,00,00,00,00,00,00,00,SNR_AVG:0.00
GAL_PRN:00,00,00,00,00,00,00,00,00,00,00,00,00,00,00,SAT_TAL:00
GAL_SNR:00,00,00,00,00,00,00,00,00,00,00,00,00,00,00,SNR_AVG:0.00
BEI_PRN:00,00,00,00,00,00,00,00,00,00,00,00,00,00,00,SAT_TAL:00
BEI_SNR:00,00,00,00,00,00,00,00,00,00,00,00,00,00,00,SNR_AVG:0.00
QZS_PRN:00,00,00,00,00,SAT_TAL:00
QZS_SNR:00,00,00,00,00,SNR_AVG:0.00
SatInView:14 GDOP:158
Roll:19.238808 Pitch:90.000000
X_AVG:-8.551207 Y_AVG:2.993291 Z_AVG:-0.244213
X_SD:9.209547 Y_SD:9.362630 Z_SD:4.891662
$MXCM10033,2,26,20240102,063422,12,0E7F4A55,47F3E9E7,0182,001A,47C5,0D,8202*62
GPS_PRN:19616,08,31,26,09,28,18,21,03,19419919504,00,SAT_TAL:14
GPS_SNR:33,37,34,33,36,34,33,35,33,33,34,24,26,35,00,SNR_AVG:32.86
GLO_PRN:00,00,00,00,00,00,00,00,00,00,00,00,00,00,00,SAT_TAL:00
GLO_SNR:00,00,00,00,00,00,00,00,00,00,00,00,00,00,00,SNR_AVG:0.00
GAL_PRN:00,00,00,00,00,00,00,00,00,00,00,00,00,00,00,SAT_TAL:00
GAL_SNR:00,00,00,00,00,00,00,00,00,00,00,00,00,00,00,SNR_AVG:0.00
BEI_PRN:00,00,00,00,00,00,00,00,00,00,00,00,00,00,00,SAT_TAL:00
BEI_SNR:00,00,00,00,00,00,00,00,00,00,00,00,00,00,00,SNR_AVG:0.00
QZS_PRN:00,00,00,00,00,SAT_TAL:00
QZS_SNR:00,00,00,00,00,SNR_AVG:0.00
SatInView:14 GDOP:158
Roll:34.551540 Pitch:68.430710
X_AVG:-8.233394 Y_AVG:3.029780 Z_AVG:0.169130
X_SD:9.721258 Y_SD:9.223920 Z_SD:6.279174
$MXCM10033,2,27,20240102,063637,12,0E7A5D46,47F42EBB,0170,001B,4993,0D,8202*66
GPS_PRN:19616,08,31,26,09,28,18,21,03,19419919504,00,SAT_TAL:14
GPS_SNR:34,36,35,34,37,31,30,35,34,32,34,23,29,35,00,SNR_AVG:32.79
GLO_PRN:00,00,00,00,00,00,00,00,00,00,00,00,00,00,00,SAT_TAL:00
GLO_SNR:00,00,00,00,00,00,00,00,00,00,00,00,00,00,00,SNR_AVG:0.00
GAL_PRN:00,00,00,00,00,00,00,00,00,00,00,00,00,00,00,SAT_TAL:00
GAL_SNR:00,00,00,00,00,00,00,00,00,00,00,00,00,00,00,SNR_AVG:0.00
BEI_PRN:00,00,00,00,00,00,00,00,00,00,00,00,00,00,00,SAT_TAL:00
BEI_SNR:00,00,00,00,00,00,00,00,00,00,00,00,00,00,00,SNR_AVG:0.00
QZS_PRN:00,00,00,00,00,SAT_TAL:00
QZS_SNR:00,00,00,00,00,SNR_AVG:0.00
SatInView:14 GDOP:159
Roll:4.965455 Pitch:53.444889
X_AVG:-7.322526 Y_AVG:2.235224 Z_AVG:0.316376
X_SD:9.038589 Y_SD:7.918155 Z_SD:12.861902
$MXCM10033,2,28,20240102,063653,12,0E79CB6C,47F40356,016D,0019,4D38,0D,8202*11
GPS_PRN:19616,08,31,26,09,28,18,21,03,19419919504,00,SAT_TAL:14
GPS_SNR:33,36,36,35,36,31,33,35,30,35,35,23,29,35,00,SNR_AVG:33.00
GLO_PRN:00,00,00,00,00,00,00,00,00,00,00,00,00,00,00,SAT_TAL:00
GLO_SNR:00,00,00,00,00,00,00,00,00,00,00,00,00,00,00,SNR_AVG:0.00
GAL_PRN:00,00,00,00,00,00,00,00,00,00,00,00,00,00,00,SAT_TAL:00
GAL_SNR:00,00,00,00,00,00,00,00,00,00,00,00,00,00,00,SNR_AVG:0.00
BEI_PRN:00,00,00,00,00,00,00,00,00,00,00,00,00,00,00,SAT_TAL:00
BEI_SNR:00,00,00,00,00,00,00,00,00,00,00,00,00,00,00,SNR_AVG:0.00
QZS_PRN:00,00,00,00,00,SAT_TAL:00
QZS_SNR:00,00,00,00,00,SNR_AVG:0.00
SatInView:14 GDOP:159
Roll:-3.655796 Pitch:63.733490
X_AVG:-7.300930 Y_AVG:1.949542 Z_AVG:0.255706
X_SD:9.434747 Y_SD:9.510964 Z_SD:7.096404
$MXCM10033,2,29,20240102,063909,12,0E74FD55,47F3436C,017A,001C,4718,0D,8202*11
GPS_PRN:19616,08,31,26,09,28,18,21,03,19419919504,00,SAT_TAL:14
GPS_SNR:35,36,35,36,36,33,31,35,30,35,35,25,29,35,00,SNR_AVG:33.29
GLO_PRN:00,00,00,00,00,00,00,00,00,00,00,00,00,00,00,SAT_TAL:00
GLO_SNR:00,00,00,00,00,00,00,00,00,00,00,00,00,00,00,SNR_AVG:0.00
GAL_PRN:00,00,00,00,00,00,00,00,00,00,00,00,00,00,00,SAT_TAL:00
GAL_SNR:00,00,00,00,00,00,00,00,00,00,00,00,00,00,00,SNR_AVG:0.00
BEI_PRN:00,00,00,00,00,00,00,00,00,00,00,00,00,00,00,SAT_TAL:00
BEI_SNR:00,00,00,00,00,00,00,00,00,00,00,00,00,00,00,SNR_AVG:0.00
QZS_PRN:00,00,00,00,00,SAT_TAL:00
QZS_SNR:00,00,00,00,00,SNR_AVG:0.00
SatInView:14 GDOP:160
Roll:-24.945520 Pitch:58.615540
X_AVG:-6.395520 Y_AVG:1.311666 Z_AVG:-0.163910
X_SD:9.130389 Y_SD:8.385862 Z_SD:7.343391
$MXCM10033,2,30,20240102,063924,12,0E747238,47F31CE3,0160,001B,4C0F,0D,8202*16
GPS_PRN:19616,08,31,26,09,28,18,21,03,19419919504,00,SAT_TAL:14
GPS_SNR:35,34,35,35,35,25,32,35,31,32,35,23,30,35,00,SNR_AVG:32.29
GLO_PRN:00,00,00,00,00,00,00,00,00,00,00,00,00,00,00,SAT_TAL:00
GLO_SNR:00,00,00,00,00,00,00,00,00,00,00,00,00,00,00,SNR_AVG:0.00
GAL_PRN:00,00,00,00,00,00,00,00,00,00,00,00,00,00,00,SAT_TAL:00
GAL_SNR:00,00,00,00,00,00,00,00,00,00,00,00,00,00,00,SNR_AVG:0.00
BEI_PRN:00,00,00,00,00,00,00,00,00,00,00,00,00,00,00,SAT_TAL:00
BEI_SNR:00,00,00,00,00,00,00,00,00,00,00,00,00,00,00,SNR_AVG:0.00
QZS_PRN:00,00,00,00,00,SAT_TAL:00
QZS_SNR:00,00,00,00,00,SNR_AVG:0.00
SatInView:14 GDOP:120
Roll:-18.420492 Pitch:60.727375
X_AVG:-7.621089 Y_AVG:2.167323 Z_AVG:0.518068
X_SD:8.576736 Y_SD:7.422193 Z_SD:8.840992
$MXCM10033,2,31,20240102,064140,12,0E6FFB8C,47F14475,0111,0016,5C92,0D,8202*12
GPS_PRN:19616,08,31,26,09,28,18,21,02,03,19419919504,SAT_TAL:15
GPS_SNR:28,36,32,37,34,34,36,32,30,35,29,35,23,34,33,SNR_AVG:32.53
GLO_PRN:00,00,00,00,00,00,00,00,00,00,00,00,00,00,00,SAT_TAL:00
GLO_SNR:00,00,00,00,00,00,00,00,00,00,00,00,00,00,00,SNR_AVG:0.00
GAL_PRN:00,00,00,00,00,00,00,00,00,00,00,00,00,00,00,SAT_TAL:00
GAL_SNR:00,00,00,00,00,00,00,00,00,00,00,00,00,00,00,SNR_AVG:0.00
BEI_PRN:00,00,00,00,00,00,00,00,00,00,00,00,00,00,00,SAT_TAL:00
BEI_SNR:00,00,00,00,00,00,00,00,00,00,00,00,00,00,00,SNR_AVG:0.00
QZS_PRN:00,00,00,00,00,SAT_TAL:00
QZS_SNR:00,00,00,00,00,SNR_AVG:0.00
SatInView:15 GDOP:161
Roll:69.535057 Pitch:90.000000
X_AVG:-9.578293 Y_AVG:3.370146 Z_AVG:0.055355
X_SD:7.932305 Y_SD:7.915758 Z_SD:4.628920
$MXCM10033,2,32,20240102,064155,12,0E6FBAFD,47F0DBBF,010B,0016,546A,0D,8202*13
GPS_PRN:19608,16,31,26,09,28,18,21,02,03,19419919504,SAT_TAL:15
GPS_SNR:28,35,35,37,34,35,35,34,30,30,32,35,25,33,32,SNR_AVG:32.67
GLO_PRN:00,00,00,00,00,00,00,00,00,00,00,00,00,00,00,SAT_TAL:00
GLO_SNR:00,00,00,00,00,00,00,00,00,00,00,00,00,00,00,SNR_AVG:0.00
GAL_PRN:00,00,00,00,00,00,00,00,00,00,00,00,00,00,00,SAT_TAL:00
GAL_SNR:00,00,00,00,00,00,00,00,00,00,00,00,00,00,00,SNR_AVG:0.00
BEI_PRN:00,00,00,00,00,00,00,00,00,00,00,00,00,00,00,SAT_TAL:00
BEI_SNR:00,00,00,00,00,00,00,00,00,00,00,00,00,00,00,SNR_AVG:0.00
QZS_PRN:00,00,00,00,00,SAT_TAL:00
QZS_SNR:00,00,00,00,00,SNR_AVG:0.00
SatInView:15 GDOP:161
Roll:27.576050 Pitch:63.872028
X_AVG:-7.370028 Y_AVG:3.104720 Z_AVG:0.929448
X_SD:9.393962 Y_SD:8.209295 Z_SD:6.602332
$MXCM10033,2,33,20240102,064411,12,0E6E06B9,47EE3B77,00D8,0011,7A42,0D,8202*63
GPS_PRN:19608,16,31,26,09,28,18,21,02,03,19419919504,SAT_TAL:15
GPS_SNR:35,35,34,36,35,33,31,29,34,34,27,34,31,36,29,SNR_AVG:32.87
GLO_PRN:00,00,00,00,00,00,00,00,00,00,00,00,00,00,00,SAT_TAL:00
GLO_SNR:00,00,00,00,00,00,00,00,00,00,00,00,00,00,00,SNR_AVG:0.00
GAL_PRN:00,00,00,00,00,00,00,00,00,00,00,00,00,00,00,SAT_TAL:00
GAL_SNR:00,00,00,00,00,00,00,00,00,00,00,00,00,00,00,SNR_AVG:0.00
BEI_PRN:00,00,00,00,00,00,00,00,00,00,00,00,00,00,00,SAT_TAL:00
BEI_SNR:00,00,00,00,00,00,00,00,00,00,00,00,00,00,00,SNR_AVG:0.00
QZS_PRN:00,00,00,00,00,SAT_TAL:00
QZS_SNR:00,00,00,00,00,SNR_AVG:0.00
SatInView:15 GDOP:121
Roll:6.653266 Pitch:90.000000
X_AVG:-8.844503 Y_AVG:3.229699 Z_AVG:-0.168555
X_SD:8.859841 Y_SD:8.068704 Z_SD:6.734634
$MXCM10033,2,34,20240102,064426,12,0E6E451C,47EE4A6D,00D1,0013,27AF,0D,8202*61
GPS_PRN:19608,16,31,26,09,28,18,21,02,03,19419919504,SAT_TAL:15
GPS_SNR:33,37,32,36,27,36,36,32,31,28,27,29,28,33,36,SNR_AVG:32.07
GLO_PRN:00,00,00,00,00,00,00,00,00,00,00,00,00,00,00,SAT_TAL:00
GLO_SNR:00,00,00,00,00,00,00,00,00,00,00,00,00,00,00,SNR_AVG:0.00
GAL_PRN:00,00,00,00,00,00,00,00,00,00,00,00,00,00,00,SAT_TAL:00
GAL_SNR:00,00,00,00,00,00,00,00,00,00,00,00,00,00,00,SNR_AVG:0.00
BEI_PRN:00,00,00,00,00,00,00,00,00,00,00,00,00,00,00,SAT_TAL:00
BEI_SNR:00,00,00,00,00,00,00,00,00,00,00,00,00,00,00,SNR_AVG:0.00
QZS_PRN:00,00,00,00,00,SAT_TAL:00
QZS_SNR:00,00,00,00,00,SNR_AVG:0.00
SatInView:15 GDOP:162
Roll:156.498520 Pitch:90.000000
X_AVG:-9.376840 Y_AVG:4.233417 Z_AVG:-0.569784
X_SD:7.024628 Y_SD:7.431157 Z_SD:3.781906
$MXCM10033,2,35,20240102,064642,12,0E7134E6,47EF3350,00D7,000E,0A3A,0D,8202*63
GPS_PRN:19608,16,31,26,09,28,21,18,02,19419919504,00,SAT_TAL:14
GPS_SNR:33,37,35,36,37,32,32,31,38,32,31,29,35,34,00,SNR_AVG:33.71
GLO_PRN:00,00,00,00,00,00,00,00,00,00,00,00,00,00,00,SAT_TAL:00
GLO_SNR:00,00,00,00,00,00,00,00,00,00,00,00,00,00,00,SNR_AVG:0.00
GAL_PRN:00,00,00,00,00,00,00,00,00,00,00,00,00,00,00,SAT_TAL:00
GAL_SNR:00,00,00,00,00,00,00,00,00,00,00,00,00,00,00,SNR_AVG:0.00
BEI_PRN:00,00,00,00,00,00,00,00,00,00,00,00,00,00,00,SAT_TAL:00
BEI_SNR:00,00,00,00,00,00,00,00,00,00,00,00,00,00,00,SNR_AVG:0.00
QZS_PRN:00,00,00,00,00,SAT_TAL:00
QZS_SNR:00,00,00,00,00,SNR_AVG:0.00
SatInView:14 GDOP:162
Roll:50.387386 Pitch:71.719772
X_AVG:-6.865081 Y_AVG:3.334759 Z_AVG:-2.645886
X_SD:9.578806 Y_SD:10.069333 Z_SD:8.527467
$MXCM10033,2,36,20240102,064657,12,0E715F43,47EF8DF6,00DC,0015,278C,0D,8202*15
GPS_PRN:19608,16,31,26,09,28,21,18,02,19419919504,00,SAT_TAL:14
GPS_SNR:32,37,34,27,35,35,35,31,36,33,30,25,34,36,00,SNR_AVG:32.86
GLO_PRN:00,00,00,00,00,00,00,00,00,00,00,00,00,00,00,SAT_TAL:00
GLO_SNR:00,00,00,00,00,00,00,00,00,00,00,00,00,00,00,SNR_AVG:0.00
GAL_PRN:00,00,00,00,00,00,00,00,00,00,00,00,00,00,00,SAT_TAL:00
GAL_SNR:00,00,00,00,00,00,00,00,00,00,00,00,00,00,00,SNR_AVG:0.00
BEI_PRN:00,00,00,00,00,00,00,00,00,00,00,00,00,00,00,SAT_TAL:00
BEI_SNR:00,00,00,00,00,00,00,00,00,00,00,00,00,00,00,SNR_AVG:0.00
QZS_PRN:00,00,00,00,00,SAT_TAL:00
QZS_SNR:00,00,00,00,00,SNR_AVG:0.00
SatInView:14 GDOP:122
Roll:40.779934 Pitch:90.000000
X_AVG:-9.077176 Y_AVG:3.781813 Z_AVG:-1.750005
X_SD:7.955464 Y_SD:7.995404 Z_SD:7.867125
$MXCM10033,2,37,20240102,064913,12,0E7102E5,47EF9C65,00DC,0000,68E4,0D,8201*6E
GPS_PRN:19608,16,31,26,09,28,21,18,02,19419919504,00,SAT_TAL:14
GPS_SNR:34,30,34,32,26,16,39,29,20,26,34,22,38,18,00,SNR_AVG:28.43
GLO_PRN:00,00,00,00,00,00,00,00,00,00,00,00,00,00,00,SAT_TAL:00
GLO_SNR:00,00,00,00,00,00,00,00,00,00,00,00,00,00,00,SNR_AVG:0.00
GAL_PRN:00,00,00,00,00,00,00,00,00,00,00,00,00,00,00,SAT_TAL:00
GAL_SNR:00,00,00,00,00,00,00,00,00,00,00,00,00,00,00,SNR_AVG:0.00
BEI_PRN:00,00,00,00,00,00,00,00,00,00,00,00,00,00,00,SAT_TAL:00
BEI_SNR:00,00,00,00,00,00,00,00,00,00,00,00,00,00,00,SNR_AVG:0.00
QZS_PRN:00,00,00,00,00,SAT_TAL:00
QZS_SNR:00,00,00,00,00,SNR_AVG:0.00
SatInView:14 GDOP:122
Roll:97.626671 Pitch:26.180109
X_AVG:-4.246250 Y_AVG:8.614224 Z_AVG:-1.607499
X_SD:0.153748 Y_SD:0.174106 Z_SD:0.357205
$MXCM10033,2,38,20240102,064928,12,0E71023C,47EF9C83,00DC,0000,68E4,0D,8202*62
GPS_PRN:19608,16,31,26,09,28,21,18,02,19419919504,00,SAT_TAL:14
GPS_SNR:39,35,35,37,36,21,38,32,29,32,31,28,39,19,00,SNR_AVG:32.21
GLO_PRN:00,00,00,00,00,00,00,00,00,00,00,00,00,00,00,SAT_TAL:00
GLO_SNR:00,00,00,00,00,00,00,00,00,00,00,00,00,00,00,SNR_AVG:0.00
GAL_PRN:00,00,00,00,00,00,00,00,00,00,00,00,00,00,00,SAT_TAL:00
GAL_SNR:00,00,00,00,00,00,00,00,00,00,00,00,00,00,00,SNR_AVG:0.00
BEI_PRN:00,00,00,00,00,00,00,00,00,00,00,00,00,00,00,SAT_TAL:00
BEI_SNR:00,00,00,00,00,00,00,00,00,00,00,00,00,00,00,SNR_AVG:0.00
QZS_PRN:00,00,00,00,00,SAT_TAL:00
QZS_SNR:00,00,00,00,00,SNR_AVG:0.00
SatInView:14 GDOP:122
Roll:89.478622 Pitch:53.521992
X_AVG:-2.161194 Y_AVG:1.762312 Z_AVG:-5.810126
X_SD:14.934976 Y_SD:16.882824 Z_SD:15.493413
$MXCM10033,2,39,20240102,065143,12,0E710249,47EF9D42,00DC,0000,0000,06,8202*1D
GPS_PRN:19516,31,26,21,18,02,19419904,00,00,00,00,00,SAT_TAL:06
GPS_SNR:22,00,24,19,24,15,26,00,00,00,00,00,00,00,00,SNR_AVG:21.67
GLO_PRN:00,00,00,00,00,00,00,00,00,00,00,00,00,00,00,SAT_TAL:00
GLO_SNR:00,00,00,00,00,00,00,00,00,00,00,00,00,00,00,SNR_AVG:0.00
GAL_PRN:00,00,00,00,00,00,00,00,00,00,00,00,00,00,00,SAT_TAL:00
GAL_SNR:00,00,00,00,00,00,00,00,00,00,00,00,00,00,00,SNR_AVG:0.00
BEI_PRN:00,00,00,00,00,00,00,00,00,00,00,00,00,00,00,SAT_TAL:00
BEI_SNR:00,00,00,00,00,00,00,00,00,00,00,00,00,00,00,SNR_AVG:0.00
QZS_PRN:00,00,00,00,00,SAT_TAL:00
QZS_SNR:00,00,00,00,00,SNR_AVG:0.00
SatInView:10 GDOP:311
Roll:154.916168 Pitch:14.660278
X_AVG:-5.208978 Y_AVG:8.123259 Z_AVG:-19.613695
X_SD:0.147808 Y_SD:0.107605 Z_SD:0.000000
$MXCM10033,2,40,20240102,065159,12,0E7100B9,47EFA13A,00DC,0000,2909,0C,8202*62
GPS_PRN:19608,16,31,26,09,28,21,18,02,19419919504,00,SAT_TAL:13
GPS_SNR:23,23,20,32,31,00,35,30,23,26,24,16,32,17,00,SNR_AVG:25.54
GLO_PRN:00,00,00,00,00,00,00,00,00,00,00,00,00,00,00,SAT_TAL:00
GLO_SNR:00,00,00,00,00,00,00,00,00,00,00,00,00,00,00,SNR_AVG:0.00
GAL_PRN:00,00,00,00,00,00,00,00,00,00,00,00,00,00,00,SAT_TAL:00
GAL_SNR:00,00,00,00,00,00,00,00,00,00,00,00,00,00,00,SNR_AVG:0.00
BEI_PRN:00,00,00,00,00,00,00,00,00,00,00,00,00,00,00,SAT_TAL:00
BEI_SNR:00,00,00,00,00,00,00,00,00,00,00,00,00,00,00,SNR_AVG:0.00
QZS_PRN:00,00,00,00,00,SAT_TAL:00
QZS_SNR:00,00,00,00,00,SNR_AVG:0.00
SatInView:14 GDOP:139
Roll:28.409088 Pitch:10.966115
X_AVG:-4.004862 Y_AVG:8.649132 Z_AVG:14.967893
X_SD:0.198085 Y_SD:0.128143 Z_SD:0.350434
$MXCM10033,2,41,20240102,065413,12,0E71026B,47EF9E76,00DC,0000,32E4,09,8202*12
GPS_PRN:19604,16,31,26,09,28,21,18,02,07,19419919508,SAT_TAL:10
GPS_SNR:22,00,25,35,24,19,24,19,23,31,18,00,00,00,00,SNR_AVG:24.00
GLO_PRN:00,00,00,00,00,00,00,00,00,00,00,00,00,00,00,SAT_TAL:00
GLO_SNR:00,00,00,00,00,00,00,00,00,00,00,00,00,00,00,SNR_AVG:0.00
GAL_PRN:00,00,00,00,00,00,00,00,00,00,00,00,00,00,00,SAT_TAL:00
GAL_SNR:00,00,00,00,00,00,00,00,00,00,00,00,00,00,00,SNR_AVG:0.00
BEI_PRN:00,00,00,00,00,00,00,00,00,00,00,00,00,00,00,SAT_TAL:00
BEI_SNR:00,00,00,00,00,00,00,00,00,00,00,00,00,00,00,SNR_AVG:0.00
QZS_PRN:00,00,00,00,00,SAT_TAL:00
QZS_SNR:00,00,00,00,00,SNR_AVG:0.00
SatInView:15 GDOP:133
Roll:25.907557 Pitch:9.684793
X_AVG:-3.509587 Y_AVG:8.900624 Z_AVG:16.180532
X_SD:0.100055 Y_SD:0.078680 Z_SD:0.175023
$MXCM10033,2,42,20240102,065429,12,0E7101E3,47EFA075,00DC,0000,32E4,0C,8202*6D
GPS_PRN:19604,16,31,26,09,28,21,18,02,07,19419919508,SAT_TAL:13
GPS_SNR:23,14,21,35,23,20,25,10,21,29,17,00,00,17,23,SNR_AVG:21.38
GLO_PRN:00,00,00,00,00,00,00,00,00,00,00,00,00,00,00,SAT_TAL:00
GLO_SNR:00,00,00,00,00,00,00,00,00,00,00,00,00,00,00,SNR_AVG:0.00
GAL_PRN:00,00,00,00,00,00,00,00,00,00,00,00,00,00,00,SAT_TAL:00
GAL_SNR:00,00,00,00,00,00,00,00,00,00,00,00,00,00,00,SNR_AVG:0.00
BEI_PRN:00,00,00,00,00,00,00,00,00,00,00,00,00,00,00,SAT_TAL:00
BEI_SNR:00,00,00,00,00,00,00,00,00,00,00,00,00,00,00,SNR_AVG:0.00
QZS_PRN:00,00,00,00,00,SAT_TAL:00
QZS_SNR:00,00,00,00,00,SNR_AVG:0.00
SatInView:15 GDOP:121
Roll:28.342688 Pitch:10.101189
X_AVG:-3.645485 Y_AVG:8.840385 Z_AVG:15.677165
X_SD:0.100608 Y_SD:0.072278 Z_SD:0.165809
$MXCM10033,2,43,20240102,065644,12,0E7106D2,47EFA9B0,00DB,0000,2A72,0D,8202*1B
GPS_PRN:19604,16,31,26,09,28,21,18,02,07,19419919508,SAT_TAL:13
GPS_SNR:17,14,20,31,19,13,21,18,14,20,00,16,00,20,16,SNR_AVG:18.38
GLO_PRN:00,00,00,00,00,00,00,00,00,00,00,00,00,00,00,SAT_TAL:00
GLO_SNR:00,00,00,00,00,00,00,00,00,00,00,00,00,00,00,SNR_AVG:0.00
GAL_PRN:00,00,00,00,00,00,00,00,00,00,00,00,00,00,00,SAT_TAL:00
GAL_SNR:00,00,00,00,00,00,00,00,00,00,00,00,00,00,00,SNR_AVG:0.00
BEI_PRN:00,00,00,00,00,00,00,00,00,00,00,00,00,00,00,SAT_TAL:00
BEI_SNR:00,00,00,00,00,00,00,00,00,00,00,00,00,00,00,SNR_AVG:0.00
QZS_PRN:00,00,00,00,00,SAT_TAL:00
QZS_SNR:00,00,00,00,00,SNR_AVG:0.00
SatInView:15 GDOP:119
Roll:137.676834 Pitch:27.421410
X_AVG:-5.190830 Y_AVG:6.460500 Z_AVG:-7.605766
X_SD:6.084165 Y_SD:3.966547 Z_SD:6.011413
$MXCM10033,2,44,20240102,065700,12,0E710413,47EFA506,00DC,0000,30A9,0B,8202*19
GPS_PRN:19604,16,31,26,09,28,21,18,02,19419919508,00,SAT_TAL:12
GPS_SNR:21,00,12,36,32,17,31,30,18,21,13,00,30,14,00,SNR_AVG:22.92
GLO_PRN:00,00,00,00,00,00,00,00,00,00,00,00,00,00,00,SAT_TAL:00
GLO_SNR:00,00,00,00,00,00,00,00,00,00,00,00,00,00,00,SNR_AVG:0.00
GAL_PRN:00,00,00,00,00,00,00,00,00,00,00,00,00,00,00,SAT_TAL:00
GAL_SNR:00,00,00,00,00,00,00,00,00,00,00,00,00,00,00,SNR_AVG:0.00
BEI_PRN:00,00,00,00,00,00,00,00,00,00,00,00,00,00,00,SAT_TAL:00
BEI_SNR:00,00,00,00,00,00,00,00,00,00,00,00,00,00,00,SNR_AVG:0.00
QZS_PRN:00,00,00,00,00,SAT_TAL:00
QZS_SNR:00,00,00,00,00,SNR_AVG:0.00
SatInView:14 GDOP:124
Roll:146.859787 Pitch:17.778809
X_AVG:-5.752185 Y_AVG:8.992420 Z_AVG:-13.507257
X_SD:0.086296 Y_SD:0.065256 Z_SD:0.172492
$MXCM10033,2,45,20240102,065915,12,0E7100FE,47EF9BF5,00DB,0000,24C8,09,8202*11
GPS_PRN:19604,16,31,26,09,28,21,18,02,07,19419919508,SAT_TAL:10
GPS_SNR:00,00,22,38,37,00,32,31,21,23,14,00,16,30,00,SNR_AVG:26.40
GLO_PRN:00,00,00,00,00,00,00,00,00,00,00,00,00,00,00,SAT_TAL:00
GLO_SNR:00,00,00,00,00,00,00,00,00,00,00,00,00,00,00,SNR_AVG:0.00
GAL_PRN:00,00,00,00,00,00,00,00,00,00,00,00,00,00,00,SAT_TAL:00
GAL_SNR:00,00,00,00,00,00,00,00,00,00,00,00,00,00,00,SNR_AVG:0.00
BEI_PRN:00,00,00,00,00,00,00,00,00,00,00,00,00,00,00,SAT_TAL:00
BEI_SNR:00,00,00,00,00,00,00,00,00,00,00,00,00,00,00,SNR_AVG:0.00
QZS_PRN:00,00,00,00,00,SAT_TAL:00
QZS_SNR:00,00,00,00,00,SNR_AVG:0.00
SatInView:15 GDOP:176
Roll:151.065018 Pitch:13.519692
X_AVG:-4.433002 Y_AVG:8.259923 Z_AVG:-15.273782
X_SD:0.082126 Y_SD:0.063606 Z_SD:0.140503
$MXCM10033,2,46,20240102,065930,12,0E710320,47EF9AF3,00DB,0000,24C8,0D,8202*6F
GPS_PRN:19604,16,31,26,09,28,21,02,18,19419919508,00,SAT_TAL:13
GPS_SNR:21,00,18,32,37,17,34,32,29,20,17,17,30,17,00,SNR_AVG:24.69
GLO_PRN:00,00,00,00,00,00,00,00,00,00,00,00,00,00,00,SAT_TAL:00
GLO_SNR:00,00,00,00,00,00,00,00,00,00,00,00,00,00,00,SNR_AVG:0.00
GAL_PRN:00,00,00,00,00,00,00,00,00,00,00,00,00,00,00,SAT_TAL:00
GAL_SNR:00,00,00,00,00,00,00,00,00,00,00,00,00,00,00,SNR_AVG:0.00
BEI_PRN:00,00,00,00,00,00,00,00,00,00,00,00,00,00,00,SAT_TAL:00
BEI_SNR:00,00,00,00,00,00,00,00,00,00,00,00,00,00,00,SNR_AVG:0.00
QZS_PRN:00,00,00,00,00,SAT_TAL:00
QZS_SNR:00,00,00,00,00,SNR_AVG:0.00
SatInView:14 GDOP:121
Roll:158.224518 Pitch:19.804348
X_AVG:-6.975072 Y_AVG:6.519399 Z_AVG:-18.638134
X_SD:1.390179 Y_SD:0.963471 Z_SD:1.257729
$MXCM10033,2,47,20240102,070146,12,0E71000F,47EF9E44,00DB,0000,300B,08,8202*15
GPS_PRN:19604,16,31,26,09,21,28,02,18,07,19419919508,SAT_TAL:08
GPS_SNR:16,00,21,20,18,00,23,24,22,00,00,00,00,21,00,SNR_AVG:20.62
GLO_PRN:00,00,00,00,00,00,00,00,00,00,00,00,00,00,00,SAT_TAL:00
GLO_SNR:00,00,00,00,00,00,00,00,00,00,00,00,00,00,00,SNR_AVG:0.00
GAL_PRN:00,00,00,00,00,00,00,00,00,00,00,00,00,00,00,SAT_TAL:00
GAL_SNR:00,00,00,00,00,00,00,00,00,00,00,00,00,00,00,SNR_AVG:0.00
BEI_PRN:00,00,00,00,00,00,00,00,00,00,00,00,00,00,00,SAT_TAL:00
BEI_SNR:00,00,00,00,00,00,00,00,00,00,00,00,00,00,00,SNR_AVG:0.00
QZS_PRN:00,00,00,00,00,SAT_TAL:00
QZS_SNR:00,00,00,00,00,SNR_AVG:0.00
SatInView:15 GDOP:191
Roll:150.624588 Pitch:10.361790
X_AVG:-3.553881 Y_AVG:8.606610 Z_AVG:-15.426439
X_SD:0.084445 Y_SD:0.064508 Z_SD:0.167694
$MXCM10033,2,48,20240102,070201,12,0E71021B,47EFA0E3,00DB,0000,17AF,0A,8202*6F
GPS_PRN:19604,16,31,26,09,21,28,02,18,07,19419919508,SAT_TAL:10
GPS_SNR:17,16,22,19,22,00,24,27,19,00,00,17,00,18,00,SNR_AVG:20.10
GLO_PRN:00,00,00,00,00,00,00,00,00,00,00,00,00,00,00,SAT_TAL:00
GLO_SNR:00,00,00,00,00,00,00,00,00,00,00,00,00,00,00,SNR_AVG:0.00
GAL_PRN:00,00,00,00,00,00,00,00,00,00,00,00,00,00,00,SAT_TAL:00
GAL_SNR:00,00,00,00,00,00,00,00,00,00,00,00,00,00,00,SNR_AVG:0.00
BEI_PRN:00,00,00,00,00,00,00,00,00,00,00,00,00,00,00,SAT_TAL:00
BEI_SNR:00,00,00,00,00,00,00,00,00,00,00,00,00,00,00,SNR_AVG:0.00
QZS_PRN:00,00,00,00,00,SAT_TAL:00
QZS_SNR:00,00,00,00,00,SNR_AVG:0.00
SatInView:15 GDOP:154
Roll:153.680054 Pitch:10.330049
X_AVG:-3.559244 Y_AVG:8.033810 Z_AVG:-18.180449
X_SD:1.175264 Y_SD:1.121654 Z_SD:1.601317
$MXCM10033,2,49,20240102,070417,12,0E710787,47EF98C9,00DB,0001,1BCC,05,8201*6E
GPS_PRN:19604,16,31,09,26,21,28,02,18,07,19419919508,SAT_TAL:05
GPS_SNR:14,00,00,33,00,24,18,24,00,00,00,00,00,00,00,SNR_AVG:22.60
GLO_PRN:00,00,00,00,00,00,00,00,00,00,00,00,00,00,00,SAT_TAL:00
GLO_SNR:00,00,00,00,00,00,00,00,00,00,00,00,00,00,00,SNR_AVG:0.00
GAL_PRN:00,00,00,00,00,00,00,00,00,00,00,00,00,00,00,SAT_TAL:00
GAL_SNR:00,00,00,00,00,00,00,00,00,00,00,00,00,00,00,SNR_AVG:0.00
BEI_PRN:00,00,00,00,00,00,00,00,00,00,00,00,00,00,00,SAT_TAL:00
BEI_SNR:00,00,00,00,00,00,00,00,00,00,00,00,00,00,00,SNR_AVG:0.00
QZS_PRN:00,00,00,00,00,SAT_TAL:00
QZS_SNR:00,00,00,00,00,SNR_AVG:0.00
SatInView:15 GDOP:280
Roll:117.026886 Pitch:29.187996
X_AVG:-5.100758 Y_AVG:8.071112 Z_AVG:-4.514310
X_SD:0.079379 Y_SD:0.070005 Z_SD:0.162308
$MXCM10033,2,50,20240102,070432,12,0E710480,47EF9E12,00DB,0000,28BB,09,8201*15
GPS_PRN:19604,16,31,09,26,21,28,02,18,07,19419919508,SAT_TAL:09
GPS_SNR:00,00,14,32,00,24,20,22,17,16,00,00,15,15,00,SNR_AVG:19.44
GLO_PRN:00,00,00,00,00,00,00,00,00,00,00,00,00,00,00,SAT_TAL:00
GLO_SNR:00,00,00,00,00,00,00,00,00,00,00,00,00,00,00,SNR_AVG:0.00
GAL_PRN:00,00,00,00,00,00,00,00,00,00,00,00,00,00,00,SAT_TAL:00
GAL_SNR:00,00,00,00,00,00,00,00,00,00,00,00,00,00,00,SNR_AVG:0.00
BEI_PRN:00,00,00,00,00,00,00,00,00,00,00,00,00,00,00,SAT_TAL:00
BEI_SNR:00,00,00,00,00,00,00,00,00,00,00,00,00,00,00,SNR_AVG:0.00
QZS_PRN:00,00,00,00,00,SAT_TAL:00
QZS_SNR:00,00,00,00,00,SNR_AVG:0.00
SatInView:15 GDOP:180
Roll:111.778305 Pitch:25.733789
X_AVG:-4.857646 Y_AVG:8.248909 Z_AVG:-3.802548
X_SD:0.096837 Y_SD:0.092158 Z_SD:0.158034
$MXCM10033,2,51,20240102,070647,12,0E710484,47EFA2E4,00DB,0000,3AB6,07,8203*6D
GPS_PRN:19604,16,31,09,26,21,28,02,18,07,19419919508,SAT_TAL:07
GPS_SNR:17,00,20,32,00,00,18,22,16,00,00,00,00,23,00,SNR_AVG:21.14
GLO_PRN:00,00,00,00,00,00,00,00,00,00,00,00,00,00,00,SAT_TAL:00
GLO_SNR:00,00,00,00,00,00,00,00,00,00,00,00,00,00,00,SNR_AVG:0.00
GAL_PRN:00,00,00,00,00,00,00,00,00,00,00,00,00,00,00,SAT_TAL:00
GAL_SNR:00,00,00,00,00,00,00,00,00,00,00,00,00,00,00,SNR_AVG:0.00
BEI_PRN:00,00,00,00,00,00,00,00,00,00,00,00,00,00,00,SAT_TAL:00
BEI_SNR:00,00,00,00,00,00,00,00,00,00,00,00,00,00,00,SNR_AVG:0.00
QZS_PRN:00,00,00,00,00,SAT_TAL:00
QZS_SNR:00,00,00,00,00,SNR_AVG:0.00
SatInView:15 GDOP:202
Roll:-61.180016 Pitch:10.007093
X_AVG:-4.071039 Y_AVG:-18.256395 Z_AVG:10.364899
X_SD:0.113105 Y_SD:0.095270 Z_SD:0.238511
$MXCM10033,2,52,20240102,070702,12,0E7102BD,47EFA24B,00DB,0000,3AB6,0C,8202*10
GPS_PRN:19604,16,31,09,26,21,28,02,18,19419919508,00,SAT_TAL:12
GPS_SNR:20,17,17,24,00,36,19,17,19,23,20,00,26,12,00,SNR_AVG:20.83
GLO_PRN:00,00,00,00,00,00,00,00,00,00,00,00,00,00,00,SAT_TAL:00
GLO_SNR:00,00,00,00,00,00,00,00,00,00,00,00,00,00,00,SNR_AVG:0.00
GAL_PRN:00,00,00,00,00,00,00,00,00,00,00,00,00,00,00,SAT_TAL:00
GAL_SNR:00,00,00,00,00,00,00,00,00,00,00,00,00,00,00,SNR_AVG:0.00
BEI_PRN:00,00,00,00,00,00,00,00,00,00,00,00,00,00,00,SAT_TAL:00
BEI_SNR:00,00,00,00,00,00,00,00,00,00,00,00,00,00,00,SNR_AVG:0.00
QZS_PRN:00,00,00,00,00,SAT_TAL:00
QZS_SNR:00,00,00,00,00,SNR_AVG:0.00
SatInView:14 GDOP:137
Roll:44.825428 Pitch:33.683777
X_AVG:-18.604327 Y_AVG:19.613695 Z_AVG:19.604118
X_SD:0.073984 Y_SD:0.000000 Z_SD:0.000000
$MXCM10033,2,53,20240102,070918,12,0E70FF56,47EF9FD6,00DB,0000,858F,0C,8202*6F
GPS_PRN:19604,16,31,09,26,21,28,02,18,19419919508,00,SAT_TAL:12
GPS_SNR:37,26,23,36,00,30,37,47,25,17,28,00,31,18,00,SNR_AVG:29.58
GLO_PRN:00,00,00,00,00,00,00,00,00,00,00,00,00,00,00,SAT_TAL:00
GLO_SNR:00,00,00,00,00,00,00,00,00,00,00,00,00,00,00,SNR_AVG:0.00
GAL_PRN:00,00,00,00,00,00,00,00,00,00,00,00,00,00,00,SAT_TAL:00
GAL_SNR:00,00,00,00,00,00,00,00,00,00,00,00,00,00,00,SNR_AVG:0.00
BEI_PRN:00,00,00,00,00,00,00,00,00,00,00,00,00,00,00,SAT_TAL:00
BEI_SNR:00,00,00,00,00,00,00,00,00,00,00,00,00,00,00,SNR_AVG:0.00
QZS_PRN:00,00,00,00,00,SAT_TAL:00
QZS_SNR:00,00,00,00,00,SNR_AVG:0.00
SatInView:14 GDOP:138
Roll:13.434305 Pitch:12.643783
X_AVG:-4.078126 Y_AVG:4.349490 Z_AVG:16.832199
X_SD:0.137567 Y_SD:0.148821 Z_SD:0.134875
$MXCM10033,2,54,20240102,070933,12,0E70FE2F,47EFA10C,00DB,0000,858F,0C,8202*1B
GPS_PRN:19604,16,31,09,26,21,28,02,18,19419919508,00,SAT_TAL:12
GPS_SNR:36,24,22,37,00,28,36,47,29,23,28,00,34,22,00,SNR_AVG:30.50
GLO_PRN:00,00,00,00,00,00,00,00,00,00,00,00,00,00,00,SAT_TAL:00
GLO_SNR:00,00,00,00,00,00,00,00,00,00,00,00,00,00,00,SNR_AVG:0.00
GAL_PRN:00,00,00,00,00,00,00,00,00,00,00,00,00,00,00,SAT_TAL:00
GAL_SNR:00,00,00,00,00,00,00,00,00,00,00,00,00,00,00,SNR_AVG:0.00
BEI_PRN:00,00,00,00,00,00,00,00,00,00,00,00,00,00,00,SAT_TAL:00
BEI_SNR:00,00,00,00,00,00,00,00,00,00,00,00,00,00,00,SNR_AVG:0.00
QZS_PRN:00,00,00,00,00,SAT_TAL:00
QZS_SNR:00,00,00,00,00,SNR_AVG:0.00
SatInView:14 GDOP:138
Roll:13.900687 Pitch:12.835523
X_AVG:-4.060552 Y_AVG:4.348437 Z_AVG:16.858775
X_SD:0.075888 Y_SD:0.061983 Z_SD:0.128651
$MXCM10033,2,55,20240102,071149,12,0E70FE1C,47EF9FF9,00DA,0000,6E7C,0C,8202*6C
GPS_PRN:19604,16,31,09,26,21,02,28,07,18,19419919508,SAT_TAL:12
GPS_SNR:30,17,25,45,00,30,39,41,45,00,22,26,00,40,32,SNR_AVG:32.67
GLO_PRN:00,00,00,00,00,00,00,00,00,00,00,00,00,00,00,SAT_TAL:00
GLO_SNR:00,00,00,00,00,00,00,00,00,00,00,00,00,00,00,SNR_AVG:0.00
GAL_PRN:00,00,00,00,00,00,00,00,00,00,00,00,00,00,00,SAT_TAL:00
GAL_SNR:00,00,00,00,00,00,00,00,00,00,00,00,00,00,00,SNR_AVG:0.00
BEI_PRN:00,00,00,00,00,00,00,00,00,00,00,00,00,00,00,SAT_TAL:00
BEI_SNR:00,00,00,00,00,00,00,00,00,00,00,00,00,00,00,SNR_AVG:0.00
QZS_PRN:00,00,00,00,00,SAT_TAL:00
QZS_SNR:00,00,00,00,00,SNR_AVG:0.00
SatInView:15 GDOP:138
Roll:13.851483 Pitch:12.980708
X_AVG:-4.075636 Y_AVG:4.347048 Z_AVG:16.917099
X_SD:0.076721 Y_SD:0.063220 Z_SD:0.134268
$MXCM10033,2,56,20240102,071204,12,0E70FDAA,47EFA12B,00DA,0000,6E7C,0D,8202*11
GPS_PRN:19604,16,31,09,26,21,02,28,18,19419919508,00,SAT_TAL:13
GPS_SNR:28,17,29,42,17,32,37,40,45,19,25,00,41,28,00,SNR_AVG:30.77
GLO_PRN:00,00,00,00,00,00,00,00,00,00,00,00,00,00,00,SAT_TAL:00
GLO_SNR:00,00,00,00,00,00,00,00,00,00,00,00,00,00,00,SNR_AVG:0.00
GAL_PRN:00,00,00,00,00,00,00,00,00,00,00,00,00,00,00,SAT_TAL:00
GAL_SNR:00,00,00,00,00,00,00,00,00,00,00,00,00,00,00,SNR_AVG:0.00
BEI_PRN:00,00,00,00,00,00,00,00,00,00,00,00,00,00,00,SAT_TAL:00
BEI_SNR:00,00,00,00,00,00,00,00,00,00,00,00,00,00,00,SNR_AVG:0.00
QZS_PRN:00,00,00,00,00,SAT_TAL:00
QZS_SNR:00,00,00,00,00,SNR_AVG:0.00
SatInView:14 GDOP:121
Roll:13.923791 Pitch:12.610277
X_AVG:-4.076163 Y_AVG:4.357583 Z_AVG:16.926102
X_SD:0.074088 Y_SD:0.062826 Z_SD:0.139513
$MXCM10033,2,57,20240102,071419,12,0E70FB90,47EFA4AE,00DA,0000,3AA4,0B,8202*62
GPS_PRN:19604,16,09,31,26,21,02,28,07,18,19419919508,SAT_TAL:11
GPS_SNR:21,00,25,00,45,24,40,34,45,00,23,20,00,39,26,SNR_AVG:31.09
GLO_PRN:00,00,00,00,00,00,00,00,00,00,00,00,00,00,00,SAT_TAL:00
GLO_SNR:00,00,00,00,00,00,00,00,00,00,00,00,00,00,00,SNR_AVG:0.00
GAL_PRN:00,00,00,00,00,00,00,00,00,00,00,00,00,00,00,SAT_TAL:00
GAL_SNR:00,00,00,00,00,00,00,00,00,00,00,00,00,00,00,SNR_AVG:0.00
BEI_PRN:00,00,00,00,00,00,00,00,00,00,00,00,00,00,00,SAT_TAL:00
BEI_SNR:00,00,00,00,00,00,00,00,00,00,00,00,00,00,00,SNR_AVG:0.00
QZS_PRN:00,00,00,00,00,SAT_TAL:00
QZS_SNR:00,00,00,00,00,SNR_AVG:0.00
SatInView:15 GDOP:153
Roll:14.062215 Pitch:12.780699
X_AVG:-4.064814 Y_AVG:4.351022 Z_AVG:16.961393
X_SD:0.122078 Y_SD:0.087888 Z_SD:0.140721
$MXCM10033,2,58,20240102,071435,12,0E70F8D3,47EFA50C,00DA,0000,3AA4,0D,8202*17
GPS_PRN:19604,16,09,31,26,21,02,28,07,18,19419919508,SAT_TAL:14
GPS_SNR:21,18,29,00,46,28,42,30,45,18,22,16,23,41,22,SNR_AVG:28.64
GLO_PRN:00,00,00,00,00,00,00,00,00,00,00,00,00,00,00,SAT_TAL:00
GLO_SNR:00,00,00,00,00,00,00,00,00,00,00,00,00,00,00,SNR_AVG:0.00
GAL_PRN:00,00,00,00,00,00,00,00,00,00,00,00,00,00,00,SAT_TAL:00
GAL_SNR:00,00,00,00,00,00,00,00,00,00,00,00,00,00,00,SNR_AVG:0.00
BEI_PRN:00,00,00,00,00,00,00,00,00,00,00,00,00,00,00,SAT_TAL:00
BEI_SNR:00,00,00,00,00,00,00,00,00,00,00,00,00,00,00,SNR_AVG:0.00
QZS_PRN:00,00,00,00,00,SAT_TAL:00
QZS_SNR:00,00,00,00,00,SNR_AVG:0.00
SatInView:15 GDOP:115
Roll:13.929466 Pitch:12.626493
X_AVG:-4.067591 Y_AVG:4.346521 Z_AVG:16.932087
X_SD:0.084809 Y_SD:0.061283 Z_SD:0.137993
$MXCM10033,2,59,20240102,071651,12,0E70FF33,47EFA20D,00D9,0000,7890,0B,8202*60
GPS_PRN:19604,16,09,31,26,21,02,07,28,18,19419919508,SAT_TAL:12
GPS_SNR:27,00,29,00,47,31,39,35,00,46,24,20,23,42,26,SNR_AVG:32.42
GLO_PRN:00,00,00,00,00,00,00,00,00,00,00,00,00,00,00,SAT_TAL:00
GLO_SNR:00,00,00,00,00,00,00,00,00,00,00,00,00,00,00,SNR_AVG:0.00
GAL_PRN:00,00,00,00,00,00,00,00,00,00,00,00,00,00,00,SAT_TAL:00
GAL_SNR:00,00,00,00,00,00,00,00,00,00,00,00,00,00,00,SNR_AVG:0.00
BEI_PRN:00,00,00,00,00,00,00,00,00,00,00,00,00,00,00,SAT_TAL:00
BEI_SNR:00,00,00,00,00,00,00,00,00,00,00,00,00,00,00,SNR_AVG:0.00
QZS_PRN:00,00,00,00,00,SAT_TAL:00
QZS_SNR:00,00,00,00,00,SNR_AVG:0.00
SatInView:15 GDOP:166
Roll:14.067016 Pitch:12.335894
X_AVG:-4.036083 Y_AVG:4.436114 Z_AVG:16.886549
X_SD:0.596235 Y_SD:0.421136 Z_SD:0.254975
$MXCM10033,2,60,20240102,071706,12,0E70FE19,47EFA2AE,00D9,0000,7890,0C,8202*13
GPS_PRN:19604,16,09,31,26,21,02,07,28,18,19419919508,SAT_TAL:14
GPS_SNR:26,00,25,20,47,31,35,36,22,46,28,19,23,41,25,SNR_AVG:30.29
GLO_PRN:00,00,00,00,00,00,00,00,00,00,00,00,00,00,00,SAT_TAL:00
GLO_SNR:00,00,00,00,00,00,00,00,00,00,00,00,00,00,00,SNR_AVG:0.00
GAL_PRN:00,00,00,00,00,00,00,00,00,00,00,00,00,00,00,SAT_TAL:00
GAL_SNR:00,00,00,00,00,00,00,00,00,00,00,00,00,00,00,SNR_AVG:0.00
BEI_PRN:00,00,00,00,00,00,00,00,00,00,00,00,00,00,00,SAT_TAL:00
BEI_SNR:00,00,00,00,00,00,00,00,00,00,00,00,00,00,00,SNR_AVG:0.00
QZS_PRN:00,00,00,00,00,SAT_TAL:00
QZS_SNR:00,00,00,00,00,SNR_AVG:0.00
SatInView:15 GDOP:120
Roll:13.878191 Pitch:12.367392
X_AVG:-4.056913 Y_AVG:4.442195 Z_AVG:16.901728
X_SD:0.196872 Y_SD:0.196677 Z_SD:0.205431
$MXCM10033,2,61,20240102,071922,12,0E70FCFD,47EFA4CC,00D9,0000,1AC4,0D,8202*12
GPS_PRN:19604,16,09,31,26,21,02,07,28,18,19419919508,SAT_TAL:14
GPS_SNR:22,17,23,00,40,28,24,28,21,42,28,20,25,36,21,SNR_AVG:26.79
GLO_PRN:00,00,00,00,00,00,00,00,00,00,00,00,00,00,00,SAT_TAL:00
GLO_SNR:00,00,00,00,00,00,00,00,00,00,00,00,00,00,00,SNR_AVG:0.00
GAL_PRN:00,00,00,00,00,00,00,00,00,00,00,00,00,00,00,SAT_TAL:00
GAL_SNR:00,00,00,00,00,00,00,00,00,00,00,00,00,00,00,SNR_AVG:0.00
BEI_PRN:00,00,00,00,00,00,00,00,00,00,00,00,00,00,00,SAT_TAL:00
BEI_SNR:00,00,00,00,00,00,00,00,00,00,00,00,00,00,00,SNR_AVG:0.00
QZS_PRN:00,00,00,00,00,SAT_TAL:00
QZS_SNR:00,00,00,00,00,SNR_AVG:0.00
SatInView:15 GDOP:118
Roll:13.949539 Pitch:11.013011
X_AVG:-4.022292 Y_AVG:4.469203 Z_AVG:16.925623
X_SD:0.218020 Y_SD:0.197591 Z_SD:0.185635
$MXCM10033,2,62,20240102,071937,12,0E70FCEF,47EFA6DE,00D9,0000,1AC4,0D,8202*17
GPS_PRN:19604,16,09,31,26,21,02,07,28,18,19419919508,SAT_TAL:14
GPS_SNR:30,00,28,17,43,29,36,26,21,42,28,23,27,36,28,SNR_AVG:29.57
GLO_PRN:00,00,00,00,00,00,00,00,00,00,00,00,00,00,00,SAT_TAL:00
GLO_SNR:00,00,00,00,00,00,00,00,00,00,00,00,00,00,00,SNR_AVG:0.00
GAL_PRN:00,00,00,00,00,00,00,00,00,00,00,00,00,00,00,SAT_TAL:00
GAL_SNR:00,00,00,00,00,00,00,00,00,00,00,00,00,00,00,SNR_AVG:0.00
BEI_PRN:00,00,00,00,00,00,00,00,00,00,00,00,00,00,00,SAT_TAL:00
BEI_SNR:00,00,00,00,00,00,00,00,00,00,00,00,00,00,00,SNR_AVG:0.00
QZS_PRN:00,00,00,00,00,SAT_TAL:00
QZS_SNR:00,00,00,00,00,SNR_AVG:0.00
SatInView:15 GDOP:116
Roll:13.503484 Pitch:11.286195
X_AVG:-4.026649 Y_AVG:4.438700 Z_AVG:16.919110
X_SD:0.192861 Y_SD:0.122139 Z_SD:0.160197
$MXCM10033,2,63,20240102,072152,12,0E70F5F6,47EF977A,00D8,0000,463F,0E,8202*65
GPS_PRN:19604,16,09,31,26,21,02,07,28,18,19419919508,SAT_TAL:14
GPS_SNR:22,20,20,18,24,20,25,22,19,26,00,18,18,24,20,SNR_AVG:21.14
GLO_PRN:00,00,00,00,00,00,00,00,00,00,00,00,00,00,00,SAT_TAL:00
GLO_SNR:00,00,00,00,00,00,00,00,00,00,00,00,00,00,00,SNR_AVG:0.00
GAL_PRN:00,00,00,00,00,00,00,00,00,00,00,00,00,00,00,SAT_TAL:00
GAL_SNR:00,00,00,00,00,00,00,00,00,00,00,00,00,00,00,SNR_AVG:0.00
BEI_PRN:00,00,00,00,00,00,00,00,00,00,00,00,00,00,00,SAT_TAL:00
BEI_SNR:00,00,00,00,00,00,00,00,00,00,00,00,00,00,00,SNR_AVG:0.00
QZS_PRN:00,00,00,00,00,SAT_TAL:00
QZS_SNR:00,00,00,00,00,SNR_AVG:0.00
SatInView:15 GDOP:114
Roll:16.640839 Pitch:8.819045
X_AVG:-4.064718 Y_AVG:5.109617 Z_AVG:15.971802
X_SD:1.600253 Y_SD:1.488646 Z_SD:1.816451
$MXCM10033,2,64,20240102,072207,12,0E70FA3B,47EF950C,00D8,0000,660D,0D,8202*11
GPS_PRN:19604,16,09,31,26,21,02,07,28,18,19419919508,SAT_TAL:13
GPS_SNR:16,14,00,17,31,15,29,25,16,27,00,20,17,18,24,SNR_AVG:20.69
GLO_PRN:00,00,00,00,00,00,00,00,00,00,00,00,00,00,00,SAT_TAL:00
GLO_SNR:00,00,00,00,00,00,00,00,00,00,00,00,00,00,00,SNR_AVG:0.00
GAL_PRN:00,00,00,00,00,00,00,00,00,00,00,00,00,00,00,SAT_TAL:00
GAL_SNR:00,00,00,00,00,00,00,00,00,00,00,00,00,00,00,SNR_AVG:0.00
BEI_PRN:00,00,00,00,00,00,00,00,00,00,00,00,00,00,00,SAT_TAL:00
BEI_SNR:00,00,00,00,00,00,00,00,00,00,00,00,00,00,00,SNR_AVG:0.00
QZS_PRN:00,00,00,00,00,SAT_TAL:00
QZS_SNR:00,00,00,00,00,SNR_AVG:0.00
SatInView:15 GDOP:118
Roll:16.819920 Pitch:14.040658
X_AVG:-4.209762 Y_AVG:5.025674 Z_AVG:16.050046
X_SD:0.081317 Y_SD:0.062427 Z_SD:0.141599
$MXCM10033,2,65,20240102,072423,12,0E70F4A3,47EF8903,00D9,0000,4DE6,0D,8202*6D
GPS_PRN:19604,16,09,31,26,21,02,07,28,18,19419919508,SAT_TAL:13
GPS_SNR:27,31,26,17,17,17,30,27,00,19,00,23,23,34,27,SNR_AVG:24.46
GLO_PRN:00,00,00,00,00,00,00,00,00,00,00,00,00,00,00,SAT_TAL:00
GLO_SNR:00,00,00,00,00,00,00,00,00,00,00,00,00,00,00,SNR_AVG:0.00
GAL_PRN:00,00,00,00,00,00,00,00,00,00,00,00,00,00,00,SAT_TAL:00
GAL_SNR:00,00,00,00,00,00,00,00,00,00,00,00,00,00,00,SNR_AVG:0.00
BEI_PRN:00,00,00,00,00,00,00,00,00,00,00,00,00,00,00,SAT_TAL:00
BEI_SNR:00,00,00,00,00,00,00,00,00,00,00,00,00,00,00,SNR_AVG:0.00
QZS_PRN:00,00,00,00,00,SAT_TAL:00
QZS_SNR:00,00,00,00,00,SNR_AVG:0.00
SatInView:15 GDOP:131
Roll:13.661225 Pitch:13.289056
X_AVG:-4.120504 Y_AVG:4.469729 Z_AVG:16.803181
X_SD:0.076104 Y_SD:0.061101 Z_SD:0.133261
$MXCM10033,2,66,20240102,072438,12,0E70F663,47EF894F,00D9,0000,4DE6,0D,8202*60
GPS_PRN:19604,16,09,31,26,21,02,28,18,19419919508,00,SAT_TAL:13
GPS_SNR:26,30,20,17,23,17,31,29,19,00,23,23,34,27,00,SNR_AVG:24.54
GLO_PRN:00,00,00,00,00,00,00,00,00,00,00,00,00,00,00,SAT_TAL:00
GLO_SNR:00,00,00,00,00,00,00,00,00,00,00,00,00,00,00,SNR_AVG:0.00
GAL_PRN:00,00,00,00,00,00,00,00,00,00,00,00,00,00,00,SAT_TAL:00
GAL_SNR:00,00,00,00,00,00,00,00,00,00,00,00,00,00,00,SNR_AVG:0.00
BEI_PRN:00,00,00,00,00,00,00,00,00,00,00,00,00,00,00,SAT_TAL:00
BEI_SNR:00,00,00,00,00,00,00,00,00,00,00,00,00,00,00,SNR_AVG:0.00
QZS_PRN:00,00,00,00,00,SAT_TAL:00
QZS_SNR:00,00,00,00,00,SNR_AVG:0.00
SatInView:14 GDOP:131
Roll:13.739283 Pitch:12.996881
X_AVG:-4.105995 Y_AVG:4.468820 Z_AVG:16.786325
X_SD:0.075254 Y_SD:0.059950 Z_SD:0.139560
$MXCM10033,2,67,20240102,072653,00,0E70F6A3,47EF894C,00D9,0000,0000,00,8201*6B
GPS_PRN:26,02,07,28,00,00,00,00,00,00,00,00,00,00,00,SAT_TAL:00
GPS_SNR:00,00,00,00,00,00,00,00,00,00,00,00,00,00,00,SNR_AVG:0.00
GLO_PRN:00,00,00,00,00,00,00,00,00,00,00,00,00,00,00,SAT_TAL:00
GLO_SNR:00,00,00,00,00,00,00,00,00,00,00,00,00,00,00,SNR_AVG:0.00
GAL_PRN:00,00,00,00,00,00,00,00,00,00,00,00,00,00,00,SAT_TAL:00
GAL_SNR:00,00,00,00,00,00,00,00,00,00,00,00,00,00,00,SNR_AVG:0.00
BEI_PRN:00,00,00,00,00,00,00,00,00,00,00,00,00,00,00,SAT_TAL:00
BEI_SNR:00,00,00,00,00,00,00,00,00,00,00,00,00,00,00,SNR_AVG:0.00
QZS_PRN:00,00,00,00,00,SAT_TAL:00
QZS_SNR:00,00,00,00,00,SNR_AVG:0.00
SatInView:4 GDOP:17319
Roll:45.579762 Pitch:2.107543
X_AVG:-1.861817 Y_AVG:19.613695 Z_AVG:19.604118
X_SD:0.083221 Y_SD:0.000000 Z_SD:0.000000
$MXCM10033,2,68,20240102,072708,00,0E70F6A3,47EF894C,00D9,0000,0000,00,8201*6B
GPS_PRN:31,02,07,28,18,00,00,00,00,00,00,00,00,00,00,SAT_TAL:00
GPS_SNR:00,00,00,00,00,00,00,00,00,00,00,00,00,00,00,SNR_AVG:0.00
GLO_PRN:00,00,00,00,00,00,00,00,00,00,00,00,00,00,00,SAT_TAL:00
GLO_SNR:00,00,00,00,00,00,00,00,00,00,00,00,00,00,00,SNR_AVG:0.00
GAL_PRN:00,00,00,00,00,00,00,00,00,00,00,00,00,00,00,SAT_TAL:00
GAL_SNR:00,00,00,00,00,00,00,00,00,00,00,00,00,00,00,SNR_AVG:0.00
BEI_PRN:00,00,00,00,00,00,00,00,00,00,00,00,00,00,00,SAT_TAL:00
BEI_SNR:00,00,00,00,00,00,00,00,00,00,00,00,00,00,00,SNR_AVG:0.00
QZS_PRN:00,00,00,00,00,SAT_TAL:00
QZS_SNR:00,00,00,00,00,SNR_AVG:0.00
SatInView:5 GDOP:17319
Roll:45.634872 Pitch:2.377403
X_AVG:-1.862200 Y_AVG:19.613695 Z_AVG:19.604118
X_SD:0.077288 Y_SD:0.000000 Z_SD:0.000000
$MXCM10033,2,69,20240102,072923,00,0E70F6A3,47EF894C,00D9,0000,0000,00,8201*6D
GPS_PRN:19604,16,09,21,31,26,07,18,19419919508,00,00,SAT_TAL:01
GPS_SNR:00,00,00,00,00,21,00,00,00,00,00,00,00,00,00,SNR_AVG:21.00
GLO_PRN:00,00,00,00,00,00,00,00,00,00,00,00,00,00,00,SAT_TAL:00
GLO_SNR:00,00,00,00,00,00,00,00,00,00,00,00,00,00,00,SNR_AVG:0.00
GAL_PRN:00,00,00,00,00,00,00,00,00,00,00,00,00,00,00,SAT_TAL:00
GAL_SNR:00,00,00,00,00,00,00,00,00,00,00,00,00,00,00,SNR_AVG:0.00
BEI_PRN:00,00,00,00,00,00,00,00,00,00,00,00,00,00,00,SAT_TAL:00
BEI_SNR:00,00,00,00,00,00,00,00,00,00,00,00,00,00,00,SNR_AVG:0.00
QZS_PRN:00,00,00,00,00,SAT_TAL:00
QZS_SNR:00,00,00,00,00,SNR_AVG:0.00
SatInView:13 GDOP:17002
Roll:52.316765 Pitch:13.837737
X_AVG:-6.119224 Y_AVG:19.613695 Z_AVG:15.093830
X_SD:0.072594 Y_SD:0.000000 Z_SD:0.136585
$MXCM10033,2,70,20240102,072938,12,0E710584,47EF924F,00D9,0000,3734,08,8201*62
GPS_PRN:19604,16,09,21,31,26,02,07,28,18,19419919508,SAT_TAL:08
GPS_SNR:17,00,18,16,20,20,17,22,00,00,00,00,00,17,00,SNR_AVG:18.38
GLO_PRN:00,00,00,00,00,00,00,00,00,00,00,00,00,00,00,SAT_TAL:00
GLO_SNR:00,00,00,00,00,00,00,00,00,00,00,00,00,00,00,SNR_AVG:0.00
GAL_PRN:00,00,00,00,00,00,00,00,00,00,00,00,00,00,00,SAT_TAL:00
GAL_SNR:00,00,00,00,00,00,00,00,00,00,00,00,00,00,00,SNR_AVG:0.00
BEI_PRN:00,00,00,00,00,00,00,00,00,00,00,00,00,00,00,SAT_TAL:00
BEI_SNR:00,00,00,00,00,00,00,00,00,00,00,00,00,00,00,SNR_AVG:0.00
QZS_PRN:00,00,00,00,00,SAT_TAL:00
QZS_SNR:00,00,00,00,00,SNR_AVG:0.00
SatInView:15 GDOP:151
Roll:45.193993 Pitch:19.034454
X_AVG:-8.741502 Y_AVG:19.613695 Z_AVG:19.604118
X_SD:0.660008 Y_SD:0.000000 Z_SD:0.000000
$MXCM10033,2,71,20240102,073153,00,0E71044C,47EF90BE,00D9,0000,0000,00,8201*62
GPS_PRN:19604,16,09,21,31,26,02,07,28,18,19419919508,SAT_TAL:02
GPS_SNR:00,18,00,00,20,00,00,00,00,00,00,00,00,00,00,SNR_AVG:19.00
GLO_PRN:00,00,00,00,00,00,00,00,00,00,00,00,00,00,00,SAT_TAL:00
GLO_SNR:00,00,00,00,00,00,00,00,00,00,00,00,00,00,00,SNR_AVG:0.00
GAL_PRN:00,00,00,00,00,00,00,00,00,00,00,00,00,00,00,SAT_TAL:00
GAL_SNR:00,00,00,00,00,00,00,00,00,00,00,00,00,00,00,SNR_AVG:0.00
BEI_PRN:00,00,00,00,00,00,00,00,00,00,00,00,00,00,00,SAT_TAL:00
BEI_SNR:00,00,00,00,00,00,00,00,00,00,00,00,00,00,00,SNR_AVG:0.00
QZS_PRN:00,00,00,00,00,SAT_TAL:00
QZS_SNR:00,00,00,00,00,SNR_AVG:0.00
SatInView:15 GDOP:16964
Roll:78.919868 Pitch:14.443141
X_AVG:-5.409425 Y_AVG:19.613695 Z_AVG:4.025117
X_SD:0.068840 Y_SD:0.000000 Z_SD:0.150973
$MXCM10033,2,72,20240102,073208,12,0E7107C3,47EF8D79,00D9,0000,2EBF,0A,8201*15
GPS_PRN:19604,16,09,21,31,26,02,07,28,18,19419919508,SAT_TAL:10
GPS_SNR:00,16,17,16,18,16,20,20,18,00,00,16,00,17,00,SNR_AVG:17.40
GLO_PRN:00,00,00,00,00,00,00,00,00,00,00,00,00,00,00,SAT_TAL:00
GLO_SNR:00,00,00,00,00,00,00,00,00,00,00,00,00,00,00,SNR_AVG:0.00
GAL_PRN:00,00,00,00,00,00,00,00,00,00,00,00,00,00,00,SAT_TAL:00
GAL_SNR:00,00,00,00,00,00,00,00,00,00,00,00,00,00,00,SNR_AVG:0.00
BEI_PRN:00,00,00,00,00,00,00,00,00,00,00,00,00,00,00,SAT_TAL:00
BEI_SNR:00,00,00,00,00,00,00,00,00,00,00,00,00,00,00,SNR_AVG:0.00
QZS_PRN:00,00,00,00,00,SAT_TAL:00
QZS_SNR:00,00,00,00,00,SNR_AVG:0.00
SatInView:15 GDOP:129
Roll:80.182198 Pitch:14.499951
X_AVG:-5.403008 Y_AVG:19.613695 Z_AVG:3.978046
X_SD:0.076447 Y_SD:0.000000 Z_SD:0.123819
$MXCM10033,2,73,20240102,073423,12,0E7104D7,47EF8C8E,00D9,0001,7572,09,8201*62
GPS_PRN:19604,16,09,21,31,26,02,07,28,19419919508,00,SAT_TAL:09
GPS_SNR:20,17,00,16,18,17,24,24,00,00,19,00,17,00,00,SNR_AVG:19.11
GLO_PRN:00,00,00,00,00,00,00,00,00,00,00,00,00,00,00,SAT_TAL:00
GLO_SNR:00,00,00,00,00,00,00,00,00,00,00,00,00,00,00,SNR_AVG:0.00
GAL_PRN:00,00,00,00,00,00,00,00,00,00,00,00,00,00,00,SAT_TAL:00
GAL_SNR:00,00,00,00,00,00,00,00,00,00,00,00,00,00,00,SNR_AVG:0.00
BEI_PRN:00,00,00,00,00,00,00,00,00,00,00,00,00,00,00,SAT_TAL:00
BEI_SNR:00,00,00,00,00,00,00,00,00,00,00,00,00,00,00,SNR_AVG:0.00
QZS_PRN:00,00,00,00,00,SAT_TAL:00
QZS_SNR:00,00,00,00,00,SNR_AVG:0.00
SatInView:14 GDOP:149
Roll:81.013962 Pitch:14.534024
X_AVG:-5.374804 Y_AVG:19.613695 Z_AVG:3.883042
X_SD:0.079045 Y_SD:0.000000 Z_SD:0.131504
$MXCM10033,2,74,20240102,073439,12,0E7103D6,47EF8BD0,00D9,0000,6C5F,08,8201*61
GPS_PRN:19604,16,09,21,31,26,02,28,19419919508,00,00,SAT_TAL:08
GPS_SNR:21,16,24,00,17,00,22,25,00,20,00,18,00,00,00,SNR_AVG:20.38
GLO_PRN:00,00,00,00,00,00,00,00,00,00,00,00,00,00,00,SAT_TAL:00
GLO_SNR:00,00,00,00,00,00,00,00,00,00,00,00,00,00,00,SNR_AVG:0.00
GAL_PRN:00,00,00,00,00,00,00,00,00,00,00,00,00,00,00,SAT_TAL:00
GAL_SNR:00,00,00,00,00,00,00,00,00,00,00,00,00,00,00,SNR_AVG:0.00
BEI_PRN:00,00,00,00,00,00,00,00,00,00,00,00,00,00,00,SAT_TAL:00
BEI_SNR:00,00,00,00,00,00,00,00,00,00,00,00,00,00,00,SNR_AVG:0.00
QZS_PRN:00,00,00,00,00,SAT_TAL:00
QZS_SNR:00,00,00,00,00,SNR_AVG:0.00
SatInView:13 GDOP:187
Roll:80.998573 Pitch:14.531517
X_AVG:-5.357374 Y_AVG:19.613695 Z_AVG:3.867623
X_SD:0.074195 Y_SD:0.000000 Z_SD:0.131397
$MXCM10033,2,75,20240102,073654,12,0E70FF38,47EF8CAA,00D9,0000,26CE,07,8201*6C
GPS_PRN:19604,16,09,21,31,26,02,07,28,19419919508,00,SAT_TAL:07
GPS_SNR:21,17,25,00,00,16,00,24,00,00,19,00,16,00,00,SNR_AVG:19.71
GLO_PRN:00,00,00,00,00,00,00,00,00,00,00,00,00,00,00,SAT_TAL:00
GLO_SNR:00,00,00,00,00,00,00,00,00,00,00,00,00,00,00,SNR_AVG:0.00
GAL_PRN:00,00,00,00,00,00,00,00,00,00,00,00,00,00,00,SAT_TAL:00
GAL_SNR:00,00,00,00,00,00,00,00,00,00,00,00,00,00,00,SNR_AVG:0.00
BEI_PRN:00,00,00,00,00,00,00,00,00,00,00,00,00,00,00,SAT_TAL:00
BEI_SNR:00,00,00,00,00,00,00,00,00,00,00,00,00,00,00,SNR_AVG:0.00
QZS_PRN:00,00,00,00,00,SAT_TAL:00
QZS_SNR:00,00,00,00,00,SNR_AVG:0.00
SatInView:14 GDOP:183
Roll:79.461693 Pitch:14.465365
X_AVG:-5.368914 Y_AVG:19.613695 Z_AVG:3.886777
X_SD:0.081708 Y_SD:0.000000 Z_SD:0.137909
$MXCM10033,2,76,20240102,073710,12,0E70FF22,47EF8CC3,00D9,0000,24F1,09,8201*68
GPS_PRN:19604,16,09,21,31,26,02,28,19419919508,00,00,SAT_TAL:09
GPS_SNR:21,20,24,00,16,19,19,23,00,19,00,17,00,00,00,SNR_AVG:19.78
GLO_PRN:00,00,00,00,00,00,00,00,00,00,00,00,00,00,00,SAT_TAL:00
GLO_SNR:00,00,00,00,00,00,00,00,00,00,00,00,00,00,00,SNR_AVG:0.00
GAL_PRN:00,00,00,00,00,00,00,00,00,00,00,00,00,00,00,SAT_TAL:00
GAL_SNR:00,00,00,00,00,00,00,00,00,00,00,00,00,00,00,SNR_AVG:0.00
BEI_PRN:00,00,00,00,00,00,00,00,00,00,00,00,00,00,00,SAT_TAL:00
BEI_SNR:00,00,00,00,00,00,00,00,00,00,00,00,00,00,00,SNR_AVG:0.00
QZS_PRN:00,00,00,00,00,SAT_TAL:00
QZS_SNR:00,00,00,00,00,SNR_AVG:0.00
SatInView:13 GDOP:174
Roll:80.267876 Pitch:14.502328
X_AVG:-5.370255 Y_AVG:19.613695 Z_AVG:3.847081
X_SD:0.080498 Y_SD:0.000000 Z_SD:0.134801
$MXCM10033,2,77,20240102,073925,12,0E710859,47EF95BE,00D9,0000,0000,09,8201*15
GPS_PRN:19604,16,09,21,31,26,02,07,19419919508,00,00,SAT_TAL:09
GPS_SNR:17,15,19,16,17,20,16,24,26,00,00,00,00,00,00,SNR_AVG:18.89
GLO_PRN:00,00,00,00,00,00,00,00,00,00,00,00,00,00,00,SAT_TAL:00
GLO_SNR:00,00,00,00,00,00,00,00,00,00,00,00,00,00,00,SNR_AVG:0.00
GAL_PRN:00,00,00,00,00,00,00,00,00,00,00,00,00,00,00,SAT_TAL:00
GAL_SNR:00,00,00,00,00,00,00,00,00,00,00,00,00,00,00,SNR_AVG:0.00
BEI_PRN:00,00,00,00,00,00,00,00,00,00,00,00,00,00,00,SAT_TAL:00
BEI_SNR:00,00,00,00,00,00,00,00,00,00,00,00,00,00,00,SNR_AVG:0.00
QZS_PRN:00,00,00,00,00,SAT_TAL:00
QZS_SNR:00,00,00,00,00,SNR_AVG:0.00
SatInView:13 GDOP:136
Roll:79.319641 Pitch:14.458704
X_AVG:-5.371595 Y_AVG:19.613695 Z_AVG:3.901765
X_SD:0.078474 Y_SD:0.000000 Z_SD:0.155296
$MXCM10033,2,78,20240102,073941,12,0E710A97,47EF98F6,00D9,0000,81F7,07,8201*6F
GPS_PRN:19604,16,09,21,31,26,02,07,19419919508,00,00,SAT_TAL:08
GPS_SNR:17,00,20,11,19,22,00,27,26,00,14,00,00,00,00,SNR_AVG:19.50
GLO_PRN:00,00,00,00,00,00,00,00,00,00,00,00,00,00,00,SAT_TAL:00
GLO_SNR:00,00,00,00,00,00,00,00,00,00,00,00,00,00,00,SNR_AVG:0.00
GAL_PRN:00,00,00,00,00,00,00,00,00,00,00,00,00,00,00,SAT_TAL:00
GAL_SNR:00,00,00,00,00,00,00,00,00,00,00,00,00,00,00,SNR_AVG:0.00
BEI_PRN:00,00,00,00,00,00,00,00,00,00,00,00,00,00,00,SAT_TAL:00
BEI_SNR:00,00,00,00,00,00,00,00,00,00,00,00,00,00,00,SNR_AVG:0.00
QZS_PRN:00,00,00,00,00,SAT_TAL:00
QZS_SNR:00,00,00,00,00,SNR_AVG:0.00
SatInView:13 GDOP:159
Roll:80.334518 Pitch:14.504888
X_AVG:-5.360965 Y_AVG:19.613695 Z_AVG:3.872125
X_SD:0.077930 Y_SD:0.000000 Z_SD:0.128783
$MXCM10033,2,79,20240102,074156,00,0E710A93,47EF98EA,00D9,0000,0000,00,8201*6B
GPS_PRN:08,07,00,00,00,00,00,00,00,00,00,00,00,00,00,SAT_TAL:00
GPS_SNR:00,00,00,00,00,00,00,00,00,00,00,00,00,00,00,SNR_AVG:0.00
GLO_PRN:00,00,00,00,00,00,00,00,00,00,00,00,00,00,00,SAT_TAL:00
GLO_SNR:00,00,00,00,00,00,00,00,00,00,00,00,00,00,00,SNR_AVG:0.00
GAL_PRN:00,00,00,00,00,00,00,00,00,00,00,00,00,00,00,SAT_TAL:00
GAL_SNR:00,00,00,00,00,00,00,00,00,00,00,00,00,00,00,SNR_AVG:0.00
BEI_PRN:00,00,00,00,00,00,00,00,00,00,00,00,00,00,00,SAT_TAL:00
BEI_SNR:00,00,00,00,00,00,00,00,00,00,00,00,00,00,00,SNR_AVG:0.00
QZS_PRN:00,00,00,00,00,SAT_TAL:00
QZS_SNR:00,00,00,00,00,SNR_AVG:0.00
SatInView:2 GDOP:17319
Roll:79.780418 Pitch:14.477994
X_AVG:-5.361109 Y_AVG:19.613695 Z_AVG:3.892236
X_SD:0.075346 Y_SD:0.000000 Z_SD:0.128311
$MXCM10033,2,80,20240102,074211,00,0E710A93,47EF98EA,00D9,0000,0000,00,8201*6D
GPS_PRN:08,19400,00,00,00,00,00,00,00,00,00,00,00,00,SAT_TAL:00
GPS_SNR:00,00,00,00,00,00,00,00,00,00,00,00,00,00,00,SNR_AVG:0.00
GLO_PRN:00,00,00,00,00,00,00,00,00,00,00,00,00,00,00,SAT_TAL:00
GLO_SNR:00,00,00,00,00,00,00,00,00,00,00,00,00,00,00,SNR_AVG:0.00
GAL_PRN:00,00,00,00,00,00,00,00,00,00,00,00,00,00,00,SAT_TAL:00
GAL_SNR:00,00,00,00,00,00,00,00,00,00,00,00,00,00,00,SNR_AVG:0.00
BEI_PRN:00,00,00,00,00,00,00,00,00,00,00,00,00,00,00,SAT_TAL:00
BEI_SNR:00,00,00,00,00,00,00,00,00,00,00,00,00,00,00,SNR_AVG:0.00
QZS_PRN:00,00,00,00,00,SAT_TAL:00
QZS_SNR:00,00,00,00,00,SNR_AVG:0.00
SatInView:2 GDOP:17319
Roll:81.184303 Pitch:14.537961
X_AVG:-5.358571 Y_AVG:19.613695 Z_AVG:3.825293
X_SD:0.076286 Y_SD:0.000000 Z_SD:0.131667
$MXCM10033,2,81,20240102,074426,00,0E710A93,47EF98EA,00D9,0000,0000,00,8201*6E
GPS_PRN:08,31,07,00,00,00,00,00,00,00,00,00,00,00,00,SAT_TAL:00
GPS_SNR:00,00,00,00,00,00,00,00,00,00,00,00,00,00,00,SNR_AVG:0.00
GLO_PRN:00,00,00,00,00,00,00,00,00,00,00,00,00,00,00,SAT_TAL:00
GLO_SNR:00,00,00,00,00,00,00,00,00,00,00,00,00,00,00,SNR_AVG:0.00
GAL_PRN:00,00,00,00,00,00,00,00,00,00,00,00,00,00,00,SAT_TAL:00
GAL_SNR:00,00,00,00,00,00,00,00,00,00,00,00,00,00,00,SNR_AVG:0.00
BEI_PRN:00,00,00,00,00,00,00,00,00,00,00,00,00,00,00,SAT_TAL:00
BEI_SNR:00,00,00,00,00,00,00,00,00,00,00,00,00,00,00,SNR_AVG:0.00
QZS_PRN:00,00,00,00,00,SAT_TAL:00
QZS_SNR:00,00,00,00,00,SNR_AVG:0.00
SatInView:3 GDOP:17319
Roll:80.814125 Pitch:14.523553
X_AVG:-5.319784 Y_AVG:19.613695 Z_AVG:3.713625
X_SD:0.075561 Y_SD:0.000000 Z_SD:0.143332
$MXCM10033,2,82,20240102,074441,00,0E710A93,47EF98EA,00D9,0000,0000,00,8201*6C
GPS_PRN:08,19400,00,00,00,00,00,00,00,00,00,00,00,00,SAT_TAL:00
GPS_SNR:00,00,00,00,00,00,00,00,00,00,00,00,00,00,00,SNR_AVG:0.00
GLO_PRN:00,00,00,00,00,00,00,00,00,00,00,00,00,00,00,SAT_TAL:00
GLO_SNR:00,00,00,00,00,00,00,00,00,00,00,00,00,00,00,SNR_AVG:0.00
GAL_PRN:00,00,00,00,00,00,00,00,00,00,00,00,00,00,00,SAT_TAL:00
GAL_SNR:00,00,00,00,00,00,00,00,00,00,00,00,00,00,00,SNR_AVG:0.00
BEI_PRN:00,00,00,00,00,00,00,00,00,00,00,00,00,00,00,SAT_TAL:00
BEI_SNR:00,00,00,00,00,00,00,00,00,00,00,00,00,00,00,SNR_AVG:0.00
QZS_PRN:00,00,00,00,00,SAT_TAL:00
QZS_SNR:00,00,00,00,00,SNR_AVG:0.00
SatInView:2 GDOP:17319
Roll:80.939720 Pitch:14.528666
X_AVG:-5.307190 Y_AVG:19.613695 Z_AVG:3.652332
X_SD:0.075849 Y_SD:0.000000 Z_SD:0.140727
$MXCM10033,2,83,20240102,074656,00,0E710A93,47EF98EA,00D9,0000,0000,00,8201*69
GPS_PRN:08,26,07,00,00,00,00,00,00,00,00,00,00,00,00,SAT_TAL:00
GPS_SNR:00,00,00,00,00,00,00,00,00,00,00,00,00,00,00,SNR_AVG:0.00
GLO_PRN:00,00,00,00,00,00,00,00,00,00,00,00,00,00,00,SAT_TAL:00
GLO_SNR:00,00,00,00,00,00,00,00,00,00,00,00,00,00,00,SNR_AVG:0.00
GAL_PRN:00,00,00,00,00,00,00,00,00,00,00,00,00,00,00,SAT_TAL:00
GAL_SNR:00,00,00,00,00,00,00,00,00,00,00,00,00,00,00,SNR_AVG:0.00
BEI_PRN:00,00,00,00,00,00,00,00,00,00,00,00,00,00,00,SAT_TAL:00
BEI_SNR:00,00,00,00,00,00,00,00,00,00,00,00,00,00,00,SNR_AVG:0.00
QZS_PRN:00,00,00,00,00,SAT_TAL:00
QZS_SNR:00,00,00,00,00,SNR_AVG:0.00
SatInView:3 GDOP:19998
Roll:80.943054 Pitch:14.528588
X_AVG:-5.296368 Y_AVG:19.613695 Z_AVG:3.612348
X_SD:0.074405 Y_SD:0.000000 Z_SD:0.129691
$MXCM10033,2,84,20240102,074711,00,0E710A93,47EF98EA,00D9,0000,0000,00,8201*6C
GPS_PRN:08,31,19419919500,00,00,00,00,00,00,00,00,00,SAT_TAL:01
GPS_SNR:00,20,00,00,00,00,00,00,00,00,00,00,00,00,00,SNR_AVG:20.00
GLO_PRN:00,00,00,00,00,00,00,00,00,00,00,00,00,00,00,SAT_TAL:00
GLO_SNR:00,00,00,00,00,00,00,00,00,00,00,00,00,00,00,SNR_AVG:0.00
GAL_PRN:00,00,00,00,00,00,00,00,00,00,00,00,00,00,00,SAT_TAL:00
GAL_SNR:00,00,00,00,00,00,00,00,00,00,00,00,00,00,00,SNR_AVG:0.00
BEI_PRN:00,00,00,00,00,00,00,00,00,00,00,00,00,00,00,SAT_TAL:00
BEI_SNR:00,00,00,00,00,00,00,00,00,00,00,00,00,00,00,SNR_AVG:0.00
QZS_PRN:00,00,00,00,00,SAT_TAL:00
QZS_SNR:00,00,00,00,00,SNR_AVG:0.00
SatInView:5 GDOP:17135
Roll:80.952644 Pitch:14.529159
X_AVG:-5.299481 Y_AVG:19.613695 Z_AVG:3.552109
X_SD:0.082350 Y_SD:0.000000 Z_SD:0.133461
$MXCM10033,2,85,20240102,074926,00,0E710A93,47EF98EA,00D9,0000,0000,00,8201*67
GPS_PRN:08,31,19600,00,00,00,00,00,00,00,00,00,00,00,SAT_TAL:00
GPS_SNR:00,00,00,00,00,00,00,00,00,00,00,00,00,00,00,SNR_AVG:0.00
GLO_PRN:00,00,00,00,00,00,00,00,00,00,00,00,00,00,00,SAT_TAL:00
GLO_SNR:00,00,00,00,00,00,00,00,00,00,00,00,00,00,00,SNR_AVG:0.00
GAL_PRN:00,00,00,00,00,00,00,00,00,00,00,00,00,00,00,SAT_TAL:00
GAL_SNR:00,00,00,00,00,00,00,00,00,00,00,00,00,00,00,SNR_AVG:0.00
BEI_PRN:00,00,00,00,00,00,00,00,00,00,00,00,00,00,00,SAT_TAL:00
BEI_SNR:00,00,00,00,00,00,00,00,00,00,00,00,00,00,00,SNR_AVG:0.00
QZS_PRN:00,00,00,00,00,SAT_TAL:00
QZS_SNR:00,00,00,00,00,SNR_AVG:0.00
SatInView:3 GDOP:19998
Roll:80.943054 Pitch:14.528588
X_AVG:-5.630653 Y_AVG:19.613695 Z_AVG:3.643091
X_SD:0.075647 Y_SD:0.000000 Z_SD:0.128592
$MXCM10033,2,86,20240102,074941,00,0E710A93,47EF98EA,00D9,0000,0000,00,8201*65
GPS_PRN:08,19400,00,00,00,00,00,00,00,00,00,00,00,00,SAT_TAL:00
GPS_SNR:00,00,00,00,00,00,00,00,00,00,00,00,00,00,00,SNR_AVG:0.00
GLO_PRN:00,00,00,00,00,00,00,00,00,00,00,00,00,00,00,SAT_TAL:00
GLO_SNR:00,00,00,00,00,00,00,00,00,00,00,00,00,00,00,SNR_AVG:0.00
GAL_PRN:00,00,00,00,00,00,00,00,00,00,00,00,00,00,00,SAT_TAL:00
GAL_SNR:00,00,00,00,00,00,00,00,00,00,00,00,00,00,00,SNR_AVG:0.00
BEI_PRN:00,00,00,00,00,00,00,00,00,00,00,00,00,00,00,SAT_TAL:00
BEI_SNR:00,00,00,00,00,00,00,00,00,00,00,00,00,00,00,SNR_AVG:0.00
QZS_PRN:00,00,00,00,00,SAT_TAL:00
QZS_SNR:00,00,00,00,00,SNR_AVG:0.00
SatInView:2 GDOP:19998
Roll:80.952644 Pitch:14.529159
X_AVG:-5.618778 Y_AVG:19.613695 Z_AVG:3.583139
X_SD:0.074122 Y_SD:0.000000 Z_SD:0.122241
$MXCM10033,2,87,20240102,075156,00,0E710A93,47EF98EA,00D9,0000,0000,00,8201*6B
GPS_PRN:08,31,19600,00,00,00,00,00,00,00,00,00,00,00,SAT_TAL:00
GPS_SNR:00,00,00,00,00,00,00,00,00,00,00,00,00,00,00,SNR_AVG:0.00
GLO_PRN:00,00,00,00,00,00,00,00,00,00,00,00,00,00,00,SAT_TAL:00
GLO_SNR:00,00,00,00,00,00,00,00,00,00,00,00,00,00,00,SNR_AVG:0.00
GAL_PRN:00,00,00,00,00,00,00,00,00,00,00,00,00,00,00,SAT_TAL:00
GAL_SNR:00,00,00,00,00,00,00,00,00,00,00,00,00,00,00,SNR_AVG:0.00
BEI_PRN:00,00,00,00,00,00,00,00,00,00,00,00,00,00,00,SAT_TAL:00
BEI_SNR:00,00,00,00,00,00,00,00,00,00,00,00,00,00,00,SNR_AVG:0.00
QZS_PRN:00,00,00,00,00,SAT_TAL:00
QZS_SNR:00,00,00,00,00,SNR_AVG:0.00
SatInView:3 GDOP:19998
Roll:83.648911 Pitch:12.444900
X_AVG:-4.952602 Y_AVG:19.613695 Z_AVG:2.852988
X_SD:0.073411 Y_SD:0.000000 Z_SD:0.127856
$MXCM10033,2,88,20240102,075211,00,0E71447F,47EF5D3B,00DA,0000,0000,00,8201*13
GPS_PRN:19604,21,16,31,19419919508,00,00,00,00,00,00,SAT_TAL:04
GPS_SNR:16,00,25,00,20,00,00,00,17,00,00,00,00,00,00,SNR_AVG:19.50
GLO_PRN:00,00,00,00,00,00,00,00,00,00,00,00,00,00,00,SAT_TAL:00
GLO_SNR:00,00,00,00,00,00,00,00,00,00,00,00,00,00,00,SNR_AVG:0.00
GAL_PRN:00,00,00,00,00,00,00,00,00,00,00,00,00,00,00,SAT_TAL:00
GAL_SNR:00,00,00,00,00,00,00,00,00,00,00,00,00,00,00,SNR_AVG:0.00
BEI_PRN:00,00,00,00,00,00,00,00,00,00,00,00,00,00,00,SAT_TAL:00
BEI_SNR:00,00,00,00,00,00,00,00,00,00,00,00,00,00,00,SNR_AVG:0.00
QZS_PRN:00,00,00,00,00,SAT_TAL:00
QZS_SNR:00,00,00,00,00,SNR_AVG:0.00
SatInView:9 GDOP:1693
Roll:83.818260 Pitch:12.351892
X_AVG:-4.956193 Y_AVG:19.613695 Z_AVG:2.840299
X_SD:0.071167 Y_SD:0.000000 Z_SD:0.132140
$MXCM10033,2,89,20240102,075426,00,0E710A93,47EF98EA,00D9,0000,0000,00,8201*67
GPS_PRN:08,07,26,31,19600,00,00,00,00,00,00,00,00,00,SAT_TAL:00
GPS_SNR:00,00,00,00,00,00,00,00,00,00,00,00,00,00,00,SNR_AVG:0.00
GLO_PRN:00,00,00,00,00,00,00,00,00,00,00,00,00,00,00,SAT_TAL:00
GLO_SNR:00,00,00,00,00,00,00,00,00,00,00,00,00,00,00,SNR_AVG:0.00
GAL_PRN:00,00,00,00,00,00,00,00,00,00,00,00,00,00,00,SAT_TAL:00
GAL_SNR:00,00,00,00,00,00,00,00,00,00,00,00,00,00,00,SNR_AVG:0.00
BEI_PRN:00,00,00,00,00,00,00,00,00,00,00,00,00,00,00,SAT_TAL:00
BEI_SNR:00,00,00,00,00,00,00,00,00,00,00,00,00,00,00,SNR_AVG:0.00
QZS_PRN:00,00,00,00,00,SAT_TAL:00
QZS_SNR:00,00,00,00,00,SNR_AVG:0.00
SatInView:5 GDOP:19998
Roll:83.289406 Pitch:12.518939
X_AVG:-4.973192 Y_AVG:19.613695 Z_AVG:2.975382
X_SD:0.077410 Y_SD:0.000000 Z_SD:0.132391
$MXCM10033,2,90,20240102,075441,00,0E70F82F,47EF83D0,00D9,0000,3C73,00,8201*10
GPS_PRN:19621,04,16,09,02,07,26,31,19919508,00,00,00,SAT_TAL:05
GPS_SNR:00,21,00,00,18,14,19,16,00,00,00,00,00,00,00,SNR_AVG:17.60
GLO_PRN:00,00,00,00,00,00,00,00,00,00,00,00,00,00,00,SAT_TAL:00
GLO_SNR:00,00,00,00,00,00,00,00,00,00,00,00,00,00,00,SNR_AVG:0.00
GAL_PRN:00,00,00,00,00,00,00,00,00,00,00,00,00,00,00,SAT_TAL:00
GAL_SNR:00,00,00,00,00,00,00,00,00,00,00,00,00,00,00,SNR_AVG:0.00
BEI_PRN:00,00,00,00,00,00,00,00,00,00,00,00,00,00,00,SAT_TAL:00
BEI_SNR:00,00,00,00,00,00,00,00,00,00,00,00,00,00,00,SNR_AVG:0.00
QZS_PRN:00,00,00,00,00,SAT_TAL:00
QZS_SNR:00,00,00,00,00,SNR_AVG:0.00
SatInView:12 GDOP:192
Roll:83.209564 Pitch:12.823902
X_AVG:-4.982865 Y_AVG:19.613695 Z_AVG:2.931136
X_SD:0.219432 Y_SD:0.000000 Z_SD:0.156851
$MXCM10033,2,91,20240102,075656,00,0E710FD3,47EF781D,00D9,0000,0000,00,8201*6E
GPS_PRN:19521,04,16,07,31,19419908,00,00,00,00,00,00,SAT_TAL:02
GPS_SNR:00,00,00,23,18,00,00,00,00,00,00,00,00,00,00,SNR_AVG:20.50
GLO_PRN:00,00,00,00,00,00,00,00,00,00,00,00,00,00,00,SAT_TAL:00
GLO_SNR:00,00,00,00,00,00,00,00,00,00,00,00,00,00,00,SNR_AVG:0.00
GAL_PRN:00,00,00,00,00,00,00,00,00,00,00,00,00,00,00,SAT_TAL:00
GAL_SNR:00,00,00,00,00,00,00,00,00,00,00,00,00,00,00,SNR_AVG:0.00
BEI_PRN:00,00,00,00,00,00,00,00,00,00,00,00,00,00,00,SAT_TAL:00
BEI_SNR:00,00,00,00,00,00,00,00,00,00,00,00,00,00,00,SNR_AVG:0.00
QZS_PRN:00,00,00,00,00,SAT_TAL:00
QZS_SNR:00,00,00,00,00,SNR_AVG:0.00
SatInView:9 GDOP:12551
Roll:81.594757 Pitch:12.733994
X_AVG:-4.974581 Y_AVG:19.613695 Z_AVG:3.065167
X_SD:0.074044 Y_SD:0.000000 Z_SD:0.143000
$MXCM10033,2,92,20240102,075712,12,0E711D35,47EF91AB,012D,0000,70DA,08,8201*6C
GPS_PRN:19621,04,16,09,02,07,26,31,19419919508,00,00,SAT_TAL:08
GPS_SNR:00,17,12,19,00,16,16,17,00,00,00,17,15,00,00,SNR_AVG:16.12
GLO_PRN:00,00,00,00,00,00,00,00,00,00,00,00,00,00,00,SAT_TAL:00
GLO_SNR:00,00,00,00,00,00,00,00,00,00,00,00,00,00,00,SNR_AVG:0.00
GAL_PRN:00,00,00,00,00,00,00,00,00,00,00,00,00,00,00,SAT_TAL:00
GAL_SNR:00,00,00,00,00,00,00,00,00,00,00,00,00,00,00,SNR_AVG:0.00
BEI_PRN:00,00,00,00,00,00,00,00,00,00,00,00,00,00,00,SAT_TAL:00
BEI_SNR:00,00,00,00,00,00,00,00,00,00,00,00,00,00,00,SNR_AVG:0.00
QZS_PRN:00,00,00,00,00,SAT_TAL:00
QZS_SNR:00,00,00,00,00,SNR_AVG:0.00
SatInView:13 GDOP:144
Roll:82.573364 Pitch:13.113883
X_AVG:-4.981524 Y_AVG:19.613695 Z_AVG:3.021543
X_SD:0.071917 Y_SD:0.000000 Z_SD:0.132246
$MXCM10033,3*35
$MXCM001,10033,0*2B
======== Tracker Setting ========
[System]
COMPort:COM31
SerialNumber:MX231218CW000008
FirmwareVersion:231220163813_v1.0.CN
[Periodic]
Enable:1
Stage:2
WorkMode:0
T0:15
T1:270
T2:120
T3:30
T4:120
FirstFixStage:2
TraceFixStage:38
PeriodicCycle:39
[Dynamic]
Enable:0
PrecisionChk:0
T5:45
T6:175
[Geofencing]
Enable:0
T7:20
T8:60
DistanceThreshold:1000
DestinationLongitude:121.2237164
DestinationLatitude:24.9698319
DestinationAltitude:154
[MotionDetection]
Enable:1
Angle:45
DataRate:200
SampleFrequency:50
[GPS_EPO]
EpoDataNumber:12
FWN:2295
FTOW:172800
LWN:2295
LTOW:432000
[GLO_EPO]
EpoDataNumber:12
FWN:2295
FTOW:172800
LWN:2295
LTOW:432000
[GAL_EPO]
EpoDataNumber:0
FWN:0
FTOW:0
LWN:0
LTOW:0
[BEI_EPO]
EpoDataNumber:0
FWN:0
FTOW:0
LWN:0
LTOW:0
