$MXCM10033,0*36
$MXCM10033,1,76,212*07
$MXCM10033,2,1,19800105,235956,00,35A4E8F5,00000000,0089,0000,0000,00,A101*2E
GPS_PRN:00,00,00,00,00,00,00,00,00,00,00,00,00,00,00,SAT_TAL:00
GPS_SNR:00,00,00,00,00,00,00,00,00,00,00,00,00,00,00,SNR_AVG:0.00
GLO_PRN:00,00,00,00,00,00,00,00,00,00,00,00,00,00,00,SAT_TAL:00
GLO_SNR:00,00,00,00,00,00,00,00,00,00,00,00,00,00,00,SNR_AVG:0.00
GAL_PRN:00,00,00,00,00,00,00,00,00,00,00,00,00,00,00,SAT_TAL:00
GAL_SNR:00,00,00,00,00,00,00,00,00,00,00,00,00,00,00,SNR_AVG:0.00
BEI_PRN:00,00,00,00,00,00,00,00,00,00,00,00,00,00,00,SAT_TAL:00
BEI_SNR:00,00,00,00,00,00,00,00,00,00,00,00,00,00,00,SNR_AVG:0.00
QZS_PRN:00,00,00,00,00,SAT_TAL:00
QZS_SNR:00,00,00,00,00,SNR_AVG:0.00
SatInView:0 GDOP:19998
Roll:115.329498 Pitch:39.424557
X_AVG:-5.589329 Y_AVG:4.975060 Z_AVG:-5.034389
X_SD:13.619439 Y_SD:11.818809 Z_SD:8.241603
$MXCM10033,2,2,19800106,000011,00,35A4E8F5,00000000,0089,0000,0000,00,A101*20
GPS_PRN:31,32,19519919600,00,00,00,00,00,00,00,00,00,SAT_TAL:05
GPS_SNR:31,37,34,24,33,00,00,00,00,00,00,00,00,00,00,SNR_AVG:31.80
GLO_PRN:00,00,00,00,00,00,00,00,00,00,00,00,00,00,00,SAT_TAL:00
GLO_SNR:00,00,00,00,00,00,00,00,00,00,00,00,00,00,00,SNR_AVG:0.00
GAL_PRN:00,00,00,00,00,00,00,00,00,00,00,00,00,00,00,SAT_TAL:00
GAL_SNR:00,00,00,00,00,00,00,00,00,00,00,00,00,00,00,SNR_AVG:0.00
BEI_PRN:00,00,00,00,00,00,00,00,00,00,00,00,00,00,00,SAT_TAL:00
BEI_SNR:00,00,00,00,00,00,00,00,00,00,00,00,00,00,00,SNR_AVG:0.00
QZS_PRN:00,00,00,00,00,SAT_TAL:00
QZS_SNR:00,00,00,00,00,SNR_AVG:0.00
SatInView:5 GDOP:19998
Roll:130.221664 Pitch:38.464188
X_AVG:-12.089382 Y_AVG:8.042668 Z_AVG:-10.035642
X_SD:9.259604 Y_SD:11.113783 Z_SD:6.745782
$MXCM10033,2,3,19800106,000024,00,35A4E8F5,00000000,0089,0000,0000,00,A101*27
GPS_PRN:32,31,28,19919619500,00,00,00,00,00,00,00,00,SAT_TAL:06
GPS_SNR:36,29,25,27,32,32,00,00,00,00,00,00,00,00,00,SNR_AVG:30.17
GLO_PRN:00,00,00,00,00,00,00,00,00,00,00,00,00,00,00,SAT_TAL:00
GLO_SNR:00,00,00,00,00,00,00,00,00,00,00,00,00,00,00,SNR_AVG:0.00
GAL_PRN:05,00,00,00,00,00,00,00,00,00,00,00,00,00,00,SAT_TAL:01
GAL_SNR:31,00,00,00,00,00,00,00,00,00,00,00,00,00,00,SNR_AVG:31.00
BEI_PRN:00,00,00,00,00,00,00,00,00,00,00,00,00,00,00,SAT_TAL:00
BEI_SNR:00,00,00,00,00,00,00,00,00,00,00,00,00,00,00,SNR_AVG:0.00
QZS_PRN:00,00,00,00,00,SAT_TAL:00
QZS_SNR:00,00,00,00,00,SNR_AVG:0.00
SatInView:7 GDOP:19998
Roll:6.517890 Pitch:30.661125
X_AVG:-12.089382 Y_AVG:8.042668 Z_AVG:-10.035642
X_SD:9.259604 Y_SD:11.113783 Z_SD:6.745782
$MXCM10033,2,4,19800106,000037,00,35A4E8F5,00000000,0089,0000,0000,00,A102*21
GPS_PRN:19532,03,25,26,31,12,19919619410,00,00,00,00,SAT_TAL:11
GPS_SNR:33,39,25,35,34,23,31,28,32,33,39,00,00,00,00,SNR_AVG:32.00
GLO_PRN:00,00,00,00,00,00,00,00,00,00,00,00,00,00,00,SAT_TAL:00
GLO_SNR:00,00,00,00,00,00,00,00,00,00,00,00,00,00,00,SNR_AVG:0.00
GAL_PRN:00,00,00,00,00,00,00,00,00,00,00,00,00,00,00,SAT_TAL:00
GAL_SNR:00,00,00,00,00,00,00,00,00,00,00,00,00,00,00,SNR_AVG:0.00
BEI_PRN:00,00,00,00,00,00,00,00,00,00,00,00,00,00,00,SAT_TAL:00
BEI_SNR:00,00,00,00,00,00,00,00,00,00,00,00,00,00,00,SNR_AVG:0.00
QZS_PRN:00,00,00,00,00,SAT_TAL:00
QZS_SNR:00,00,00,00,00,SNR_AVG:0.00
SatInView:11 GDOP:19998
Roll:139.452850 Pitch:44.935364
X_AVG:-12.183428 Y_AVG:8.062349 Z_AVG:-5.193798
X_SD:8.097649 Y_SD:9.005456 Z_SD:9.159484
$MXCM10033,2,5,19800110,021108,00,35A4E8F5,00000000,0089,0000,0000,00,A101*2A
GPS_PRN:32,26,10,19419919600,00,00,00,00,00,00,00,00,SAT_TAL:06
GPS_SNR:34,20,31,33,27,32,00,00,00,00,00,00,00,00,00,SNR_AVG:29.50
GLO_PRN:00,00,00,00,00,00,00,00,00,00,00,00,00,00,00,SAT_TAL:00
GLO_SNR:00,00,00,00,00,00,00,00,00,00,00,00,00,00,00,SNR_AVG:0.00
GAL_PRN:24,00,00,00,00,00,00,00,00,00,00,00,00,00,00,SAT_TAL:01
GAL_SNR:30,00,00,00,00,00,00,00,00,00,00,00,00,00,00,SNR_AVG:30.00
BEI_PRN:00,00,00,00,00,00,00,00,00,00,00,00,00,00,00,SAT_TAL:00
BEI_SNR:00,00,00,00,00,00,00,00,00,00,00,00,00,00,00,SNR_AVG:0.00
QZS_PRN:00,00,00,00,00,SAT_TAL:00
QZS_SNR:00,00,00,00,00,SNR_AVG:0.00
SatInView:7 GDOP:19998
Roll:126.240746 Pitch:36.508099
X_AVG:-9.869529 Y_AVG:7.523595 Z_AVG:-6.253685
X_SD:8.158744 Y_SD:9.032884 Z_SD:7.614984
$MXCM10033,2,6,19800110,021121,00,35A4E8F5,00000000,0089,0000,0000,00,A102*21
GPS_PRN:19432,26,29,10,28,16,03,31,19519919600,00,00,SAT_TAL:12
GPS_SNR:28,35,34,38,37,36,33,24,36,36,22,24,00,00,00,SNR_AVG:31.92
GLO_PRN:00,00,00,00,00,00,00,00,00,00,00,00,00,00,00,SAT_TAL:00
GLO_SNR:00,00,00,00,00,00,00,00,00,00,00,00,00,00,00,SNR_AVG:0.00
GAL_PRN:24,00,00,00,00,00,00,00,00,00,00,00,00,00,00,SAT_TAL:01
GAL_SNR:32,00,00,00,00,00,00,00,00,00,00,00,00,00,00,SNR_AVG:32.00
BEI_PRN:00,00,00,00,00,00,00,00,00,00,00,00,00,00,00,SAT_TAL:00
BEI_SNR:00,00,00,00,00,00,00,00,00,00,00,00,00,00,00,SNR_AVG:0.00
QZS_PRN:00,00,00,00,00,SAT_TAL:00
QZS_SNR:00,00,00,00,00,SNR_AVG:0.00
SatInView:13 GDOP:19998
Roll:134.378632 Pitch:63.354031
X_AVG:-7.477003 Y_AVG:5.304652 Z_AVG:-5.727860
X_SD:9.889505 Y_SD:8.460545 Z_SD:6.371190
$MXCM10033,2,7,20240104,021135,12,0E98F7E6,47EDD380,0075,0017,4A44,09,A102*28
GPS_PRN:19428,10,31,26,29,12,16,19919532,19600,00,00,SAT_TAL:12
GPS_SNR:26,36,37,37,35,37,37,33,22,36,36,24,00,00,00,SNR_AVG:33.00
GLO_PRN:00,00,00,00,00,00,00,00,00,00,00,00,00,00,00,SAT_TAL:00
GLO_SNR:00,00,00,00,00,00,00,00,00,00,00,00,00,00,00,SNR_AVG:0.00
GAL_PRN:31,09,24,00,00,00,00,00,00,00,00,00,00,00,00,SAT_TAL:01
GAL_SNR:00,00,33,00,00,00,00,00,00,00,00,00,00,00,00,SNR_AVG:33.00
BEI_PRN:00,00,00,00,00,00,00,00,00,00,00,00,00,00,00,SAT_TAL:00
BEI_SNR:00,00,00,00,00,00,00,00,00,00,00,00,00,00,00,SNR_AVG:0.00
QZS_PRN:00,00,00,00,00,SAT_TAL:00
QZS_SNR:00,00,00,00,00,SNR_AVG:0.00
SatInView:15 GDOP:184
Roll:129.479233 Pitch:59.469944
X_AVG:-8.873282 Y_AVG:4.906680 Z_AVG:-5.162482
X_SD:7.945612 Y_SD:9.051481 Z_SD:5.851633
$MXCM10033,2,8,20240104,021150,12,0E989F03,47EDE8B8,0081,0011,3B7A,09,A102*5D
GPS_PRN:28,10,31,26,29,12,16,19619919519400,00,00,00,SAT_TAL:11
GPS_SNR:36,35,37,33,37,40,33,24,23,35,26,00,00,00,00,SNR_AVG:32.64
GLO_PRN:00,00,00,00,00,00,00,00,00,00,00,00,00,00,00,SAT_TAL:00
GLO_SNR:00,00,00,00,00,00,00,00,00,00,00,00,00,00,00,SNR_AVG:0.00
GAL_PRN:36,11,09,04,24,05,00,00,00,00,00,00,00,00,00,SAT_TAL:06
GAL_SNR:30,28,34,33,30,32,00,00,00,00,00,00,00,00,00,SNR_AVG:31.17
BEI_PRN:00,00,00,00,00,00,00,00,00,00,00,00,00,00,00,SAT_TAL:00
BEI_SNR:00,00,00,00,00,00,00,00,00,00,00,00,00,00,00,SNR_AVG:0.00
QZS_PRN:00,00,00,00,00,SAT_TAL:00
QZS_SNR:00,00,00,00,00,SNR_AVG:0.00
SatInView:17 GDOP:200
Roll:115.292961 Pitch:90.000000
X_AVG:-6.616414 Y_AVG:3.109125 Z_AVG:-3.704767
X_SD:8.398443 Y_SD:7.399003 Z_SD:4.483075
$MXCM10033,2,9,20240104,021205,12,0E985FB8,47EDC607,0090,0007,7BBC,09,A102*2B
GPS_PRN:28,10,31,26,29,12,16,19619919519400,00,00,00,SAT_TAL:11
GPS_SNR:36,39,39,38,35,37,33,27,24,36,23,00,00,00,00,SNR_AVG:33.36
GLO_PRN:00,00,00,00,00,00,00,00,00,00,00,00,00,00,00,SAT_TAL:00
GLO_SNR:00,00,00,00,00,00,00,00,00,00,00,00,00,00,00,SNR_AVG:0.00
GAL_PRN:24,36,11,19,18,31,09,04,05,00,00,00,00,00,00,SAT_TAL:07
GAL_SNR:35,34,29,00,32,00,33,29,35,00,00,00,00,00,00,SNR_AVG:32.43
BEI_PRN:00,00,00,00,00,00,00,00,00,00,00,00,00,00,00,SAT_TAL:00
BEI_SNR:00,00,00,00,00,00,00,00,00,00,00,00,00,00,00,SNR_AVG:0.00
QZS_PRN:00,00,00,00,00,SAT_TAL:00
QZS_SNR:00,00,00,00,00,SNR_AVG:0.00
SatInView:20 GDOP:134
Roll:121.608086 Pitch:66.463745
X_AVG:-9.574079 Y_AVG:6.263118 Z_AVG:-4.696321
X_SD:8.080543 Y_SD:8.994806 Z_SD:5.128472
$MXCM10033,2,10,20240104,021220,12,0E981CE3,47EE0EA6,008C,0015,3730,0B,A102*11
GPS_PRN:32,28,10,31,26,29,12,16,19619919519400,00,00,SAT_TAL:12
GPS_SNR:34,37,38,38,34,35,36,27,30,26,35,26,00,00,00,SNR_AVG:33.00
GLO_PRN:00,00,00,00,00,00,00,00,00,00,00,00,00,00,00,SAT_TAL:00
GLO_SNR:00,00,00,00,00,00,00,00,00,00,00,00,00,00,00,SNR_AVG:0.00
GAL_PRN:31,36,11,05,09,04,24,00,00,00,00,00,00,00,00,SAT_TAL:07
GAL_SNR:28,29,23,31,33,26,34,00,00,00,00,00,00,00,00,SNR_AVG:29.14
BEI_PRN:00,00,00,00,00,00,00,00,00,00,00,00,00,00,00,SAT_TAL:00
BEI_SNR:00,00,00,00,00,00,00,00,00,00,00,00,00,00,00,SNR_AVG:0.00
QZS_PRN:00,00,00,00,00,SAT_TAL:00
QZS_SNR:00,00,00,00,00,SNR_AVG:0.00
SatInView:19 GDOP:151
Roll:147.868698 Pitch:90.000000
X_AVG:-8.668669 Y_AVG:4.020808 Z_AVG:-3.986666
X_SD:7.445956 Y_SD:7.382467 Z_SD:4.542338
$MXCM10033,2,11,20240104,021235,12,0E983DF0,47EE2B90,0091,0014,76DC,0B,A102*19
GPS_PRN:32,28,10,31,26,29,12,16,19619919519400,00,00,SAT_TAL:12
GPS_SNR:36,34,38,37,25,36,23,29,33,29,35,33,00,00,00,SNR_AVG:32.33
GLO_PRN:00,00,00,00,00,00,00,00,00,00,00,00,00,00,00,SAT_TAL:00
GLO_SNR:00,00,00,00,00,00,00,00,00,00,00,00,00,00,00,SNR_AVG:0.00
GAL_PRN:31,36,11,05,09,04,24,00,00,00,00,00,00,00,00,SAT_TAL:07
GAL_SNR:30,23,28,32,33,33,32,00,00,00,00,00,00,00,00,SNR_AVG:30.14
BEI_PRN:00,00,00,00,00,00,00,00,00,00,00,00,00,00,00,SAT_TAL:00
BEI_SNR:00,00,00,00,00,00,00,00,00,00,00,00,00,00,00,SNR_AVG:0.00
QZS_PRN:00,00,00,00,00,SAT_TAL:00
QZS_SNR:00,00,00,00,00,SNR_AVG:0.00
SatInView:19 GDOP:151
Roll:135.444565 Pitch:58.155853
X_AVG:-8.896937 Y_AVG:5.358283 Z_AVG:-5.479815
X_SD:8.321839 Y_SD:8.325733 Z_SD:5.058068
$MXCM10033,2,12,20240104,021250,12,0E97F3E3,47EE5107,0090,0011,3695,0D,A102*63
GPS_PRN:32,28,10,31,26,29,12,16,19619919519400,00,00,SAT_TAL:12
GPS_SNR:32,35,37,37,34,36,37,31,29,25,34,24,00,00,00,SNR_AVG:32.58
GLO_PRN:00,00,00,00,00,00,00,00,00,00,00,00,00,00,00,SAT_TAL:00
GLO_SNR:00,00,00,00,00,00,00,00,00,00,00,00,00,00,00,SNR_AVG:0.00
GAL_PRN:31,36,11,05,09,04,24,00,00,00,00,00,00,00,00,SAT_TAL:07
GAL_SNR:25,28,23,30,31,21,33,00,00,00,00,00,00,00,00,SNR_AVG:27.29
BEI_PRN:00,00,00,00,00,00,00,00,00,00,00,00,00,00,00,SAT_TAL:00
BEI_SNR:00,00,00,00,00,00,00,00,00,00,00,00,00,00,00,SNR_AVG:0.00
QZS_PRN:00,00,00,00,00,SAT_TAL:00
QZS_SNR:00,00,00,00,00,SNR_AVG:0.00
SatInView:19 GDOP:140
Roll:104.841133 Pitch:64.343819
X_AVG:-7.180164 Y_AVG:3.960855 Z_AVG:-2.372175
X_SD:8.948361 Y_SD:8.810815 Z_SD:3.961395
$MXCM10033,2,13,20240104,021305,12,0E97888D,47EE493A,009D,0010,54B8,0D,A102*67
GPS_PRN:32,28,10,31,26,29,12,16,19619919519400,00,00,SAT_TAL:12
GPS_SNR:37,30,27,36,26,35,36,36,28,24,36,30,00,00,00,SNR_AVG:31.75
GLO_PRN:00,00,00,00,00,00,00,00,00,00,00,00,00,00,00,SAT_TAL:00
GLO_SNR:00,00,00,00,00,00,00,00,00,00,00,00,00,00,00,SNR_AVG:0.00
GAL_PRN:24,36,11,19,31,09,04,05,00,00,00,00,00,00,00,SAT_TAL:07
GAL_SNR:21,32,30,00,28,33,35,31,00,00,00,00,00,00,00,SNR_AVG:30.00
BEI_PRN:00,00,00,00,00,00,00,00,00,00,00,00,00,00,00,SAT_TAL:00
BEI_SNR:00,00,00,00,00,00,00,00,00,00,00,00,00,00,00,SNR_AVG:0.00
QZS_PRN:00,00,00,00,00,SAT_TAL:00
QZS_SNR:00,00,00,00,00,SNR_AVG:0.00
SatInView:20 GDOP:113
Roll:116.536011 Pitch:59.801506
X_AVG:-9.249418 Y_AVG:4.779258 Z_AVG:-2.549349
X_SD:7.864968 Y_SD:8.289676 Z_SD:5.332130
$MXCM10033,2,14,20240104,021320,12,0E975FD0,47EE4050,00A4,0014,4368,0F,A102*1E
GPS_PRN:32,28,10,31,26,29,12,16,19619919519400,00,00,SAT_TAL:12
GPS_SNR:38,36,37,36,34,25,37,33,28,25,34,30,00,00,00,SNR_AVG:32.75
GLO_PRN:00,00,00,00,00,00,00,00,00,00,00,00,00,00,00,SAT_TAL:00
GLO_SNR:00,00,00,00,00,00,00,00,00,00,00,00,00,00,00,SNR_AVG:0.00
GAL_PRN:31,36,11,05,09,04,24,00,00,00,00,00,00,00,00,SAT_TAL:07
GAL_SNR:30,21,28,29,34,27,33,00,00,00,00,00,00,00,00,SNR_AVG:28.86
BEI_PRN:00,00,00,00,00,00,00,00,00,00,00,00,00,00,00,SAT_TAL:00
BEI_SNR:00,00,00,00,00,00,00,00,00,00,00,00,00,00,00,SNR_AVG:0.00
QZS_PRN:00,00,00,00,00,SAT_TAL:00
QZS_SNR:00,00,00,00,00,SNR_AVG:0.00
SatInView:19 GDOP:125
Roll:88.623062 Pitch:63.046162
X_AVG:-7.288911 Y_AVG:4.421844 Z_AVG:-1.803541
X_SD:8.688825 Y_SD:8.558379 Z_SD:3.830811
$MXCM10033,2,15,20240104,021335,12,0E973928,47EE8BD3,00B2,0010,3302,0F,A102*1A
GPS_PRN:32,28,10,31,26,29,12,16,19619919519400,00,00,SAT_TAL:12
GPS_SNR:33,35,37,37,35,36,38,30,26,23,34,23,00,00,00,SNR_AVG:32.25
GLO_PRN:00,00,00,00,00,00,00,00,00,00,00,00,00,00,00,SAT_TAL:00
GLO_SNR:00,00,00,00,00,00,00,00,00,00,00,00,00,00,00,SNR_AVG:0.00
GAL_PRN:24,36,11,19,31,09,04,05,00,00,00,00,00,00,00,SAT_TAL:07
GAL_SNR:34,29,26,00,22,33,22,32,00,00,00,00,00,00,00,SNR_AVG:28.29
BEI_PRN:00,00,00,00,00,00,00,00,00,00,00,00,00,00,00,SAT_TAL:00
BEI_SNR:00,00,00,00,00,00,00,00,00,00,00,00,00,00,00,SNR_AVG:0.00
QZS_PRN:00,00,00,00,00,SAT_TAL:00
QZS_SNR:00,00,00,00,00,SNR_AVG:0.00
SatInView:20 GDOP:125
Roll:133.258469 Pitch:67.162712
X_AVG:-7.945270 Y_AVG:4.700774 Z_AVG:-2.521528
X_SD:8.511003 Y_SD:8.783180 Z_SD:3.071476
$MXCM10033,2,16,20240104,021350,12,0E96C963,47EEA870,00AC,0016,3ED7,10,A102*13
GPS_PRN:32,28,10,31,26,29,12,16,19619919519400,00,00,SAT_TAL:12
GPS_SNR:36,37,37,37,35,32,36,33,29,25,36,26,00,00,00,SNR_AVG:33.25
GLO_PRN:00,00,00,00,00,00,00,00,00,00,00,00,00,00,00,SAT_TAL:00
GLO_SNR:00,00,00,00,00,00,00,00,00,00,00,00,00,00,00,SNR_AVG:0.00
GAL_PRN:31,36,11,05,09,04,24,00,00,00,00,00,00,00,00,SAT_TAL:07
GAL_SNR:28,25,27,30,35,24,33,00,00,00,00,00,00,00,00,SNR_AVG:28.86
BEI_PRN:00,00,00,00,00,00,00,00,00,00,00,00,00,00,00,SAT_TAL:00
BEI_SNR:00,00,00,00,00,00,00,00,00,00,00,00,00,00,00,SNR_AVG:0.00
QZS_PRN:00,00,00,00,00,SAT_TAL:00
QZS_SNR:00,00,00,00,00,SNR_AVG:0.00
SatInView:19 GDOP:122
Roll:98.020096 Pitch:65.987236
X_AVG:-8.594016 Y_AVG:3.686427 Z_AVG:-1.837491
X_SD:7.442633 Y_SD:7.505781 Z_SD:3.303650
$MXCM10033,2,17,20240104,021405,12,0E964DF5,47EEA410,00AE,0017,3F16,12,A102*11
GPS_PRN:32,28,10,25,31,26,29,12,16,19619419919500,00,SAT_TAL:13
GPS_SNR:38,36,37,32,37,34,32,34,33,31,30,25,36,00,00,SNR_AVG:33.46
GLO_PRN:00,00,00,00,00,00,00,00,00,00,00,00,00,00,00,SAT_TAL:00
GLO_SNR:00,00,00,00,00,00,00,00,00,00,00,00,00,00,00,SNR_AVG:0.00
GAL_PRN:24,36,11,19,31,09,04,05,00,00,00,00,00,00,00,SAT_TAL:07
GAL_SNR:33,21,27,00,31,35,26,30,00,00,00,00,00,00,00,SNR_AVG:29.00
BEI_PRN:00,00,00,00,00,00,00,00,00,00,00,00,00,00,00,SAT_TAL:00
BEI_SNR:00,00,00,00,00,00,00,00,00,00,00,00,00,00,00,SNR_AVG:0.00
QZS_PRN:00,00,00,00,00,SAT_TAL:00
QZS_SNR:00,00,00,00,00,SNR_AVG:0.00
SatInView:21 GDOP:119
Roll:109.645592 Pitch:90.000000
X_AVG:-8.407744 Y_AVG:3.481670 Z_AVG:-1.747850
X_SD:7.920648 Y_SD:8.047238 Z_SD:3.127266
$MXCM10033,2,18,20240104,021420,12,0E964E42,47EEDE91,00C6,000A,2A9D,12,A102*6A
GPS_PRN:32,28,10,25,31,26,29,12,16,19619419919500,00,SAT_TAL:13
GPS_SNR:32,36,38,31,37,36,36,36,31,27,25,25,35,00,00,SNR_AVG:32.69
GLO_PRN:00,00,00,00,00,00,00,00,00,00,00,00,00,00,00,SAT_TAL:00
GLO_SNR:00,00,00,00,00,00,00,00,00,00,00,00,00,00,00,SNR_AVG:0.00
GAL_PRN:31,36,11,05,09,04,24,00,00,00,00,00,00,00,00,SAT_TAL:07
GAL_SNR:23,30,25,31,33,24,34,00,00,00,00,00,00,00,00,SNR_AVG:28.57
BEI_PRN:00,00,00,00,00,00,00,00,00,00,00,00,00,00,00,SAT_TAL:00
BEI_SNR:00,00,00,00,00,00,00,00,00,00,00,00,00,00,00,SNR_AVG:0.00
QZS_PRN:00,00,00,00,00,SAT_TAL:00
QZS_SNR:00,00,00,00,00,SNR_AVG:0.00
SatInView:20 GDOP:102
Roll:96.481552 Pitch:65.329353
X_AVG:-7.989325 Y_AVG:4.076785 Z_AVG:-1.719502
X_SD:8.276827 Y_SD:8.588065 Z_SD:4.326415
$MXCM10033,2,19,20240104,021636,12,0E92BCD7,47EEB5FC,0125,0017,4612,12,A202*1C
GPS_PRN:32,28,10,25,31,26,29,23,12,16,03,196194199195SAT_TAL:14
GPS_SNR:36,37,38,34,36,34,00,36,36,34,33,28,28,24,35,SNR_AVG:33.50
GLO_PRN:00,00,00,00,00,00,00,00,00,00,00,00,00,00,00,SAT_TAL:00
GLO_SNR:00,00,00,00,00,00,00,00,00,00,00,00,00,00,00,SNR_AVG:0.00
GAL_PRN:00,00,00,00,00,00,00,00,00,00,00,00,00,00,00,SAT_TAL:00
GAL_SNR:00,00,00,00,00,00,00,00,00,00,00,00,00,00,00,SNR_AVG:0.00
BEI_PRN:00,00,00,00,00,00,00,00,00,00,00,00,00,00,00,SAT_TAL:00
BEI_SNR:00,00,00,00,00,00,00,00,00,00,00,00,00,00,00,SNR_AVG:0.00
QZS_PRN:00,00,00,00,00,SAT_TAL:00
QZS_SNR:00,00,00,00,00,SNR_AVG:0.00
SatInView:23 GDOP:121
Roll:129.971802 Pitch:90.000000
X_AVG:-8.289181 Y_AVG:2.854999 Z_AVG:-1.685983
X_SD:8.064100 Y_SD:7.859541 Z_SD:3.968464
$MXCM10033,2,20,20240104,021651,12,0E924834,47EE869B,0133,0018,586A,13,A202*1B
GPS_PRN:32,28,10,25,31,26,29,23,12,16,03,196194199195SAT_TAL:15
GPS_SNR:39,35,36,36,36,36,36,27,34,35,22,26,31,20,31,SNR_AVG:32.00
GLO_PRN:00,00,00,00,00,00,00,00,00,00,00,00,00,00,00,SAT_TAL:00
GLO_SNR:00,00,00,00,00,00,00,00,00,00,00,00,00,00,00,SNR_AVG:0.00
GAL_PRN:00,00,00,00,00,00,00,00,00,00,00,00,00,00,00,SAT_TAL:00
GAL_SNR:00,00,00,00,00,00,00,00,00,00,00,00,00,00,00,SNR_AVG:0.00
BEI_PRN:00,00,00,00,00,00,00,00,00,00,00,00,00,00,00,SAT_TAL:00
BEI_SNR:00,00,00,00,00,00,00,00,00,00,00,00,00,00,00,SNR_AVG:0.00
QZS_PRN:00,00,00,00,00,SAT_TAL:00
QZS_SNR:00,00,00,00,00,SNR_AVG:0.00
SatInView:23 GDOP:114
Roll:94.981728 Pitch:62.820812
X_AVG:-8.513617 Y_AVG:3.532907 Z_AVG:-1.166335
X_SD:7.956992 Y_SD:7.762365 Z_SD:3.827045
$MXCM10033,2,21,20240104,021907,12,0E8E68D1,47EEF1F7,019D,0018,4BD9,12,A202*6E
GPS_PRN:32,28,10,25,31,26,29,23,16,12,19619419919500,SAT_TAL:14
GPS_SNR:37,37,39,35,36,35,32,34,35,36,27,29,23,30,00,SNR_AVG:33.21
GLO_PRN:00,00,00,00,00,00,00,00,00,00,00,00,00,00,00,SAT_TAL:00
GLO_SNR:00,00,00,00,00,00,00,00,00,00,00,00,00,00,00,SNR_AVG:0.00
GAL_PRN:31,36,11,05,09,04,24,00,00,00,00,00,00,00,00,SAT_TAL:07
GAL_SNR:30,29,30,31,34,27,34,00,00,00,00,00,00,00,00,SNR_AVG:30.71
BEI_PRN:00,00,00,00,00,00,00,00,00,00,00,00,00,00,00,SAT_TAL:00
BEI_SNR:00,00,00,00,00,00,00,00,00,00,00,00,00,00,00,SNR_AVG:0.00
QZS_PRN:00,00,00,00,00,SAT_TAL:00
QZS_SNR:00,00,00,00,00,SNR_AVG:0.00
SatInView:21 GDOP:121
Roll:55.547123 Pitch:90.000000
X_AVG:-7.497498 Y_AVG:2.679214 Z_AVG:-0.933422
X_SD:7.911269 Y_SD:7.395858 Z_SD:3.380581
$MXCM10033,2,22,20240104,021922,12,0E8DE5FF,47EEDDC6,019F,001A,48F8,12,A202*11
GPS_PRN:32,28,10,25,31,26,29,23,16,12,19619419919500,SAT_TAL:14
GPS_SNR:38,37,38,35,36,34,30,36,33,36,28,29,24,35,00,SNR_AVG:33.50
GLO_PRN:00,00,00,00,00,00,00,00,00,00,00,00,00,00,00,SAT_TAL:00
GLO_SNR:00,00,00,00,00,00,00,00,00,00,00,00,00,00,00,SNR_AVG:0.00
GAL_PRN:31,36,11,05,09,04,24,00,00,00,00,00,00,00,00,SAT_TAL:07
GAL_SNR:31,27,29,29,35,26,33,00,00,00,00,00,00,00,00,SNR_AVG:30.00
BEI_PRN:00,00,00,00,00,00,00,00,00,00,00,00,00,00,00,SAT_TAL:00
BEI_SNR:00,00,00,00,00,00,00,00,00,00,00,00,00,00,00,SNR_AVG:0.00
QZS_PRN:00,00,00,00,00,SAT_TAL:00
QZS_SNR:00,00,00,00,00,SNR_AVG:0.00
SatInView:21 GDOP:121
Roll:95.839241 Pitch:90.000000
X_AVG:-8.804710 Y_AVG:3.134648 Z_AVG:-1.027708
X_SD:7.616938 Y_SD:7.639848 Z_SD:3.209935
$MXCM10033,2,23,20240104,022138,12,0E895192,47EF215E,01BD,0019,4586,12,A202*6B
GPS_PRN:32,28,10,25,31,26,29,23,16,12,03,196194199195SAT_TAL:15
GPS_SNR:38,37,38,35,35,34,29,37,35,36,28,28,29,24,35,SNR_AVG:33.20
GLO_PRN:00,00,00,00,00,00,00,00,00,00,00,00,00,00,00,SAT_TAL:00
GLO_SNR:00,00,00,00,00,00,00,00,00,00,00,00,00,00,00,SNR_AVG:0.00
GAL_PRN:00,00,00,00,00,00,00,00,00,00,00,00,00,00,00,SAT_TAL:00
GAL_SNR:00,00,00,00,00,00,00,00,00,00,00,00,00,00,00,SNR_AVG:0.00
BEI_PRN:00,00,00,00,00,00,00,00,00,00,00,00,00,00,00,SAT_TAL:00
BEI_SNR:00,00,00,00,00,00,00,00,00,00,00,00,00,00,00,SNR_AVG:0.00
QZS_PRN:00,00,00,00,00,SAT_TAL:00
QZS_SNR:00,00,00,00,00,SNR_AVG:0.00
SatInView:22 GDOP:120
Roll:48.894424 Pitch:90.000000
X_AVG:-7.675055 Y_AVG:2.485375 Z_AVG:-0.930501
X_SD:8.425666 Y_SD:7.662480 Z_SD:3.630311
$MXCM10033,2,24,20240104,022153,12,0E88CE0E,47EF3D36,01C1,001A,40E2,11,A202*6E
GPS_PRN:32,28,10,25,31,26,29,23,16,12,03,196194199195SAT_TAL:14
GPS_SNR:37,37,37,35,37,34,00,36,33,36,31,29,28,25,36,SNR_AVG:33.64
GLO_PRN:00,00,00,00,00,00,00,00,00,00,00,00,00,00,00,SAT_TAL:00
GLO_SNR:00,00,00,00,00,00,00,00,00,00,00,00,00,00,00,SNR_AVG:0.00
GAL_PRN:00,00,00,00,00,00,00,00,00,00,00,00,00,00,00,SAT_TAL:00
GAL_SNR:00,00,00,00,00,00,00,00,00,00,00,00,00,00,00,SNR_AVG:0.00
BEI_PRN:00,00,00,00,00,00,00,00,00,00,00,00,00,00,00,SAT_TAL:00
BEI_SNR:00,00,00,00,00,00,00,00,00,00,00,00,00,00,00,SNR_AVG:0.00
QZS_PRN:00,00,00,00,00,SAT_TAL:00
QZS_SNR:00,00,00,00,00,SNR_AVG:0.00
SatInView:22 GDOP:126
Roll:151.120285 Pitch:90.000000
X_AVG:-8.518598 Y_AVG:2.758128 Z_AVG:-0.995050
X_SD:7.717529 Y_SD:7.827834 Z_SD:3.138312
$MXCM10033,2,25,20240104,022409,12,0E8441FB,47F1113A,01A6,001A,3F06,12,A202*69
GPS_PRN:32,28,10,25,31,26,29,23,16,12,03,196194199195SAT_TAL:15
GPS_SNR:37,37,38,35,36,35,20,37,34,35,34,30,29,25,36,SNR_AVG:33.20
GLO_PRN:00,00,00,00,00,00,00,00,00,00,00,00,00,00,00,SAT_TAL:00
GLO_SNR:00,00,00,00,00,00,00,00,00,00,00,00,00,00,00,SNR_AVG:0.00
GAL_PRN:00,00,00,00,00,00,00,00,00,00,00,00,00,00,00,SAT_TAL:00
GAL_SNR:00,00,00,00,00,00,00,00,00,00,00,00,00,00,00,SNR_AVG:0.00
BEI_PRN:00,00,00,00,00,00,00,00,00,00,00,00,00,00,00,SAT_TAL:00
BEI_SNR:00,00,00,00,00,00,00,00,00,00,00,00,00,00,00,SNR_AVG:0.00
QZS_PRN:00,00,00,00,00,SAT_TAL:00
QZS_SNR:00,00,00,00,00,SNR_AVG:0.00
SatInView:22 GDOP:121
Roll:-1.153725 Pitch:90.000000
X_AVG:-7.646277 Y_AVG:2.509365 Z_AVG:-1.238354
X_SD:8.468505 Y_SD:7.578764 Z_SD:2.656272
$MXCM10033,2,26,20240104,022424,12,0E83C766,47F158C2,01A4,001A,3B52,12,A202*1E
GPS_PRN:32,28,10,31,25,26,29,23,16,12,03,196194199195SAT_TAL:15
GPS_SNR:36,37,37,37,33,35,28,36,32,35,31,29,27,24,36,SNR_AVG:32.87
GLO_PRN:00,00,00,00,00,00,00,00,00,00,00,00,00,00,00,SAT_TAL:00
GLO_SNR:00,00,00,00,00,00,00,00,00,00,00,00,00,00,00,SNR_AVG:0.00
GAL_PRN:00,00,00,00,00,00,00,00,00,00,00,00,00,00,00,SAT_TAL:00
GAL_SNR:00,00,00,00,00,00,00,00,00,00,00,00,00,00,00,SNR_AVG:0.00
BEI_PRN:00,00,00,00,00,00,00,00,00,00,00,00,00,00,00,SAT_TAL:00
BEI_SNR:00,00,00,00,00,00,00,00,00,00,00,00,00,00,00,SNR_AVG:0.00
QZS_PRN:00,00,00,00,00,SAT_TAL:00
QZS_SNR:00,00,00,00,00,SNR_AVG:0.00
SatInView:22 GDOP:121
Roll:102.443382 Pitch:90.000000
X_AVG:-8.840002 Y_AVG:4.402020 Z_AVG:-1.161211
X_SD:9.766951 Y_SD:9.359097 Z_SD:6.141542
$MXCM10033,2,27,20240104,022640,12,0E7EE3D4,47F281AA,0169,001A,47B1,13,A202*1F
GPS_PRN:32,28,10,31,25,26,29,23,16,03,12,194196199195SAT_TAL:15
GPS_SNR:38,36,39,34,35,34,29,34,36,28,36,29,29,25,30,SNR_AVG:32.80
GLO_PRN:00,00,00,00,00,00,00,00,00,00,00,00,00,00,00,SAT_TAL:00
GLO_SNR:00,00,00,00,00,00,00,00,00,00,00,00,00,00,00,SNR_AVG:0.00
GAL_PRN:00,00,00,00,00,00,00,00,00,00,00,00,00,00,00,SAT_TAL:00
GAL_SNR:00,00,00,00,00,00,00,00,00,00,00,00,00,00,00,SNR_AVG:0.00
BEI_PRN:00,00,00,00,00,00,00,00,00,00,00,00,00,00,00,SAT_TAL:00
BEI_SNR:00,00,00,00,00,00,00,00,00,00,00,00,00,00,00,SNR_AVG:0.00
QZS_PRN:00,00,00,00,00,SAT_TAL:00
QZS_SNR:00,00,00,00,00,SNR_AVG:0.00
SatInView:22 GDOP:111
Roll:1.405518 Pitch:90.000000
X_AVG:-7.551368 Y_AVG:2.513867 Z_AVG:-1.066782
X_SD:9.431660 Y_SD:8.483791 Z_SD:4.641760
$MXCM10033,2,28,20240104,022655,12,0E7E52AF,47F28033,0168,001A,465C,13,A202*16
GPS_PRN:32,28,10,31,26,25,29,23,16,03,12,194196199195SAT_TAL:15
GPS_SNR:38,36,39,36,34,36,29,35,33,28,36,30,29,24,33,SNR_AVG:33.07
GLO_PRN:00,00,00,00,00,00,00,00,00,00,00,00,00,00,00,SAT_TAL:00
GLO_SNR:00,00,00,00,00,00,00,00,00,00,00,00,00,00,00,SNR_AVG:0.00
GAL_PRN:00,00,00,00,00,00,00,00,00,00,00,00,00,00,00,SAT_TAL:00
GAL_SNR:00,00,00,00,00,00,00,00,00,00,00,00,00,00,00,SNR_AVG:0.00
BEI_PRN:00,00,00,00,00,00,00,00,00,00,00,00,00,00,00,SAT_TAL:00
BEI_SNR:00,00,00,00,00,00,00,00,00,00,00,00,00,00,00,SNR_AVG:0.00
QZS_PRN:00,00,00,00,00,SAT_TAL:00
QZS_SNR:00,00,00,00,00,SNR_AVG:0.00
SatInView:22 GDOP:111
Roll:162.667480 Pitch:90.000000
X_AVG:-6.984937 Y_AVG:1.511490 Z_AVG:-0.782824
X_SD:7.899688 Y_SD:7.111593 Z_SD:3.534403
$MXCM10033,2,29,20240104,022911,12,0E79706C,47F2763C,013E,001C,4B22,12,A202*16
GPS_PRN:32,28,10,31,26,25,29,16,23,03,12,194196199195SAT_TAL:15
GPS_SNR:39,37,38,35,35,36,33,36,31,26,37,32,29,23,30,SNR_AVG:33.13
GLO_PRN:00,00,00,00,00,00,00,00,00,00,00,00,00,00,00,SAT_TAL:00
GLO_SNR:00,00,00,00,00,00,00,00,00,00,00,00,00,00,00,SNR_AVG:0.00
GAL_PRN:00,00,00,00,00,00,00,00,00,00,00,00,00,00,00,SAT_TAL:00
GAL_SNR:00,00,00,00,00,00,00,00,00,00,00,00,00,00,00,SNR_AVG:0.00
BEI_PRN:00,00,00,00,00,00,00,00,00,00,00,00,00,00,00,SAT_TAL:00
BEI_SNR:00,00,00,00,00,00,00,00,00,00,00,00,00,00,00,SNR_AVG:0.00
QZS_PRN:00,00,00,00,00,SAT_TAL:00
QZS_SNR:00,00,00,00,00,SNR_AVG:0.00
SatInView:23 GDOP:127
Roll:65.251701 Pitch:90.000000
X_AVG:-8.129867 Y_AVG:2.371935 Z_AVG:-1.135928
X_SD:9.105596 Y_SD:8.471265 Z_SD:4.444502
$MXCM10033,2,30,20240104,022926,12,0E78E4FD,47F25679,012A,001A,4A9B,12,A202*19
GPS_PRN:32,28,10,26,31,25,29,16,23,03,12,194196199195SAT_TAL:15
GPS_SNR:38,36,27,35,37,36,35,35,35,29,36,32,29,24,34,SNR_AVG:33.20
GLO_PRN:00,00,00,00,00,00,00,00,00,00,00,00,00,00,00,SAT_TAL:00
GLO_SNR:00,00,00,00,00,00,00,00,00,00,00,00,00,00,00,SNR_AVG:0.00
GAL_PRN:00,00,00,00,00,00,00,00,00,00,00,00,00,00,00,SAT_TAL:00
GAL_SNR:00,00,00,00,00,00,00,00,00,00,00,00,00,00,00,SNR_AVG:0.00
BEI_PRN:00,00,00,00,00,00,00,00,00,00,00,00,00,00,00,SAT_TAL:00
BEI_SNR:00,00,00,00,00,00,00,00,00,00,00,00,00,00,00,SNR_AVG:0.00
QZS_PRN:00,00,00,00,00,SAT_TAL:00
QZS_SNR:00,00,00,00,00,SNR_AVG:0.00
SatInView:23 GDOP:127
Roll:-15.895953 Pitch:90.000000
X_AVG:-7.992437 Y_AVG:2.962788 Z_AVG:-0.527166
X_SD:9.398087 Y_SD:8.269237 Z_SD:4.725421
$MXCM10033,2,31,20240104,023142,12,0E746C57,47F18258,0108,0014,4EEF,12,A202*60
GPS_PRN:32,28,31,26,10,25,29,16,23,03,12,194196199195SAT_TAL:15
GPS_SNR:39,35,35,29,35,36,36,36,37,28,34,34,29,24,36,SNR_AVG:33.53
GLO_PRN:00,00,00,00,00,00,00,00,00,00,00,00,00,00,00,SAT_TAL:00
GLO_SNR:00,00,00,00,00,00,00,00,00,00,00,00,00,00,00,SNR_AVG:0.00
GAL_PRN:00,00,00,00,00,00,00,00,00,00,00,00,00,00,00,SAT_TAL:00
GAL_SNR:00,00,00,00,00,00,00,00,00,00,00,00,00,00,00,SNR_AVG:0.00
BEI_PRN:00,00,00,00,00,00,00,00,00,00,00,00,00,00,00,SAT_TAL:00
BEI_SNR:00,00,00,00,00,00,00,00,00,00,00,00,00,00,00,SNR_AVG:0.00
QZS_PRN:00,00,00,00,00,SAT_TAL:00
QZS_SNR:00,00,00,00,00,SNR_AVG:0.00
SatInView:23 GDOP:127
Roll:18.896040 Pitch:71.723320
X_AVG:-7.195535 Y_AVG:2.392382 Z_AVG:-1.735975
X_SD:10.657885 Y_SD:9.984499 Z_SD:7.510575
$MXCM10033,2,32,20240104,023157,12,0E73F6FE,47F18214,0100,0017,40E9,12,A202*6D
GPS_PRN:32,28,26,31,10,25,29,16,23,03,12,194196199195SAT_TAL:15
GPS_SNR:38,36,34,36,38,35,19,33,35,30,20,30,30,24,35,SNR_AVG:31.53
GLO_PRN:00,00,00,00,00,00,00,00,00,00,00,00,00,00,00,SAT_TAL:00
GLO_SNR:00,00,00,00,00,00,00,00,00,00,00,00,00,00,00,SNR_AVG:0.00
GAL_PRN:00,00,00,00,00,00,00,00,00,00,00,00,00,00,00,SAT_TAL:00
GAL_SNR:00,00,00,00,00,00,00,00,00,00,00,00,00,00,00,SNR_AVG:0.00
BEI_PRN:00,00,00,00,00,00,00,00,00,00,00,00,00,00,00,SAT_TAL:00
BEI_SNR:00,00,00,00,00,00,00,00,00,00,00,00,00,00,00,SNR_AVG:0.00
QZS_PRN:00,00,00,00,00,SAT_TAL:00
QZS_SNR:00,00,00,00,00,SNR_AVG:0.00
SatInView:23 GDOP:127
Roll:100.378479 Pitch:90.000000
X_AVG:-8.816155 Y_AVG:4.347910 Z_AVG:-0.967038
X_SD:9.261877 Y_SD:8.642702 Z_SD:3.412546
$MXCM10033,2,33,20240104,023412,12,0E70FE15,47EF9F3F,00CE,0006,41D0,12,A202*60
GPS_PRN:32,28,26,31,10,25,29,16,23,03,12,194196199195SAT_TAL:15
GPS_SNR:39,37,29,36,38,29,38,26,32,31,29,33,33,27,35,SNR_AVG:32.80
GLO_PRN:00,00,00,00,00,00,00,00,00,00,00,00,00,00,00,SAT_TAL:00
GLO_SNR:00,00,00,00,00,00,00,00,00,00,00,00,00,00,00,SNR_AVG:0.00
GAL_PRN:00,00,00,00,00,00,00,00,00,00,00,00,00,00,00,SAT_TAL:00
GAL_SNR:00,00,00,00,00,00,00,00,00,00,00,00,00,00,00,SNR_AVG:0.00
BEI_PRN:00,00,00,00,00,00,00,00,00,00,00,00,00,00,00,SAT_TAL:00
BEI_SNR:00,00,00,00,00,00,00,00,00,00,00,00,00,00,00,SNR_AVG:0.00
QZS_PRN:00,00,00,00,00,SAT_TAL:00
QZS_SNR:00,00,00,00,00,SNR_AVG:0.00
SatInView:23 GDOP:126
Roll:103.874008 Pitch:51.470184
X_AVG:-10.208028 Y_AVG:7.158807 Z_AVG:-1.619566
X_SD:5.504342 Y_SD:7.969938 Z_SD:3.660235
$MXCM10033,2,34,20240104,023427,12,0E710306,47EF9AFA,00C1,0000,71D2,11,A201*64
GPS_PRN:32,28,26,31,10,25,29,16,23,12,19419619919500,SAT_TAL:13
GPS_SNR:41,29,20,19,39,37,38,20,37,00,41,38,30,36,00,SNR_AVG:32.69
GLO_PRN:00,00,00,00,00,00,00,00,00,00,00,00,00,00,00,SAT_TAL:00
GLO_SNR:00,00,00,00,00,00,00,00,00,00,00,00,00,00,00,SNR_AVG:0.00
GAL_PRN:04,25,11,36,31,09,24,05,00,00,00,00,00,00,00,SAT_TAL:07
GAL_SNR:36,13,00,12,34,29,26,14,00,00,00,00,00,00,00,SNR_AVG:23.43
BEI_PRN:00,00,00,00,00,00,00,00,00,00,00,00,00,00,00,SAT_TAL:00
BEI_SNR:00,00,00,00,00,00,00,00,00,00,00,00,00,00,00,SNR_AVG:0.00
QZS_PRN:00,00,00,00,00,SAT_TAL:00
QZS_SNR:00,00,00,00,00,SNR_AVG:0.00
SatInView:22 GDOP:113
Roll:128.689087 Pitch:5.829387
X_AVG:-0.071540 Y_AVG:7.757561 Z_AVG:-4.693209
X_SD:2.647860 Y_SD:3.502174 Z_SD:3.794132
$MXCM10033,2,35,20240104,023642,00,0E71033F,47EF9AF1,00C1,0000,0000,00,A201*14
GPS_PRN:32,28,26,31,10,25,29,16,03,23,12,194196199195SAT_TAL:03
GPS_SNR:21,00,00,00,00,00,26,00,00,24,00,00,00,00,00,SNR_AVG:23.67
GLO_PRN:00,00,00,00,00,00,00,00,00,00,00,00,00,00,00,SAT_TAL:00
GLO_SNR:00,00,00,00,00,00,00,00,00,00,00,00,00,00,00,SNR_AVG:0.00
GAL_PRN:00,00,00,00,00,00,00,00,00,00,00,00,00,00,00,SAT_TAL:00
GAL_SNR:00,00,00,00,00,00,00,00,00,00,00,00,00,00,00,SNR_AVG:0.00
BEI_PRN:00,00,00,00,00,00,00,00,00,00,00,00,00,00,00,SAT_TAL:00
BEI_SNR:00,00,00,00,00,00,00,00,00,00,00,00,00,00,00,SNR_AVG:0.00
QZS_PRN:00,00,00,00,00,SAT_TAL:00
QZS_SNR:00,00,00,00,00,SNR_AVG:0.00
SatInView:22 GDOP:319
Roll:118.475075 Pitch:13.090583
X_AVG:-4.412267 Y_AVG:8.533250 Z_AVG:-3.599084
X_SD:3.116045 Y_SD:2.227316 Z_SD:2.387154
$MXCM10033,2,36,20240104,023657,12,0E70FDBE,47EFA310,00C1,0000,0000,05,A202*18
GPS_PRN:19528,26,31,10,29,23,32,19419619900,00,00,00,SAT_TAL:06
GPS_SNR:25,00,00,00,18,26,31,20,20,00,00,00,00,00,00,SNR_AVG:23.33
GLO_PRN:00,00,00,00,00,00,00,00,00,00,00,00,00,00,00,SAT_TAL:00
GLO_SNR:00,00,00,00,00,00,00,00,00,00,00,00,00,00,00,SNR_AVG:0.00
GAL_PRN:36,00,00,00,00,00,00,00,00,00,00,00,00,00,00,SAT_TAL:00
GAL_SNR:00,00,00,00,00,00,00,00,00,00,00,00,00,00,00,SNR_AVG:0.00
BEI_PRN:00,00,00,00,00,00,00,00,00,00,00,00,00,00,00,SAT_TAL:00
BEI_SNR:00,00,00,00,00,00,00,00,00,00,00,00,00,00,00,SNR_AVG:0.00
QZS_PRN:00,00,00,00,00,SAT_TAL:00
QZS_SNR:00,00,00,00,00,SNR_AVG:0.00
SatInView:12 GDOP:302
Roll:106.346603 Pitch:51.033051
X_AVG:-7.376349 Y_AVG:5.604508 Z_AVG:-3.201304
X_SD:2.641565 Y_SD:5.822822 Z_SD:3.316552
$MXCM10033,2,37,20240104,023911,12,0E7103CC,47EFA240,00C1,0000,0000,06,A201*17
GPS_PRN:19528,26,31,10,29,16,03,23,32,19419619900,00,SAT_TAL:06
GPS_SNR:22,00,00,00,00,22,00,00,21,17,26,17,00,00,00,SNR_AVG:20.83
GLO_PRN:00,00,00,00,00,00,00,00,00,00,00,00,00,00,00,SAT_TAL:00
GLO_SNR:00,00,00,00,00,00,00,00,00,00,00,00,00,00,00,SNR_AVG:0.00
GAL_PRN:31,00,00,00,00,00,00,00,00,00,00,00,00,00,00,SAT_TAL:00
GAL_SNR:00,00,00,00,00,00,00,00,00,00,00,00,00,00,00,SNR_AVG:0.00
BEI_PRN:00,00,00,00,00,00,00,00,00,00,00,00,00,00,00,SAT_TAL:00
BEI_SNR:00,00,00,00,00,00,00,00,00,00,00,00,00,00,00,SNR_AVG:0.00
QZS_PRN:00,00,00,00,00,SAT_TAL:00
QZS_SNR:00,00,00,00,00,SNR_AVG:0.00
SatInView:14 GDOP:284
Roll:103.920670 Pitch:18.162163
X_AVG:-3.075222 Y_AVG:8.886785 Z_AVG:-2.788487
X_SD:0.155727 Y_SD:0.167777 Z_SD:0.158550
$MXCM10033,2,38,20240104,023927,12,0E70FB7E,47EFA62A,00C5,0001,739D,08,A201*68
GPS_PRN:32,28,26,31,10,29,16,23,12,19419619919500,00,SAT_TAL:08
GPS_SNR:18,00,15,00,17,22,00,22,00,18,17,00,24,00,00,SNR_AVG:19.12
GLO_PRN:00,00,00,00,00,00,00,00,00,00,00,00,00,00,00,SAT_TAL:00
GLO_SNR:00,00,00,00,00,00,00,00,00,00,00,00,00,00,00,SNR_AVG:0.00
GAL_PRN:31,25,36,05,09,24,04,00,00,00,00,00,00,00,00,SAT_TAL:00
GAL_SNR:00,00,00,00,00,00,00,00,00,00,00,00,00,00,00,SNR_AVG:0.00
BEI_PRN:00,00,00,00,00,00,00,00,00,00,00,00,00,00,00,SAT_TAL:00
BEI_SNR:00,00,00,00,00,00,00,00,00,00,00,00,00,00,00,SNR_AVG:0.00
QZS_PRN:00,00,00,00,00,SAT_TAL:00
QZS_SNR:00,00,00,00,00,SNR_AVG:0.00
SatInView:20 GDOP:216
Roll:104.614922 Pitch:14.760762
X_AVG:-2.820857 Y_AVG:8.831095 Z_AVG:-3.042230
X_SD:0.850590 Y_SD:0.960052 Z_SD:0.852478
$MXCM10033,2,39,20240104,024142,00,0E70FFD2,47EF9902,00C3,0000,0000,00,A202*15
GPS_PRN:19528,26,31,10,25,29,16,03,23,19419932,00,00,SAT_TAL:04
GPS_SNR:17,00,00,00,00,17,00,00,00,16,00,00,16,00,00,SNR_AVG:16.50
GLO_PRN:00,00,00,00,00,00,00,00,00,00,00,00,00,00,00,SAT_TAL:00
GLO_SNR:00,00,00,00,00,00,00,00,00,00,00,00,00,00,00,SNR_AVG:0.00
GAL_PRN:04,05,31,09,24,00,00,00,00,00,00,00,00,00,00,SAT_TAL:00
GAL_SNR:00,00,00,00,00,00,00,00,00,00,00,00,00,00,00,SNR_AVG:0.00
BEI_PRN:00,00,00,00,00,00,00,00,00,00,00,00,00,00,00,SAT_TAL:00
BEI_SNR:00,00,00,00,00,00,00,00,00,00,00,00,00,00,00,SNR_AVG:0.00
QZS_PRN:00,00,00,00,00,SAT_TAL:00
QZS_SNR:00,00,00,00,00,SNR_AVG:0.00
SatInView:18 GDOP:1145
Roll:-166.123795 Pitch:90.000000
X_AVG:-9.750966 Y_AVG:-0.853742 Z_AVG:-2.101098
X_SD:0.693999 Y_SD:0.562134 Z_SD:0.565439
$MXCM10033,2,40,20240104,024158,12,0E70FEA0,47EFA34E,00C3,0000,6A38,08,A202*62
GPS_PRN:32,28,26,31,10,25,29,16,23,19419619919500,00,SAT_TAL:09
GPS_SNR:23,15,00,00,17,24,23,00,28,27,00,14,20,00,00,SNR_AVG:21.22
GLO_PRN:00,00,00,00,00,00,00,00,00,00,00,00,00,00,00,SAT_TAL:00
GLO_SNR:00,00,00,00,00,00,00,00,00,00,00,00,00,00,00,SNR_AVG:0.00
GAL_PRN:05,25,31,09,24,04,00,00,00,00,00,00,00,00,00,SAT_TAL:00
GAL_SNR:00,00,00,00,00,00,00,00,00,00,00,00,00,00,00,SNR_AVG:0.00
BEI_PRN:00,00,00,00,00,00,00,00,00,00,00,00,00,00,00,SAT_TAL:00
BEI_SNR:00,00,00,00,00,00,00,00,00,00,00,00,00,00,00,SNR_AVG:0.00
QZS_PRN:00,00,00,00,00,SAT_TAL:00
QZS_SNR:00,00,00,00,00,SNR_AVG:0.00
SatInView:19 GDOP:174
Roll:60.592144 Pitch:70.654846
X_AVG:-9.180464 Y_AVG:3.426124 Z_AVG:1.793580
X_SD:1.380888 Y_SD:0.678721 Z_SD:0.900581
$MXCM10033,2,41,20240104,024413,00,0E70FEB6,47EFA373,00C3,0000,0000,00,A202*6E
GPS_PRN:32,31,00,00,00,00,00,00,00,00,00,00,00,00,00,SAT_TAL:00
GPS_SNR:00,00,00,00,00,00,00,00,00,00,00,00,00,00,00,SNR_AVG:0.00
GLO_PRN:00,00,00,00,00,00,00,00,00,00,00,00,00,00,00,SAT_TAL:00
GLO_SNR:00,00,00,00,00,00,00,00,00,00,00,00,00,00,00,SNR_AVG:0.00
GAL_PRN:00,00,00,00,00,00,00,00,00,00,00,00,00,00,00,SAT_TAL:00
GAL_SNR:00,00,00,00,00,00,00,00,00,00,00,00,00,00,00,SNR_AVG:0.00
BEI_PRN:00,00,00,00,00,00,00,00,00,00,00,00,00,00,00,SAT_TAL:00
BEI_SNR:00,00,00,00,00,00,00,00,00,00,00,00,00,00,00,SNR_AVG:0.00
QZS_PRN:00,00,00,00,00,SAT_TAL:00
QZS_SNR:00,00,00,00,00,SNR_AVG:0.00
SatInView:2 GDOP:17319
Roll:-54.926098 Pitch:55.386711
X_AVG:-7.923770 Y_AVG:-4.969984 Z_AVG:3.094616
X_SD:0.077416 Y_SD:0.059089 Z_SD:0.133276
$MXCM10033,2,42,20240104,024428,00,0E70FEB6,47EFA373,00C3,0000,0000,00,A202*65
GPS_PRN:19526,10,29,16,03,19928,19400,00,00,00,00,00,SAT_TAL:00
GPS_SNR:00,00,00,00,00,00,00,00,00,00,00,00,00,00,00,SNR_AVG:0.00
GLO_PRN:00,00,00,00,00,00,00,00,00,00,00,00,00,00,00,SAT_TAL:00
GLO_SNR:00,00,00,00,00,00,00,00,00,00,00,00,00,00,00,SNR_AVG:0.00
GAL_PRN:31,09,00,00,00,00,00,00,00,00,00,00,00,00,00,SAT_TAL:00
GAL_SNR:00,00,00,00,00,00,00,00,00,00,00,00,00,00,00,SNR_AVG:0.00
BEI_PRN:00,00,00,00,00,00,00,00,00,00,00,00,00,00,00,SAT_TAL:00
BEI_SNR:00,00,00,00,00,00,00,00,00,00,00,00,00,00,00,SNR_AVG:0.00
QZS_PRN:00,00,00,00,00,SAT_TAL:00
QZS_SNR:00,00,00,00,00,SNR_AVG:0.00
SatInView:11 GDOP:17319
Roll:-60.465115 Pitch:51.815315
X_AVG:-7.902365 Y_AVG:-5.035443 Z_AVG:3.056068
X_SD:0.073444 Y_SD:0.063735 Z_SD:0.119007
$MXCM10033,2,43,20240104,024643,12,0E7107EE,47EFA091,00C3,0000,2C43,08,A202*68
GPS_PRN:32,28,26,31,10,25,29,16,03,23,19419619919500,SAT_TAL:09
GPS_SNR:24,00,00,15,27,21,31,00,00,21,25,15,00,28,00,SNR_AVG:23.00
GLO_PRN:00,00,00,00,00,00,00,00,00,00,00,00,00,00,00,SAT_TAL:00
GLO_SNR:00,00,00,00,00,00,00,00,00,00,00,00,00,00,00,SNR_AVG:0.00
GAL_PRN:05,25,09,31,24,04,00,00,00,00,00,00,00,00,00,SAT_TAL:00
GAL_SNR:00,00,00,00,00,00,00,00,00,00,00,00,00,00,00,SNR_AVG:0.00
BEI_PRN:00,00,00,00,00,00,00,00,00,00,00,00,00,00,00,SAT_TAL:00
BEI_SNR:00,00,00,00,00,00,00,00,00,00,00,00,00,00,00,SNR_AVG:0.00
QZS_PRN:00,00,00,00,00,SAT_TAL:00
QZS_SNR:00,00,00,00,00,SNR_AVG:0.00
SatInView:20 GDOP:157
Roll:-12.361785 Pitch:49.045631
X_AVG:-7.224074 Y_AVG:-2.170292 Z_AVG:6.089439
X_SD:0.315998 Y_SD:0.373747 Z_SD:0.514193
$MXCM10033,2,44,20240104,024659,12,0E71053B,47EFA160,00C3,0000,2C43,0E,A202*65
GPS_PRN:32,28,26,31,10,25,29,16,23,19419619919500,00,SAT_TAL:12
GPS_SNR:19,21,15,17,21,19,28,00,25,19,17,15,28,00,00,SNR_AVG:20.33
GLO_PRN:00,00,00,00,00,00,00,00,00,00,00,00,00,00,00,SAT_TAL:00
GLO_SNR:00,00,00,00,00,00,00,00,00,00,00,00,00,00,00,SNR_AVG:0.00
GAL_PRN:05,25,09,31,24,04,00,00,00,00,00,00,00,00,00,SAT_TAL:04
GAL_SNR:00,00,16,17,14,23,00,00,00,00,00,00,00,00,00,SNR_AVG:17.50
BEI_PRN:00,00,00,00,00,00,00,00,00,00,00,00,00,00,00,SAT_TAL:00
BEI_SNR:00,00,00,00,00,00,00,00,00,00,00,00,00,00,00,SNR_AVG:0.00
QZS_PRN:00,00,00,00,00,SAT_TAL:00
QZS_SNR:00,00,00,00,00,SNR_AVG:0.00
SatInView:19 GDOP:137
Roll:-8.652699 Pitch:49.180248
X_AVG:-7.128400 Y_AVG:-0.949033 Z_AVG:6.413094
X_SD:0.148983 Y_SD:0.182335 Z_SD:0.258959
$MXCM10033,2,45,20240104,024915,12,0E70FBB0,47EFA288,00C3,0000,7AFF,0F,A202*66
GPS_PRN:32,28,26,31,10,25,29,16,03,23,19419619919500,SAT_TAL:12
GPS_SNR:42,28,27,24,33,36,40,19,00,20,32,23,00,44,00,SNR_AVG:30.67
GLO_PRN:00,00,00,00,00,00,00,00,00,00,00,00,00,00,00,SAT_TAL:00
GLO_SNR:00,00,00,00,00,00,00,00,00,00,00,00,00,00,00,SNR_AVG:0.00
GAL_PRN:05,25,09,31,24,04,00,00,00,00,00,00,00,00,00,SAT_TAL:04
GAL_SNR:21,00,23,25,00,40,00,00,00,00,00,00,00,00,00,SNR_AVG:27.25
BEI_PRN:00,00,00,00,00,00,00,00,00,00,00,00,00,00,00,SAT_TAL:00
BEI_SNR:00,00,00,00,00,00,00,00,00,00,00,00,00,00,00,SNR_AVG:0.00
QZS_PRN:00,00,00,00,00,SAT_TAL:00
QZS_SNR:00,00,00,00,00,SNR_AVG:0.00
SatInView:20 GDOP:121
Roll:0.000000 Pitch:0.000000
X_AVG:0.264612 Y_AVG:-0.698163 Z_AVG:-10.247964
X_SD:0.068536 Y_SD:0.065222 Z_SD:0.119680
$MXCM10033,2,46,20240104,024930,12,0E70FBFC,47EFA305,00C3,0000,7AFF,10,A202*66
GPS_PRN:32,28,26,31,10,25,29,16,23,19419619919500,00,SAT_TAL:12
GPS_SNR:40,24,23,26,33,36,38,14,24,31,24,00,44,00,00,SNR_AVG:29.75
GLO_PRN:00,00,00,00,00,00,00,00,00,00,00,00,00,00,00,SAT_TAL:00
GLO_SNR:00,00,00,00,00,00,00,00,00,00,00,00,00,00,00,SNR_AVG:0.00
GAL_PRN:05,25,09,31,24,04,00,00,00,00,00,00,00,00,00,SAT_TAL:05
GAL_SNR:21,00,25,27,19,40,00,00,00,00,00,00,00,00,00,SNR_AVG:26.40
BEI_PRN:00,00,00,00,00,00,00,00,00,00,00,00,00,00,00,SAT_TAL:00
BEI_SNR:00,00,00,00,00,00,00,00,00,00,00,00,00,00,00,SNR_AVG:0.00
QZS_PRN:00,00,00,00,00,SAT_TAL:00
QZS_SNR:00,00,00,00,00,SNR_AVG:0.00
SatInView:19 GDOP:119
Roll:0.000000 Pitch:0.000000
X_AVG:0.273759 Y_AVG:-0.706447 Z_AVG:-10.240542
X_SD:0.067212 Y_SD:0.056804 Z_SD:0.108767
$MXCM10033,2,47,20240104,025146,12,0E70FF16,47EF9FA1,00C2,0000,34F3,0E,A202*60
GPS_PRN:32,28,26,31,10,29,25,16,03,19419619919500,00,SAT_TAL:11
GPS_SNR:40,25,00,21,21,39,37,19,00,29,30,23,44,00,00,SNR_AVG:29.82
GLO_PRN:00,00,00,00,00,00,00,00,00,00,00,00,00,00,00,SAT_TAL:00
GLO_SNR:00,00,00,00,00,00,00,00,00,00,00,00,00,00,00,SNR_AVG:0.00
GAL_PRN:05,25,09,31,24,04,00,00,00,00,00,00,00,00,00,SAT_TAL:04
GAL_SNR:00,00,20,26,21,42,00,00,00,00,00,00,00,00,00,SNR_AVG:27.25
BEI_PRN:00,00,00,00,00,00,00,00,00,00,00,00,00,00,00,SAT_TAL:00
BEI_SNR:00,00,00,00,00,00,00,00,00,00,00,00,00,00,00,SNR_AVG:0.00
QZS_PRN:00,00,00,00,00,SAT_TAL:00
QZS_SNR:00,00,00,00,00,SNR_AVG:0.00
SatInView:19 GDOP:132
Roll:0.000000 Pitch:0.000000
X_AVG:0.274620 Y_AVG:-0.698211 Z_AVG:-10.239824
X_SD:0.070356 Y_SD:0.061707 Z_SD:0.113687
$MXCM10033,2,48,20240104,025201,12,0E70FED9,47EF9FCA,00C2,0000,34F3,0F,A202*67
GPS_PRN:32,28,26,31,10,29,25,16,19419619919500,00,00,SAT_TAL:12
GPS_SNR:40,23,25,17,21,39,37,15,30,30,20,44,00,00,00,SNR_AVG:28.42
GLO_PRN:00,00,00,00,00,00,00,00,00,00,00,00,00,00,00,SAT_TAL:00
GLO_SNR:00,00,00,00,00,00,00,00,00,00,00,00,00,00,00,SNR_AVG:0.00
GAL_PRN:05,25,09,31,24,04,00,00,00,00,00,00,00,00,00,SAT_TAL:05
GAL_SNR:00,17,20,24,21,42,00,00,00,00,00,00,00,00,00,SNR_AVG:24.80
BEI_PRN:00,00,00,00,00,00,00,00,00,00,00,00,00,00,00,SAT_TAL:00
BEI_SNR:00,00,00,00,00,00,00,00,00,00,00,00,00,00,00,SNR_AVG:0.00
QZS_PRN:00,00,00,00,00,SAT_TAL:00
QZS_SNR:00,00,00,00,00,SNR_AVG:0.00
SatInView:18 GDOP:131
Roll:0.000000 Pitch:0.000000
X_AVG:0.275722 Y_AVG:-0.697541 Z_AVG:-10.231252
X_SD:0.074088 Y_SD:0.061343 Z_SD:0.120162
$MXCM10033,2,49,20240104,025417,12,0E70FE91,47EFA3C6,00C2,0000,600C,0F,A202*6F
GPS_PRN:32,28,26,31,10,29,25,16,03,19419619919500,00,SAT_TAL:10
GPS_SNR:40,25,00,22,23,35,33,23,00,31,31,00,43,00,00,SNR_AVG:30.60
GLO_PRN:00,00,00,00,00,00,00,00,00,00,00,00,00,00,00,SAT_TAL:00
GLO_SNR:00,00,00,00,00,00,00,00,00,00,00,00,00,00,00,SNR_AVG:0.00
GAL_PRN:05,25,09,31,24,04,00,00,00,00,00,00,00,00,00,SAT_TAL:05
GAL_SNR:18,18,00,23,24,42,00,00,00,00,00,00,00,00,00,SNR_AVG:25.00
BEI_PRN:00,00,00,00,00,00,00,00,00,00,00,00,00,00,00,SAT_TAL:00
BEI_SNR:00,00,00,00,00,00,00,00,00,00,00,00,00,00,00,SNR_AVG:0.00
QZS_PRN:00,00,00,00,00,SAT_TAL:00
QZS_SNR:00,00,00,00,00,SNR_AVG:0.00
SatInView:19 GDOP:116
Roll:0.000000 Pitch:0.000000
X_AVG:0.270359 Y_AVG:-0.705681 Z_AVG:-10.217988
X_SD:0.072442 Y_SD:0.054879 Z_SD:0.108818
$MXCM10033,2,50,20240104,025432,12,0E70FDC6,47EFA4B2,00C2,0000,600C,10,A202*69
GPS_PRN:32,28,31,10,29,25,16,19419619919500,00,00,00,SAT_TAL:10
GPS_SNR:39,22,23,15,34,34,20,32,32,00,43,00,00,00,00,SNR_AVG:29.40
GLO_PRN:00,00,00,00,00,00,00,00,00,00,00,00,00,00,00,SAT_TAL:00
GLO_SNR:00,00,00,00,00,00,00,00,00,00,00,00,00,00,00,SNR_AVG:0.00
GAL_PRN:05,25,09,31,24,04,00,00,00,00,00,00,00,00,00,SAT_TAL:06
GAL_SNR:17,18,17,24,22,42,00,00,00,00,00,00,00,00,00,SNR_AVG:23.33
BEI_PRN:00,00,00,00,00,00,00,00,00,00,00,00,00,00,00,SAT_TAL:00
BEI_SNR:00,00,00,00,00,00,00,00,00,00,00,00,00,00,00,SNR_AVG:0.00
QZS_PRN:00,00,00,00,00,SAT_TAL:00
QZS_SNR:00,00,00,00,00,SNR_AVG:0.00
SatInView:17 GDOP:116
Roll:0.000000 Pitch:0.000000
X_AVG:0.265762 Y_AVG:-0.701611 Z_AVG:-10.232306
X_SD:0.068385 Y_SD:0.068790 Z_SD:0.110739
$MXCM10033,2,51,20240104,025648,12,0E70FE90,47EFA4B1,00C2,0000,2B04,0C,A202*6A
GPS_PRN:32,28,26,31,29,10,25,16,19419619919500,00,00,SAT_TAL:10
GPS_SNR:36,17,00,27,34,25,34,18,33,18,00,44,00,00,00,SNR_AVG:28.60
GLO_PRN:00,00,00,00,00,00,00,00,00,00,00,00,00,00,00,SAT_TAL:00
GLO_SNR:00,00,00,00,00,00,00,00,00,00,00,00,00,00,00,SNR_AVG:0.00
GAL_PRN:05,25,09,31,24,04,00,00,00,00,00,00,00,00,00,SAT_TAL:03
GAL_SNR:00,00,23,00,22,42,00,00,00,00,00,00,00,00,00,SNR_AVG:29.00
BEI_PRN:00,00,00,00,00,00,00,00,00,00,00,00,00,00,00,SAT_TAL:00
BEI_SNR:00,00,00,00,00,00,00,00,00,00,00,00,00,00,00,SNR_AVG:0.00
QZS_PRN:00,00,00,00,00,SAT_TAL:00
QZS_SNR:00,00,00,00,00,SNR_AVG:0.00
SatInView:18 GDOP:136
Roll:0.000000 Pitch:0.000000
X_AVG:0.260830 Y_AVG:-0.705059 Z_AVG:-10.229097
X_SD:0.074152 Y_SD:0.058683 Z_SD:0.110627
$MXCM10033,2,52,20240104,025703,12,0E70FE33,47EFA491,00C2,0000,2B04,10,A202*67
GPS_PRN:32,28,26,31,29,10,25,16,19419619919500,00,00,SAT_TAL:11
GPS_SNR:36,18,20,25,38,18,34,18,31,18,00,44,00,00,00,SNR_AVG:27.27
GLO_PRN:00,00,00,00,00,00,00,00,00,00,00,00,00,00,00,SAT_TAL:00
GLO_SNR:00,00,00,00,00,00,00,00,00,00,00,00,00,00,00,SNR_AVG:0.00
GAL_PRN:05,25,09,31,24,04,00,00,00,00,00,00,00,00,00,SAT_TAL:06
GAL_SNR:16,18,24,25,21,41,00,00,00,00,00,00,00,00,00,SNR_AVG:24.17
BEI_PRN:00,00,00,00,00,00,00,00,00,00,00,00,00,00,00,SAT_TAL:00
BEI_SNR:00,00,00,00,00,00,00,00,00,00,00,00,00,00,00,SNR_AVG:0.00
QZS_PRN:00,00,00,00,00,SAT_TAL:00
QZS_SNR:00,00,00,00,00,SNR_AVG:0.00
SatInView:18 GDOP:115
Roll:0.000000 Pitch:0.000000
X_AVG:0.257047 Y_AVG:-0.696152 Z_AVG:-10.223351
X_SD:0.070457 Y_SD:0.068168 Z_SD:0.117384
$MXCM10033,2,53,20240104,025919,12,0E70FF7D,47EFA23A,00C2,0000,7AE3,0F,A202*6C
GPS_PRN:32,26,28,31,29,10,25,16,03,19419619919519300,SAT_TAL:13
GPS_SNR:39,20,28,31,45,25,28,00,20,31,24,19,44,19,00,SNR_AVG:28.69
GLO_PRN:00,00,00,00,00,00,00,00,00,00,00,00,00,00,00,SAT_TAL:00
GLO_SNR:00,00,00,00,00,00,00,00,00,00,00,00,00,00,00,SNR_AVG:0.00
GAL_PRN:25,09,31,24,04,05,00,00,00,00,00,00,00,00,00,SAT_TAL:05
GAL_SNR:00,25,21,25,39,18,00,00,00,00,00,00,00,00,00,SNR_AVG:25.60
BEI_PRN:00,00,00,00,00,00,00,00,00,00,00,00,00,00,00,SAT_TAL:00
BEI_SNR:00,00,00,00,00,00,00,00,00,00,00,00,00,00,00,SNR_AVG:0.00
QZS_PRN:00,00,00,00,00,SAT_TAL:00
QZS_SNR:00,00,00,00,00,SNR_AVG:0.00
SatInView:20 GDOP:120
Roll:0.000000 Pitch:0.000000
X_AVG:0.240478 Y_AVG:-0.695817 Z_AVG:-10.217844
X_SD:0.065382 Y_SD:0.061581 Z_SD:0.118127
$MXCM10033,2,54,20240104,025934,12,0E70FF4A,47EFA22F,00C2,0000,7AE3,11,A202*12
GPS_PRN:32,26,28,31,29,10,25,16,03,19419619919500,00,SAT_TAL:13
GPS_SNR:37,16,24,28,44,21,28,21,19,32,25,19,44,00,00,SNR_AVG:27.54
GLO_PRN:00,00,00,00,00,00,00,00,00,00,00,00,00,00,00,SAT_TAL:00
GLO_SNR:00,00,00,00,00,00,00,00,00,00,00,00,00,00,00,SNR_AVG:0.00
GAL_PRN:05,25,09,31,24,04,00,00,00,00,00,00,00,00,00,SAT_TAL:06
GAL_SNR:18,17,19,17,21,39,00,00,00,00,00,00,00,00,00,SNR_AVG:21.83
BEI_PRN:00,00,00,00,00,00,00,00,00,00,00,00,00,00,00,SAT_TAL:00
BEI_SNR:00,00,00,00,00,00,00,00,00,00,00,00,00,00,00,SNR_AVG:0.00
QZS_PRN:00,00,00,00,00,SAT_TAL:00
QZS_SNR:00,00,00,00,00,SNR_AVG:0.00
SatInView:19 GDOP:109
Roll:0.000000 Pitch:0.000000
X_AVG:0.248619 Y_AVG:-0.692273 Z_AVG:-10.235514
X_SD:0.072297 Y_SD:0.062927 Z_SD:0.118771
$MXCM10033,2,55,20240104,030150,12,0E7100B1,47EFA089,00C2,0000,4218,0F,A202*14
GPS_PRN:32,26,28,31,29,16,10,25,03,19419619919500,00,SAT_TAL:12
GPS_SNR:34,28,23,26,44,22,23,37,00,36,28,19,45,00,00,SNR_AVG:30.42
GLO_PRN:00,00,00,00,00,00,00,00,00,00,00,00,00,00,00,SAT_TAL:00
GLO_SNR:00,00,00,00,00,00,00,00,00,00,00,00,00,00,00,SNR_AVG:0.00
GAL_PRN:05,25,09,31,24,04,00,00,00,00,00,00,00,00,00,SAT_TAL:04
GAL_SNR:00,16,23,28,00,39,00,00,00,00,00,00,00,00,00,SNR_AVG:26.50
BEI_PRN:00,00,00,00,00,00,00,00,00,00,00,00,00,00,00,SAT_TAL:00
BEI_SNR:00,00,00,00,00,00,00,00,00,00,00,00,00,00,00,SNR_AVG:0.00
QZS_PRN:00,00,00,00,00,SAT_TAL:00
QZS_SNR:00,00,00,00,00,SNR_AVG:0.00
SatInView:19 GDOP:123
Roll:0.000000 Pitch:0.000000
X_AVG:0.249194 Y_AVG:-0.703431 Z_AVG:-10.223064
X_SD:0.079298 Y_SD:0.065641 Z_SD:0.116446
$MXCM10033,2,56,20240104,030205,12,0E7100A3,47EFA093,00C2,0000,4218,11,A202*68
GPS_PRN:32,26,28,31,29,16,10,25,19419619919500,00,00,SAT_TAL:12
GPS_SNR:33,18,21,25,43,23,17,39,36,28,20,45,00,00,00,SNR_AVG:29.00
GLO_PRN:00,00,00,00,00,00,00,00,00,00,00,00,00,00,00,SAT_TAL:00
GLO_SNR:00,00,00,00,00,00,00,00,00,00,00,00,00,00,00,SNR_AVG:0.00
GAL_PRN:05,25,09,24,31,04,00,00,00,00,00,00,00,00,00,SAT_TAL:06
GAL_SNR:15,18,19,21,27,39,00,00,00,00,00,00,00,00,00,SNR_AVG:23.17
BEI_PRN:00,00,00,00,00,00,00,00,00,00,00,00,00,00,00,SAT_TAL:00
BEI_SNR:00,00,00,00,00,00,00,00,00,00,00,00,00,00,00,SNR_AVG:0.00
QZS_PRN:00,00,00,00,00,SAT_TAL:00
QZS_SNR:00,00,00,00,00,SNR_AVG:0.00
SatInView:18 GDOP:114
Roll:0.000000 Pitch:0.000000
X_AVG:0.252833 Y_AVG:-0.702617 Z_AVG:-10.227182
X_SD:0.072495 Y_SD:0.063398 Z_SD:0.119043
$MXCM10033,2,57,20240104,030420,12,0E710161,47EFA318,00C2,0000,23EF,0F,A202*67
GPS_PRN:32,26,28,31,29,16,10,25,19419619919500,00,00,SAT_TAL:10
GPS_SNR:27,19,00,29,35,27,27,38,34,24,00,46,00,00,00,SNR_AVG:30.60
GLO_PRN:00,00,00,00,00,00,00,00,00,00,00,00,00,00,00,SAT_TAL:00
GLO_SNR:00,00,00,00,00,00,00,00,00,00,00,00,00,00,00,SNR_AVG:0.00
GAL_PRN:05,25,09,24,31,04,00,00,00,00,00,00,00,00,00,SAT_TAL:05
GAL_SNR:16,00,23,24,30,41,00,00,00,00,00,00,00,00,00,SNR_AVG:26.80
BEI_PRN:00,00,00,00,00,00,00,00,00,00,00,00,00,00,00,SAT_TAL:00
BEI_SNR:00,00,00,00,00,00,00,00,00,00,00,00,00,00,00,SNR_AVG:0.00
QZS_PRN:00,00,00,00,00,SAT_TAL:00
QZS_SNR:00,00,00,00,00,SNR_AVG:0.00
SatInView:18 GDOP:120
Roll:0.000000 Pitch:0.000000
X_AVG:0.229130 Y_AVG:-0.699169 Z_AVG:-10.224357
X_SD:0.068961 Y_SD:0.060725 Z_SD:0.117727
$MXCM10033,2,58,20240104,030435,12,0E710138,47EFA2B0,00C2,0000,23EF,11,A202*6C
GPS_PRN:32,26,28,31,29,16,10,25,19419619919500,00,00,SAT_TAL:12
GPS_SNR:22,19,20,25,35,26,20,38,34,24,21,47,00,00,00,SNR_AVG:27.58
GLO_PRN:00,00,00,00,00,00,00,00,00,00,00,00,00,00,00,SAT_TAL:00
GLO_SNR:00,00,00,00,00,00,00,00,00,00,00,00,00,00,00,SNR_AVG:0.00
GAL_PRN:05,25,09,24,31,04,00,00,00,00,00,00,00,00,00,SAT_TAL:06
GAL_SNR:14,19,23,20,28,41,00,00,00,00,00,00,00,00,00,SNR_AVG:24.17
BEI_PRN:00,00,00,00,00,00,00,00,00,00,00,00,00,00,00,SAT_TAL:00
BEI_SNR:00,00,00,00,00,00,00,00,00,00,00,00,00,00,00,SNR_AVG:0.00
QZS_PRN:00,00,00,00,00,SAT_TAL:00
QZS_SNR:00,00,00,00,00,SNR_AVG:0.00
SatInView:18 GDOP:114
Roll:0.000000 Pitch:0.000000
X_AVG:0.221708 Y_AVG:-0.694428 Z_AVG:-10.220622
X_SD:0.079123 Y_SD:0.065684 Z_SD:0.112648
$MXCM10033,2,59,20240104,030651,12,0E70FF85,47EFA7C0,00C2,0000,2AE3,10,A202*69
GPS_PRN:32,26,28,31,29,16,10,25,03,19419619919500,00,SAT_TAL:12
GPS_SNR:37,18,18,23,38,25,35,39,00,34,25,20,45,00,00,SNR_AVG:29.75
GLO_PRN:00,00,00,00,00,00,00,00,00,00,00,00,00,00,00,SAT_TAL:00
GLO_SNR:00,00,00,00,00,00,00,00,00,00,00,00,00,00,00,SNR_AVG:0.00
GAL_PRN:05,25,09,24,31,04,00,00,00,00,00,00,00,00,00,SAT_TAL:05
GAL_SNR:00,19,25,20,30,39,00,00,00,00,00,00,00,00,00,SNR_AVG:26.60
BEI_PRN:00,00,00,00,00,00,00,00,00,00,00,00,00,00,00,SAT_TAL:00
BEI_SNR:00,00,00,00,00,00,00,00,00,00,00,00,00,00,00,SNR_AVG:0.00
QZS_PRN:00,00,00,00,00,SAT_TAL:00
QZS_SNR:00,00,00,00,00,SNR_AVG:0.00
SatInView:19 GDOP:122
Roll:0.000000 Pitch:0.000000
X_AVG:0.224485 Y_AVG:-0.704963 Z_AVG:-10.216264
X_SD:0.071749 Y_SD:0.059868 Z_SD:0.124809
$MXCM10033,2,60,20240104,030706,12,0E70FFAC,47EFA740,00C2,0000,2AE3,11,A202*19
GPS_PRN:32,26,28,31,29,16,10,25,19419619919500,00,00,SAT_TAL:12
GPS_SNR:38,19,17,23,38,24,35,39,35,25,21,45,00,00,00,SNR_AVG:29.92
GLO_PRN:00,00,00,00,00,00,00,00,00,00,00,00,00,00,00,SAT_TAL:00
GLO_SNR:00,00,00,00,00,00,00,00,00,00,00,00,00,00,00,SNR_AVG:0.00
GAL_PRN:05,25,09,24,31,04,00,00,00,00,00,00,00,00,00,SAT_TAL:06
GAL_SNR:14,23,28,23,29,40,00,00,00,00,00,00,00,00,00,SNR_AVG:26.17
BEI_PRN:00,00,00,00,00,00,00,00,00,00,00,00,00,00,00,SAT_TAL:00
BEI_SNR:00,00,00,00,00,00,00,00,00,00,00,00,00,00,00,SNR_AVG:0.00
QZS_PRN:00,00,00,00,00,SAT_TAL:00
QZS_SNR:00,00,00,00,00,SNR_AVG:0.00
SatInView:18 GDOP:114
Roll:0.000000 Pitch:0.000000
X_AVG:0.234876 Y_AVG:-0.702281 Z_AVG:-10.211045
X_SD:0.071302 Y_SD:0.062096 Z_SD:0.117814
$MXCM10033,2,61,20240104,030921,12,0E710047,47EFA47D,00C1,0000,6D22,11,A202*13
GPS_PRN:32,26,28,31,29,16,10,25,03,19419919619519300,SAT_TAL:13
GPS_SNR:39,21,24,26,39,20,24,39,25,34,00,25,44,20,00,SNR_AVG:29.23
GLO_PRN:00,00,00,00,00,00,00,00,00,00,00,00,00,00,00,SAT_TAL:00
GLO_SNR:00,00,00,00,00,00,00,00,00,00,00,00,00,00,00,SNR_AVG:0.00
GAL_PRN:25,09,24,31,04,05,00,00,00,00,00,00,00,00,00,SAT_TAL:05
GAL_SNR:17,18,27,25,42,00,00,00,00,00,00,00,00,00,00,SNR_AVG:25.80
BEI_PRN:00,00,00,00,00,00,00,00,00,00,00,00,00,00,00,SAT_TAL:00
BEI_SNR:00,00,00,00,00,00,00,00,00,00,00,00,00,00,00,SNR_AVG:0.00
QZS_PRN:00,00,00,00,00,SAT_TAL:00
QZS_SNR:00,00,00,00,00,SNR_AVG:0.00
SatInView:20 GDOP:111
Roll:0.000000 Pitch:0.000000
X_AVG:0.239808 Y_AVG:-0.691651 Z_AVG:-10.211715
X_SD:0.072145 Y_SD:0.062677 Z_SD:0.116588
$MXCM10033,2,62,20240104,030936,12,0E710076,47EFA323,00C1,0000,6D22,12,A202*62
GPS_PRN:32,26,28,31,29,16,10,25,03,19419919619500,00,SAT_TAL:13
GPS_SNR:38,24,24,28,40,17,23,39,25,34,18,26,44,00,00,SNR_AVG:29.23
GLO_PRN:00,00,00,00,00,00,00,00,00,00,00,00,00,00,00,SAT_TAL:00
GLO_SNR:00,00,00,00,00,00,00,00,00,00,00,00,00,00,00,SNR_AVG:0.00
GAL_PRN:05,25,09,24,31,04,00,00,00,00,00,00,00,00,00,SAT_TAL:06
GAL_SNR:15,15,19,25,27,42,00,00,00,00,00,00,00,00,00,SNR_AVG:23.83
BEI_PRN:00,00,00,00,00,00,00,00,00,00,00,00,00,00,00,SAT_TAL:00
BEI_SNR:00,00,00,00,00,00,00,00,00,00,00,00,00,00,00,SNR_AVG:0.00
QZS_PRN:00,00,00,00,00,SAT_TAL:00
QZS_SNR:00,00,00,00,00,SNR_AVG:0.00
SatInView:19 GDOP:107
Roll:0.000000 Pitch:0.000000
X_AVG:0.234876 Y_AVG:-0.703766 Z_AVG:-10.228427
X_SD:0.072330 Y_SD:0.061375 Z_SD:0.114744
$MXCM10033,2,63,20240104,031152,12,0E70FF91,47EFA595,00C0,0000,6432,0F,A202*6E
GPS_PRN:32,26,28,31,29,16,10,25,03,19419919619500,00,SAT_TAL:10
GPS_SNR:44,23,17,00,41,18,32,39,20,34,00,00,41,00,00,SNR_AVG:30.90
GLO_PRN:00,00,00,00,00,00,00,00,00,00,00,00,00,00,00,SAT_TAL:00
GLO_SNR:00,00,00,00,00,00,00,00,00,00,00,00,00,00,00,SNR_AVG:0.00
GAL_PRN:05,25,09,24,31,04,00,00,00,00,00,00,00,00,00,SAT_TAL:05
GAL_SNR:17,19,22,00,28,43,00,00,00,00,00,00,00,00,00,SNR_AVG:25.80
BEI_PRN:00,00,00,00,00,00,00,00,00,00,00,00,00,00,00,SAT_TAL:00
BEI_SNR:00,00,00,00,00,00,00,00,00,00,00,00,00,00,00,SNR_AVG:0.00
QZS_PRN:00,00,00,00,00,SAT_TAL:00
QZS_SNR:00,00,00,00,00,SNR_AVG:0.00
SatInView:19 GDOP:113
Roll:0.000000 Pitch:0.000000
X_AVG:0.220079 Y_AVG:-0.701228 Z_AVG:-10.225985
X_SD:0.066813 Y_SD:0.054599 Z_SD:0.113142
$MXCM10033,2,64,20240104,031207,12,0E70FF4F,47EFA565,00C0,0000,6432,11,A202*69
GPS_PRN:32,26,28,31,29,16,10,25,03,19419919619500,00,SAT_TAL:12
GPS_SNR:43,21,15,18,39,17,32,39,14,34,00,20,42,00,00,SNR_AVG:27.83
GLO_PRN:00,00,00,00,00,00,00,00,00,00,00,00,00,00,00,SAT_TAL:00
GLO_SNR:00,00,00,00,00,00,00,00,00,00,00,00,00,00,00,SNR_AVG:0.00
GAL_PRN:05,25,09,24,31,04,00,00,00,00,00,00,00,00,00,SAT_TAL:06
GAL_SNR:17,15,21,23,27,43,00,00,00,00,00,00,00,00,00,SNR_AVG:24.33
BEI_PRN:00,00,00,00,00,00,00,00,00,00,00,00,00,00,00,SAT_TAL:00
BEI_SNR:00,00,00,00,00,00,00,00,00,00,00,00,00,00,00,SNR_AVG:0.00
QZS_PRN:00,00,00,00,00,SAT_TAL:00
QZS_SNR:00,00,00,00,00,SNR_AVG:0.00
SatInView:19 GDOP:114
Roll:0.000000 Pitch:0.000000
X_AVG:0.232625 Y_AVG:-0.700462 Z_AVG:-10.221101
X_SD:0.073803 Y_SD:0.061360 Z_SD:0.114740
$MXCM10033,2,65,20240104,031422,12,0E70FF4F,47EFA302,00C0,0000,289C,0F,A202*6B
GPS_PRN:32,26,28,31,16,29,10,25,03,19419919619500,00,SAT_TAL:12
GPS_SNR:39,18,27,26,24,37,31,37,24,30,00,22,41,00,00,SNR_AVG:29.67
GLO_PRN:00,00,00,00,00,00,00,00,00,00,00,00,00,00,00,SAT_TAL:00
GLO_SNR:00,00,00,00,00,00,00,00,00,00,00,00,00,00,00,SNR_AVG:0.00
GAL_PRN:05,25,09,24,31,04,00,00,00,00,00,00,00,00,00,SAT_TAL:03
GAL_SNR:00,00,17,27,00,44,00,00,00,00,00,00,00,00,00,SNR_AVG:29.33
BEI_PRN:00,00,00,00,00,00,00,00,00,00,00,00,00,00,00,SAT_TAL:00
BEI_SNR:00,00,00,00,00,00,00,00,00,00,00,00,00,00,00,SNR_AVG:0.00
QZS_PRN:00,00,00,00,00,SAT_TAL:00
QZS_SNR:00,00,00,00,00,SNR_AVG:0.00
SatInView:19 GDOP:116
Roll:0.000000 Pitch:0.000000
X_AVG:0.220558 Y_AVG:-0.707309 Z_AVG:-10.214636
X_SD:0.076663 Y_SD:0.057441 Z_SD:0.115153
$MXCM10033,2,66,20240104,031437,12,0E70FFA7,47EFA137,00C0,0000,289C,12,A202*19
GPS_PRN:32,26,28,31,16,29,10,25,03,19419919619500,00,SAT_TAL:12
GPS_SNR:37,21,20,25,24,39,32,37,25,30,00,25,42,00,00,SNR_AVG:29.75
GLO_PRN:00,00,00,00,00,00,00,00,00,00,00,00,00,00,00,SAT_TAL:00
GLO_SNR:00,00,00,00,00,00,00,00,00,00,00,00,00,00,00,SNR_AVG:0.00
GAL_PRN:05,25,09,24,31,04,00,00,00,00,00,00,00,00,00,SAT_TAL:06
GAL_SNR:21,21,15,25,20,44,00,00,00,00,00,00,00,00,00,SNR_AVG:24.33
BEI_PRN:00,00,00,00,00,00,00,00,00,00,00,00,00,00,00,SAT_TAL:00
BEI_SNR:00,00,00,00,00,00,00,00,00,00,00,00,00,00,00,SNR_AVG:0.00
QZS_PRN:00,00,00,00,00,SAT_TAL:00
QZS_SNR:00,00,00,00,00,SNR_AVG:0.00
SatInView:19 GDOP:107
Roll:0.000000 Pitch:0.000000
X_AVG:0.228747 Y_AVG:-0.710613 Z_AVG:-10.241691
X_SD:0.073320 Y_SD:0.062177 Z_SD:0.112871
$MXCM10033,2,67,20240104,031653,12,0E70FEF1,47EFA3BF,00BF,0000,763C,0F,A202*1B
GPS_PRN:32,26,28,31,16,29,10,03,25,19419919619500,00,SAT_TAL:12
GPS_SNR:38,25,20,25,25,38,34,19,36,32,00,18,38,00,00,SNR_AVG:29.00
GLO_PRN:00,00,00,00,00,00,00,00,00,00,00,00,00,00,00,SAT_TAL:00
GLO_SNR:00,00,00,00,00,00,00,00,00,00,00,00,00,00,00,SNR_AVG:0.00
GAL_PRN:05,25,09,24,31,04,00,00,00,00,00,00,00,00,00,SAT_TAL:03
GAL_SNR:00,00,20,00,29,45,00,00,00,00,00,00,00,00,00,SNR_AVG:31.33
BEI_PRN:00,00,00,00,00,00,00,00,00,00,00,00,00,00,00,SAT_TAL:00
BEI_SNR:00,00,00,00,00,00,00,00,00,00,00,00,00,00,00,SNR_AVG:0.00
QZS_PRN:00,00,00,00,00,SAT_TAL:00
QZS_SNR:00,00,00,00,00,SNR_AVG:0.00
SatInView:19 GDOP:117
Roll:0.000000 Pitch:0.000000
X_AVG:0.233918 Y_AVG:-0.705250 Z_AVG:-10.218323
X_SD:0.074050 Y_SD:0.062581 Z_SD:0.121829
$MXCM10033,2,68,20240104,031708,12,0E70FF15,47EFA1AB,00BF,0000,763C,12,A202*1B
GPS_PRN:32,26,28,31,16,29,10,03,25,19419919619500,00,SAT_TAL:12
GPS_SNR:38,25,18,28,19,39,32,22,35,31,00,21,38,00,00,SNR_AVG:28.83
GLO_PRN:00,00,00,00,00,00,00,00,00,00,00,00,00,00,00,SAT_TAL:00
GLO_SNR:00,00,00,00,00,00,00,00,00,00,00,00,00,00,00,SNR_AVG:0.00
GAL_PRN:05,25,09,24,31,04,00,00,00,00,00,00,00,00,00,SAT_TAL:06
GAL_SNR:18,19,20,18,29,45,00,00,00,00,00,00,00,00,00,SNR_AVG:24.83
BEI_PRN:00,00,00,00,00,00,00,00,00,00,00,00,00,00,00,SAT_TAL:00
BEI_SNR:00,00,00,00,00,00,00,00,00,00,00,00,00,00,00,SNR_AVG:0.00
QZS_PRN:00,00,00,00,00,SAT_TAL:00
QZS_SNR:00,00,00,00,00,SNR_AVG:0.00
SatInView:19 GDOP:107
Roll:0.000000 Pitch:0.000000
X_AVG:0.225538 Y_AVG:-0.700127 Z_AVG:-10.204245
X_SD:0.080268 Y_SD:0.060890 Z_SD:0.122335
$MXCM10033,2,69,20240104,031924,12,0E70FB75,47EFA385,00BF,0000,2B3E,0F,A202*16
GPS_PRN:32,26,28,31,16,29,03,10,25,19419919619500,00,SAT_TAL:12
GPS_SNR:44,26,27,17,22,42,26,35,25,32,00,26,36,00,00,SNR_AVG:29.83
GLO_PRN:00,00,00,00,00,00,00,00,00,00,00,00,00,00,00,SAT_TAL:00
GLO_SNR:00,00,00,00,00,00,00,00,00,00,00,00,00,00,00,SNR_AVG:0.00
GAL_PRN:05,25,09,24,31,04,00,00,00,00,00,00,00,00,00,SAT_TAL:04
GAL_SNR:18,18,00,00,29,44,00,00,00,00,00,00,00,00,00,SNR_AVG:27.25
BEI_PRN:00,00,00,00,00,00,00,00,00,00,00,00,00,00,00,SAT_TAL:00
BEI_SNR:00,00,00,00,00,00,00,00,00,00,00,00,00,00,00,SNR_AVG:0.00
QZS_PRN:00,00,00,00,00,SAT_TAL:00
QZS_SNR:00,00,00,00,00,SNR_AVG:0.00
SatInView:19 GDOP:113
Roll:0.000000 Pitch:0.000000
X_AVG:0.218643 Y_AVG:-0.698115 Z_AVG:-10.219664
X_SD:0.065005 Y_SD:0.058368 Z_SD:0.120949
$MXCM10033,2,70,20240104,031939,12,0E70FC43,47EFA38C,00BF,0000,2B3E,10,A202*17
GPS_PRN:32,26,28,31,16,29,03,10,25,19419919619500,00,SAT_TAL:12
GPS_SNR:45,20,22,16,16,42,23,36,23,32,00,26,38,00,00,SNR_AVG:28.25
GLO_PRN:00,00,00,00,00,00,00,00,00,00,00,00,00,00,00,SAT_TAL:00
GLO_SNR:00,00,00,00,00,00,00,00,00,00,00,00,00,00,00,SNR_AVG:0.00
GAL_PRN:05,25,09,24,31,04,00,00,00,00,00,00,00,00,00,SAT_TAL:06
GAL_SNR:20,25,17,16,29,44,00,00,00,00,00,00,00,00,00,SNR_AVG:25.17
BEI_PRN:00,00,00,00,00,00,00,00,00,00,00,00,00,00,00,SAT_TAL:00
BEI_SNR:00,00,00,00,00,00,00,00,00,00,00,00,00,00,00,SNR_AVG:0.00
QZS_PRN:00,00,00,00,00,SAT_TAL:00
QZS_SNR:00,00,00,00,00,SNR_AVG:0.00
SatInView:19 GDOP:110
Roll:0.000000 Pitch:0.000000
X_AVG:0.223000 Y_AVG:-0.705394 Z_AVG:-10.223351
X_SD:0.074155 Y_SD:0.061117 Z_SD:0.115608
$MXCM10033,2,71,20240104,032154,00,0E71100E,47EF75AA,00BF,0000,4114,00,A202*6E
GPS_PRN:32,26,28,31,16,29,03,10,25,19419919619500,00,SAT_TAL:05
GPS_SNR:19,00,00,00,19,17,00,19,00,00,00,16,00,00,00,SNR_AVG:18.00
GLO_PRN:00,00,00,00,00,00,00,00,00,00,00,00,00,00,00,SAT_TAL:00
GLO_SNR:00,00,00,00,00,00,00,00,00,00,00,00,00,00,00,SNR_AVG:0.00
GAL_PRN:05,25,09,24,31,04,00,00,00,00,00,00,00,00,00,SAT_TAL:01
GAL_SNR:00,00,00,00,00,16,00,00,00,00,00,00,00,00,00,SNR_AVG:16.00
BEI_PRN:00,00,00,00,00,00,00,00,00,00,00,00,00,00,00,SAT_TAL:00
BEI_SNR:00,00,00,00,00,00,00,00,00,00,00,00,00,00,00,SNR_AVG:0.00
QZS_PRN:00,00,00,00,00,SAT_TAL:00
QZS_SNR:00,00,00,00,00,SNR_AVG:0.00
SatInView:19 GDOP:251
Roll:-67.764122 Pitch:46.201920
X_AVG:-6.870300 Y_AVG:-6.184539 Z_AVG:3.019197
X_SD:1.522036 Y_SD:1.035243 Z_SD:0.766457
$MXCM10033,2,72,20240104,032209,12,0E70FAF9,47EF8307,00BF,0000,0D6F,0D,A203*17
GPS_PRN:32,26,28,31,16,29,10,25,19419919619500,00,00,SAT_TAL:11
GPS_SNR:19,20,18,20,26,17,22,16,15,00,21,19,00,00,00,SNR_AVG:19.36
GLO_PRN:00,00,00,00,00,00,00,00,00,00,00,00,00,00,00,SAT_TAL:00
GLO_SNR:00,00,00,00,00,00,00,00,00,00,00,00,00,00,00,SNR_AVG:0.00
GAL_PRN:05,25,09,24,31,04,00,00,00,00,00,00,00,00,00,SAT_TAL:02
GAL_SNR:00,20,00,00,00,22,00,00,00,00,00,00,00,00,00,SNR_AVG:21.00
BEI_PRN:00,00,00,00,00,00,00,00,00,00,00,00,00,00,00,SAT_TAL:00
BEI_SNR:00,00,00,00,00,00,00,00,00,00,00,00,00,00,00,SNR_AVG:0.00
QZS_PRN:00,00,00,00,00,SAT_TAL:00
QZS_SNR:00,00,00,00,00,SNR_AVG:0.00
SatInView:18 GDOP:124
Roll:-66.449135 Pitch:37.755535
X_AVG:-6.649311 Y_AVG:-7.254769 Z_AVG:1.952559
X_SD:1.195101 Y_SD:0.677604 Z_SD:1.119487
$MXCM10033,2,73,20240104,032424,00,0E70FB3A,47EF8268,00BF,0000,0000,00,A202*6B
GPS_PRN:26,16,03,00,00,00,00,00,00,00,00,00,00,00,00,SAT_TAL:00
GPS_SNR:00,00,00,00,00,00,00,00,00,00,00,00,00,00,00,SNR_AVG:0.00
GLO_PRN:00,00,00,00,00,00,00,00,00,00,00,00,00,00,00,SAT_TAL:00
GLO_SNR:00,00,00,00,00,00,00,00,00,00,00,00,00,00,00,SNR_AVG:0.00
GAL_PRN:00,00,00,00,00,00,00,00,00,00,00,00,00,00,00,SAT_TAL:00
GAL_SNR:00,00,00,00,00,00,00,00,00,00,00,00,00,00,00,SNR_AVG:0.00
BEI_PRN:00,00,00,00,00,00,00,00,00,00,00,00,00,00,00,SAT_TAL:00
BEI_SNR:00,00,00,00,00,00,00,00,00,00,00,00,00,00,00,SNR_AVG:0.00
QZS_PRN:00,00,00,00,00,SAT_TAL:00
QZS_SNR:00,00,00,00,00,SNR_AVG:0.00
SatInView:3 GDOP:17319
Roll:0.000000 Pitch:90.000000
X_AVG:-9.918084 Y_AVG:-0.050136 Z_AVG:1.112081
X_SD:0.064867 Y_SD:0.066310 Z_SD:0.117756
$MXCM10033,2,74,20240104,032439,00,0E70FB3A,47EF8268,00BF,0000,0000,00,A202*60
GPS_PRN:28,31,29,00,00,00,00,00,00,00,00,00,00,00,00,SAT_TAL:00
GPS_SNR:00,00,00,00,00,00,00,00,00,00,00,00,00,00,00,SNR_AVG:0.00
GLO_PRN:00,00,00,00,00,00,00,00,00,00,00,00,00,00,00,SAT_TAL:00
GLO_SNR:00,00,00,00,00,00,00,00,00,00,00,00,00,00,00,SNR_AVG:0.00
GAL_PRN:00,00,00,00,00,00,00,00,00,00,00,00,00,00,00,SAT_TAL:00
GAL_SNR:00,00,00,00,00,00,00,00,00,00,00,00,00,00,00,SNR_AVG:0.00
BEI_PRN:00,00,00,00,00,00,00,00,00,00,00,00,00,00,00,SAT_TAL:00
BEI_SNR:00,00,00,00,00,00,00,00,00,00,00,00,00,00,00,SNR_AVG:0.00
QZS_PRN:00,00,00,00,00,SAT_TAL:00
QZS_SNR:00,00,00,00,00,SNR_AVG:0.00
SatInView:3 GDOP:17319
Roll:0.000000 Pitch:90.000000
X_AVG:-9.961468 Y_AVG:-0.068380 Z_AVG:0.981930
X_SD:0.068604 Y_SD:0.062236 Z_SD:0.109119
$MXCM10033,2,75,20240104,032654,00,0E70FB39,47EF8268,00BF,0000,0000,00,A202*10
GPS_PRN:31,29,03,00,00,00,00,00,00,00,00,00,00,00,00,SAT_TAL:01
GPS_SNR:17,00,00,00,00,00,00,00,00,00,00,00,00,00,00,SNR_AVG:17.00
GLO_PRN:00,00,00,00,00,00,00,00,00,00,00,00,00,00,00,SAT_TAL:00
GLO_SNR:00,00,00,00,00,00,00,00,00,00,00,00,00,00,00,SNR_AVG:0.00
GAL_PRN:00,00,00,00,00,00,00,00,00,00,00,00,00,00,00,SAT_TAL:00
GAL_SNR:00,00,00,00,00,00,00,00,00,00,00,00,00,00,00,SNR_AVG:0.00
BEI_PRN:00,00,00,00,00,00,00,00,00,00,00,00,00,00,00,SAT_TAL:00
BEI_SNR:00,00,00,00,00,00,00,00,00,00,00,00,00,00,00,SNR_AVG:0.00
QZS_PRN:00,00,00,00,00,SAT_TAL:00
QZS_SNR:00,00,00,00,00,SNR_AVG:0.00
SatInView:3 GDOP:16215
Roll:-5.643906 Pitch:90.000000
X_AVG:-9.664485 Y_AVG:-0.863319 Z_AVG:2.287418
X_SD:0.173211 Y_SD:0.149804 Z_SD:0.160603
$MXCM10033,2,76,20240104,032709,00,0E70FA06,47EF82D0,00BF,0000,0000,00,A202*6F
GPS_PRN:26,32,28,31,16,29,03,10,25,19419919619500,00,SAT_TAL:02
GPS_SNR:00,00,00,14,00,00,00,00,00,00,00,15,00,00,00,SNR_AVG:14.50
GLO_PRN:00,00,00,00,00,00,00,00,00,00,00,00,00,00,00,SAT_TAL:00
GLO_SNR:00,00,00,00,00,00,00,00,00,00,00,00,00,00,00,SNR_AVG:0.00
GAL_PRN:25,09,31,04,05,00,00,00,00,00,00,00,00,00,00,SAT_TAL:00
GAL_SNR:00,00,00,00,00,00,00,00,00,00,00,00,00,00,00,SNR_AVG:0.00
BEI_PRN:00,00,00,00,00,00,00,00,00,00,00,00,00,00,00,SAT_TAL:00
BEI_SNR:00,00,00,00,00,00,00,00,00,00,00,00,00,00,00,SNR_AVG:0.00
QZS_PRN:00,00,00,00,00,SAT_TAL:00
QZS_SNR:00,00,00,00,00,SNR_AVG:0.00
SatInView:18 GDOP:10955
Roll:0.009260 Pitch:90.000000
X_AVG:-9.956776 Y_AVG:-0.149258 Z_AVG:1.067740
X_SD:0.083208 Y_SD:0.063420 Z_SD:0.116560
$MXCM10033,3*35
$MXCM001,10033,0*2B
======== Tracker Setting ========
[System]
COMPort:COM29
SerialNumber:MX231214ES000020
FirmwareVersion:231220163813_v1.0.CN
[Periodic]
Enable:1
Stage:2
WorkMode:0
T0:15
T1:270
T2:120
T3:30
T4:120
FirstFixStage:2
TraceFixStage:0
PeriodicCycle:31
[Dynamic]
Enable:0
PrecisionChk:1
T5:300
T6:15
[Geofencing]
Enable:0
T7:90
T8:60
DistanceThreshold:500
DestinationLongitude:120.6886122
DestinationLatitude:24.2287275
DestinationAltitude:134
[MotionDetection]
Enable:1
Angle:45
DataRate:200
SampleFrequency:50
[GPS_EPO]
EpoDataNumber:12
FWN:2295
FTOW:259200
LWN:2295
LTOW:518400
[GLO_EPO]
EpoDataNumber:12
FWN:2295
FTOW:259200
LWN:2295
LTOW:518400
[GAL_EPO]
EpoDataNumber:0
FWN:0
FTOW:0
LWN:0
LTOW:0
[BEI_EPO]
EpoDataNumber:0
FWN:0
FTOW:0
LWN:0
LTOW:0
