$MXCM10033,0*36
$MXCM10033,1,62,212*02
$MXCM10033,2,1,19800105,235956,00,35A4E8F5,00000000,0089,0000,0000,00,9102*55
GPS_PRN:29,10,00,00,00,00,00,00,00,00,00,00,00,00,00,SAT_TAL:02
GPS_SNR:33,35,00,00,00,00,00,00,00,00,00,00,00,00,00,SNR_AVG:34.00
GLO_PRN:00,00,00,00,00,00,00,00,00,00,00,00,00,00,00,SAT_TAL:00
GLO_SNR:00,00,00,00,00,00,00,00,00,00,00,00,00,00,00,SNR_AVG:0.00
GAL_PRN:00,00,00,00,00,00,00,00,00,00,00,00,00,00,00,SAT_TAL:00
GAL_SNR:00,00,00,00,00,00,00,00,00,00,00,00,00,00,00,SNR_AVG:0.00
BEI_PRN:50,48,32,32,00,00,00,00,00,00,00,00,00,00,00,SAT_TAL:04
BEI_SNR:27,30,28,28,00,00,00,00,00,00,00,00,00,00,00,SNR_AVG:28.25
QZS_PRN:00,00,00,00,00,SAT_TAL:00
QZS_SNR:00,00,00,00,00,SNR_AVG:0.00
SatInView:6 GDOP:19998
Roll:98.297348 Pitch:46.967583
X_AVG:-6.375504 Y_AVG:5.485466 Z_AVG:-5.441316
X_SD:12.546851 Y_SD:10.783913 Z_SD:8.313652
$MXCM10033,2,2,19800109,021027,00,35A4E8F5,00000000,0089,0000,0000,00,9101*51
GPS_PRN:28,31,16,29,23,10,00,00,00,00,00,00,00,00,00,SAT_TAL:06
GPS_SNR:32,35,28,21,25,34,00,00,00,00,00,00,00,00,00,SNR_AVG:29.17
GLO_PRN:00,00,00,00,00,00,00,00,00,00,00,00,00,00,00,SAT_TAL:00
GLO_SNR:00,00,00,00,00,00,00,00,00,00,00,00,00,00,00,SNR_AVG:0.00
GAL_PRN:00,00,00,00,00,00,00,00,00,00,00,00,00,00,00,SAT_TAL:00
GAL_SNR:00,00,00,00,00,00,00,00,00,00,00,00,00,00,00,SNR_AVG:0.00
BEI_PRN:32,48,03,13,32,00,00,00,00,00,00,00,00,00,00,SAT_TAL:05
BEI_SNR:31,30,27,28,33,00,00,00,00,00,00,00,00,00,00,SNR_AVG:29.80
QZS_PRN:00,00,00,00,00,SAT_TAL:00
QZS_SNR:00,00,00,00,00,SNR_AVG:0.00
SatInView:11 GDOP:19998
Roll:123.982780 Pitch:42.242329
X_AVG:-12.176772 Y_AVG:9.941979 Z_AVG:-6.829119
X_SD:9.734003 Y_SD:8.916502 Z_SD:6.247825
$MXCM10033,2,3,19800109,021041,00,35A4E8F5,00000000,0089,0000,0000,00,9102*53
GPS_PRN:10,23,19631,28,00,00,00,00,00,00,00,00,00,00,SAT_TAL:05
GPS_SNR:37,32,32,29,25,00,00,00,00,00,00,00,00,00,00,SNR_AVG:31.00
GLO_PRN:00,00,00,00,00,00,00,00,00,00,00,00,00,00,00,SAT_TAL:00
GLO_SNR:00,00,00,00,00,00,00,00,00,00,00,00,00,00,00,SNR_AVG:0.00
GAL_PRN:00,00,00,00,00,00,00,00,00,00,00,00,00,00,00,SAT_TAL:00
GAL_SNR:00,00,00,00,00,00,00,00,00,00,00,00,00,00,00,SNR_AVG:0.00
BEI_PRN:32,37,32,48,03,37,00,00,00,00,00,00,00,00,00,SAT_TAL:06
BEI_SNR:31,32,31,22,27,29,00,00,00,00,00,00,00,00,00,SNR_AVG:28.67
QZS_PRN:00,00,00,00,00,SAT_TAL:00
QZS_SNR:00,00,00,00,00,SNR_AVG:0.00
SatInView:11 GDOP:19998
Roll:122.749298 Pitch:47.103977
X_AVG:-12.862772 Y_AVG:9.992163 Z_AVG:-5.334437
X_SD:7.232706 Y_SD:8.080960 Z_SD:5.900679
$MXCM10033,2,4,19800109,021054,00,35A4E8F5,00000000,0089,0000,0000,00,9102*50
GPS_PRN:31,29,10,28,23,16,19600,00,00,00,00,00,00,00,SAT_TAL:07
GPS_SNR:32,26,37,35,35,32,31,00,00,00,00,00,00,00,00,SNR_AVG:32.57
GLO_PRN:00,00,00,00,00,00,00,00,00,00,00,00,00,00,00,SAT_TAL:00
GLO_SNR:00,00,00,00,00,00,00,00,00,00,00,00,00,00,00,SNR_AVG:0.00
GAL_PRN:00,00,00,00,00,00,00,00,00,00,00,00,00,00,00,SAT_TAL:00
GAL_SNR:00,00,00,00,00,00,00,00,00,00,00,00,00,00,00,SNR_AVG:0.00
BEI_PRN:03,37,32,32,00,00,00,00,00,00,00,00,00,00,00,SAT_TAL:04
BEI_SNR:27,35,31,30,00,00,00,00,00,00,00,00,00,00,00,SNR_AVG:30.75
QZS_PRN:00,00,00,00,00,SAT_TAL:00
QZS_SNR:00,00,00,00,00,SNR_AVG:0.00
SatInView:11 GDOP:19998
Roll:137.649750 Pitch:41.361938
X_AVG:-13.815780 Y_AVG:9.452738 Z_AVG:-9.625651
X_SD:4.941858 Y_SD:9.146256 Z_SD:5.512400
$MXCM10033,2,5,19800109,021106,00,35A4E8F5,00000000,0089,0000,0000,00,9102*57
GPS_PRN:10,26,23,19616,31,29,25,28,00,00,00,00,00,00,SAT_TAL:09
GPS_SNR:36,28,34,30,24,33,36,28,36,00,00,00,00,00,00,SNR_AVG:31.67
GLO_PRN:00,00,00,00,00,00,00,00,00,00,00,00,00,00,00,SAT_TAL:00
GLO_SNR:00,00,00,00,00,00,00,00,00,00,00,00,00,00,00,SNR_AVG:0.00
GAL_PRN:00,00,00,00,00,00,00,00,00,00,00,00,00,00,00,SAT_TAL:00
GAL_SNR:00,00,00,00,00,00,00,00,00,00,00,00,00,00,00,SNR_AVG:0.00
BEI_PRN:23,03,20,32,23,32,37,20,00,00,00,00,00,00,00,SAT_TAL:08
BEI_SNR:29,26,34,30,28,32,30,35,00,00,00,00,00,00,00,SNR_AVG:30.50
QZS_PRN:00,00,00,00,00,SAT_TAL:00
QZS_SNR:00,00,00,00,00,SNR_AVG:0.00
SatInView:17 GDOP:19998
Roll:14.654954 Pitch:34.827320
X_AVG:-13.815780 Y_AVG:9.452738 Z_AVG:-9.625651
X_SD:4.941858 Y_SD:9.146256 Z_SD:5.512400
$MXCM10033,2,6,19800109,021119,00,35A4E8F5,00000000,0089,0000,0000,00,9102*5A
GPS_PRN:28,32,19631,29,10,00,00,00,00,00,00,00,00,00,SAT_TAL:06
GPS_SNR:32,39,31,33,36,33,00,00,00,00,00,00,00,00,00,SNR_AVG:34.00
GLO_PRN:00,00,00,00,00,00,00,00,00,00,00,00,00,00,00,SAT_TAL:00
GLO_SNR:00,00,00,00,00,00,00,00,00,00,00,00,00,00,00,SNR_AVG:0.00
GAL_PRN:00,00,00,00,00,00,00,00,00,00,00,00,00,00,00,SAT_TAL:00
GAL_SNR:00,00,00,00,00,00,00,00,00,00,00,00,00,00,00,SNR_AVG:0.00
BEI_PRN:37,03,32,20,32,00,00,00,00,00,00,00,00,00,00,SAT_TAL:05
BEI_SNR:33,26,32,30,34,00,00,00,00,00,00,00,00,00,00,SNR_AVG:31.00
QZS_PRN:00,00,00,00,00,SAT_TAL:00
QZS_SNR:00,00,00,00,00,SNR_AVG:0.00
SatInView:11 GDOP:19998
Roll:113.506973 Pitch:61.988300
X_AVG:-9.109546 Y_AVG:4.858747 Z_AVG:-3.467784
X_SD:7.633053 Y_SD:8.156393 Z_SD:5.071147
$MXCM10033,2,7,19800109,021132,00,35A4E8F5,00000000,0089,0000,0000,00,9102*52
GPS_PRN:23,19519632,31,29,10,28,19400,00,00,00,00,00,SAT_TAL:09
GPS_SNR:32,31,31,33,36,34,37,34,29,00,00,00,00,00,00,SNR_AVG:33.00
GLO_PRN:00,00,00,00,00,00,00,00,00,00,00,00,00,00,00,SAT_TAL:00
GLO_SNR:00,00,00,00,00,00,00,00,00,00,00,00,00,00,00,SNR_AVG:0.00
GAL_PRN:00,00,00,00,00,00,00,00,00,00,00,00,00,00,00,SAT_TAL:00
GAL_SNR:00,00,00,00,00,00,00,00,00,00,00,00,00,00,00,SNR_AVG:0.00
BEI_PRN:37,20,03,32,32,20,00,00,00,00,00,00,00,00,00,SAT_TAL:06
BEI_SNR:29,31,27,29,29,30,00,00,00,00,00,00,00,00,00,SNR_AVG:29.17
QZS_PRN:00,00,00,00,00,SAT_TAL:00
QZS_SNR:00,00,00,00,00,SNR_AVG:0.00
SatInView:15 GDOP:19998
Roll:98.579330 Pitch:70.894531
X_AVG:-8.429819 Y_AVG:3.566235 Z_AVG:-1.528729
X_SD:7.750076 Y_SD:8.021238 Z_SD:3.258464
$MXCM10033,2,8,19800109,021145,00,35A4E8F5,00000000,0089,0000,0000,00,9102*5D
GPS_PRN:19419619523,31,29,32,10,28,12,19900,00,00,00,SAT_TAL:11
GPS_SNR:31,31,35,34,33,31,38,36,33,33,23,00,00,00,00,SNR_AVG:32.55
GLO_PRN:00,00,00,00,00,00,00,00,00,00,00,00,00,00,00,SAT_TAL:00
GLO_SNR:00,00,00,00,00,00,00,00,00,00,00,00,00,00,00,SNR_AVG:0.00
GAL_PRN:00,00,00,00,00,00,00,00,00,00,00,00,00,00,00,SAT_TAL:00
GAL_SNR:00,00,00,00,00,00,00,00,00,00,00,00,00,00,00,SNR_AVG:0.00
BEI_PRN:37,03,20,32,32,20,00,00,00,00,00,00,00,00,00,SAT_TAL:06
BEI_SNR:34,26,32,31,34,35,00,00,00,00,00,00,00,00,00,SNR_AVG:32.00
QZS_PRN:00,00,00,00,00,SAT_TAL:00
QZS_SNR:00,00,00,00,00,SNR_AVG:0.00
SatInView:17 GDOP:19998
Roll:106.667885 Pitch:66.768776
X_AVG:-10.103735 Y_AVG:5.972217 Z_AVG:-2.438400
X_SD:8.018945 Y_SD:8.616341 Z_SD:4.554656
$MXCM10033,2,9,20240103,021158,12,0E98F153,47EE59D4,0067,000D,055D,07,9102*5D
GPS_PRN:29,19919519423,12,10,32,28,31,19600,00,00,00,SAT_TAL:11
GPS_SNR:33,27,29,33,29,34,37,34,32,31,32,00,00,00,00,SNR_AVG:31.91
GLO_PRN:00,00,00,00,00,00,00,00,00,00,00,00,00,00,00,SAT_TAL:00
GLO_SNR:00,00,00,00,00,00,00,00,00,00,00,00,00,00,00,SNR_AVG:0.00
GAL_PRN:00,00,00,00,00,00,00,00,00,00,00,00,00,00,00,SAT_TAL:00
GAL_SNR:00,00,00,00,00,00,00,00,00,00,00,00,00,00,00,SNR_AVG:0.00
BEI_PRN:46,20,32,46,03,20,32,37,00,00,00,00,00,00,00,SAT_TAL:08
BEI_SNR:29,30,32,27,28,30,36,31,00,00,00,00,00,00,00,SNR_AVG:30.38
QZS_PRN:00,00,00,00,00,SAT_TAL:00
QZS_SNR:00,00,00,00,00,SNR_AVG:0.00
SatInView:19 GDOP:248
Roll:92.635460 Pitch:67.676849
X_AVG:-10.747932 Y_AVG:5.924619 Z_AVG:-1.310517
X_SD:8.511882 Y_SD:10.325187 Z_SD:9.982393
$MXCM10033,2,10,20240103,021213,12,0E98B292,47EE07E9,0072,0019,4BA6,09,9102*67
GPS_PRN:32,31,26,29,19619919519423,12,16,10,28,25,00,SAT_TAL:14
GPS_SNR:37,25,34,32,30,23,33,31,34,34,34,37,32,34,00,SNR_AVG:32.14
GLO_PRN:00,00,00,00,00,00,00,00,00,00,00,00,00,00,00,SAT_TAL:00
GLO_SNR:00,00,00,00,00,00,00,00,00,00,00,00,00,00,00,SNR_AVG:0.00
GAL_PRN:00,00,00,00,00,00,00,00,00,00,00,00,00,00,00,SAT_TAL:00
GAL_SNR:00,00,00,00,00,00,00,00,00,00,00,00,00,00,00,SNR_AVG:0.00
BEI_PRN:03,46,20,23,32,37,19,46,20,06,16,01,02,04,07,SAT_TAL:11
BEI_SNR:26,32,31,32,30,32,20,33,31,00,00,26,26,00,00,SNR_AVG:29.00
QZS_PRN:00,00,00,00,00,SAT_TAL:00
QZS_SNR:00,00,00,00,00,SNR_AVG:0.00
SatInView:35 GDOP:221
Roll:81.826057 Pitch:66.457886
X_AVG:-9.504502 Y_AVG:4.237487 Z_AVG:0.146097
X_SD:7.967428 Y_SD:9.460234 Z_SD:5.914339
$MXCM10033,2,11,20240103,021228,12,0E983F6A,47EDB771,007F,0012,618D,09,9102*1B
GPS_PRN:32,31,26,29,19619919519423,12,16,10,28,25,00,SAT_TAL:14
GPS_SNR:34,35,35,33,31,25,31,31,34,33,32,37,32,32,00,SNR_AVG:32.50
GLO_PRN:00,00,00,00,00,00,00,00,00,00,00,00,00,00,00,SAT_TAL:00
GLO_SNR:00,00,00,00,00,00,00,00,00,00,00,00,00,00,00,SNR_AVG:0.00
GAL_PRN:00,00,00,00,00,00,00,00,00,00,00,00,00,00,00,SAT_TAL:00
GAL_SNR:00,00,00,00,00,00,00,00,00,00,00,00,00,00,00,SNR_AVG:0.00
BEI_PRN:03,46,20,23,32,37,19,46,20,06,16,01,02,04,07,SAT_TAL:11
BEI_SNR:26,32,29,28,32,23,34,32,30,00,00,26,26,00,00,SNR_AVG:28.91
QZS_PRN:00,00,00,00,00,SAT_TAL:00
QZS_SNR:00,00,00,00,00,SNR_AVG:0.00
SatInView:35 GDOP:221
Roll:81.714577 Pitch:61.629601
X_AVG:-14.839752 Y_AVG:8.572229 Z_AVG:2.070260
X_SD:5.005628 Y_SD:9.683759 Z_SD:3.807858
$MXCM10033,2,12,20240103,021243,12,0E986210,47EDF3DC,005F,0010,0794,0A,9102*1A
GPS_PRN:32,31,26,29,19619419919523,12,16,10,28,25,00,SAT_TAL:14
GPS_SNR:35,35,34,32,32,32,27,24,25,35,30,37,31,33,00,SNR_AVG:31.57
GLO_PRN:00,00,00,00,00,00,00,00,00,00,00,00,00,00,00,SAT_TAL:00
GLO_SNR:00,00,00,00,00,00,00,00,00,00,00,00,00,00,00,SNR_AVG:0.00
GAL_PRN:00,00,00,00,00,00,00,00,00,00,00,00,00,00,00,SAT_TAL:00
GAL_SNR:00,00,00,00,00,00,00,00,00,00,00,00,00,00,00,SNR_AVG:0.00
BEI_PRN:03,46,20,23,32,37,19,46,20,06,16,01,02,04,07,SAT_TAL:11
BEI_SNR:28,32,29,32,33,31,29,33,32,00,00,28,26,00,00,SNR_AVG:30.27
QZS_PRN:00,00,00,00,00,SAT_TAL:00
QZS_SNR:00,00,00,00,00,SNR_AVG:0.00
SatInView:35 GDOP:193
Roll:96.157280 Pitch:90.000000
X_AVG:-10.493231 Y_AVG:4.783376 Z_AVG:1.054811
X_SD:7.645835 Y_SD:8.363060 Z_SD:3.346468
$MXCM10033,2,13,20240103,021258,12,0E98BA01,47EE1090,005A,0012,87D5,0B,9102*1F
GPS_PRN:32,31,26,29,19619419919523,12,16,10,28,25,00,SAT_TAL:14
GPS_SNR:34,32,34,28,32,33,26,29,28,34,32,36,30,32,00,SNR_AVG:31.43
GLO_PRN:00,00,00,00,00,00,00,00,00,00,00,00,00,00,00,SAT_TAL:00
GLO_SNR:00,00,00,00,00,00,00,00,00,00,00,00,00,00,00,SNR_AVG:0.00
GAL_PRN:00,00,00,00,00,00,00,00,00,00,00,00,00,00,00,SAT_TAL:00
GAL_SNR:00,00,00,00,00,00,00,00,00,00,00,00,00,00,00,SNR_AVG:0.00
BEI_PRN:03,46,20,23,32,37,19,46,20,06,16,01,02,04,07,SAT_TAL:11
BEI_SNR:27,32,29,31,31,29,24,33,29,00,00,27,26,00,00,SNR_AVG:28.91
QZS_PRN:00,00,00,00,00,SAT_TAL:00
QZS_SNR:00,00,00,00,00,SNR_AVG:0.00
SatInView:35 GDOP:178
Roll:52.407879 Pitch:70.171043
X_AVG:-9.223896 Y_AVG:3.469699 Z_AVG:1.307835
X_SD:8.595544 Y_SD:6.911244 Z_SD:4.964749
$MXCM10033,2,14,20240103,021313,12,0E991FB1,47EE13CB,0043,0012,0747,0B,9102*13
GPS_PRN:32,31,26,29,19619419919523,12,16,10,28,25,00,SAT_TAL:14
GPS_SNR:33,36,34,31,31,30,27,31,33,36,29,37,33,27,00,SNR_AVG:32.00
GLO_PRN:00,00,00,00,00,00,00,00,00,00,00,00,00,00,00,SAT_TAL:00
GLO_SNR:00,00,00,00,00,00,00,00,00,00,00,00,00,00,00,SNR_AVG:0.00
GAL_PRN:00,00,00,00,00,00,00,00,00,00,00,00,00,00,00,SAT_TAL:00
GAL_SNR:00,00,00,00,00,00,00,00,00,00,00,00,00,00,00,SNR_AVG:0.00
BEI_PRN:03,46,20,23,32,37,19,46,20,06,16,01,02,04,07,SAT_TAL:11
BEI_SNR:28,33,31,31,31,28,31,32,30,00,00,26,26,00,00,SNR_AVG:29.73
QZS_PRN:00,00,00,00,00,SAT_TAL:00
QZS_SNR:00,00,00,00,00,SNR_AVG:0.00
SatInView:35 GDOP:131
Roll:64.683510 Pitch:67.076675
X_AVG:-10.145395 Y_AVG:4.172938 Z_AVG:0.842968
X_SD:8.402827 Y_SD:8.065818 Z_SD:4.477199
$MXCM10033,2,15,20240103,021328,12,0E992927,47EE6AFC,0059,0012,28EF,0C,9102*66
GPS_PRN:32,31,26,29,19619419919523,12,16,10,28,25,00,SAT_TAL:14
GPS_SNR:35,36,34,35,31,30,25,32,33,32,24,36,35,31,00,SNR_AVG:32.07
GLO_PRN:00,00,00,00,00,00,00,00,00,00,00,00,00,00,00,SAT_TAL:00
GLO_SNR:00,00,00,00,00,00,00,00,00,00,00,00,00,00,00,SNR_AVG:0.00
GAL_PRN:00,00,00,00,00,00,00,00,00,00,00,00,00,00,00,SAT_TAL:00
GAL_SNR:00,00,00,00,00,00,00,00,00,00,00,00,00,00,00,SNR_AVG:0.00
BEI_PRN:19,32,46,20,23,32,37,19,20,03,16,01,46,02,04,SAT_TAL:13
BEI_SNR:31,31,35,34,32,29,31,31,34,26,00,27,32,25,00,SNR_AVG:30.62
QZS_PRN:00,00,00,00,00,SAT_TAL:00
QZS_SNR:00,00,00,00,00,SNR_AVG:0.00
SatInView:35 GDOP:176
Roll:67.519264 Pitch:64.933258
X_AVG:-8.495086 Y_AVG:3.606890 Z_AVG:1.288920
X_SD:8.285441 Y_SD:7.480104 Z_SD:4.099172
$MXCM10033,2,16,20240103,021343,12,0E98FE1B,47EE4BC1,0072,0008,26D7,0C,9102*1D
GPS_PRN:32,31,26,29,19619419919523,12,16,10,28,25,00,SAT_TAL:14
GPS_SNR:32,36,33,36,30,29,25,33,35,35,29,39,35,28,00,SNR_AVG:32.50
GLO_PRN:00,00,00,00,00,00,00,00,00,00,00,00,00,00,00,SAT_TAL:00
GLO_SNR:00,00,00,00,00,00,00,00,00,00,00,00,00,00,00,SNR_AVG:0.00
GAL_PRN:00,00,00,00,00,00,00,00,00,00,00,00,00,00,00,SAT_TAL:00
GAL_SNR:00,00,00,00,00,00,00,00,00,00,00,00,00,00,00,SNR_AVG:0.00
BEI_PRN:19,32,46,20,23,32,37,19,20,03,16,06,01,46,02,SAT_TAL:12
BEI_SNR:32,30,34,32,26,31,28,32,31,28,00,00,27,34,00,SNR_AVG:30.42
QZS_PRN:00,00,00,00,00,SAT_TAL:00
QZS_SNR:00,00,00,00,00,SNR_AVG:0.00
SatInView:35 GDOP:176
Roll:62.035637 Pitch:90.000000
X_AVG:-6.497276 Y_AVG:3.281894 Z_AVG:-1.876757
X_SD:9.476885 Y_SD:9.879987 Z_SD:4.941401
$MXCM10033,2,17,20240103,021358,12,0E98CCE4,47EE3B0A,0075,000C,01D1,0C,9102*6C
GPS_PRN:32,31,26,29,19619419919523,12,16,10,28,25,00,SAT_TAL:14
GPS_SNR:33,36,35,34,32,31,27,31,32,35,31,37,31,32,00,SNR_AVG:32.64
GLO_PRN:00,00,00,00,00,00,00,00,00,00,00,00,00,00,00,SAT_TAL:00
GLO_SNR:00,00,00,00,00,00,00,00,00,00,00,00,00,00,00,SNR_AVG:0.00
GAL_PRN:00,00,00,00,00,00,00,00,00,00,00,00,00,00,00,SAT_TAL:00
GAL_SNR:00,00,00,00,00,00,00,00,00,00,00,00,00,00,00,SNR_AVG:0.00
BEI_PRN:19,32,46,20,23,32,37,19,20,03,16,06,01,46,02,SAT_TAL:12
BEI_SNR:31,33,32,27,33,34,26,32,29,27,00,00,28,33,00,SNR_AVG:30.42
QZS_PRN:00,00,00,00,00,SAT_TAL:00
QZS_SNR:00,00,00,00,00,SNR_AVG:0.00
SatInView:35 GDOP:127
Roll:118.510063 Pitch:71.988884
X_AVG:-11.420859 Y_AVG:6.319910 Z_AVG:-2.190834
X_SD:7.567088 Y_SD:8.512170 Z_SD:2.931896
$MXCM10033,2,18,20240103,021413,12,0E989646,47EE66F9,007D,0018,418D,0C,9102*6E
GPS_PRN:32,31,26,29,19619419919523,12,16,10,28,25,00,SAT_TAL:14
GPS_SNR:38,32,33,32,30,29,24,35,36,36,32,35,34,35,00,SNR_AVG:32.93
GLO_PRN:00,00,00,00,00,00,00,00,00,00,00,00,00,00,00,SAT_TAL:00
GLO_SNR:00,00,00,00,00,00,00,00,00,00,00,00,00,00,00,SNR_AVG:0.00
GAL_PRN:00,00,00,00,00,00,00,00,00,00,00,00,00,00,00,SAT_TAL:00
GAL_SNR:00,00,00,00,00,00,00,00,00,00,00,00,00,00,00,SNR_AVG:0.00
BEI_PRN:19,32,46,20,23,32,37,19,20,03,16,06,01,46,02,SAT_TAL:12
BEI_SNR:27,30,26,32,30,34,33,25,32,26,00,00,24,25,00,SNR_AVG:28.67
QZS_PRN:00,00,00,00,00,SAT_TAL:00
QZS_SNR:00,00,00,00,00,SNR_AVG:0.00
SatInView:35 GDOP:176
Roll:102.338715 Pitch:67.613335
X_AVG:-9.325939 Y_AVG:3.511167 Z_AVG:-1.790995
X_SD:8.017170 Y_SD:9.500298 Z_SD:3.625508
$MXCM10033,2,19,20240103,021629,12,0E9921CC,47EE0617,0066,0006,5C40,0D,9202*67
GPS_PRN:32,25,31,26,29,23,19619419919512,16,28,10,00,SAT_TAL:14
GPS_SNR:37,34,35,28,34,36,29,30,24,35,35,29,36,35,00,SNR_AVG:32.64
GLO_PRN:00,00,00,00,00,00,00,00,00,00,00,00,00,00,00,SAT_TAL:00
GLO_SNR:00,00,00,00,00,00,00,00,00,00,00,00,00,00,00,SNR_AVG:0.00
GAL_PRN:00,00,00,00,00,00,00,00,00,00,00,00,00,00,00,SAT_TAL:00
GAL_SNR:00,00,00,00,00,00,00,00,00,00,00,00,00,00,00,SNR_AVG:0.00
BEI_PRN:38,37,48,46,27,37,38,20,03,06,16,01,46,04,07,SAT_TAL:11
BEI_SNR:27,31,32,32,30,34,28,33,25,00,00,27,31,00,00,SNR_AVG:30.00
QZS_PRN:00,00,00,00,00,SAT_TAL:00
QZS_SNR:00,00,00,00,00,SNR_AVG:0.00
SatInView:34 GDOP:119
Roll:117.258453 Pitch:63.160889
X_AVG:-9.608699 Y_AVG:3.872651 Z_AVG:-2.138305
X_SD:7.831255 Y_SD:7.214454 Z_SD:4.632360
$MXCM10033,2,20,20240103,021644,12,0E988321,47EE36F9,006C,0019,37FD,0D,9202*19
GPS_PRN:32,31,26,29,23,19619419919512,16,28,10,25,00,SAT_TAL:14
GPS_SNR:38,30,29,35,35,31,30,25,35,32,24,34,37,32,00,SNR_AVG:31.93
GLO_PRN:00,00,00,00,00,00,00,00,00,00,00,00,00,00,00,SAT_TAL:00
GLO_SNR:00,00,00,00,00,00,00,00,00,00,00,00,00,00,00,SNR_AVG:0.00
GAL_PRN:00,00,00,00,00,00,00,00,00,00,00,00,00,00,00,SAT_TAL:00
GAL_SNR:00,00,00,00,00,00,00,00,00,00,00,00,00,00,00,SNR_AVG:0.00
BEI_PRN:37,38,48,46,20,27,37,38,20,03,06,16,01,46,02,SAT_TAL:13
BEI_SNR:33,30,31,32,35,24,33,30,33,26,00,31,26,30,00,SNR_AVG:30.31
QZS_PRN:00,00,00,00,00,SAT_TAL:00
QZS_SNR:00,00,00,00,00,SNR_AVG:0.00
SatInView:35 GDOP:151
Roll:13.952095 Pitch:90.000000
X_AVG:-8.478374 Y_AVG:2.805438 Z_AVG:-1.401354
X_SD:8.177323 Y_SD:6.653726 Z_SD:3.857201
$MXCM10033,2,21,20240103,021900,12,0E97AE34,47EED308,0068,0012,1B6A,0D,9202*64
GPS_PRN:32,28,10,25,31,26,19619419919529,23,12,16,03,SAT_TAL:14
GPS_SNR:35,34,27,33,35,24,31,32,26,00,35,25,32,27,34,SNR_AVG:30.71
GLO_PRN:00,00,00,00,00,00,00,00,00,00,00,00,00,00,00,SAT_TAL:00
GLO_SNR:00,00,00,00,00,00,00,00,00,00,00,00,00,00,00,SNR_AVG:0.00
GAL_PRN:00,00,00,00,00,00,00,00,00,00,00,00,00,00,00,SAT_TAL:00
GAL_SNR:00,00,00,00,00,00,00,00,00,00,00,00,00,00,00,SNR_AVG:0.00
BEI_PRN:00,00,00,00,00,00,00,00,00,00,00,00,00,00,00,SAT_TAL:00
BEI_SNR:00,00,00,00,00,00,00,00,00,00,00,00,00,00,00,SNR_AVG:0.00
QZS_PRN:00,00,00,00,00,SAT_TAL:00
QZS_SNR:00,00,00,00,00,SNR_AVG:0.00
SatInView:35 GDOP:119
Roll:67.392731 Pitch:90.000000
X_AVG:-11.317667 Y_AVG:3.880983 Z_AVG:0.990932
X_SD:7.726329 Y_SD:6.560443 Z_SD:4.158874
$MXCM10033,2,22,20240103,021915,12,0E97AE6A,47EEB685,006C,001F,4F4E,0E,9202*1C
GPS_PRN:32,28,10,25,31,26,19619419919529,23,12,16,03,SAT_TAL:15
GPS_SNR:38,32,37,34,36,36,29,32,24,27,32,29,32,34,18,SNR_AVG:31.33
GLO_PRN:00,00,00,00,00,00,00,00,00,00,00,00,00,00,00,SAT_TAL:00
GLO_SNR:00,00,00,00,00,00,00,00,00,00,00,00,00,00,00,SNR_AVG:0.00
GAL_PRN:00,00,00,00,00,00,00,00,00,00,00,00,00,00,00,SAT_TAL:00
GAL_SNR:00,00,00,00,00,00,00,00,00,00,00,00,00,00,00,SNR_AVG:0.00
BEI_PRN:00,00,00,00,00,00,00,00,00,00,00,00,00,00,00,SAT_TAL:00
BEI_SNR:00,00,00,00,00,00,00,00,00,00,00,00,00,00,00,SNR_AVG:0.00
QZS_PRN:00,00,00,00,00,SAT_TAL:00
QZS_SNR:00,00,00,00,00,SNR_AVG:0.00
SatInView:35 GDOP:118
Roll:58.552212 Pitch:90.000000
X_AVG:-9.790758 Y_AVG:3.565373 Z_AVG:-1.688569
X_SD:8.164333 Y_SD:8.581138 Z_SD:3.525017
$MXCM10033,2,23,20240103,022130,12,0E94D955,47EE8A56,00F1,001B,5C69,0E,9202*63
GPS_PRN:32,28,10,25,31,26,19619419919529,23,12,16,03,SAT_TAL:14
GPS_SNR:37,31,30,35,33,31,28,31,24,33,35,35,31,32,00,SNR_AVG:31.86
GLO_PRN:00,00,00,00,00,00,00,00,00,00,00,00,00,00,00,SAT_TAL:00
GLO_SNR:00,00,00,00,00,00,00,00,00,00,00,00,00,00,00,SNR_AVG:0.00
GAL_PRN:00,00,00,00,00,00,00,00,00,00,00,00,00,00,00,SAT_TAL:00
GAL_SNR:00,00,00,00,00,00,00,00,00,00,00,00,00,00,00,SNR_AVG:0.00
BEI_PRN:00,00,00,00,00,00,00,00,00,00,00,00,00,00,00,SAT_TAL:00
BEI_SNR:00,00,00,00,00,00,00,00,00,00,00,00,00,00,00,SNR_AVG:0.00
QZS_PRN:00,00,00,00,00,SAT_TAL:00
QZS_SNR:00,00,00,00,00,SNR_AVG:0.00
SatInView:35 GDOP:148
Roll:81.565201 Pitch:56.248093
X_AVG:-9.646433 Y_AVG:4.660072 Z_AVG:0.446288
X_SD:7.297793 Y_SD:8.412553 Z_SD:2.406024
$MXCM10033,2,24,20240103,022146,12,0E948882,47EE8BD6,00E7,0020,482C,0E,9202*10
GPS_PRN:32,28,10,25,31,26,19619419919529,23,12,16,03,SAT_TAL:14
GPS_SNR:37,36,36,34,35,32,29,30,24,33,32,34,35,32,00,SNR_AVG:32.79
GLO_PRN:00,00,00,00,00,00,00,00,00,00,00,00,00,00,00,SAT_TAL:00
GLO_SNR:00,00,00,00,00,00,00,00,00,00,00,00,00,00,00,SNR_AVG:0.00
GAL_PRN:00,00,00,00,00,00,00,00,00,00,00,00,00,00,00,SAT_TAL:00
GAL_SNR:00,00,00,00,00,00,00,00,00,00,00,00,00,00,00,SNR_AVG:0.00
BEI_PRN:00,00,00,00,00,00,00,00,00,00,00,00,00,00,00,SAT_TAL:00
BEI_SNR:00,00,00,00,00,00,00,00,00,00,00,00,00,00,00,SNR_AVG:0.00
QZS_PRN:00,00,00,00,00,SAT_TAL:00
QZS_SNR:00,00,00,00,00,SNR_AVG:0.00
SatInView:35 GDOP:148
Roll:-9.563052 Pitch:90.000000
X_AVG:-8.537847 Y_AVG:2.650961 Z_AVG:0.615801
X_SD:7.377600 Y_SD:6.296553 Z_SD:3.493605
$MXCM10033,2,25,20240103,022401,12,0E8F5178,47EEB8B1,00ED,001E,502D,0E,9202*6F
GPS_PRN:32,16,03,28,10,25,31,26,19619419919529,23,12,SAT_TAL:15
GPS_SNR:38,31,21,34,34,34,35,35,29,32,23,26,33,25,34,SNR_AVG:30.93
GLO_PRN:00,00,00,00,00,00,00,00,00,00,00,00,00,00,00,SAT_TAL:00
GLO_SNR:00,00,00,00,00,00,00,00,00,00,00,00,00,00,00,SNR_AVG:0.00
GAL_PRN:00,00,00,00,00,00,00,00,00,00,00,00,00,00,00,SAT_TAL:00
GAL_SNR:00,00,00,00,00,00,00,00,00,00,00,00,00,00,00,SNR_AVG:0.00
BEI_PRN:00,00,00,00,00,00,00,00,00,00,00,00,00,00,00,SAT_TAL:00
BEI_SNR:00,00,00,00,00,00,00,00,00,00,00,00,00,00,00,SNR_AVG:0.00
QZS_PRN:00,00,00,00,00,SAT_TAL:00
QZS_SNR:00,00,00,00,00,SNR_AVG:0.00
SatInView:33 GDOP:147
Roll:44.241619 Pitch:68.594017
X_AVG:-9.503975 Y_AVG:3.761606 Z_AVG:1.652990
X_SD:8.007290 Y_SD:8.146178 Z_SD:4.681275
$MXCM10033,2,26,20240103,022417,12,0E8EB501,47EE9E19,00EC,001F,440D,0E,9202*6B
GPS_PRN:32,28,10,25,31,26,19619419919529,23,16,12,03,SAT_TAL:15
GPS_SNR:37,35,36,34,35,32,30,31,25,34,30,35,32,33,29,SNR_AVG:32.53
GLO_PRN:00,00,00,00,00,00,00,00,00,00,00,00,00,00,00,SAT_TAL:00
GLO_SNR:00,00,00,00,00,00,00,00,00,00,00,00,00,00,00,SNR_AVG:0.00
GAL_PRN:00,00,00,00,00,00,00,00,00,00,00,00,00,00,00,SAT_TAL:00
GAL_SNR:00,00,00,00,00,00,00,00,00,00,00,00,00,00,00,SNR_AVG:0.00
BEI_PRN:00,00,00,00,00,00,00,00,00,00,00,00,00,00,00,SAT_TAL:00
BEI_SNR:00,00,00,00,00,00,00,00,00,00,00,00,00,00,00,SNR_AVG:0.00
QZS_PRN:00,00,00,00,00,SAT_TAL:00
QZS_SNR:00,00,00,00,00,SNR_AVG:0.00
SatInView:35 GDOP:147
Roll:16.926525 Pitch:72.172012
X_AVG:-8.371974 Y_AVG:3.171184 Z_AVG:1.121658
X_SD:8.353432 Y_SD:7.726457 Z_SD:4.461637
$MXCM10033,2,27,20240103,022633,12,0E88F95F,47ECF950,012D,0021,475E,0E,9202*63
GPS_PRN:32,16,12,03,28,10,25,31,19619419919526,29,23,SAT_TAL:14
GPS_SNR:38,34,35,00,32,37,34,24,28,33,23,36,34,30,32,SNR_AVG:32.14
GLO_PRN:00,00,00,00,00,00,00,00,00,00,00,00,00,00,00,SAT_TAL:00
GLO_SNR:00,00,00,00,00,00,00,00,00,00,00,00,00,00,00,SNR_AVG:0.00
GAL_PRN:00,00,00,00,00,00,00,00,00,00,00,00,00,00,00,SAT_TAL:00
GAL_SNR:00,00,00,00,00,00,00,00,00,00,00,00,00,00,00,SNR_AVG:0.00
BEI_PRN:00,00,00,00,00,00,00,00,00,00,00,00,00,00,00,SAT_TAL:00
BEI_SNR:00,00,00,00,00,00,00,00,00,00,00,00,00,00,00,SNR_AVG:0.00
QZS_PRN:00,00,00,00,00,SAT_TAL:00
QZS_SNR:00,00,00,00,00,SNR_AVG:0.00
SatInView:32 GDOP:146
Roll:74.640076 Pitch:72.649521
X_AVG:-10.705027 Y_AVG:3.723154 Z_AVG:1.151826
X_SD:8.171479 Y_SD:8.223070 Z_SD:4.329872
$MXCM10033,2,28,20240103,022648,12,0E8858A7,47ED0FBD,0138,0021,4456,0E,9202*17
GPS_PRN:32,12,03,28,10,25,31,19619419919526,29,23,16,SAT_TAL:14
GPS_SNR:37,33,00,33,36,33,30,28,30,24,33,32,25,36,32,SNR_AVG:31.57
GLO_PRN:00,00,00,00,00,00,00,00,00,00,00,00,00,00,00,SAT_TAL:00
GLO_SNR:00,00,00,00,00,00,00,00,00,00,00,00,00,00,00,SNR_AVG:0.00
GAL_PRN:00,00,00,00,00,00,00,00,00,00,00,00,00,00,00,SAT_TAL:00
GAL_SNR:00,00,00,00,00,00,00,00,00,00,00,00,00,00,00,SNR_AVG:0.00
BEI_PRN:00,00,00,00,00,00,00,00,00,00,00,00,00,00,00,SAT_TAL:00
BEI_SNR:00,00,00,00,00,00,00,00,00,00,00,00,00,00,00,SNR_AVG:0.00
QZS_PRN:00,00,00,00,00,SAT_TAL:00
QZS_SNR:00,00,00,00,00,SNR_AVG:0.00
SatInView:33 GDOP:146
Roll:53.708878 Pitch:66.058296
X_AVG:-9.271350 Y_AVG:2.982613 Z_AVG:1.551091
X_SD:8.064059 Y_SD:7.717796 Z_SD:3.493611
$MXCM10033,2,29,20240103,022904,12,0E824361,47ED644F,016F,0022,431A,0E,9202*6C
GPS_PRN:32,12,03,28,10,31,25,19619419919526,29,23,16,SAT_TAL:14
GPS_SNR:37,35,00,36,36,35,34,29,29,24,33,31,29,35,31,SNR_AVG:32.43
GLO_PRN:00,00,00,00,00,00,00,00,00,00,00,00,00,00,00,SAT_TAL:00
GLO_SNR:00,00,00,00,00,00,00,00,00,00,00,00,00,00,00,SNR_AVG:0.00
GAL_PRN:00,00,00,00,00,00,00,00,00,00,00,00,00,00,00,SAT_TAL:00
GAL_SNR:00,00,00,00,00,00,00,00,00,00,00,00,00,00,00,SNR_AVG:0.00
BEI_PRN:00,00,00,00,00,00,00,00,00,00,00,00,00,00,00,SAT_TAL:00
BEI_SNR:00,00,00,00,00,00,00,00,00,00,00,00,00,00,00,SNR_AVG:0.00
QZS_PRN:00,00,00,00,00,SAT_TAL:00
QZS_SNR:00,00,00,00,00,SNR_AVG:0.00
SatInView:33 GDOP:145
Roll:2.703640 Pitch:90.000000
X_AVG:-8.687871 Y_AVG:2.950578 Z_AVG:0.397398
X_SD:8.485364 Y_SD:7.918826 Z_SD:4.354471
$MXCM10033,2,30,20240103,022919,12,0E819205,47ED72E6,017C,001D,4059,0E,9202*6D
GPS_PRN:32,03,28,10,31,25,19619419919526,29,23,16,12,SAT_TAL:14
GPS_SNR:36,00,35,37,35,34,30,30,28,35,33,26,36,33,35,SNR_AVG:33.07
GLO_PRN:00,00,00,00,00,00,00,00,00,00,00,00,00,00,00,SAT_TAL:00
GLO_SNR:00,00,00,00,00,00,00,00,00,00,00,00,00,00,00,SNR_AVG:0.00
GAL_PRN:00,00,00,00,00,00,00,00,00,00,00,00,00,00,00,SAT_TAL:00
GAL_SNR:00,00,00,00,00,00,00,00,00,00,00,00,00,00,00,SNR_AVG:0.00
BEI_PRN:00,00,00,00,00,00,00,00,00,00,00,00,00,00,00,SAT_TAL:00
BEI_SNR:00,00,00,00,00,00,00,00,00,00,00,00,00,00,00,SNR_AVG:0.00
QZS_PRN:00,00,00,00,00,SAT_TAL:00
QZS_SNR:00,00,00,00,00,SNR_AVG:0.00
SatInView:34 GDOP:145
Roll:90.069534 Pitch:64.366013
X_AVG:-10.564867 Y_AVG:4.969792 Z_AVG:0.681882
X_SD:8.081273 Y_SD:8.672400 Z_SD:3.745222
$MXCM10033,2,31,20240103,023135,12,0E7B7CE9,47EE529F,01AC,0023,4666,0F,9202*15
GPS_PRN:32,28,10,31,26,25,19419619919529,16,23,12,03,SAT_TAL:15
GPS_SNR:37,33,37,31,33,34,31,29,24,32,30,33,32,33,27,SNR_AVG:31.73
GLO_PRN:00,00,00,00,00,00,00,00,00,00,00,00,00,00,00,SAT_TAL:00
GLO_SNR:00,00,00,00,00,00,00,00,00,00,00,00,00,00,00,SNR_AVG:0.00
GAL_PRN:00,00,00,00,00,00,00,00,00,00,00,00,00,00,00,SAT_TAL:00
GAL_SNR:00,00,00,00,00,00,00,00,00,00,00,00,00,00,00,SNR_AVG:0.00
BEI_PRN:00,00,00,00,00,00,00,00,00,00,00,00,00,00,00,SAT_TAL:00
BEI_SNR:00,00,00,00,00,00,00,00,00,00,00,00,00,00,00,SNR_AVG:0.00
QZS_PRN:00,00,00,00,00,SAT_TAL:00
QZS_SNR:00,00,00,00,00,SNR_AVG:0.00
SatInView:35 GDOP:123
Roll:28.042118 Pitch:72.307289
X_AVG:-8.163003 Y_AVG:2.481305 Z_AVG:1.578912
X_SD:7.988281 Y_SD:6.897442 Z_SD:3.419583
$MXCM10033,2,32,20240103,023150,12,0E7AC490,47EE4038,01AF,0022,4AA1,0F,9202*14
GPS_PRN:32,28,10,31,26,19619419919525,29,16,23,03,12,SAT_TAL:15
GPS_SNR:38,32,38,32,34,30,31,25,31,35,31,35,31,24,34,SNR_AVG:32.07
GLO_PRN:00,00,00,00,00,00,00,00,00,00,00,00,00,00,00,SAT_TAL:00
GLO_SNR:00,00,00,00,00,00,00,00,00,00,00,00,00,00,00,SNR_AVG:0.00
GAL_PRN:00,00,00,00,00,00,00,00,00,00,00,00,00,00,00,SAT_TAL:00
GAL_SNR:00,00,00,00,00,00,00,00,00,00,00,00,00,00,00,SNR_AVG:0.00
BEI_PRN:00,00,00,00,00,00,00,00,00,00,00,00,00,00,00,SAT_TAL:00
BEI_SNR:00,00,00,00,00,00,00,00,00,00,00,00,00,00,00,SNR_AVG:0.00
QZS_PRN:00,00,00,00,00,SAT_TAL:00
QZS_SNR:00,00,00,00,00,SNR_AVG:0.00
SatInView:35 GDOP:123
Roll:25.900312 Pitch:90.000000
X_AVG:-8.244408 Y_AVG:1.988137 Z_AVG:1.337141
X_SD:7.850413 Y_SD:6.786326 Z_SD:2.880350
$MXCM10033,2,33,20240103,023406,12,0E7496FF,47EE4E8C,0188,001C,42FE,0F,9202*67
GPS_PRN:32,03,12,28,10,26,31,19419619919525,29,16,23,SAT_TAL:15
GPS_SNR:37,30,35,37,38,34,36,29,31,25,35,34,28,32,37,SNR_AVG:33.20
GLO_PRN:00,00,00,00,00,00,00,00,00,00,00,00,00,00,00,SAT_TAL:00
GLO_SNR:00,00,00,00,00,00,00,00,00,00,00,00,00,00,00,SNR_AVG:0.00
GAL_PRN:00,00,00,00,00,00,00,00,00,00,00,00,00,00,00,SAT_TAL:00
GAL_SNR:00,00,00,00,00,00,00,00,00,00,00,00,00,00,00,SNR_AVG:0.00
BEI_PRN:00,00,00,00,00,00,00,00,00,00,00,00,00,00,00,SAT_TAL:00
BEI_SNR:00,00,00,00,00,00,00,00,00,00,00,00,00,00,00,SNR_AVG:0.00
QZS_PRN:00,00,00,00,00,SAT_TAL:00
QZS_SNR:00,00,00,00,00,SNR_AVG:0.00
SatInView:33 GDOP:132
Roll:111.202034 Pitch:65.704422
X_AVG:-10.986686 Y_AVG:4.108916 Z_AVG:-2.155639
X_SD:6.948619 Y_SD:6.244927 Z_SD:3.166371
$MXCM10033,2,34,20240103,023421,12,0E740C88,47EE6A96,019F,001B,4876,11,9202*6B
GPS_PRN:32,12,28,10,26,31,19419619919525,29,16,23,03,SAT_TAL:15
GPS_SNR:37,34,36,36,34,36,30,28,24,33,35,36,33,35,28,SNR_AVG:33.00
GLO_PRN:00,00,00,00,00,00,00,00,00,00,00,00,00,00,00,SAT_TAL:00
GLO_SNR:00,00,00,00,00,00,00,00,00,00,00,00,00,00,00,SNR_AVG:0.00
GAL_PRN:00,00,00,00,00,00,00,00,00,00,00,00,00,00,00,SAT_TAL:00
GAL_SNR:00,00,00,00,00,00,00,00,00,00,00,00,00,00,00,SNR_AVG:0.00
BEI_PRN:00,00,00,00,00,00,00,00,00,00,00,00,00,00,00,SAT_TAL:00
BEI_SNR:00,00,00,00,00,00,00,00,00,00,00,00,00,00,00,SNR_AVG:0.00
QZS_PRN:00,00,00,00,00,SAT_TAL:00
QZS_SNR:00,00,00,00,00,SNR_AVG:0.00
SatInView:34 GDOP:130
Roll:104.977333 Pitch:61.487476
X_AVG:-9.446513 Y_AVG:3.721574 Z_AVG:-1.238019
X_SD:7.067169 Y_SD:5.891775 Z_SD:2.706118
$MXCM10033,2,35,20240103,023636,12,0E7099AF,47EF2AFC,00F5,0007,1F7A,0F,9202*10
GPS_PRN:32,28,26,31,10,25,29,19419619919516,23,03,12,SAT_TAL:13
GPS_SNR:37,26,36,35,00,31,36,33,32,26,27,34,25,24,00,SNR_AVG:30.92
GLO_PRN:00,00,00,00,00,00,00,00,00,00,00,00,00,00,00,SAT_TAL:00
GLO_SNR:00,00,00,00,00,00,00,00,00,00,00,00,00,00,00,SNR_AVG:0.00
GAL_PRN:00,00,00,00,00,00,00,00,00,00,00,00,00,00,00,SAT_TAL:00
GAL_SNR:00,00,00,00,00,00,00,00,00,00,00,00,00,00,00,SNR_AVG:0.00
BEI_PRN:00,00,00,00,00,00,00,00,00,00,00,00,00,00,00,SAT_TAL:00
BEI_SNR:00,00,00,00,00,00,00,00,00,00,00,00,00,00,00,SNR_AVG:0.00
QZS_PRN:00,00,00,00,00,SAT_TAL:00
QZS_SNR:00,00,00,00,00,SNR_AVG:0.00
SatInView:35 GDOP:133
Roll:123.354851 Pitch:70.209045
X_AVG:-11.377811 Y_AVG:6.062672 Z_AVG:-4.011087
X_SD:5.580535 Y_SD:6.750155 Z_SD:4.420388
$MXCM10033,2,36,20240103,023652,12,0E7042E2,47EEC9D4,00DB,000E,6E79,11,9202*15
GPS_PRN:32,28,26,31,10,25,29,19419619919516,23,03,12,SAT_TAL:14
GPS_SNR:34,30,36,33,40,31,35,32,33,28,32,36,33,34,00,SNR_AVG:33.36
GLO_PRN:00,00,00,00,00,00,00,00,00,00,00,00,00,00,00,SAT_TAL:00
GLO_SNR:00,00,00,00,00,00,00,00,00,00,00,00,00,00,00,SNR_AVG:0.00
GAL_PRN:00,00,00,00,00,00,00,00,00,00,00,00,00,00,00,SAT_TAL:00
GAL_SNR:00,00,00,00,00,00,00,00,00,00,00,00,00,00,00,SNR_AVG:0.00
BEI_PRN:00,00,00,00,00,00,00,00,00,00,00,00,00,00,00,SAT_TAL:00
BEI_SNR:00,00,00,00,00,00,00,00,00,00,00,00,00,00,00,SNR_AVG:0.00
QZS_PRN:00,00,00,00,00,SAT_TAL:00
QZS_SNR:00,00,00,00,00,SNR_AVG:0.00
SatInView:35 GDOP:130
Roll:150.743347 Pitch:90.000000
X_AVG:-9.289067 Y_AVG:3.891710 Z_AVG:-2.745151
X_SD:6.571234 Y_SD:6.255716 Z_SD:2.782254
$MXCM10033,2,37,20240103,023908,12,0E70FEA0,47EF9BAE,00CD,0000,71AF,0D,9201*1E
GPS_PRN:10,29,16,23,03,19419619919528,32,26,31,25,00,SAT_TAL:13
GPS_SNR:25,37,16,29,13,36,29,29,39,21,38,19,00,25,00,SNR_AVG:27.38
GLO_PRN:00,00,00,00,00,00,00,00,00,00,00,00,00,00,00,SAT_TAL:00
GLO_SNR:00,00,00,00,00,00,00,00,00,00,00,00,00,00,00,SNR_AVG:0.00
GAL_PRN:00,00,00,00,00,00,00,00,00,00,00,00,00,00,00,SAT_TAL:00
GAL_SNR:00,00,00,00,00,00,00,00,00,00,00,00,00,00,00,SNR_AVG:0.00
BEI_PRN:27,20,03,46,16,06,01,07,10,27,20,00,00,00,00,SAT_TAL:08
BEI_SNR:29,21,00,00,00,12,31,22,19,29,17,00,00,00,00,SNR_AVG:22.50
QZS_PRN:00,00,00,00,00,SAT_TAL:00
QZS_SNR:00,00,00,00,00,SNR_AVG:0.00
SatInView:25 GDOP:135
Roll:94.503883 Pitch:26.887758
X_AVG:-3.802308 Y_AVG:8.422684 Z_AVG:-0.233439
X_SD:3.954539 Y_SD:5.088778 Z_SD:3.540981
$MXCM10033,2,38,20240103,023923,12,0E7101F8,47EF9800,00BE,0000,7A1D,0D,9201*68
GPS_PRN:10,29,16,23,19419619919528,26,32,31,25,00,00,SAT_TAL:12
GPS_SNR:28,37,16,31,37,31,30,38,18,00,36,18,22,00,00,SNR_AVG:28.50
GLO_PRN:00,00,00,00,00,00,00,00,00,00,00,00,00,00,00,SAT_TAL:00
GLO_SNR:00,00,00,00,00,00,00,00,00,00,00,00,00,00,00,SNR_AVG:0.00
GAL_PRN:00,00,00,00,00,00,00,00,00,00,00,00,00,00,00,SAT_TAL:00
GAL_SNR:00,00,00,00,00,00,00,00,00,00,00,00,00,00,00,SNR_AVG:0.00
BEI_PRN:27,20,46,16,06,01,04,07,27,20,46,00,00,00,00,SAT_TAL:08
BEI_SNR:27,15,13,00,00,32,31,18,24,14,00,00,00,00,00,SNR_AVG:21.75
QZS_PRN:00,00,00,00,00,SAT_TAL:00
QZS_SNR:00,00,00,00,00,SNR_AVG:0.00
SatInView:24 GDOP:130
Roll:89.763962 Pitch:13.537081
X_AVG:-2.573388 Y_AVG:9.439665 Z_AVG:-0.518834
X_SD:0.375480 Y_SD:0.407584 Z_SD:0.162548
$MXCM10033,2,39,20240103,024138,12,0E71060C,47EF84A6,00BC,0000,1764,08,9201*61
GPS_PRN:10,29,16,03,23,28,26,19419619919532,31,25,00,SAT_TAL:08
GPS_SNR:17,30,00,00,33,00,00,20,19,00,34,22,00,22,00,SNR_AVG:24.62
GLO_PRN:00,00,00,00,00,00,00,00,00,00,00,00,00,00,00,SAT_TAL:00
GLO_SNR:00,00,00,00,00,00,00,00,00,00,00,00,00,00,00,SNR_AVG:0.00
GAL_PRN:00,00,00,00,00,00,00,00,00,00,00,00,00,00,00,SAT_TAL:00
GAL_SNR:00,00,00,00,00,00,00,00,00,00,00,00,00,00,00,SNR_AVG:0.00
BEI_PRN:27,20,03,46,16,06,01,02,04,07,28,27,00,00,00,SAT_TAL:02
BEI_SNR:29,00,00,00,00,00,00,00,00,00,00,32,00,00,00,SNR_AVG:30.50
QZS_PRN:00,00,00,00,00,SAT_TAL:00
QZS_SNR:00,00,00,00,00,SNR_AVG:0.00
SatInView:26 GDOP:219
Roll:130.202103 Pitch:-39.244888
X_AVG:-1.394507 Y_AVG:1.590021 Z_AVG:-8.303785
X_SD:11.195407 Y_SD:10.904694 Z_SD:8.825399
$MXCM10033,2,40,20240103,024154,12,0E71035A,47EF9AC4,00BD,0000,1764,0C,9201*6F
GPS_PRN:10,29,16,03,23,12,28,19419619919526,32,31,25,SAT_TAL:11
GPS_SNR:24,35,17,00,25,00,22,25,28,19,19,00,29,00,25,SNR_AVG:24.36
GLO_PRN:00,00,00,00,00,00,00,00,00,00,00,00,00,00,00,SAT_TAL:00
GLO_SNR:00,00,00,00,00,00,00,00,00,00,00,00,00,00,00,SNR_AVG:0.00
GAL_PRN:00,00,00,00,00,00,00,00,00,00,00,00,00,00,00,SAT_TAL:00
GAL_SNR:00,00,00,00,00,00,00,00,00,00,00,00,00,00,00,SNR_AVG:0.00
BEI_PRN:00,00,00,00,00,00,00,00,00,00,00,00,00,00,00,SAT_TAL:00
BEI_SNR:00,00,00,00,00,00,00,00,00,00,00,00,00,00,00,SNR_AVG:0.00
QZS_PRN:00,00,00,00,00,SAT_TAL:00
QZS_SNR:00,00,00,00,00,SNR_AVG:0.00
SatInView:28 GDOP:134
Roll:125.306580 Pitch:19.132774
X_AVG:-3.389875 Y_AVG:7.814018 Z_AVG:-5.399464
X_SD:0.099710 Y_SD:0.083015 Z_SD:0.113310
$MXCM10033,2,41,20240103,024409,12,0E7103EB,47EF96D2,00BD,0000,4B42,06,9201*67
GPS_PRN:10,29,16,03,28,26,19419619919532,31,25,00,00,SAT_TAL:07
GPS_SNR:00,26,00,00,20,00,00,27,18,29,24,00,21,00,00,SNR_AVG:23.57
GLO_PRN:00,00,00,00,00,00,00,00,00,00,00,00,00,00,00,SAT_TAL:00
GLO_SNR:00,00,00,00,00,00,00,00,00,00,00,00,00,00,00,SNR_AVG:0.00
GAL_PRN:00,00,00,00,00,00,00,00,00,00,00,00,00,00,00,SAT_TAL:00
GAL_SNR:00,00,00,00,00,00,00,00,00,00,00,00,00,00,00,SNR_AVG:0.00
BEI_PRN:27,20,03,46,16,01,02,04,07,28,27,00,00,00,00,SAT_TAL:02
BEI_SNR:30,00,00,00,00,00,00,00,00,00,32,00,00,00,00,SNR_AVG:31.00
QZS_PRN:00,00,00,00,00,SAT_TAL:00
QZS_SNR:00,00,00,00,00,SNR_AVG:0.00
SatInView:24 GDOP:199
Roll:116.972610 Pitch:18.406380
X_AVG:-3.533578 Y_AVG:8.076954 Z_AVG:-4.851038
X_SD:0.088464 Y_SD:0.070522 Z_SD:0.110385
$MXCM10033,2,42,20240103,024424,12,0E7105FB,47EF9C91,00BD,0000,4B42,0B,9201*11
GPS_PRN:10,29,16,23,28,26,19419619919531,32,25,00,00,SAT_TAL:10
GPS_SNR:00,31,16,23,17,00,15,24,18,22,00,24,28,00,00,SNR_AVG:21.80
GLO_PRN:00,00,00,00,00,00,00,00,00,00,00,00,00,00,00,SAT_TAL:00
GLO_SNR:00,00,00,00,00,00,00,00,00,00,00,00,00,00,00,SNR_AVG:0.00
GAL_PRN:00,00,00,00,00,00,00,00,00,00,00,00,00,00,00,SAT_TAL:00
GAL_SNR:00,00,00,00,00,00,00,00,00,00,00,00,00,00,00,SNR_AVG:0.00
BEI_PRN:28,20,46,06,16,04,07,10,28,27,23,27,00,00,00,SAT_TAL:08
BEI_SNR:19,00,00,16,17,26,00,17,25,32,00,29,00,00,00,SNR_AVG:22.62
QZS_PRN:00,00,00,00,00,SAT_TAL:00
QZS_SNR:00,00,00,00,00,SNR_AVG:0.00
SatInView:25 GDOP:139
Roll:117.269096 Pitch:18.864275
X_AVG:-3.749587 Y_AVG:8.029692 Z_AVG:-4.740471
X_SD:0.109802 Y_SD:0.088054 Z_SD:0.124782
$MXCM10033,2,43,20240103,024640,12,0E710701,47EF9982,00C1,0001,04DE,08,9202*16
GPS_PRN:10,29,16,03,23,28,26,19419619919532,31,25,00,SAT_TAL:08
GPS_SNR:00,30,15,00,21,00,00,28,20,00,24,28,17,00,00,SNR_AVG:22.88
GLO_PRN:00,00,00,00,00,00,00,00,00,00,00,00,00,00,00,SAT_TAL:00
GLO_SNR:00,00,00,00,00,00,00,00,00,00,00,00,00,00,00,SNR_AVG:0.00
GAL_PRN:00,00,00,00,00,00,00,00,00,00,00,00,00,00,00,SAT_TAL:00
GAL_SNR:00,00,00,00,00,00,00,00,00,00,00,00,00,00,00,SNR_AVG:0.00
BEI_PRN:27,20,03,46,06,16,01,02,04,07,28,27,00,00,00,SAT_TAL:01
BEI_SNR:00,00,00,00,00,00,00,00,00,00,00,26,00,00,00,SNR_AVG:26.00
QZS_PRN:00,00,00,00,00,SAT_TAL:00
QZS_SNR:00,00,00,00,00,SNR_AVG:0.00
SatInView:26 GDOP:161
Roll:180.000015 Pitch:41.274452
X_AVG:-6.730476 Y_AVG:-0.112913 Z_AVG:-7.714704
X_SD:0.400609 Y_SD:0.203924 Z_SD:0.348587
$MXCM10033,2,44,20240103,024655,12,0E710018,47EF98B9,00BC,0000,8B39,0E,9202*10
GPS_PRN:10,29,16,23,28,19419619919526,32,31,25,00,00,SAT_TAL:12
GPS_SNR:22,28,13,20,16,29,20,16,26,00,31,17,19,00,00,SNR_AVG:21.42
GLO_PRN:00,00,00,00,00,00,00,00,00,00,00,00,00,00,00,SAT_TAL:00
GLO_SNR:00,00,00,00,00,00,00,00,00,00,00,00,00,00,00,SNR_AVG:0.00
GAL_PRN:00,00,00,00,00,00,00,00,00,00,00,00,00,00,00,SAT_TAL:00
GAL_SNR:00,00,00,00,00,00,00,00,00,00,00,00,00,00,00,SNR_AVG:0.00
BEI_PRN:27,20,46,06,16,01,04,07,28,27,46,00,00,00,00,SAT_TAL:08
BEI_SNR:15,13,16,00,13,00,27,21,24,26,00,00,00,00,00,SNR_AVG:19.38
QZS_PRN:00,00,00,00,00,SAT_TAL:00
QZS_SNR:00,00,00,00,00,SNR_AVG:0.00
SatInView:24 GDOP:126
Roll:179.999939 Pitch:41.081799
X_AVG:-6.680484 Y_AVG:-0.102139 Z_AVG:-7.739652
X_SD:0.391713 Y_SD:0.228422 Z_SD:0.346164
$MXCM10033,2,45,20240103,024910,12,0E70F9AB,47EFAF27,00BC,0000,3C75,04,9202*60
GPS_PRN:32,28,26,31,10,25,29,16,23,19419619919500,00,SAT_TAL:07
GPS_SNR:25,00,00,00,18,20,19,00,18,15,00,00,26,00,00,SNR_AVG:20.14
GLO_PRN:00,00,00,00,00,00,00,00,00,00,00,00,00,00,00,SAT_TAL:00
GLO_SNR:00,00,00,00,00,00,00,00,00,00,00,00,00,00,00,SNR_AVG:0.00
GAL_PRN:00,00,00,00,00,00,00,00,00,00,00,00,00,00,00,SAT_TAL:00
GAL_SNR:00,00,00,00,00,00,00,00,00,00,00,00,00,00,00,SNR_AVG:0.00
BEI_PRN:06,01,02,04,07,28,27,20,03,46,16,00,00,00,00,SAT_TAL:00
BEI_SNR:00,00,00,00,00,00,00,00,00,00,00,00,00,00,00,SNR_AVG:0.00
QZS_PRN:00,00,00,00,00,SAT_TAL:00
QZS_SNR:00,00,00,00,00,SNR_AVG:0.00
SatInView:24 GDOP:256
Roll:40.891068 Pitch:63.555279
X_AVG:-8.347409 Y_AVG:2.074665 Z_AVG:4.051789
X_SD:0.566373 Y_SD:0.533960 Z_SD:0.314250
$MXCM10033,2,46,20240103,024926,12,0E71006C,47EF9DAD,00BC,0000,3C75,09,9202*19
GPS_PRN:10,29,16,03,23,28,26,19419619919531,32,25,00,SAT_TAL:09
GPS_SNR:23,25,00,00,21,15,00,19,18,00,00,15,18,21,00,SNR_AVG:19.44
GLO_PRN:00,00,00,00,00,00,00,00,00,00,00,00,00,00,00,SAT_TAL:00
GLO_SNR:00,00,00,00,00,00,00,00,00,00,00,00,00,00,00,SNR_AVG:0.00
GAL_PRN:00,00,00,00,00,00,00,00,00,00,00,00,00,00,00,SAT_TAL:00
GAL_SNR:00,00,00,00,00,00,00,00,00,00,00,00,00,00,00,SNR_AVG:0.00
BEI_PRN:28,20,03,46,06,16,01,02,04,07,28,27,27,00,00,SAT_TAL:03
BEI_SNR:00,00,00,00,00,00,00,00,00,00,15,24,27,00,00,SNR_AVG:22.00
QZS_PRN:00,00,00,00,00,SAT_TAL:00
QZS_SNR:00,00,00,00,00,SNR_AVG:0.00
SatInView:27 GDOP:150
Roll:17.800423 Pitch:90.000000
X_AVG:-9.755802 Y_AVG:0.503271 Z_AVG:1.001706
X_SD:0.325736 Y_SD:0.439078 Z_SD:0.250013
$MXCM10033,2,47,20240103,025142,12,0E7103CA,47EF9DEE,00BC,0000,7158,0D,9202*66
GPS_PRN:10,29,16,19419619919523,28,26,32,31,25,00,00,SAT_TAL:11
GPS_SNR:35,34,00,30,17,00,42,19,23,24,40,16,34,00,00,SNR_AVG:28.55
GLO_PRN:00,00,00,00,00,00,00,00,00,00,00,00,00,00,00,SAT_TAL:00
GLO_SNR:00,00,00,00,00,00,00,00,00,00,00,00,00,00,00,SNR_AVG:0.00
GAL_PRN:00,00,00,00,00,00,00,00,00,00,00,00,00,00,00,SAT_TAL:00
GAL_SNR:00,00,00,00,00,00,00,00,00,00,00,00,00,00,00,SNR_AVG:0.00
BEI_PRN:28,20,46,06,16,04,27,28,20,46,27,00,00,00,00,SAT_TAL:09
BEI_SNR:33,20,24,18,00,38,42,33,20,00,36,00,00,00,00,SNR_AVG:29.33
QZS_PRN:00,00,00,00,00,SAT_TAL:00
QZS_SNR:00,00,00,00,00,SNR_AVG:0.00
SatInView:24 GDOP:135
Roll:-44.353775 Pitch:90.000000
X_AVG:-9.571205 Y_AVG:-1.257987 Z_AVG:1.355050
X_SD:0.069490 Y_SD:0.060645 Z_SD:0.091032
$MXCM10033,2,48,20240103,025157,12,0E7102EF,47EF9E20,00BC,0000,7158,0F,9202*6C
GPS_PRN:32,26,31,10,25,29,19419619919516,03,23,28,00,SAT_TAL:13
GPS_SNR:40,27,17,33,36,37,30,19,18,42,17,00,18,26,00,SNR_AVG:27.69
GLO_PRN:00,00,00,00,00,00,00,00,00,00,00,00,00,00,00,SAT_TAL:00
GLO_SNR:00,00,00,00,00,00,00,00,00,00,00,00,00,00,00,SNR_AVG:0.00
GAL_PRN:00,00,00,00,00,00,00,00,00,00,00,00,00,00,00,SAT_TAL:00
GAL_SNR:00,00,00,00,00,00,00,00,00,00,00,00,00,00,00,SNR_AVG:0.00
BEI_PRN:28,23,20,46,27,28,20,03,46,06,16,01,02,04,07,SAT_TAL:12
BEI_SNR:32,00,20,24,38,33,22,00,23,19,18,32,00,38,20,SNR_AVG:26.58
QZS_PRN:00,00,00,00,00,SAT_TAL:00
QZS_SNR:00,00,00,00,00,SNR_AVG:0.00
SatInView:33 GDOP:126
Roll:-42.821568 Pitch:90.000000
X_AVG:-9.566656 Y_AVG:-1.258897 Z_AVG:1.346574
X_SD:0.075247 Y_SD:0.058142 Z_SD:0.093369
$MXCM10033,2,49,20240103,025413,12,0E710457,47EF9D4B,00BC,0000,661F,08,9202*18
GPS_PRN:10,29,16,23,28,26,19419619919531,32,25,00,00,SAT_TAL:09
GPS_SNR:24,36,00,00,00,17,23,00,18,39,24,21,36,00,00,SNR_AVG:26.44
GLO_PRN:00,00,00,00,00,00,00,00,00,00,00,00,00,00,00,SAT_TAL:00
GLO_SNR:00,00,00,00,00,00,00,00,00,00,00,00,00,00,00,SNR_AVG:0.00
GAL_PRN:00,00,00,00,00,00,00,00,00,00,00,00,00,00,00,SAT_TAL:00
GAL_SNR:00,00,00,00,00,00,00,00,00,00,00,00,00,00,00,SNR_AVG:0.00
BEI_PRN:28,20,46,06,16,01,02,04,27,28,23,27,00,00,00,SAT_TAL:06
BEI_SNR:28,00,00,00,00,30,00,36,40,36,00,36,00,00,00,SNR_AVG:34.33
QZS_PRN:00,00,00,00,00,SAT_TAL:00
QZS_SNR:00,00,00,00,00,SNR_AVG:0.00
SatInView:25 GDOP:150
Roll:-58.821484 Pitch:90.000000
X_AVG:-9.639394 Y_AVG:-1.201674 Z_AVG:1.006303
X_SD:0.069682 Y_SD:0.061494 Z_SD:0.103316
$MXCM10033,2,50,20240103,025428,12,0E710458,47EFA023,00BC,0000,661F,0D,9202*10
GPS_PRN:32,31,10,25,29,16,19419619919503,23,28,26,00,SAT_TAL:11
GPS_SNR:22,18,24,37,34,18,26,14,18,39,00,00,00,19,00,SNR_AVG:24.45
GLO_PRN:00,00,00,00,00,00,00,00,00,00,00,00,00,00,00,SAT_TAL:00
GLO_SNR:00,00,00,00,00,00,00,00,00,00,00,00,00,00,00,SNR_AVG:0.00
GAL_PRN:00,00,00,00,00,00,00,00,00,00,00,00,00,00,00,SAT_TAL:00
GAL_SNR:00,00,00,00,00,00,00,00,00,00,00,00,00,00,00,SNR_AVG:0.00
BEI_PRN:27,28,23,20,46,27,28,20,03,46,06,16,01,02,04,SAT_TAL:11
BEI_SNR:38,32,00,20,00,33,20,19,00,17,17,19,23,00,35,SNR_AVG:24.82
QZS_PRN:00,00,00,00,00,SAT_TAL:00
QZS_SNR:00,00,00,00,00,SNR_AVG:0.00
SatInView:34 GDOP:133
Roll:-60.317814 Pitch:90.000000
X_AVG:-9.637574 Y_AVG:-1.202249 Z_AVG:1.012576
X_SD:0.072659 Y_SD:0.076111 Z_SD:0.103815
$MXCM10033,2,51,20240103,025643,12,0E70EAE6,47EF9977,00BC,0000,0000,04,9202*16
GPS_PRN:32,28,26,31,10,29,25,16,23,19419619919500,00,SAT_TAL:06
GPS_SNR:00,00,26,00,26,00,19,16,00,00,28,18,00,00,00,SNR_AVG:22.17
GLO_PRN:00,00,00,00,00,00,00,00,00,00,00,00,00,00,00,SAT_TAL:00
GLO_SNR:00,00,00,00,00,00,00,00,00,00,00,00,00,00,00,SNR_AVG:0.00
GAL_PRN:00,00,00,00,00,00,00,00,00,00,00,00,00,00,00,SAT_TAL:00
GAL_SNR:00,00,00,00,00,00,00,00,00,00,00,00,00,00,00,SNR_AVG:0.00
BEI_PRN:16,02,04,13,07,08,27,28,20,46,06,01,00,00,00,SAT_TAL:02
BEI_SNR:00,26,00,30,00,00,00,00,00,00,00,00,00,00,00,SNR_AVG:28.00
QZS_PRN:00,00,00,00,00,SAT_TAL:00
QZS_SNR:00,00,00,00,00,SNR_AVG:0.00
SatInView:25 GDOP:266
Roll:0.000000 Pitch:90.000000
X_AVG:-9.799713 Y_AVG:0.030934 Z_AVG:0.510358
X_SD:0.068981 Y_SD:0.059421 Z_SD:0.098609
$MXCM10033,2,52,20240103,025658,12,0E70F46C,47EF8FA9,00BC,0000,0797,0B,9202*16
GPS_PRN:32,25,16,03,23,28,26,31,10,19419619919529,00,SAT_TAL:12
GPS_SNR:17,20,16,18,00,19,28,20,23,17,28,20,16,00,00,SNR_AVG:20.17
GLO_PRN:00,00,00,00,00,00,00,00,00,00,00,00,00,00,00,SAT_TAL:00
GLO_SNR:00,00,00,00,00,00,00,00,00,00,00,00,00,00,00,SNR_AVG:0.00
GAL_PRN:00,00,00,00,00,00,00,00,00,00,00,00,00,00,00,SAT_TAL:00
GAL_SNR:00,00,00,00,00,00,00,00,00,00,00,00,00,00,00,SNR_AVG:0.00
BEI_PRN:27,20,03,46,06,16,01,02,04,13,07,08,27,28,00,SAT_TAL:04
BEI_SNR:00,00,00,00,00,00,00,25,00,30,16,00,15,00,00,SNR_AVG:21.50
QZS_PRN:00,00,00,00,00,SAT_TAL:00
QZS_SNR:00,00,00,00,00,SNR_AVG:0.00
SatInView:28 GDOP:126
Roll:0.000000 Pitch:90.000000
X_AVG:-9.783959 Y_AVG:0.021788 Z_AVG:0.525634
X_SD:0.069358 Y_SD:0.062595 Z_SD:0.089974
$MXCM10033,2,53,20240103,025913,00,0E70F448,47EF8F66,00BC,0000,0000,00,9202*6E
GPS_PRN:10,25,00,00,00,00,00,00,00,00,00,00,00,00,00,SAT_TAL:00
GPS_SNR:00,00,00,00,00,00,00,00,00,00,00,00,00,00,00,SNR_AVG:0.00
GLO_PRN:00,00,00,00,00,00,00,00,00,00,00,00,00,00,00,SAT_TAL:00
GLO_SNR:00,00,00,00,00,00,00,00,00,00,00,00,00,00,00,SNR_AVG:0.00
GAL_PRN:00,00,00,00,00,00,00,00,00,00,00,00,00,00,00,SAT_TAL:00
GAL_SNR:00,00,00,00,00,00,00,00,00,00,00,00,00,00,00,SNR_AVG:0.00
BEI_PRN:00,00,00,00,00,00,00,00,00,00,00,00,00,00,00,SAT_TAL:00
BEI_SNR:00,00,00,00,00,00,00,00,00,00,00,00,00,00,00,SNR_AVG:0.00
QZS_PRN:00,00,00,00,00,SAT_TAL:00
QZS_SNR:00,00,00,00,00,SNR_AVG:0.00
SatInView:2 GDOP:17319
Roll:0.000000 Pitch:90.000000
X_AVG:-9.804693 Y_AVG:0.037590 Z_AVG:0.393567
X_SD:0.075461 Y_SD:0.057485 Z_SD:0.094917
$MXCM10033,2,54,20240103,025928,00,0E70F448,47EF8F66,00BC,0000,0000,00,9202*61
GPS_PRN:00,00,00,00,00,00,00,00,00,00,00,00,00,00,00,SAT_TAL:00
GPS_SNR:00,00,00,00,00,00,00,00,00,00,00,00,00,00,00,SNR_AVG:0.00
GLO_PRN:00,00,00,00,00,00,00,00,00,00,00,00,00,00,00,SAT_TAL:00
GLO_SNR:00,00,00,00,00,00,00,00,00,00,00,00,00,00,00,SNR_AVG:0.00
GAL_PRN:00,00,00,00,00,00,00,00,00,00,00,00,00,00,00,SAT_TAL:00
GAL_SNR:00,00,00,00,00,00,00,00,00,00,00,00,00,00,00,SNR_AVG:0.00
BEI_PRN:03,08,10,28,00,00,00,00,00,00,00,00,00,00,00,SAT_TAL:00
BEI_SNR:00,00,00,00,00,00,00,00,00,00,00,00,00,00,00,SNR_AVG:0.00
QZS_PRN:00,00,00,00,00,SAT_TAL:00
QZS_SNR:00,00,00,00,00,SNR_AVG:0.00
SatInView:4 GDOP:17319
Roll:41.997353 Pitch:90.000000
X_AVG:-9.686991 Y_AVG:0.095387 Z_AVG:0.392849
X_SD:3.266448 Y_SD:1.769397 Z_SD:0.862196
$MXCM10033,2,55,20240103,030143,00,0E70F448,47EF8F66,00BC,0000,0000,00,9202*61
GPS_PRN:29,10,25,00,00,00,00,00,00,00,00,00,00,00,00,SAT_TAL:00
GPS_SNR:00,00,00,00,00,00,00,00,00,00,00,00,00,00,00,SNR_AVG:0.00
GLO_PRN:00,00,00,00,00,00,00,00,00,00,00,00,00,00,00,SAT_TAL:00
GLO_SNR:00,00,00,00,00,00,00,00,00,00,00,00,00,00,00,SNR_AVG:0.00
GAL_PRN:00,00,00,00,00,00,00,00,00,00,00,00,00,00,00,SAT_TAL:00
GAL_SNR:00,00,00,00,00,00,00,00,00,00,00,00,00,00,00,SNR_AVG:0.00
BEI_PRN:00,00,00,00,00,00,00,00,00,00,00,00,00,00,00,SAT_TAL:00
BEI_SNR:00,00,00,00,00,00,00,00,00,00,00,00,00,00,00,SNR_AVG:0.00
QZS_PRN:00,00,00,00,00,SAT_TAL:00
QZS_SNR:00,00,00,00,00,SNR_AVG:0.00
SatInView:3 GDOP:17319
Roll:0.000000 Pitch:90.000000
X_AVG:-9.479985 Y_AVG:0.162426 Z_AVG:2.087690
X_SD:0.078825 Y_SD:0.059198 Z_SD:0.095324
$MXCM10033,2,56,20240103,030158,00,0E70F448,47EF8F66,00BC,0000,0000,00,9202*68
GPS_PRN:00,00,00,00,00,00,00,00,00,00,00,00,00,00,00,SAT_TAL:00
GPS_SNR:00,00,00,00,00,00,00,00,00,00,00,00,00,00,00,SNR_AVG:0.00
GLO_PRN:00,00,00,00,00,00,00,00,00,00,00,00,00,00,00,SAT_TAL:00
GLO_SNR:00,00,00,00,00,00,00,00,00,00,00,00,00,00,00,SNR_AVG:0.00
GAL_PRN:00,00,00,00,00,00,00,00,00,00,00,00,00,00,00,SAT_TAL:00
GAL_SNR:00,00,00,00,00,00,00,00,00,00,00,00,00,00,00,SNR_AVG:0.00
BEI_PRN:03,08,10,28,00,00,00,00,00,00,00,00,00,00,00,SAT_TAL:00
BEI_SNR:00,00,00,00,00,00,00,00,00,00,00,00,00,00,00,SNR_AVG:0.00
QZS_PRN:00,00,00,00,00,SAT_TAL:00
QZS_SNR:00,00,00,00,00,SNR_AVG:0.00
SatInView:4 GDOP:17319
Roll:0.000000 Pitch:90.000000
X_AVG:-9.473712 Y_AVG:0.149018 Z_AVG:2.093388
X_SD:0.075287 Y_SD:0.059259 Z_SD:0.096582
$MXCM10033,2,57,20240103,030413,00,0E70F448,47EF8F66,00BC,0000,0000,00,9202*63
GPS_PRN:29,10,16,00,00,00,00,00,00,00,00,00,00,00,00,SAT_TAL:00
GPS_SNR:00,00,00,00,00,00,00,00,00,00,00,00,00,00,00,SNR_AVG:0.00
GLO_PRN:00,00,00,00,00,00,00,00,00,00,00,00,00,00,00,SAT_TAL:00
GLO_SNR:00,00,00,00,00,00,00,00,00,00,00,00,00,00,00,SNR_AVG:0.00
GAL_PRN:00,00,00,00,00,00,00,00,00,00,00,00,00,00,00,SAT_TAL:00
GAL_SNR:00,00,00,00,00,00,00,00,00,00,00,00,00,00,00,SNR_AVG:0.00
BEI_PRN:00,00,00,00,00,00,00,00,00,00,00,00,00,00,00,SAT_TAL:00
BEI_SNR:00,00,00,00,00,00,00,00,00,00,00,00,00,00,00,SNR_AVG:0.00
QZS_PRN:00,00,00,00,00,SAT_TAL:00
QZS_SNR:00,00,00,00,00,SNR_AVG:0.00
SatInView:3 GDOP:19998
Roll:0.000000 Pitch:90.000000
X_AVG:-9.461740 Y_AVG:0.159361 Z_AVG:2.114410
X_SD:0.073484 Y_SD:0.062015 Z_SD:0.090436
$MXCM10033,2,58,20240103,030428,00,0E70F448,47EF8F66,00BC,0000,0000,00,9202*64
GPS_PRN:00,00,00,00,00,00,00,00,00,00,00,00,00,00,00,SAT_TAL:00
GPS_SNR:00,00,00,00,00,00,00,00,00,00,00,00,00,00,00,SNR_AVG:0.00
GLO_PRN:00,00,00,00,00,00,00,00,00,00,00,00,00,00,00,SAT_TAL:00
GLO_SNR:00,00,00,00,00,00,00,00,00,00,00,00,00,00,00,SNR_AVG:0.00
GAL_PRN:00,00,00,00,00,00,00,00,00,00,00,00,00,00,00,SAT_TAL:00
GAL_SNR:00,00,00,00,00,00,00,00,00,00,00,00,00,00,00,SNR_AVG:0.00
BEI_PRN:03,13,08,10,28,00,00,00,00,00,00,00,00,00,00,SAT_TAL:00
BEI_SNR:00,00,00,00,00,00,00,00,00,00,00,00,00,00,00,SNR_AVG:0.00
QZS_PRN:00,00,00,00,00,SAT_TAL:00
QZS_SNR:00,00,00,00,00,SNR_AVG:0.00
SatInView:5 GDOP:19998
Roll:0.000000 Pitch:90.000000
X_AVG:-9.468779 Y_AVG:0.156632 Z_AVG:2.116469
X_SD:0.069491 Y_SD:0.060152 Z_SD:0.094592
$MXCM10033,2,59,20240103,030643,00,0E70F448,47EF8F66,00BC,0000,0000,00,9202*6A
GPS_PRN:31,29,00,00,00,00,00,00,00,00,00,00,00,00,00,SAT_TAL:00
GPS_SNR:00,00,00,00,00,00,00,00,00,00,00,00,00,00,00,SNR_AVG:0.00
GLO_PRN:00,00,00,00,00,00,00,00,00,00,00,00,00,00,00,SAT_TAL:00
GLO_SNR:00,00,00,00,00,00,00,00,00,00,00,00,00,00,00,SNR_AVG:0.00
GAL_PRN:00,00,00,00,00,00,00,00,00,00,00,00,00,00,00,SAT_TAL:00
GAL_SNR:00,00,00,00,00,00,00,00,00,00,00,00,00,00,00,SNR_AVG:0.00
BEI_PRN:00,00,00,00,00,00,00,00,00,00,00,00,00,00,00,SAT_TAL:00
BEI_SNR:00,00,00,00,00,00,00,00,00,00,00,00,00,00,00,SNR_AVG:0.00
QZS_PRN:00,00,00,00,00,SAT_TAL:00
QZS_SNR:00,00,00,00,00,SNR_AVG:0.00
SatInView:2 GDOP:19998
Roll:0.000000 Pitch:90.000000
X_AVG:-9.473568 Y_AVG:0.152801 Z_AVG:2.134905
X_SD:0.073319 Y_SD:0.053839 Z_SD:0.098673
$MXCM10033,2,60,20240103,030658,00,0E70F448,47EF8F66,00BC,0000,0000,00,9202*6A
GPS_PRN:00,00,00,00,00,00,00,00,00,00,00,00,00,00,00,SAT_TAL:00
GPS_SNR:00,00,00,00,00,00,00,00,00,00,00,00,00,00,00,SNR_AVG:0.00
GLO_PRN:00,00,00,00,00,00,00,00,00,00,00,00,00,00,00,SAT_TAL:00
GLO_SNR:00,00,00,00,00,00,00,00,00,00,00,00,00,00,00,SNR_AVG:0.00
GAL_PRN:00,00,00,00,00,00,00,00,00,00,00,00,00,00,00,SAT_TAL:00
GAL_SNR:00,00,00,00,00,00,00,00,00,00,00,00,00,00,00,SNR_AVG:0.00
BEI_PRN:08,10,28,00,00,00,00,00,00,00,00,00,00,00,00,SAT_TAL:00
BEI_SNR:00,00,00,00,00,00,00,00,00,00,00,00,00,00,00,SNR_AVG:0.00
QZS_PRN:00,00,00,00,00,SAT_TAL:00
QZS_SNR:00,00,00,00,00,SNR_AVG:0.00
SatInView:3 GDOP:19998
Roll:0.000000 Pitch:90.000000
X_AVG:-9.461262 Y_AVG:0.158020 Z_AVG:2.133037
X_SD:0.072030 Y_SD:0.067196 Z_SD:0.095025
$MXCM10033,2,61,20240103,030913,00,0E70F448,47EF8F66,00BC,0000,0000,00,9202*6B
GPS_PRN:31,29,00,00,00,00,00,00,00,00,00,00,00,00,00,SAT_TAL:00
GPS_SNR:00,00,00,00,00,00,00,00,00,00,00,00,00,00,00,SNR_AVG:0.00
GLO_PRN:00,00,00,00,00,00,00,00,00,00,00,00,00,00,00,SAT_TAL:00
GLO_SNR:00,00,00,00,00,00,00,00,00,00,00,00,00,00,00,SNR_AVG:0.00
GAL_PRN:00,00,00,00,00,00,00,00,00,00,00,00,00,00,00,SAT_TAL:00
GAL_SNR:00,00,00,00,00,00,00,00,00,00,00,00,00,00,00,SNR_AVG:0.00
BEI_PRN:00,00,00,00,00,00,00,00,00,00,00,00,00,00,00,SAT_TAL:00
BEI_SNR:00,00,00,00,00,00,00,00,00,00,00,00,00,00,00,SNR_AVG:0.00
QZS_PRN:00,00,00,00,00,SAT_TAL:00
QZS_SNR:00,00,00,00,00,SNR_AVG:0.00
SatInView:2 GDOP:19998
Roll:0.000000 Pitch:90.000000
X_AVG:-9.768061 Y_AVG:-0.093136 Z_AVG:0.728331
X_SD:0.066391 Y_SD:0.061052 Z_SD:0.094316
$MXCM10033,2,62,20240103,030928,00,0E70F448,47EF8F66,00BC,0000,0000,00,9202*60
GPS_PRN:00,00,00,00,00,00,00,00,00,00,00,00,00,00,00,SAT_TAL:00
GPS_SNR:00,00,00,00,00,00,00,00,00,00,00,00,00,00,00,SNR_AVG:0.00
GLO_PRN:00,00,00,00,00,00,00,00,00,00,00,00,00,00,00,SAT_TAL:00
GLO_SNR:00,00,00,00,00,00,00,00,00,00,00,00,00,00,00,SNR_AVG:0.00
GAL_PRN:00,00,00,00,00,00,00,00,00,00,00,00,00,00,00,SAT_TAL:00
GAL_SNR:00,00,00,00,00,00,00,00,00,00,00,00,00,00,00,SNR_AVG:0.00
BEI_PRN:07,13,08,10,28,00,00,00,00,00,00,00,00,00,00,SAT_TAL:00
BEI_SNR:00,00,00,00,00,00,00,00,00,00,00,00,00,00,00,SNR_AVG:0.00
QZS_PRN:00,00,00,00,00,SAT_TAL:00
QZS_SNR:00,00,00,00,00,SNR_AVG:0.00
SatInView:5 GDOP:19998
Roll:0.000000 Pitch:90.000000
X_AVG:-9.778691 Y_AVG:-0.094525 Z_AVG:0.730964
X_SD:0.077902 Y_SD:0.066264 Z_SD:0.099858
$MXCM10033,3*35
$MXCM001,10033,0*2B
======== Tracker Setting ========
[System]
COMPort:COM9
SerialNumber:MX231218CW000006
FirmwareVersion:231220163813_v1.0.CN
[Periodic]
Enable:1
Stage:2
WorkMode:0
T0:15
T1:270
T2:120
T3:30
T4:120
FirstFixStage:2
TraceFixStage:0
PeriodicCycle:24
[Dynamic]
Enable:0
PrecisionChk:0
T5:45
T6:175
[Geofencing]
Enable:0
T7:20
T8:60
DistanceThreshold:1000
DestinationLongitude:121.2237164
DestinationLatitude:24.9698319
DestinationAltitude:154
[MotionDetection]
Enable:1
Angle:45
DataRate:200
SampleFrequency:50
[GPS_EPO]
EpoDataNumber:12
FWN:2295
FTOW:172800
LWN:2295
LTOW:432000
[GLO_EPO]
EpoDataNumber:12
FWN:2295
FTOW:172800
LWN:2295
LTOW:432000
[GAL_EPO]
EpoDataNumber:0
FWN:0
FTOW:0
LWN:0
LTOW:0
[BEI_EPO]
EpoDataNumber:0
FWN:0
FTOW:0
LWN:0
LTOW:0
