$MXCM10033,0*36
$MXCM10033,1,90,212*0F
$MXCM10033,2,1,19800105,235956,00,35A4E8F5,00000000,0089,0000,0000,00,F101*29
GPS_PRN:00,00,00,00,00,00,00,00,00,00,00,00,00,00,00,SAT_TAL:00
GPS_SNR:00,00,00,00,00,00,00,00,00,00,00,00,00,00,00,SNR_AVG:0.00
GLO_PRN:00,00,00,00,00,00,00,00,00,00,00,00,00,00,00,SAT_TAL:00
GLO_SNR:00,00,00,00,00,00,00,00,00,00,00,00,00,00,00,SNR_AVG:0.00
GAL_PRN:05,00,00,00,00,00,00,00,00,00,00,00,00,00,00,SAT_TAL:01
GAL_SNR:27,00,00,00,00,00,00,00,00,00,00,00,00,00,00,SNR_AVG:27.00
BEI_PRN:00,00,00,00,00,00,00,00,00,00,00,00,00,00,00,SAT_TAL:00
BEI_SNR:00,00,00,00,00,00,00,00,00,00,00,00,00,00,00,SNR_AVG:0.00
QZS_PRN:00,00,00,00,00,SAT_TAL:00
QZS_SNR:00,00,00,00,00,SNR_AVG:0.00
SatInView:1 GDOP:19998
Roll:126.097832 Pitch:38.577183
X_AVG:-5.572186 Y_AVG:6.989199 Z_AVG:-6.443405
X_SD:9.513644 Y_SD:10.706573 Z_SD:13.134963
$MXCM10033,2,2,19800110,062028,00,35A4E8F5,00000000,0089,0000,0000,00,F102*2D
GPS_PRN:16,21,19600,00,00,00,00,00,00,00,00,00,00,00,SAT_TAL:03
GPS_SNR:34,36,34,00,00,00,00,00,00,00,00,00,00,00,00,SNR_AVG:34.67
GLO_PRN:00,00,00,00,00,00,00,00,00,00,00,00,00,00,00,SAT_TAL:00
GLO_SNR:00,00,00,00,00,00,00,00,00,00,00,00,00,00,00,SNR_AVG:0.00
GAL_PRN:05,25,18,24,00,00,00,00,00,00,00,00,00,00,00,SAT_TAL:04
GAL_SNR:29,33,33,32,00,00,00,00,00,00,00,00,00,00,00,SNR_AVG:31.75
BEI_PRN:48,28,36,39,30,00,00,00,00,00,00,00,00,00,00,SAT_TAL:05
BEI_SNR:30,34,34,26,32,00,00,00,00,00,00,00,00,00,00,SNR_AVG:31.20
QZS_PRN:00,00,00,00,00,SAT_TAL:00
QZS_SNR:00,00,00,00,00,SNR_AVG:0.00
SatInView:12 GDOP:19998
Roll:137.477798 Pitch:26.510427
X_AVG:-5.605993 Y_AVG:7.137642 Z_AVG:-9.117447
X_SD:5.759072 Y_SD:7.930549 Z_SD:9.788756
$MXCM10033,2,3,20240104,062042,12,0E9998D4,47EDED16,003D,0015,44B5,12,F102*59
GPS_PRN:27,04,16,31,08,26,28,09,18,21,03,19919519600,SAT_TAL:11
GPS_SNR:00,32,35,39,29,40,35,35,38,33,31,00,00,33,00,SNR_AVG:34.55
GLO_PRN:67,65,75,76,66,77,00,00,00,00,00,00,00,00,00,SAT_TAL:05
GLO_SNR:38,33,35,40,37,00,00,00,00,00,00,00,00,00,00,SNR_AVG:36.60
GAL_PRN:09,05,25,24,00,00,00,00,00,00,00,00,00,00,00,SAT_TAL:04
GAL_SNR:33,22,33,34,00,00,00,00,00,00,00,00,00,00,00,SNR_AVG:30.50
BEI_PRN:07,27,10,28,30,06,16,09,00,00,00,00,00,00,00,SAT_TAL:02
BEI_SNR:00,00,00,35,34,00,00,00,00,00,00,00,00,00,00,SNR_AVG:34.50
QZS_PRN:00,00,00,00,00,SAT_TAL:00
QZS_SNR:00,00,00,00,00,SNR_AVG:0.00
SatInView:32 GDOP:104
Roll:146.466583 Pitch:32.603745
X_AVG:-7.084681 Y_AVG:7.081186 Z_AVG:-10.299441
X_SD:5.203784 Y_SD:8.685795 Z_SD:8.405801
$MXCM10033,2,4,20240104,062058,12,0E998C2B,47EDF68D,0040,0005,4208,11,F101*2E
GPS_PRN:27,04,16,31,08,26,28,09,18,21,03,19919519600,SAT_TAL:14
GPS_SNR:25,31,33,38,30,37,36,35,37,32,33,20,32,33,00,SNR_AVG:32.29
GLO_PRN:67,65,75,76,66,77,00,00,00,00,00,00,00,00,00,SAT_TAL:06
GLO_SNR:36,32,38,37,34,23,00,00,00,00,00,00,00,00,00,SNR_AVG:33.33
GAL_PRN:09,05,25,24,00,00,00,00,00,00,00,00,00,00,00,SAT_TAL:04
GAL_SNR:34,25,31,33,00,00,00,00,00,00,00,00,00,00,00,SNR_AVG:30.75
BEI_PRN:07,27,10,28,30,06,16,09,00,00,00,00,00,00,00,SAT_TAL:02
BEI_SNR:00,00,00,35,34,00,00,00,00,00,00,00,00,00,00,SNR_AVG:34.50
QZS_PRN:00,00,00,00,00,SAT_TAL:00
QZS_SNR:00,00,00,00,00,SNR_AVG:0.00
SatInView:32 GDOP:159
Roll:132.750168 Pitch:32.235653
X_AVG:-2.643060 Y_AVG:3.806953 Z_AVG:-7.970745
X_SD:5.454958 Y_SD:6.151941 Z_SD:6.445265
$MXCM10033,2,5,20240104,062113,12,0E998E1C,47EDF2FD,0044,0003,81FA,10,F102*5F
GPS_PRN:27,04,16,31,08,26,28,09,18,21,03,19919519600,SAT_TAL:14
GPS_SNR:41,39,40,33,39,33,23,38,34,34,38,29,32,35,00,SNR_AVG:34.86
GLO_PRN:67,65,75,76,66,77,00,00,00,00,00,00,00,00,00,SAT_TAL:05
GLO_SNR:39,35,33,37,00,25,00,00,00,00,00,00,00,00,00,SNR_AVG:33.80
GAL_PRN:09,05,25,24,00,00,00,00,00,00,00,00,00,00,00,SAT_TAL:04
GAL_SNR:34,37,36,35,00,00,00,00,00,00,00,00,00,00,00,SNR_AVG:35.50
BEI_PRN:07,27,10,28,30,06,16,09,00,00,00,00,00,00,00,SAT_TAL:02
BEI_SNR:00,00,00,27,36,00,00,00,00,00,00,00,00,00,00,SNR_AVG:31.50
QZS_PRN:00,00,00,00,00,SAT_TAL:00
QZS_SNR:00,00,00,00,00,SNR_AVG:0.00
SatInView:32 GDOP:160
Roll:140.286377 Pitch:24.593441
X_AVG:-4.189171 Y_AVG:5.119241 Z_AVG:-8.770568
X_SD:5.125169 Y_SD:5.820961 Z_SD:8.157656
$MXCM10033,2,6,20240104,062128,12,0E99954C,47EDF9F6,0034,0004,8B7C,12,F102*5B
GPS_PRN:27,04,16,31,08,26,28,09,18,21,03,19919519600,SAT_TAL:14
GPS_SNR:26,37,33,35,38,33,36,36,32,33,36,27,29,35,00,SNR_AVG:33.29
GLO_PRN:67,65,75,76,66,77,00,00,00,00,00,00,00,00,00,SAT_TAL:06
GLO_SNR:39,34,31,34,39,25,00,00,00,00,00,00,00,00,00,SNR_AVG:33.67
GAL_PRN:03,09,05,25,24,00,00,00,00,00,00,00,00,00,00,SAT_TAL:05
GAL_SNR:36,34,26,37,30,00,00,00,00,00,00,00,00,00,00,SNR_AVG:32.60
BEI_PRN:07,27,10,28,30,36,06,16,09,00,00,00,00,00,00,SAT_TAL:04
BEI_SNR:23,00,00,35,35,35,00,00,00,00,00,00,00,00,00,SNR_AVG:32.00
QZS_PRN:00,00,00,00,00,SAT_TAL:00
QZS_SNR:00,00,00,00,00,SNR_AVG:0.00
SatInView:34 GDOP:141
Roll:150.100479 Pitch:17.436195
X_AVG:-2.706987 Y_AVG:4.050448 Z_AVG:-8.987727
X_SD:4.611973 Y_SD:4.955690 Z_SD:6.148225
$MXCM10033,2,7,20240104,062143,12,0E999CF6,47EDFD60,0045,0003,05E3,12,F101*52
GPS_PRN:27,04,16,31,08,26,28,09,18,21,03,19919519600,SAT_TAL:14
GPS_SNR:40,36,40,38,30,38,36,37,35,31,25,22,32,24,00,SNR_AVG:33.14
GLO_PRN:67,65,75,76,66,77,00,00,00,00,00,00,00,00,00,SAT_TAL:04
GLO_SNR:40,27,35,00,29,00,00,00,00,00,00,00,00,00,00,SNR_AVG:32.75
GAL_PRN:03,10,09,05,25,24,00,00,00,00,00,00,00,00,00,SAT_TAL:06
GAL_SNR:35,34,28,31,35,38,00,00,00,00,00,00,00,00,00,SNR_AVG:33.50
BEI_PRN:09,27,10,28,20,30,36,16,06,07,00,00,00,00,00,SAT_TAL:04
BEI_SNR:00,00,00,36,00,25,34,00,00,29,00,00,00,00,00,SNR_AVG:31.00
QZS_PRN:00,00,00,00,00,SAT_TAL:00
QZS_SNR:00,00,00,00,00,SNR_AVG:0.00
SatInView:36 GDOP:140
Roll:122.441681 Pitch:24.226255
X_AVG:-3.009907 Y_AVG:3.418175 Z_AVG:-7.348001
X_SD:4.291129 Y_SD:7.057597 Z_SD:7.655332
$MXCM10033,2,8,20240104,062158,12,0E99565E,47EE1A7E,0061,0008,39B1,14,F102*2B
GPS_PRN:27,04,16,31,08,26,28,09,18,21,03,19919519600,SAT_TAL:14
GPS_SNR:38,37,39,33,34,37,35,38,35,32,33,24,24,24,00,SNR_AVG:33.07
GLO_PRN:67,75,65,76,66,77,00,00,00,00,00,00,00,00,00,SAT_TAL:04
GLO_SNR:38,00,31,41,39,00,00,00,00,00,00,00,00,00,00,SNR_AVG:37.25
GAL_PRN:03,10,12,09,05,25,24,00,00,00,00,00,00,00,00,SAT_TAL:07
GAL_SNR:36,33,29,22,29,37,36,00,00,00,00,00,00,00,00,SNR_AVG:31.71
BEI_PRN:09,27,10,28,20,30,36,06,16,07,00,00,00,00,00,SAT_TAL:04
BEI_SNR:00,00,00,35,00,25,36,00,00,25,00,00,00,00,00,SNR_AVG:30.25
QZS_PRN:00,00,00,00,00,SAT_TAL:00
QZS_SNR:00,00,00,00,00,SNR_AVG:0.00
SatInView:37 GDOP:139
Roll:154.172287 Pitch:22.230633
X_AVG:-3.695956 Y_AVG:4.593847 Z_AVG:-8.870361
X_SD:4.343951 Y_SD:6.086048 Z_SD:7.034214
$MXCM10033,2,9,20240104,062213,12,0E991920,47EE589F,0072,000B,116A,17,F102*5A
GPS_PRN:04,16,31,08,26,09,28,18,21,03,19919519600,00,SAT_TAL:13
GPS_SNR:37,39,33,37,32,38,24,35,34,36,31,33,33,00,00,SNR_AVG:34.00
GLO_PRN:65,75,66,77,67,00,00,00,00,00,00,00,00,00,00,SAT_TAL:05
GLO_SNR:33,36,40,26,40,00,00,00,00,00,00,00,00,00,00,SNR_AVG:35.00
GAL_PRN:03,10,09,12,11,05,25,24,00,00,00,00,00,00,00,SAT_TAL:07
GAL_SNR:36,28,32,24,00,35,36,35,00,00,00,00,00,00,00,SNR_AVG:32.29
BEI_PRN:09,27,10,28,20,30,36,06,16,07,00,00,00,00,00,SAT_TAL:05
BEI_SNR:00,00,00,31,38,34,35,00,00,34,00,00,00,00,00,SNR_AVG:34.40
QZS_PRN:00,00,00,00,00,SAT_TAL:00
QZS_SNR:00,00,00,00,00,SNR_AVG:0.00
SatInView:36 GDOP:129
Roll:141.720703 Pitch:21.594553
X_AVG:-5.316049 Y_AVG:7.126245 Z_AVG:-10.770198
X_SD:4.614263 Y_SD:7.096913 Z_SD:7.496702
$MXCM10033,2,10,20240104,062228,12,0E98FAB6,47EE6CAB,007A,0009,1709,17,F102*66
GPS_PRN:04,16,31,08,26,09,28,18,21,03,19919519600,00,SAT_TAL:13
GPS_SNR:39,38,26,38,33,37,20,34,32,36,28,29,34,00,00,SNR_AVG:32.62
GLO_PRN:67,65,76,66,77,00,00,00,00,00,00,00,00,00,00,SAT_TAL:05
GLO_SNR:39,33,41,41,26,00,00,00,00,00,00,00,00,00,00,SNR_AVG:36.00
GAL_PRN:03,10,09,12,11,05,25,24,00,00,00,00,00,00,00,SAT_TAL:07
GAL_SNR:37,20,32,21,00,37,38,37,00,00,00,00,00,00,00,SNR_AVG:31.71
BEI_PRN:07,27,10,28,20,30,36,06,16,09,00,00,00,00,00,SAT_TAL:05
BEI_SNR:33,00,00,31,37,35,34,00,00,00,00,00,00,00,00,SNR_AVG:34.00
QZS_PRN:00,00,00,00,00,SAT_TAL:00
QZS_SNR:00,00,00,00,00,SNR_AVG:0.00
SatInView:36 GDOP:136
Roll:147.926849 Pitch:31.588753
X_AVG:-2.677633 Y_AVG:3.134360 Z_AVG:-7.906579
X_SD:3.631685 Y_SD:5.334931 Z_SD:6.616227
$MXCM10033,2,11,20240104,062243,12,0E98B84D,47EEB089,0076,000A,260C,17,F102*61
GPS_PRN:04,16,31,08,26,09,28,18,21,03,19919519600,00,SAT_TAL:13
GPS_SNR:33,29,35,36,33,36,35,35,35,35,26,33,34,00,00,SNR_AVG:33.46
GLO_PRN:67,65,76,66,77,00,00,00,00,00,00,00,00,00,00,SAT_TAL:05
GLO_SNR:38,32,37,38,20,00,00,00,00,00,00,00,00,00,00,SNR_AVG:33.00
GAL_PRN:03,10,09,12,11,05,25,24,00,00,00,00,00,00,00,SAT_TAL:07
GAL_SNR:34,33,33,29,00,31,33,33,00,00,00,00,00,00,00,SNR_AVG:32.29
BEI_PRN:07,27,10,28,20,30,36,06,16,09,00,00,00,00,00,SAT_TAL:05
BEI_SNR:22,00,00,34,34,33,35,00,00,00,00,00,00,00,00,SNR_AVG:31.60
QZS_PRN:00,00,00,00,00,SAT_TAL:00
QZS_SNR:00,00,00,00,00,SNR_AVG:0.00
SatInView:36 GDOP:136
Roll:141.531433 Pitch:15.598176
X_AVG:-3.942372 Y_AVG:5.657756 Z_AVG:-10.709863
X_SD:4.326772 Y_SD:6.947932 Z_SD:6.365699
$MXCM10033,2,12,20240104,062258,12,0E98EEF8,47EED252,006C,000D,0E8C,16,F102*17
GPS_PRN:04,16,31,08,26,09,28,18,03,21,19919519600,00,SAT_TAL:13
GPS_SNR:35,29,35,36,34,38,34,35,35,33,24,34,35,00,00,SNR_AVG:33.62
GLO_PRN:67,65,76,66,77,00,00,00,00,00,00,00,00,00,00,SAT_TAL:04
GLO_SNR:00,33,36,40,26,00,00,00,00,00,00,00,00,00,00,SNR_AVG:33.75
GAL_PRN:03,10,09,12,11,05,25,24,00,00,00,00,00,00,00,SAT_TAL:07
GAL_SNR:36,30,33,28,00,32,36,29,00,00,00,00,00,00,00,SNR_AVG:32.00
BEI_PRN:09,27,10,28,30,20,36,06,16,07,00,00,00,00,00,SAT_TAL:06
BEI_SNR:19,00,00,32,35,36,37,00,00,20,00,00,00,00,00,SNR_AVG:29.83
QZS_PRN:00,00,00,00,00,SAT_TAL:00
QZS_SNR:00,00,00,00,00,SNR_AVG:0.00
SatInView:36 GDOP:138
Roll:138.830444 Pitch:25.085968
X_AVG:-4.668500 Y_AVG:5.779767 Z_AVG:-10.609831
X_SD:5.075117 Y_SD:7.090399 Z_SD:7.710861
$MXCM10033,2,13,20240104,062313,12,0E992DA3,47EEB2AD,0072,000C,035F,19,F102*61
GPS_PRN:08,26,09,28,18,19619519921,03,16,31,04,00,00,SAT_TAL:13
GPS_SNR:39,24,37,33,32,36,33,29,35,38,35,25,39,00,00,SNR_AVG:33.46
GLO_PRN:67,65,76,66,77,00,00,00,00,00,00,00,00,00,00,SAT_TAL:05
GLO_SNR:39,36,32,42,25,00,00,00,00,00,00,00,00,00,00,SNR_AVG:34.80
GAL_PRN:03,05,25,24,10,09,12,11,00,00,00,00,00,00,00,SAT_TAL:07
GAL_SNR:36,37,37,28,30,35,21,00,00,00,00,00,00,00,00,SNR_AVG:32.00
BEI_PRN:20,27,10,28,20,30,36,09,16,06,07,00,00,00,00,SAT_TAL:08
BEI_SNR:39,31,00,25,38,37,34,32,00,00,33,00,00,00,00,SNR_AVG:33.62
QZS_PRN:00,00,00,00,00,SAT_TAL:00
QZS_SNR:00,00,00,00,00,SNR_AVG:0.00
SatInView:37 GDOP:132
Roll:155.611267 Pitch:37.238853
X_AVG:-3.082405 Y_AVG:3.494647 Z_AVG:-8.977432
X_SD:4.465630 Y_SD:6.715081 Z_SD:6.960051
$MXCM10033,2,14,20240104,062328,12,0E99678A,47EE930C,0079,000F,75DA,19,F102*67
GPS_PRN:08,26,09,28,18,19619519921,03,16,31,04,00,00,SAT_TAL:13
GPS_SNR:39,33,35,36,32,36,35,27,36,37,24,36,35,00,00,SNR_AVG:33.92
GLO_PRN:67,65,76,66,77,00,00,00,00,00,00,00,00,00,00,SAT_TAL:05
GLO_SNR:36,36,32,41,24,00,00,00,00,00,00,00,00,00,00,SNR_AVG:33.80
GAL_PRN:03,05,25,24,10,09,12,11,00,00,00,00,00,00,00,SAT_TAL:07
GAL_SNR:30,34,26,28,33,36,28,00,00,00,00,00,00,00,00,SNR_AVG:30.71
BEI_PRN:20,27,28,30,20,19,36,07,16,06,09,00,00,00,00,SAT_TAL:08
BEI_SNR:39,33,33,36,38,00,33,30,00,00,17,00,00,00,00,SNR_AVG:32.38
QZS_PRN:00,00,00,00,00,SAT_TAL:00
QZS_SNR:00,00,00,00,00,SNR_AVG:0.00
SatInView:37 GDOP:132
Roll:-176.651794 Pitch:44.358009
X_AVG:-3.076228 Y_AVG:2.908822 Z_AVG:-8.665509
X_SD:3.529853 Y_SD:5.256669 Z_SD:5.915950
$MXCM10033,2,15,20240104,062343,12,0E998583,47EE4431,0077,0010,671D,17,F102*6A
GPS_PRN:08,26,09,28,19619519918,03,21,16,31,04,00,00,SAT_TAL:13
GPS_SNR:36,34,35,36,37,37,21,34,30,37,32,36,26,00,00,SNR_AVG:33.15
GLO_PRN:67,65,76,66,77,00,00,00,00,00,00,00,00,00,00,SAT_TAL:03
GLO_SNR:37,00,00,31,23,00,00,00,00,00,00,00,00,00,00,SNR_AVG:30.33
GAL_PRN:03,05,25,24,10,12,09,00,00,00,00,00,00,00,00,SAT_TAL:07
GAL_SNR:30,27,31,31,34,29,36,00,00,00,00,00,00,00,00,SNR_AVG:31.14
BEI_PRN:30,27,28,20,30,19,36,07,16,06,20,09,00,00,00,SAT_TAL:10
BEI_SNR:37,32,35,36,37,35,33,21,00,00,34,22,00,00,00,SNR_AVG:32.20
QZS_PRN:00,00,00,00,00,SAT_TAL:00
QZS_SNR:00,00,00,00,00,SNR_AVG:0.00
SatInView:37 GDOP:141
Roll:153.904129 Pitch:34.997757
X_AVG:-5.013224 Y_AVG:5.605945 Z_AVG:-10.413838
X_SD:4.722867 Y_SD:7.909094 Z_SD:6.840195
$MXCM10033,2,16,20240104,062358,12,0E9989A7,47EE1FA2,007F,000C,154B,1C,F102*65
GPS_PRN:08,26,09,28,19619519918,21,03,16,31,04,00,00,SAT_TAL:13
GPS_SNR:37,34,38,28,34,20,24,36,33,35,36,25,39,00,00,SNR_AVG:32.23
GLO_PRN:67,65,76,66,77,00,00,00,00,00,00,00,00,00,00,SAT_TAL:05
GLO_SNR:41,33,36,41,26,00,00,00,00,00,00,00,00,00,00,SNR_AVG:35.40
GAL_PRN:03,05,25,24,10,09,12,00,00,00,00,00,00,00,00,SAT_TAL:07
GAL_SNR:37,37,37,31,21,32,24,00,00,00,00,00,00,00,00,SNR_AVG:31.29
BEI_PRN:30,27,28,30,20,19,36,07,16,06,20,09,00,00,00,SAT_TAL:11
BEI_SNR:33,28,27,34,37,37,36,33,34,00,36,33,00,00,00,SNR_AVG:33.45
QZS_PRN:00,00,00,00,00,SAT_TAL:00
QZS_SNR:00,00,00,00,00,SNR_AVG:0.00
SatInView:37 GDOP:120
Roll:135.177933 Pitch:35.037560
X_AVG:-2.849109 Y_AVG:4.130656 Z_AVG:-7.580052
X_SD:4.765989 Y_SD:6.866581 Z_SD:7.104396
$MXCM10033,2,17,20240104,062413,12,0E9979C9,47EE574D,0078,000E,7734,1C,F102*14
GPS_PRN:31,26,09,28,19619519918,21,03,16,08,04,00,00,SAT_TAL:13
GPS_SNR:35,28,34,36,36,35,28,33,35,38,23,38,36,00,00,SNR_AVG:33.46
GLO_PRN:67,65,76,66,77,00,00,00,00,00,00,00,00,00,00,SAT_TAL:05
GLO_SNR:36,34,28,40,23,00,00,00,00,00,00,00,00,00,00,SNR_AVG:32.20
GAL_PRN:03,05,25,24,10,09,12,00,00,00,00,00,00,00,00,SAT_TAL:06
GAL_SNR:29,37,31,00,33,35,27,00,00,00,00,00,00,00,00,SNR_AVG:32.00
BEI_PRN:30,27,28,30,20,19,36,07,16,06,20,09,00,00,00,SAT_TAL:11
BEI_SNR:38,34,27,36,38,36,33,30,23,00,38,26,00,00,00,SNR_AVG:32.64
QZS_PRN:00,00,00,00,00,SAT_TAL:00
QZS_SNR:00,00,00,00,00,SNR_AVG:0.00
SatInView:37 GDOP:119
Roll:152.461533 Pitch:32.962818
X_AVG:-2.628647 Y_AVG:3.461894 Z_AVG:-8.284248
X_SD:3.455249 Y_SD:6.118210 Z_SD:6.403987
$MXCM10033,2,18,20240104,062428,12,0E9987EF,47EE11FF,0081,000A,00F7,1C,F102*6D
GPS_PRN:31,26,09,28,19619519918,21,03,16,08,04,00,00,SAT_TAL:13
GPS_SNR:36,33,31,35,35,32,24,30,35,37,36,27,31,00,00,SNR_AVG:32.46
GLO_PRN:67,65,76,66,77,00,00,00,00,00,00,00,00,00,00,SAT_TAL:05
GLO_SNR:32,35,35,34,24,00,00,00,00,00,00,00,00,00,00,SNR_AVG:32.00
GAL_PRN:03,05,25,24,10,12,09,00,00,00,00,00,00,00,00,SAT_TAL:07
GAL_SNR:28,24,27,34,33,24,34,00,00,00,00,00,00,00,00,SNR_AVG:29.14
BEI_PRN:30,27,28,30,20,19,36,07,16,06,20,09,00,00,00,SAT_TAL:11
BEI_SNR:31,30,26,35,31,35,35,24,30,00,33,29,00,00,00,SNR_AVG:30.82
QZS_PRN:00,00,00,00,00,SAT_TAL:00
QZS_SNR:00,00,00,00,00,SNR_AVG:0.00
SatInView:37 GDOP:123
Roll:136.926483 Pitch:28.342375
X_AVG:-2.216692 Y_AVG:3.583809 Z_AVG:-8.012309
X_SD:5.304548 Y_SD:6.004416 Z_SD:5.417790
$MXCM10033,2,19,20240104,062644,12,0E994A20,47EE936D,0081,000F,1E5D,1C,F202*17
GPS_PRN:08,26,09,28,21,03,19619519904,16,31,00,00,00,SAT_TAL:12
GPS_SNR:36,30,37,34,34,34,32,34,25,32,34,35,00,00,00,SNR_AVG:33.08
GLO_PRN:67,86,77,66,75,76,87,00,00,00,00,00,00,00,00,SAT_TAL:07
GLO_SNR:40,35,27,37,37,29,34,00,00,00,00,00,00,00,00,SNR_AVG:34.14
GAL_PRN:05,25,24,03,10,12,11,09,02,31,00,00,00,00,00,SAT_TAL:06
GAL_SNR:30,33,24,00,00,30,00,32,00,31,00,00,00,00,00,SNR_AVG:30.00
BEI_PRN:19,27,10,28,30,20,19,36,09,16,06,27,07,00,00,SAT_TAL:08
BEI_SNR:34,29,00,31,34,34,35,35,00,00,00,30,00,00,00,SNR_AVG:32.75
QZS_PRN:00,00,00,00,00,SAT_TAL:00
QZS_SNR:00,00,00,00,00,SNR_AVG:0.00
SatInView:42 GDOP:87
Roll:160.091400 Pitch:37.323730
X_AVG:-3.688486 Y_AVG:3.882228 Z_AVG:-9.135069
X_SD:4.315361 Y_SD:5.748783 Z_SD:6.548389
$MXCM10033,2,20,20240104,062659,12,0E993BFB,47EEECA0,0082,000D,12DF,1D,F202*1E
GPS_PRN:26,04,09,28,18,21,19619519903,16,08,31,00,00,SAT_TAL:12
GPS_SNR:32,32,37,34,00,34,33,32,27,33,26,35,35,00,00,SNR_AVG:32.50
GLO_PRN:75,77,67,66,86,76,87,00,00,00,00,00,00,00,00,SAT_TAL:06
GLO_SNR:36,25,00,37,33,32,33,00,00,00,00,00,00,00,00,SNR_AVG:32.67
GAL_PRN:10,05,25,24,03,12,11,09,31,00,00,00,00,00,00,SAT_TAL:09
GAL_SNR:32,30,33,31,34,29,29,32,31,00,00,00,00,00,00,SNR_AVG:31.22
BEI_PRN:19,27,10,28,30,20,19,36,09,16,06,27,07,00,00,SAT_TAL:09
BEI_SNR:37,32,00,33,33,34,35,35,24,00,00,32,00,00,00,SNR_AVG:32.78
QZS_PRN:00,00,00,00,00,SAT_TAL:00
QZS_SNR:00,00,00,00,00,SNR_AVG:0.00
SatInView:42 GDOP:89
Roll:144.473587 Pitch:15.035930
X_AVG:-4.278956 Y_AVG:5.957612 Z_AVG:-9.926560
X_SD:6.635106 Y_SD:7.718630 Z_SD:6.678489
$MXCM10033,2,21,20240104,062915,12,0E97697D,47EF8AB8,009A,0018,3A17,1E,F202*13
GPS_PRN:08,26,09,28,18,21,19619519904,16,31,00,00,00,SAT_TAL:11
GPS_SNR:24,39,35,35,00,33,32,29,19,29,38,37,00,00,00,SNR_AVG:31.82
GLO_PRN:67,86,77,66,75,76,87,00,00,00,00,00,00,00,00,SAT_TAL:07
GLO_SNR:38,40,25,34,39,41,31,00,00,00,00,00,00,00,00,SNR_AVG:35.43
GAL_PRN:05,25,24,03,10,11,12,09,02,31,00,00,00,00,00,SAT_TAL:08
GAL_SNR:22,32,37,33,34,00,32,33,00,33,00,00,00,00,00,SNR_AVG:32.00
BEI_PRN:19,27,10,28,30,20,19,36,07,16,06,27,09,00,00,SAT_TAL:10
BEI_SNR:31,32,00,39,29,30,32,32,00,34,00,33,29,00,00,SNR_AVG:32.10
QZS_PRN:00,00,00,00,00,SAT_TAL:00
QZS_SNR:00,00,00,00,00,SNR_AVG:0.00
SatInView:42 GDOP:107
Roll:140.572632 Pitch:26.833544
X_AVG:-3.439627 Y_AVG:4.130560 Z_AVG:-8.359715
X_SD:4.075286 Y_SD:6.626066 Z_SD:6.833978
$MXCM10033,2,22,20240104,062930,12,0E972322,47EFECE4,0099,0015,30F8,1E,F202*62
GPS_PRN:31,26,09,28,18,21,19619519904,16,08,00,00,00,SAT_TAL:11
GPS_SNR:34,37,37,36,00,28,28,34,25,33,38,34,00,00,00,SNR_AVG:33.09
GLO_PRN:75,77,67,66,86,87,76,00,00,00,00,00,00,00,00,SAT_TAL:07
GLO_SNR:36,27,39,36,25,31,40,00,00,00,00,00,00,00,00,SNR_AVG:33.43
GAL_PRN:05,25,24,03,10,11,12,09,31,00,00,00,00,00,00,SAT_TAL:08
GAL_SNR:31,33,35,34,33,00,28,28,31,00,00,00,00,00,00,SNR_AVG:31.62
BEI_PRN:19,27,10,28,30,20,19,36,23,09,16,06,27,07,00,SAT_TAL:11
BEI_SNR:34,31,00,35,32,32,34,35,34,19,21,00,27,00,00,SNR_AVG:30.36
QZS_PRN:00,00,00,00,00,SAT_TAL:00
QZS_SNR:00,00,00,00,00,SNR_AVG:0.00
SatInView:42 GDOP:107
Roll:138.332474 Pitch:40.544739
X_AVG:-3.374264 Y_AVG:4.510096 Z_AVG:-8.751702
X_SD:4.318884 Y_SD:6.263324 Z_SD:6.821610
$MXCM10033,2,23,20240104,063146,12,0E957563,47EEDBEF,00FC,000E,732A,1E,F202*60
GPS_PRN:26,04,09,28,18,21,19619519903,16,08,31,00,00,SAT_TAL:12
GPS_SNR:30,38,35,36,00,38,38,38,33,31,32,39,38,00,00,SNR_AVG:35.50
GLO_PRN:75,77,67,66,86,87,76,00,00,00,00,00,00,00,00,SAT_TAL:07
GLO_SNR:31,19,37,38,26,39,30,00,00,00,00,00,00,00,00,SNR_AVG:31.43
GAL_PRN:10,05,25,24,03,11,12,09,31,00,00,00,00,00,00,SAT_TAL:09
GAL_SNR:34,38,34,27,32,32,22,37,26,00,00,00,00,00,00,SNR_AVG:31.33
BEI_PRN:27,27,01,28,30,20,19,36,23,09,16,06,07,00,00,SAT_TAL:09
BEI_SNR:36,37,32,24,38,37,35,32,18,00,00,00,00,00,00,SNR_AVG:32.11
QZS_PRN:00,00,00,00,00,SAT_TAL:00
QZS_SNR:00,00,00,00,00,SNR_AVG:0.00
SatInView:42 GDOP:107
Roll:144.468658 Pitch:36.985252
X_AVG:-3.676945 Y_AVG:4.657247 Z_AVG:-9.532993
X_SD:4.308395 Y_SD:6.144265 Z_SD:6.588062
$MXCM10033,2,24,20240104,063201,12,0E952EC2,47EEB882,00FD,0014,5818,1E,F202*17
GPS_PRN:26,04,09,28,21,03,19619519916,08,31,00,00,00,SAT_TAL:12
GPS_SNR:37,24,24,39,35,31,36,39,32,29,35,41,00,00,00,SNR_AVG:33.50
GLO_PRN:75,77,67,66,86,87,76,00,00,00,00,00,00,00,00,SAT_TAL:07
GLO_SNR:40,19,34,37,38,36,37,00,00,00,00,00,00,00,00,SNR_AVG:34.43
GAL_PRN:10,05,25,24,03,11,12,09,31,00,00,00,00,00,00,SAT_TAL:09
GAL_SNR:37,30,22,34,20,32,32,35,35,00,00,00,00,00,00,SNR_AVG:30.78
BEI_PRN:27,27,01,28,30,20,19,36,23,09,16,06,07,00,00,SAT_TAL:10
BEI_SNR:37,38,34,37,36,34,30,29,18,00,29,00,00,00,00,SNR_AVG:32.20
QZS_PRN:00,00,00,00,00,SAT_TAL:00
QZS_SNR:00,00,00,00,00,SNR_AVG:0.00
SatInView:41 GDOP:107
Roll:143.466461 Pitch:29.322441
X_AVG:-3.484687 Y_AVG:4.976401 Z_AVG:-8.899475
X_SD:4.854442 Y_SD:5.653286 Z_SD:6.798436
$MXCM10033,2,25,20240104,063417,12,0E91885E,47EF6D09,0134,0017,546B,1D,F202*1A
GPS_PRN:26,04,09,28,18,21,19619519903,16,08,31,00,00,SAT_TAL:12
GPS_SNR:36,22,33,39,00,35,36,38,30,35,34,27,40,00,00,SNR_AVG:33.75
GLO_PRN:75,77,67,66,86,87,76,00,00,00,00,00,00,00,00,SAT_TAL:07
GLO_SNR:40,20,34,35,38,38,37,00,00,00,00,00,00,00,00,SNR_AVG:34.57
GAL_PRN:10,05,25,24,03,11,12,09,02,00,00,00,00,00,00,SAT_TAL:07
GAL_SNR:37,19,29,34,30,00,31,35,00,00,00,00,00,00,00,SNR_AVG:30.71
BEI_PRN:19,07,10,28,30,19,20,36,09,16,06,27,27,00,00,SAT_TAL:09
BEI_SNR:33,00,00,36,33,32,35,30,23,00,00,36,36,00,00,SNR_AVG:32.67
QZS_PRN:00,00,00,00,00,SAT_TAL:00
QZS_SNR:00,00,00,00,00,SNR_AVG:0.00
SatInView:42 GDOP:117
Roll:165.426743 Pitch:55.555798
X_AVG:-3.479755 Y_AVG:3.957887 Z_AVG:-8.680066
X_SD:3.986047 Y_SD:6.274439 Z_SD:6.668032
$MXCM10033,2,26,20240104,063432,12,0E911A1C,47EF7826,0131,0015,5A9C,1F,F202*62
GPS_PRN:26,04,09,28,18,21,19619519903,16,08,31,00,00,SAT_TAL:13
GPS_SNR:36,28,33,38,36,35,36,38,30,31,31,27,40,00,00,SNR_AVG:33.77
GLO_PRN:75,77,67,66,86,87,76,00,00,00,00,00,00,00,00,SAT_TAL:07
GLO_SNR:39,19,37,37,38,37,37,00,00,00,00,00,00,00,00,SNR_AVG:34.86
GAL_PRN:10,05,25,24,03,11,12,09,31,00,00,00,00,00,00,SAT_TAL:08
GAL_SNR:36,25,27,34,30,00,32,35,33,00,00,00,00,00,00,SNR_AVG:31.50
BEI_PRN:19,07,10,28,30,19,20,36,09,16,06,27,27,00,00,SAT_TAL:10
BEI_SNR:35,00,00,36,35,33,34,26,19,23,00,31,37,00,00,SNR_AVG:30.90
QZS_PRN:00,00,00,00,00,SAT_TAL:00
QZS_SNR:00,00,00,00,00,SNR_AVG:0.00
SatInView:42 GDOP:104
Roll:153.221603 Pitch:20.489555
X_AVG:-3.365214 Y_AVG:4.224845 Z_AVG:-9.106721
X_SD:4.671957 Y_SD:5.613666 Z_SD:6.268693
$MXCM10033,2,27,20240104,063648,12,0E8D8E32,47EED0A0,014E,0017,3FF2,1F,F202*15
GPS_PRN:31,26,09,28,18,21,19619519904,08,16,00,00,00,SAT_TAL:11
GPS_SNR:39,39,35,36,00,35,33,32,22,18,21,38,00,00,00,SNR_AVG:31.64
GLO_PRN:75,77,67,66,86,87,76,00,00,00,00,00,00,00,00,SAT_TAL:07
GLO_SNR:38,23,37,30,40,30,40,00,00,00,00,00,00,00,00,SNR_AVG:34.00
GAL_PRN:05,25,24,03,10,11,12,09,36,00,00,00,00,00,00,SAT_TAL:08
GAL_SNR:23,31,37,32,36,00,33,35,32,00,00,00,00,00,00,SNR_AVG:32.38
BEI_PRN:27,07,10,01,28,60,30,20,19,36,09,16,06,27,00,SAT_TAL:10
BEI_SNR:35,00,00,29,39,28,33,31,31,33,00,32,00,36,00,SNR_AVG:32.70
QZS_PRN:00,00,00,00,00,SAT_TAL:00
QZS_SNR:00,00,00,00,00,SNR_AVG:0.00
SatInView:42 GDOP:110
Roll:146.829742 Pitch:28.854635
X_AVG:-3.704192 Y_AVG:4.266697 Z_AVG:-8.271032
X_SD:4.808415 Y_SD:6.422402 Z_SD:7.827437
$MXCM10033,2,28,20240104,063703,12,0E8D322B,47EF27D4,0154,0015,29FE,1F,F202*11
GPS_PRN:16,26,09,28,21,19619519908,04,31,00,00,00,00,SAT_TAL:10
GPS_SNR:39,38,37,36,32,29,28,00,32,33,33,00,00,00,00,SNR_AVG:33.70
GLO_PRN:76,86,87,66,77,67,75,00,00,00,00,00,00,00,00,SAT_TAL:07
GLO_SNR:40,36,28,36,26,39,37,00,00,00,00,00,00,00,00,SNR_AVG:34.57
GAL_PRN:25,05,24,03,10,11,12,09,02,36,31,00,00,00,00,SAT_TAL:10
GAL_SNR:34,28,37,34,31,28,28,31,00,29,32,00,00,00,00,SNR_AVG:31.20
BEI_PRN:19,10,28,60,30,20,19,36,27,09,16,27,07,00,00,SAT_TAL:10
BEI_SNR:33,00,36,31,31,33,33,35,18,00,30,20,00,00,00,SNR_AVG:30.00
QZS_PRN:00,00,00,00,00,SAT_TAL:00
QZS_SNR:00,00,00,00,00,SNR_AVG:0.00
SatInView:42 GDOP:107
Roll:145.907578 Pitch:27.981611
X_AVG:-3.919579 Y_AVG:4.064191 Z_AVG:-8.451942
X_SD:5.185849 Y_SD:6.850238 Z_SD:7.461592
$MXCM10033,2,29,20240104,063919,12,0E8A4E1D,47EF8942,01B0,001B,4331,1E,F202*1D
GPS_PRN:16,26,09,28,21,19619519908,04,31,00,00,00,00,SAT_TAL:11
GPS_SNR:36,39,34,38,34,33,34,23,21,22,40,00,00,00,00,SNR_AVG:32.18
GLO_PRN:76,87,86,66,77,67,75,00,00,00,00,00,00,00,00,SAT_TAL:07
GLO_SNR:39,29,40,31,23,36,40,00,00,00,00,00,00,00,00,SNR_AVG:34.00
GAL_PRN:25,05,24,03,10,11,12,09,02,36,31,00,00,00,00,SAT_TAL:10
GAL_SNR:30,18,36,31,37,30,32,32,00,32,36,00,00,00,00,SNR_AVG:31.40
BEI_PRN:19,07,10,28,30,19,20,36,27,16,06,27,09,00,00,SAT_TAL:09
BEI_SNR:31,00,00,38,33,32,32,33,35,29,00,36,00,00,00,SNR_AVG:33.22
QZS_PRN:00,00,00,00,00,SAT_TAL:00
QZS_SNR:00,00,00,00,00,SNR_AVG:0.00
SatInView:42 GDOP:110
Roll:146.390823 Pitch:23.965385
X_AVG:-3.507480 Y_AVG:3.730672 Z_AVG:-8.054735
X_SD:4.949915 Y_SD:6.529101 Z_SD:7.644142
$MXCM10033,2,30,20240104,063934,12,0E89BF2B,47EF7972,01A8,001B,4647,1E,F202*11
GPS_PRN:16,26,09,28,21,19619519908,04,31,00,00,00,00,SAT_TAL:11
GPS_SNR:35,38,33,38,34,32,37,24,22,23,41,00,00,00,00,SNR_AVG:32.45
GLO_PRN:76,87,86,66,77,67,75,00,00,00,00,00,00,00,00,SAT_TAL:07
GLO_SNR:39,35,40,33,22,35,39,00,00,00,00,00,00,00,00,SNR_AVG:34.71
GAL_PRN:25,05,24,03,10,11,12,09,02,36,31,00,00,00,00,SAT_TAL:10
GAL_SNR:29,19,35,30,37,32,33,32,00,31,35,00,00,00,00,SNR_AVG:31.30
BEI_PRN:19,07,10,28,30,19,20,36,27,16,06,27,09,00,00,SAT_TAL:10
BEI_SNR:30,00,00,37,33,29,33,31,36,27,00,35,24,00,00,SNR_AVG:31.50
QZS_PRN:00,00,00,00,00,SAT_TAL:00
QZS_SNR:00,00,00,00,00,SNR_AVG:0.00
SatInView:42 GDOP:111
Roll:178.908859 Pitch:59.023056
X_AVG:-3.808007 Y_AVG:3.800680 Z_AVG:-8.439444
X_SD:5.022131 Y_SD:6.584953 Z_SD:7.192111
$MXCM10033,2,31,20240104,064150,12,0E850E8E,47EFFB2E,01CB,001C,4551,1D,F202*69
GPS_PRN:16,26,09,28,21,18,19619519904,08,31,00,00,00,SAT_TAL:11
GPS_SNR:36,38,34,37,34,00,32,34,25,21,23,39,00,00,00,SNR_AVG:32.09
GLO_PRN:67,87,77,66,75,86,76,00,00,00,00,00,00,00,00,SAT_TAL:07
GLO_SNR:34,31,23,27,39,40,39,00,00,00,00,00,00,00,00,SNR_AVG:33.29
GAL_PRN:05,25,24,03,10,11,12,09,36,31,00,00,00,00,00,SAT_TAL:09
GAL_SNR:18,29,36,30,37,30,33,31,00,35,00,00,00,00,00,SNR_AVG:31.00
BEI_PRN:19,07,10,28,30,19,20,36,27,16,06,27,09,00,00,SAT_TAL:10
BEI_SNR:30,19,00,39,31,32,31,32,36,30,00,34,00,00,00,SNR_AVG:31.40
QZS_PRN:00,00,00,00,00,SAT_TAL:00
QZS_SNR:00,00,00,00,00,SNR_AVG:0.00
SatInView:42 GDOP:116
Roll:131.065063 Pitch:65.906845
X_AVG:-3.049460 Y_AVG:4.004479 Z_AVG:-8.579651
X_SD:6.357155 Y_SD:6.334402 Z_SD:7.282895
$MXCM10033,2,32,20240104,064205,12,0E847AF8,47F00661,01C6,001B,41E3,1E,F202*6D
GPS_PRN:31,09,28,21,18,04,19619519908,16,26,00,00,00,SAT_TAL:12
GPS_SNR:39,33,37,34,40,22,33,34,23,21,36,38,00,00,00,SNR_AVG:32.50
GLO_PRN:77,86,66,87,67,75,76,00,00,00,00,00,00,00,00,SAT_TAL:07
GLO_SNR:22,40,27,30,34,38,38,00,00,00,00,00,00,00,00,SNR_AVG:32.71
GAL_PRN:31,05,25,24,03,10,11,12,09,02,36,00,00,00,00,SAT_TAL:09
GAL_SNR:35,19,29,35,30,37,29,32,32,00,00,00,00,00,00,SNR_AVG:30.89
BEI_PRN:19,10,28,30,19,20,36,09,27,16,27,07,00,00,00,SAT_TAL:10
BEI_SNR:30,00,38,31,30,31,32,00,36,29,35,17,00,00,00,SNR_AVG:30.90
QZS_PRN:00,00,00,00,00,SAT_TAL:00
QZS_SNR:00,00,00,00,00,SNR_AVG:0.00
SatInView:42 GDOP:110
Roll:145.710907 Pitch:40.679066
X_AVG:-3.324416 Y_AVG:3.722915 Z_AVG:-8.145430
X_SD:5.118060 Y_SD:6.477525 Z_SD:7.686597
$MXCM10033,2,33,20240104,064421,12,0E7F8947,47F0A1CD,01AC,001B,46C9,1D,F202*10
GPS_PRN:26,09,28,21,18,08,19619519907,04,16,31,00,00,SAT_TAL:12
GPS_SNR:37,33,38,35,00,24,33,37,21,36,27,36,40,00,00,SNR_AVG:33.08
GLO_PRN:75,66,67,77,87,86,76,00,00,00,00,00,00,00,00,SAT_TAL:07
GLO_SNR:41,35,36,22,36,40,39,00,00,00,00,00,00,00,00,SNR_AVG:35.57
GAL_PRN:31,05,25,24,03,10,11,12,09,00,00,00,00,00,00,SAT_TAL:09
GAL_SNR:35,23,32,36,31,37,32,34,33,00,00,00,00,00,00,SNR_AVG:32.56
BEI_PRN:27,07,10,28,30,19,20,36,27,16,06,09,00,00,00,SAT_TAL:09
BEI_SNR:33,00,00,37,32,30,35,32,35,19,00,24,00,00,00,SNR_AVG:30.78
QZS_PRN:00,00,00,00,00,SAT_TAL:00
QZS_SNR:00,00,00,00,00,SNR_AVG:0.00
SatInView:41 GDOP:116
Roll:152.536087 Pitch:35.986591
X_AVG:-3.889315 Y_AVG:4.147559 Z_AVG:-8.310250
X_SD:5.493924 Y_SD:6.926081 Z_SD:7.775591
$MXCM10033,2,34,20240104,064436,12,0E7EF8B9,47F0A264,019F,001C,42E5,1E,F202*60
GPS_PRN:26,09,28,21,18,08,19619519907,04,16,31,00,00,SAT_TAL:13
GPS_SNR:38,35,37,35,39,26,33,34,29,35,27,37,40,00,00,SNR_AVG:34.23
GLO_PRN:75,66,67,77,87,86,76,00,00,00,00,00,00,00,00,SAT_TAL:07
GLO_SNR:41,20,36,23,35,41,39,00,00,00,00,00,00,00,00,SNR_AVG:33.57
GAL_PRN:31,05,25,24,03,10,11,12,09,00,00,00,00,00,00,SAT_TAL:09
GAL_SNR:37,23,31,36,31,37,30,33,33,00,00,00,00,00,00,SNR_AVG:32.33
BEI_PRN:19,07,30,28,19,20,36,27,06,16,27,09,00,00,00,SAT_TAL:11
BEI_SNR:30,20,31,38,30,32,33,35,00,31,36,26,00,00,00,SNR_AVG:31.09
QZS_PRN:00,00,00,00,00,SAT_TAL:00
QZS_SNR:00,00,00,00,00,SNR_AVG:0.00
SatInView:41 GDOP:109
Roll:152.339172 Pitch:25.533125
X_AVG:-3.905165 Y_AVG:4.162260 Z_AVG:-9.210392
X_SD:5.603174 Y_SD:6.845453 Z_SD:7.281409
$MXCM10033,2,35,20240104,064652,12,0E79F500,47F03647,016D,001A,4814,1C,F201*69
GPS_PRN:31,08,09,28,21,18,19619519907,04,16,26,00,00,SAT_TAL:12
GPS_SNR:40,31,32,37,34,00,33,38,30,32,29,37,39,00,00,SNR_AVG:34.33
GLO_PRN:77,66,88,87,86,76,00,00,00,00,00,00,00,00,00,SAT_TAL:06
GLO_SNR:23,30,34,38,40,40,00,00,00,00,00,00,00,00,00,SNR_AVG:34.17
GAL_PRN:10,05,25,24,03,11,12,09,36,00,00,00,00,00,00,SAT_TAL:09
GAL_SNR:37,26,30,37,25,33,34,33,32,00,00,00,00,00,00,SNR_AVG:31.89
BEI_PRN:27,07,10,01,30,28,19,20,36,27,16,06,09,00,00,SAT_TAL:09
BEI_SNR:38,24,00,32,31,39,24,33,31,37,00,00,00,00,00,SNR_AVG:32.11
QZS_PRN:00,00,00,00,00,SAT_TAL:00
QZS_SNR:00,00,00,00,00,SNR_AVG:0.00
SatInView:41 GDOP:120
Roll:110.567345 Pitch:24.885082
X_AVG:-3.662915 Y_AVG:3.800297 Z_AVG:-7.711592
X_SD:6.334823 Y_SD:7.557948 Z_SD:8.505385
$MXCM10033,2,36,20240104,064707,12,0E7959E2,47F03113,0153,001E,48FC,1D,F201*12
GPS_PRN:31,08,09,28,21,18,19619519907,04,16,26,00,00,SAT_TAL:13
GPS_SNR:40,30,33,38,34,38,32,38,29,36,22,37,38,00,00,SNR_AVG:34.23
GLO_PRN:77,66,88,87,86,76,00,00,00,00,00,00,00,00,00,SAT_TAL:06
GLO_SNR:22,31,35,35,40,39,00,00,00,00,00,00,00,00,00,SNR_AVG:33.67
GAL_PRN:10,05,25,24,03,11,12,09,36,00,00,00,00,00,00,SAT_TAL:09
GAL_SNR:37,23,31,35,29,33,33,32,32,00,00,00,00,00,00,SNR_AVG:31.67
BEI_PRN:27,07,10,01,30,28,19,20,36,27,16,06,09,00,00,SAT_TAL:11
BEI_SNR:37,19,00,32,28,38,28,34,32,36,31,00,27,00,00,SNR_AVG:31.09
QZS_PRN:00,00,00,00,00,SAT_TAL:00
QZS_SNR:00,00,00,00,00,SNR_AVG:0.00
SatInView:41 GDOP:110
Roll:130.847244 Pitch:38.175747
X_AVG:-3.267577 Y_AVG:3.610433 Z_AVG:-7.668735
X_SD:6.615581 Y_SD:6.593458 Z_SD:8.750065
$MXCM10033,2,37,20240104,064923,12,0E744D45,47F0400B,011A,0015,47D0,1D,F202*11
GPS_PRN:31,08,09,28,21,18,19619519907,04,16,26,00,00,SAT_TAL:12
GPS_SNR:40,31,34,39,35,00,34,35,16,34,31,34,37,00,00,SNR_AVG:33.33
GLO_PRN:77,66,88,87,86,76,00,00,00,00,00,00,00,00,00,SAT_TAL:06
GLO_SNR:22,38,35,29,38,37,00,00,00,00,00,00,00,00,00,SNR_AVG:33.17
GAL_PRN:10,05,25,24,03,11,12,09,36,00,00,00,00,00,00,SAT_TAL:09
GAL_SNR:36,29,31,34,32,31,32,29,33,00,00,00,00,00,00,SNR_AVG:31.89
BEI_PRN:27,07,10,30,28,19,20,36,22,27,16,06,09,00,00,SAT_TAL:10
BEI_SNR:34,23,00,34,36,31,35,31,34,34,20,00,00,00,00,SNR_AVG:31.20
QZS_PRN:00,00,00,00,00,SAT_TAL:00
QZS_SNR:00,00,00,00,00,SNR_AVG:0.00
SatInView:41 GDOP:118
Roll:142.230133 Pitch:26.980680
X_AVG:-4.079467 Y_AVG:5.729488 Z_AVG:-8.962444
X_SD:5.297320 Y_SD:7.821833 Z_SD:7.663869
$MXCM10033,2,38,20240104,064938,12,0E73D912,47F02D3C,0120,0016,4ED9,1F,F202*64
GPS_PRN:31,08,09,28,21,18,19619519907,04,16,26,00,00,SAT_TAL:13
GPS_SNR:41,20,33,39,34,38,34,38,30,33,18,35,37,00,00,SNR_AVG:33.08
GLO_PRN:77,66,88,87,86,76,00,00,00,00,00,00,00,00,00,SAT_TAL:06
GLO_SNR:20,37,33,37,37,38,00,00,00,00,00,00,00,00,00,SNR_AVG:33.67
GAL_PRN:10,05,25,24,03,11,12,09,36,00,00,00,00,00,00,SAT_TAL:09
GAL_SNR:38,22,29,35,31,34,31,34,33,00,00,00,00,00,00,SNR_AVG:31.89
BEI_PRN:19,07,30,28,19,20,36,22,09,06,16,27,27,00,00,SAT_TAL:11
BEI_SNR:30,20,31,36,31,34,30,31,00,00,23,35,35,00,00,SNR_AVG:30.55
QZS_PRN:00,00,00,00,00,SAT_TAL:00
QZS_SNR:00,00,00,00,00,SNR_AVG:0.00
SatInView:41 GDOP:105
Roll:133.867935 Pitch:52.867603
X_AVG:-2.999229 Y_AVG:3.222229 Z_AVG:-7.718679
X_SD:3.840687 Y_SD:7.135314 Z_SD:6.879587
$MXCM10033,2,39,20240104,065154,12,0E7105D6,47EF9F0A,00D3,0000,0315,11,F201*1C
GPS_PRN:16,26,09,19619519921,28,07,04,08,31,00,00,00,SAT_TAL:09
GPS_SNR:33,31,00,28,34,25,30,35,00,00,13,41,00,00,00,SNR_AVG:30.00
GLO_PRN:88,75,87,76,77,00,00,00,00,00,00,00,00,00,00,SAT_TAL:03
GLO_SNR:26,00,33,32,00,00,00,00,00,00,00,00,00,00,00,SNR_AVG:30.33
GAL_PRN:25,05,24,03,10,12,00,00,00,00,00,00,00,00,00,SAT_TAL:04
GAL_SNR:14,00,24,00,38,25,00,00,00,00,00,00,00,00,00,SNR_AVG:25.25
BEI_PRN:27,28,19,20,01,27,16,30,00,00,00,00,00,00,00,SAT_TAL:05
BEI_SNR:33,30,00,00,30,37,21,00,00,00,00,00,00,00,00,SNR_AVG:30.20
QZS_PRN:00,00,00,00,00,SAT_TAL:00
QZS_SNR:00,00,00,00,00,SNR_AVG:0.00
SatInView:31 GDOP:132
Roll:50.784836 Pitch:31.264330
X_AVG:-3.078622 Y_AVG:3.338973 Z_AVG:4.110783
X_SD:5.663751 Y_SD:10.185785 Z_SD:6.485388
$MXCM10033,2,40,20240104,065209,12,0E710481,47EFA078,00D2,0000,47CE,1A,F201*60
GPS_PRN:16,26,09,21,28,07,19619519908,04,31,00,00,00,SAT_TAL:10
GPS_SNR:38,36,18,30,32,00,33,32,31,24,00,38,00,00,00,SNR_AVG:31.20
GLO_PRN:67,87,66,77,88,86,76,00,00,00,00,00,00,00,00,SAT_TAL:05
GLO_SNR:00,34,19,00,28,38,40,00,00,00,00,00,00,00,00,SNR_AVG:31.80
GAL_PRN:05,25,24,03,10,11,12,09,02,36,00,00,00,00,00,SAT_TAL:09
GAL_SNR:18,17,36,15,36,35,31,33,00,24,00,00,00,00,00,SNR_AVG:27.22
BEI_PRN:27,07,10,01,30,28,19,20,36,27,16,06,09,00,00,SAT_TAL:07
BEI_SNR:42,00,00,31,23,40,00,16,00,37,33,00,00,00,00,SNR_AVG:31.71
QZS_PRN:00,00,00,00,00,SAT_TAL:00
QZS_SNR:00,00,00,00,00,SNR_AVG:0.00
SatInView:42 GDOP:101
Roll:65.042885 Pitch:26.878740
X_AVG:-4.238636 Y_AVG:7.660163 Z_AVG:1.697715
X_SD:6.868572 Y_SD:8.697975 Z_SD:7.580821
$MXCM10033,2,41,20240104,065425,12,0E7102BC,47EF9E8A,00D2,0000,3C47,13,F202*1B
GPS_PRN:08,04,16,31,26,09,21,28,19919519600,00,00,00,SAT_TAL:10
GPS_SNR:18,13,44,33,32,00,30,31,28,33,31,00,00,00,00,SNR_AVG:29.30
GLO_PRN:77,88,75,87,86,76,00,00,00,00,00,00,00,00,00,SAT_TAL:04
GLO_SNR:00,32,00,37,38,40,00,00,00,00,00,00,00,00,00,SNR_AVG:36.75
GAL_PRN:03,10,11,12,05,25,24,00,00,00,00,00,00,00,00,SAT_TAL:04
GAL_SNR:00,30,30,28,00,00,37,00,00,00,00,00,00,00,00,SNR_AVG:31.25
BEI_PRN:20,28,19,30,16,27,03,00,00,00,00,00,00,00,00,SAT_TAL:04
BEI_SNR:00,40,00,24,37,41,00,00,00,00,00,00,00,00,00,SNR_AVG:35.50
QZS_PRN:00,00,00,00,00,SAT_TAL:00
QZS_SNR:00,00,00,00,00,SNR_AVG:0.00
SatInView:31 GDOP:130
Roll:44.645760 Pitch:32.584278
X_AVG:-3.937009 Y_AVG:4.558508 Z_AVG:1.893995
X_SD:7.822414 Y_SD:12.006826 Z_SD:10.813595
$MXCM10033,2,42,20240104,065440,12,0E7101BB,47EF9DD1,00D1,0000,743A,19,F201*1C
GPS_PRN:16,09,26,21,28,07,19619519908,04,31,00,00,00,SAT_TAL:10
GPS_SNR:35,00,33,28,27,00,27,40,27,18,16,35,00,00,00,SNR_AVG:28.60
GLO_PRN:75,87,88,77,85,86,76,00,00,00,00,00,00,00,00,SAT_TAL:05
GLO_SNR:29,34,28,00,00,41,44,00,00,00,00,00,00,00,00,SNR_AVG:35.20
GAL_PRN:05,25,24,03,10,11,12,09,02,36,00,00,00,00,00,SAT_TAL:08
GAL_SNR:15,16,40,00,34,30,34,23,00,22,00,00,00,00,00,SNR_AVG:26.75
BEI_PRN:27,07,03,10,30,28,19,20,36,27,16,06,09,00,00,SAT_TAL:07
BEI_SNR:42,00,00,00,22,42,00,14,13,43,36,00,00,00,00,SNR_AVG:30.29
QZS_PRN:00,00,00,00,00,SAT_TAL:00
QZS_SNR:00,00,00,00,00,SNR_AVG:0.00
SatInView:42 GDOP:99
Roll:92.229050 Pitch:12.057931
X_AVG:-3.391120 Y_AVG:6.640021 Z_AVG:1.805743
X_SD:3.391381 Y_SD:7.257357 Z_SD:3.221155
$MXCM10033,2,43,20240104,065656,12,0E710595,47EF9ED1,00D2,0000,1C89,12,F201*1B
GPS_PRN:31,09,26,19619519921,28,04,16,08,00,00,00,00,SAT_TAL:09
GPS_SNR:42,00,36,36,35,33,32,32,00,31,17,00,00,00,00,SNR_AVG:32.67
GLO_PRN:77,88,87,86,76,00,00,00,00,00,00,00,00,00,00,SAT_TAL:04
GLO_SNR:00,33,29,39,40,00,00,00,00,00,00,00,00,00,00,SNR_AVG:35.25
GAL_PRN:24,05,25,03,10,12,00,00,00,00,00,00,00,00,00,SAT_TAL:03
GAL_SNR:30,00,00,00,35,23,00,00,00,00,00,00,00,00,00,SNR_AVG:29.33
BEI_PRN:27,30,28,19,36,01,27,16,02,00,00,00,00,00,00,SAT_TAL:06
BEI_SNR:39,23,40,00,00,28,31,26,00,00,00,00,00,00,00,SNR_AVG:31.17
QZS_PRN:00,00,00,00,00,SAT_TAL:00
QZS_SNR:00,00,00,00,00,SNR_AVG:0.00
SatInView:31 GDOP:141
Roll:86.210075 Pitch:8.534380
X_AVG:-1.618752 Y_AVG:7.088991 Z_AVG:3.014600
X_SD:4.382142 Y_SD:6.380135 Z_SD:4.093547
$MXCM10033,2,44,20240104,065711,12,0E7104B1,47EFA057,00D2,0000,35F7,19,F201*15
GPS_PRN:31,26,21,08,28,07,19519904,16,09,19600,00,00,SAT_TAL:09
GPS_SNR:40,35,24,18,29,00,34,26,00,36,00,25,00,00,00,SNR_AVG:29.67
GLO_PRN:87,76,77,88,86,00,00,00,00,00,00,00,00,00,00,SAT_TAL:04
GLO_SNR:28,36,00,29,39,00,00,00,00,00,00,00,00,00,00,SNR_AVG:33.00
GAL_PRN:12,05,25,24,03,10,11,09,02,36,00,00,00,00,00,SAT_TAL:09
GAL_SNR:29,15,14,33,14,34,32,21,00,18,00,00,00,00,00,SNR_AVG:23.33
BEI_PRN:27,07,10,01,30,28,19,36,20,27,16,06,09,00,00,SAT_TAL:08
BEI_SNR:38,00,00,31,22,35,00,14,18,38,23,00,00,00,00,SNR_AVG:27.38
QZS_PRN:00,00,00,00,00,SAT_TAL:00
QZS_SNR:00,00,00,00,00,SNR_AVG:0.00
SatInView:40 GDOP:99
Roll:90.056313 Pitch:10.765015
X_AVG:-2.232255 Y_AVG:8.817304 Z_AVG:1.670133
X_SD:3.170124 Y_SD:4.517805 Z_SD:3.154041
$MXCM10033,2,45,20240104,065926,00,0E7105A7,47EFA0C8,00D2,0000,0000,00,F201*1F
GPS_PRN:08,04,16,31,09,26,21,28,02,07,19919500,00,00,SAT_TAL:02
GPS_SNR:00,00,00,26,00,25,00,00,00,00,00,00,00,00,00,SNR_AVG:25.50
GLO_PRN:00,00,00,00,00,00,00,00,00,00,00,00,00,00,00,SAT_TAL:00
GLO_SNR:00,00,00,00,00,00,00,00,00,00,00,00,00,00,00,SNR_AVG:0.00
GAL_PRN:05,03,10,11,12,09,25,24,00,00,00,00,00,00,00,SAT_TAL:00
GAL_SNR:00,00,00,00,00,00,00,00,00,00,00,00,00,00,00,SNR_AVG:0.00
BEI_PRN:27,30,00,00,00,00,00,00,00,00,00,00,00,00,00,SAT_TAL:00
BEI_SNR:00,00,00,00,00,00,00,00,00,00,00,00,00,00,00,SNR_AVG:0.00
QZS_PRN:00,00,00,00,00,SAT_TAL:00
QZS_SNR:00,00,00,00,00,SNR_AVG:0.00
SatInView:22 GDOP:13063
Roll:78.774010 Pitch:23.829889
X_AVG:-4.417008 Y_AVG:5.608243 Z_AVG:2.899245
X_SD:3.259056 Y_SD:6.470726 Z_SD:3.491519
$MXCM10033,2,46,20240104,065942,00,0E7104EA,47EF924D,00D2,0000,0000,00,F201*1C
GPS_PRN:08,04,16,31,09,26,21,28,07,19919519600,00,00,SAT_TAL:04
GPS_SNR:00,00,00,24,00,19,00,24,00,00,15,00,00,00,00,SNR_AVG:20.50
GLO_PRN:77,67,88,87,86,76,00,00,00,00,00,00,00,00,00,SAT_TAL:02
GLO_SNR:00,00,00,28,00,29,00,00,00,00,00,00,00,00,00,SNR_AVG:28.50
GAL_PRN:10,11,05,25,03,00,00,00,00,00,00,00,00,00,00,SAT_TAL:01
GAL_SNR:20,00,00,00,00,00,00,00,00,00,00,00,00,00,00,SNR_AVG:20.00
BEI_PRN:28,36,27,07,30,00,00,00,00,00,00,00,00,00,00,SAT_TAL:00
BEI_SNR:00,00,00,00,00,00,00,00,00,00,00,00,00,00,00,SNR_AVG:0.00
QZS_PRN:00,00,00,00,00,SAT_TAL:00
QZS_SNR:00,00,00,00,00,SNR_AVG:0.00
SatInView:28 GDOP:344
Roll:72.954918 Pitch:12.397939
X_AVG:-2.404449 Y_AVG:8.705780 Z_AVG:0.722489
X_SD:2.001642 Y_SD:5.206475 Z_SD:2.001821
$MXCM10033,2,47,20240104,070158,12,0E710B22,47EFA6E8,00D2,0000,7F88,0A,F201*1A
GPS_PRN:08,04,16,31,09,26,21,28,07,19919519600,00,00,SAT_TAL:06
GPS_SNR:19,00,00,38,00,17,25,19,00,00,20,00,00,00,00,SNR_AVG:23.00
GLO_PRN:88,87,76,77,00,00,00,00,00,00,00,00,00,00,00,SAT_TAL:03
GLO_SNR:20,29,27,00,00,00,00,00,00,00,00,00,00,00,00,SNR_AVG:25.33
GAL_PRN:24,11,10,12,36,09,25,05,03,00,00,00,00,00,00,SAT_TAL:02
GAL_SNR:00,28,24,00,00,00,00,00,00,00,00,00,00,00,00,SNR_AVG:26.00
BEI_PRN:07,01,30,02,28,36,19,20,22,16,27,03,00,00,00,SAT_TAL:00
BEI_SNR:00,00,00,00,00,00,00,00,00,00,00,00,00,00,00,SNR_AVG:0.00
QZS_PRN:00,00,00,00,00,SAT_TAL:00
QZS_SNR:00,00,00,00,00,SNR_AVG:0.00
SatInView:37 GDOP:172
Roll:83.415504 Pitch:19.238810
X_AVG:-3.379053 Y_AVG:8.950951 Z_AVG:1.387947
X_SD:0.341247 Y_SD:0.222488 Z_SD:0.300102
$MXCM10033,2,48,20240104,070213,12,0E7105B7,47EFA952,00D2,0000,7C61,17,F201*1B
GPS_PRN:16,09,26,21,28,07,19619519908,04,31,00,00,00,SAT_TAL:10
GPS_SNR:20,00,18,23,22,14,20,24,00,17,17,38,00,00,00,SNR_AVG:21.30
GLO_PRN:87,77,88,75,86,76,00,00,00,00,00,00,00,00,00,SAT_TAL:03
GLO_SNR:30,00,22,00,00,28,00,00,00,00,00,00,00,00,00,SNR_AVG:26.67
GAL_PRN:25,05,03,24,11,10,12,36,02,09,00,00,00,00,00,SAT_TAL:08
GAL_SNR:19,15,00,23,27,25,15,20,00,19,00,00,00,00,00,SNR_AVG:20.38
BEI_PRN:27,07,03,10,30,28,36,19,20,27,16,06,09,00,00,SAT_TAL:04
BEI_SNR:23,00,00,00,14,22,00,00,00,26,00,00,00,00,00,SNR_AVG:21.25
QZS_PRN:00,00,00,00,00,SAT_TAL:00
QZS_SNR:00,00,00,00,00,SNR_AVG:0.00
SatInView:41 GDOP:101
Roll:89.865807 Pitch:18.583567
X_AVG:-3.051855 Y_AVG:9.137272 Z_AVG:0.849049
X_SD:0.204408 Y_SD:0.130780 Z_SD:0.280395
$MXCM10033,2,49,20240104,070429,12,0E7101B2,47EFA561,00D2,0000,0000,12,F201*6E
GPS_PRN:08,04,16,31,09,26,21,28,07,19919519600,00,00,SAT_TAL:09
GPS_SNR:14,14,20,32,17,26,22,27,00,00,25,00,00,00,00,SNR_AVG:21.89
GLO_PRN:88,87,76,77,00,00,00,00,00,00,00,00,00,00,00,SAT_TAL:03
GLO_SNR:23,21,27,00,00,00,00,00,00,00,00,00,00,00,00,SNR_AVG:23.67
GAL_PRN:11,24,10,12,36,09,25,05,03,00,00,00,00,00,00,SAT_TAL:05
GAL_SNR:00,17,22,17,27,30,00,00,00,00,00,00,00,00,00,SNR_AVG:22.60
BEI_PRN:07,01,30,02,28,36,19,20,22,16,27,03,00,00,00,SAT_TAL:01
BEI_SNR:00,00,00,00,31,00,00,00,00,00,00,00,00,00,00,SNR_AVG:31.00
QZS_PRN:00,00,00,00,00,SAT_TAL:00
QZS_SNR:00,00,00,00,00,SNR_AVG:0.00
SatInView:37 GDOP:118
Roll:65.030991 Pitch:12.745850
X_AVG:-2.394346 Y_AVG:8.278598 Z_AVG:4.093497
X_SD:0.071251 Y_SD:0.070672 Z_SD:0.120604
$MXCM10033,2,50,20240104,070444,12,0E7102E9,47EFA030,00D2,0000,2BE4,12,F201*62
GPS_PRN:08,04,16,31,09,26,21,28,07,19919519600,00,00,SAT_TAL:08
GPS_SNR:17,00,19,31,00,26,24,30,00,00,27,18,00,00,00,SNR_AVG:24.00
GLO_PRN:88,87,76,77,00,00,00,00,00,00,00,00,00,00,00,SAT_TAL:03
GLO_SNR:26,29,18,00,00,00,00,00,00,00,00,00,00,00,00,SNR_AVG:24.33
GAL_PRN:11,24,10,12,36,09,25,05,03,00,00,00,00,00,00,SAT_TAL:06
GAL_SNR:15,17,24,18,25,34,00,00,00,00,00,00,00,00,00,SNR_AVG:22.17
BEI_PRN:07,01,30,02,28,36,19,20,22,16,27,03,00,00,00,SAT_TAL:02
BEI_SNR:00,00,00,00,30,16,00,00,00,00,00,00,00,00,00,SNR_AVG:23.00
QZS_PRN:00,00,00,00,00,SAT_TAL:00
QZS_SNR:00,00,00,00,00,SNR_AVG:0.00
SatInView:37 GDOP:115
Roll:46.967983 Pitch:30.251804
X_AVG:-4.951452 Y_AVG:5.904651 Z_AVG:5.638985
X_SD:0.132490 Y_SD:0.140850 Z_SD:0.129239
$MXCM10033,2,51,20240104,070659,00,0E710664,47EF963C,00D2,0000,0000,00,F201*1B
GPS_PRN:16,09,31,26,21,28,07,19919519600,00,00,00,00,SAT_TAL:04
GPS_SNR:16,00,29,29,00,00,00,00,18,00,00,00,00,00,00,SNR_AVG:23.00
GLO_PRN:88,68,87,76,77,00,00,00,00,00,00,00,00,00,00,SAT_TAL:01
GLO_SNR:00,00,00,29,00,00,00,00,00,00,00,00,00,00,00,SNR_AVG:29.00
GAL_PRN:24,11,12,09,25,05,03,00,00,00,00,00,00,00,00,SAT_TAL:02
GAL_SNR:28,25,00,00,00,00,00,00,00,00,00,00,00,00,00,SNR_AVG:26.50
BEI_PRN:16,27,20,00,00,00,00,00,00,00,00,00,00,00,00,SAT_TAL:00
BEI_SNR:00,00,00,00,00,00,00,00,00,00,00,00,00,00,00,SNR_AVG:0.00
QZS_PRN:00,00,00,00,00,SAT_TAL:00
QZS_SNR:00,00,00,00,00,SNR_AVG:0.00
SatInView:25 GDOP:404
Roll:89.629852 Pitch:12.009585
X_AVG:-2.270419 Y_AVG:9.401262 Z_AVG:0.207486
X_SD:0.123842 Y_SD:0.095639 Z_SD:0.138871
$MXCM10033,2,52,20240104,070715,12,0E710573,47EF9D27,00D2,0000,0000,12,F201*13
GPS_PRN:09,26,08,21,28,07,19619519904,16,31,00,00,00,SAT_TAL:08
GPS_SNR:00,27,00,25,26,00,17,21,00,13,24,35,00,00,00,SNR_AVG:23.50
GLO_PRN:88,68,87,76,77,00,00,00,00,00,00,00,00,00,00,SAT_TAL:02
GLO_SNR:24,00,00,26,00,00,00,00,00,00,00,00,00,00,00,SNR_AVG:25.00
GAL_PRN:24,25,05,03,10,11,12,36,09,00,00,00,00,00,00,SAT_TAL:05
GAL_SNR:25,00,00,14,28,24,00,29,00,00,00,00,00,00,00,SNR_AVG:24.00
BEI_PRN:27,01,30,02,28,36,19,20,22,07,27,16,03,00,00,SAT_TAL:05
BEI_SNR:26,00,14,00,24,00,00,17,00,00,18,00,00,00,00,SNR_AVG:19.80
QZS_PRN:00,00,00,00,00,SAT_TAL:00
QZS_SNR:00,00,00,00,00,SNR_AVG:0.00
SatInView:39 GDOP:121
Roll:107.445480 Pitch:-0.020667
X_AVG:-1.741529 Y_AVG:9.061901 Z_AVG:-1.365536
X_SD:1.503694 Y_SD:0.616269 Z_SD:2.162338
$MXCM10033,2,53,20240104,070931,12,0E71048D,47EFA094,00D2,0000,0119,0E,F201*18
GPS_PRN:09,26,21,08,28,19519904,16,31,19600,00,00,00,SAT_TAL:08
GPS_SNR:00,30,20,00,31,23,18,00,25,30,14,00,00,00,00,SNR_AVG:23.88
GLO_PRN:87,77,88,68,76,00,00,00,00,00,00,00,00,00,00,SAT_TAL:02
GLO_SNR:27,00,00,00,22,00,00,00,00,00,00,00,00,00,00,SNR_AVG:24.50
GAL_PRN:12,25,05,11,03,10,24,36,09,00,00,00,00,00,00,SAT_TAL:04
GAL_SNR:00,00,00,30,00,27,22,00,24,00,00,00,00,00,00,SNR_AVG:25.75
BEI_PRN:27,01,30,02,28,36,19,20,22,07,27,16,03,00,00,SAT_TAL:02
BEI_SNR:22,00,00,00,00,00,00,00,00,00,28,00,00,00,00,SNR_AVG:25.00
QZS_PRN:00,00,00,00,00,SAT_TAL:00
QZS_SNR:00,00,00,00,00,SNR_AVG:0.00
SatInView:38 GDOP:190
Roll:76.325127 Pitch:13.315516
X_AVG:-2.529621 Y_AVG:8.931414 Z_AVG:2.460523
X_SD:0.206161 Y_SD:0.208742 Z_SD:0.275111
$MXCM10033,2,54,20240104,070946,12,0E710511,47EF9FC5,00D2,0000,0119,13,F202*63
GPS_PRN:09,26,08,21,07,28,19619519904,16,31,00,00,00,SAT_TAL:08
GPS_SNR:00,22,00,19,00,30,20,26,18,00,22,30,00,00,00,SNR_AVG:23.38
GLO_PRN:88,68,87,76,77,00,00,00,00,00,00,00,00,00,00,SAT_TAL:03
GLO_SNR:21,00,22,27,00,00,00,00,00,00,00,00,00,00,00,SNR_AVG:23.33
GAL_PRN:24,25,05,11,03,10,12,36,09,00,00,00,00,00,00,SAT_TAL:07
GAL_SNR:18,00,17,19,00,26,16,18,26,00,00,00,00,00,00,SNR_AVG:20.00
BEI_PRN:27,01,30,02,28,36,19,20,22,07,27,16,03,00,00,SAT_TAL:03
BEI_SNR:18,00,20,00,00,00,00,00,00,00,20,00,00,00,00,SNR_AVG:19.33
QZS_PRN:00,00,00,00,00,SAT_TAL:00
QZS_SNR:00,00,00,00,00,SNR_AVG:0.00
SatInView:39 GDOP:152
Roll:26.471672 Pitch:35.169399
X_AVG:-5.713015 Y_AVG:3.827304 Z_AVG:6.655536
X_SD:0.196073 Y_SD:0.378564 Z_SD:0.438007
$MXCM10033,2,55,20240104,071200,12,0E710363,47EF9D72,00D2,0000,0000,0C,F201*63
GPS_PRN:08,04,16,09,31,26,21,28,19919519600,00,00,00,SAT_TAL:06
GPS_SNR:00,00,27,00,25,20,00,26,00,22,23,00,00,00,00,SNR_AVG:23.83
GLO_PRN:86,88,87,76,77,00,00,00,00,00,00,00,00,00,00,SAT_TAL:03
GLO_SNR:29,22,00,25,00,00,00,00,00,00,00,00,00,00,00,SNR_AVG:25.33
GAL_PRN:03,10,24,12,36,09,25,05,11,00,00,00,00,00,00,SAT_TAL:05
GAL_SNR:00,32,24,00,24,18,00,00,23,00,00,00,00,00,00,SNR_AVG:24.20
BEI_PRN:07,01,30,28,36,19,20,22,16,27,03,00,00,00,00,SAT_TAL:00
BEI_SNR:00,00,00,00,00,00,00,00,00,00,00,00,00,00,00,SNR_AVG:0.00
QZS_PRN:00,00,00,00,00,SAT_TAL:00
QZS_SNR:00,00,00,00,00,SNR_AVG:0.00
SatInView:36 GDOP:188
Roll:77.528694 Pitch:6.176848
X_AVG:-1.497747 Y_AVG:9.195021 Z_AVG:2.207977
X_SD:0.146361 Y_SD:0.168803 Z_SD:0.252604
$MXCM10033,2,56,20240104,071217,12,0E710377,47EFA112,00D2,0000,0000,12,F201*18
GPS_PRN:08,04,16,09,31,26,21,07,28,19919519600,00,00,SAT_TAL:07
GPS_SNR:00,00,27,16,29,00,24,00,27,00,20,22,00,00,00,SNR_AVG:23.57
GLO_PRN:86,88,87,76,77,00,00,00,00,00,00,00,00,00,00,SAT_TAL:03
GLO_SNR:29,24,00,22,00,00,00,00,00,00,00,00,00,00,00,SNR_AVG:25.00
GAL_PRN:24,12,36,09,25,11,10,00,00,00,00,00,00,00,00,SAT_TAL:06
GAL_SNR:25,00,21,20,15,21,32,00,00,00,00,00,00,00,00,SNR_AVG:22.33
BEI_PRN:07,01,30,28,36,19,20,22,16,27,03,00,00,00,00,SAT_TAL:04
BEI_SNR:00,00,19,20,00,00,00,00,17,19,00,00,00,00,00,SNR_AVG:18.75
QZS_PRN:00,00,00,00,00,SAT_TAL:00
QZS_SNR:00,00,00,00,00,SNR_AVG:0.00
SatInView:35 GDOP:120
Roll:77.695610 Pitch:6.152742
X_AVG:-1.202871 Y_AVG:9.239793 Z_AVG:2.167898
X_SD:0.209616 Y_SD:0.156860 Z_SD:0.265560
$MXCM10033,2,57,20240104,071433,12,0E710366,47EFA41D,00D2,0000,719C,0A,F201*64
GPS_PRN:08,04,16,09,31,26,21,02,07,19919519600,00,00,SAT_TAL:06
GPS_SNR:00,00,19,00,24,27,31,37,00,00,15,00,00,00,00,SNR_AVG:25.50
GLO_PRN:86,88,87,76,77,00,00,00,00,00,00,00,00,00,00,SAT_TAL:03
GLO_SNR:00,27,30,31,00,00,00,00,00,00,00,00,00,00,00,SNR_AVG:29.33
GAL_PRN:03,10,24,12,36,09,25,05,11,00,00,00,00,00,00,SAT_TAL:02
GAL_SNR:00,32,00,00,00,33,00,00,00,00,00,00,00,00,00,SNR_AVG:32.50
BEI_PRN:07,01,30,02,28,36,19,20,22,16,27,03,00,00,00,SAT_TAL:01
BEI_SNR:00,00,00,00,00,00,00,00,00,00,18,00,00,00,00,SNR_AVG:18.00
QZS_PRN:00,00,00,00,00,SAT_TAL:00
QZS_SNR:00,00,00,00,00,SNR_AVG:0.00
SatInView:38 GDOP:218
Roll:60.346924 Pitch:25.909830
X_AVG:-4.006155 Y_AVG:7.492039 Z_AVG:4.407383
X_SD:0.314452 Y_SD:0.789990 Z_SD:0.252458
$MXCM10033,2,58,20240104,071448,12,0E7101E1,47EFA3EA,00D2,0000,719C,19,F201*1E
GPS_PRN:08,04,16,09,31,26,21,02,07,28,19919519600,00,SAT_TAL:10
GPS_SNR:16,21,21,00,31,29,16,27,00,22,00,27,22,00,00,SNR_AVG:23.20
GLO_PRN:86,88,87,76,77,00,00,00,00,00,00,00,00,00,00,SAT_TAL:04
GLO_SNR:20,29,22,15,00,00,00,00,00,00,00,00,00,00,00,SNR_AVG:21.50
GAL_PRN:03,10,24,12,36,09,25,05,11,00,00,00,00,00,00,SAT_TAL:07
GAL_SNR:13,24,19,00,27,26,14,14,00,00,00,00,00,00,00,SNR_AVG:19.57
BEI_PRN:07,30,02,28,36,19,20,22,16,27,03,00,00,00,00,SAT_TAL:04
BEI_SNR:00,16,00,27,00,00,17,00,00,24,00,00,00,00,00,SNR_AVG:21.00
QZS_PRN:00,00,00,00,00,SAT_TAL:00
QZS_SNR:00,00,00,00,00,SNR_AVG:0.00
SatInView:38 GDOP:107
Roll:76.126251 Pitch:25.252558
X_AVG:-4.262818 Y_AVG:8.358374 Z_AVG:2.240252
X_SD:0.096380 Y_SD:0.072492 Z_SD:0.124874
$MXCM10033,2,59,20240104,071704,12,0E7103A6,47EFA799,00D2,0000,0000,11,F201*61
GPS_PRN:08,04,16,09,31,26,21,07,28,19919519600,00,00,SAT_TAL:08
GPS_SNR:00,15,32,00,36,29,17,00,28,00,24,25,00,00,00,SNR_AVG:25.75
GLO_PRN:68,78,76,77,86,00,00,00,00,00,00,00,00,00,00,SAT_TAL:02
GLO_SNR:00,00,24,00,17,00,00,00,00,00,00,00,00,00,00,SNR_AVG:20.50
GAL_PRN:03,10,24,12,36,09,25,11,05,00,00,00,00,00,00,SAT_TAL:05
GAL_SNR:00,21,28,00,22,29,00,28,00,00,00,00,00,00,00,SNR_AVG:25.60
BEI_PRN:07,01,30,28,36,19,20,22,16,27,03,00,00,00,00,SAT_TAL:03
BEI_SNR:00,00,17,25,00,00,00,00,00,25,00,00,00,00,00,SNR_AVG:22.33
QZS_PRN:00,00,00,00,00,SAT_TAL:00
QZS_SNR:00,00,00,00,00,SNR_AVG:0.00
SatInView:37 GDOP:143
Roll:70.775482 Pitch:32.288494
X_AVG:-4.247543 Y_AVG:6.511163 Z_AVG:2.491744
X_SD:4.762059 Y_SD:7.460877 Z_SD:5.414496
$MXCM10033,2,60,20240104,071719,12,0E710327,47EFA46C,00D1,0000,0000,17,F201*66
GPS_PRN:09,26,21,07,28,08,19619519904,16,31,00,00,00,SAT_TAL:11
GPS_SNR:15,25,21,00,29,21,26,25,15,20,28,36,00,00,00,SNR_AVG:23.73
GLO_PRN:68,76,86,87,78,75,77,00,00,00,00,00,00,00,00,SAT_TAL:03
GLO_SNR:00,19,17,20,00,00,00,00,00,00,00,00,00,00,00,SNR_AVG:18.67
GAL_PRN:08,25,11,05,10,03,24,12,36,02,09,00,00,00,00,SAT_TAL:08
GAL_SNR:00,00,26,18,22,14,23,20,23,00,25,00,00,00,00,SNR_AVG:21.38
BEI_PRN:27,07,10,30,28,36,19,20,09,16,06,27,00,00,00,SAT_TAL:05
BEI_SNR:29,00,00,16,28,14,00,00,00,00,00,24,00,00,00,SNR_AVG:22.20
QZS_PRN:00,00,00,00,00,SAT_TAL:00
QZS_SNR:00,00,00,00,00,SNR_AVG:0.00
SatInView:42 GDOP:104
Roll:66.861275 Pitch:28.240580
X_AVG:-5.497198 Y_AVG:6.777690 Z_AVG:3.680632
X_SD:3.448343 Y_SD:6.224778 Z_SD:3.499686
$MXCM10033,2,61,20240104,071935,12,0E7101D4,47EFA2A0,00D1,0000,7E2A,08,F201*1D
GPS_PRN:08,04,16,09,31,21,26,28,19919500,00,00,00,00,SAT_TAL:05
GPS_SNR:13,00,00,00,25,24,20,00,00,24,00,00,00,00,00,SNR_AVG:21.20
GLO_PRN:86,68,78,77,76,00,00,00,00,00,00,00,00,00,00,SAT_TAL:01
GLO_SNR:20,00,00,00,00,00,00,00,00,00,00,00,00,00,00,SNR_AVG:20.00
GAL_PRN:10,03,24,12,09,25,05,00,00,00,00,00,00,00,00,SAT_TAL:01
GAL_SNR:00,00,25,00,00,00,00,00,00,00,00,00,00,00,00,SNR_AVG:25.00
BEI_PRN:30,28,36,19,16,27,00,00,00,00,00,00,00,00,00,SAT_TAL:01
BEI_SNR:00,00,00,00,00,27,00,00,00,00,00,00,00,00,00,SNR_AVG:27.00
QZS_PRN:00,00,00,00,00,SAT_TAL:00
QZS_SNR:00,00,00,00,00,SNR_AVG:0.00
SatInView:28 GDOP:188
Roll:89.752594 Pitch:13.367714
X_AVG:-3.202597 Y_AVG:9.145747 Z_AVG:0.620159
X_SD:0.308611 Y_SD:0.163037 Z_SD:0.263438
$MXCM10033,2,62,20240104,071950,12,0E710344,47EFA1EA,00D1,0000,8884,15,F201*18
GPS_PRN:09,21,08,26,07,28,19619519904,16,31,00,00,00,SAT_TAL:10
GPS_SNR:00,29,14,23,00,30,29,27,17,17,22,26,00,00,00,SNR_AVG:23.40
GLO_PRN:68,78,77,76,86,00,00,00,00,00,00,00,00,00,00,SAT_TAL:02
GLO_SNR:00,00,00,25,28,00,00,00,00,00,00,00,00,00,00,SNR_AVG:26.50
GAL_PRN:24,25,11,05,03,10,12,36,09,00,00,00,00,00,00,SAT_TAL:06
GAL_SNR:22,14,00,15,00,23,00,18,21,00,00,00,00,00,00,SNR_AVG:18.83
BEI_PRN:27,01,30,28,36,19,20,22,07,27,16,03,00,00,00,SAT_TAL:05
BEI_SNR:23,00,13,19,00,00,16,00,00,24,00,00,00,00,00,SNR_AVG:19.00
QZS_PRN:00,00,00,00,00,SAT_TAL:00
QZS_SNR:00,00,00,00,00,SNR_AVG:0.00
SatInView:38 GDOP:119
Roll:69.954178 Pitch:14.988055
X_AVG:-4.424143 Y_AVG:9.116490 Z_AVG:1.997523
X_SD:3.498826 Y_SD:2.788130 Z_SD:3.909166
$MXCM10033,2,63,20240104,072206,12,0E710EF1,47EF8EFB,00D1,0000,5A20,0B,F202*11
GPS_PRN:09,31,08,26,07,28,19619519904,16,21,00,00,00,SAT_TAL:07
GPS_SNR:00,30,00,28,00,21,20,22,00,00,23,23,00,00,00,SNR_AVG:23.86
GLO_PRN:68,78,77,76,86,00,00,00,00,00,00,00,00,00,00,SAT_TAL:02
GLO_SNR:00,00,00,28,23,00,00,00,00,00,00,00,00,00,00,SNR_AVG:25.50
GAL_PRN:24,25,11,05,03,10,12,36,09,00,00,00,00,00,00,SAT_TAL:01
GAL_SNR:22,00,00,00,00,00,00,00,00,00,00,00,00,00,00,SNR_AVG:22.00
BEI_PRN:27,30,01,02,36,28,19,20,22,07,27,16,03,00,00,SAT_TAL:03
BEI_SNR:24,00,00,00,00,20,00,00,00,00,18,00,00,00,00,SNR_AVG:20.67
QZS_PRN:00,00,00,00,00,SAT_TAL:00
QZS_SNR:00,00,00,00,00,SNR_AVG:0.00
SatInView:39 GDOP:237
Roll:29.429611 Pitch:59.369240
X_AVG:-8.196906 Y_AVG:3.291280 Z_AVG:2.965183
X_SD:9.359270 Y_SD:14.699312 Z_SD:10.602336
$MXCM10033,2,64,20240104,072221,12,0E7104DF,47EFA199,00D1,0000,6191,14,F201*13
GPS_PRN:09,31,08,26,07,28,19619519904,16,21,00,00,00,SAT_TAL:10
GPS_SNR:14,24,17,27,00,27,32,20,17,00,21,23,00,00,00,SNR_AVG:22.20
GLO_PRN:68,78,77,76,86,00,00,00,00,00,00,00,00,00,00,SAT_TAL:02
GLO_SNR:00,00,00,30,18,00,00,00,00,00,00,00,00,00,00,SNR_AVG:24.00
GAL_PRN:24,25,11,05,03,10,12,36,09,00,00,00,00,00,00,SAT_TAL:06
GAL_SNR:20,00,00,14,14,00,16,20,16,00,00,00,00,00,00,SNR_AVG:16.67
BEI_PRN:27,01,30,36,28,19,20,22,07,27,16,03,00,00,00,SAT_TAL:04
BEI_SNR:19,00,18,00,26,00,00,00,00,20,00,00,00,00,00,SNR_AVG:20.75
QZS_PRN:00,00,00,00,00,SAT_TAL:00
QZS_SNR:00,00,00,00,00,SNR_AVG:0.00
SatInView:38 GDOP:112
Roll:75.212975 Pitch:28.551146
X_AVG:-4.451964 Y_AVG:7.848974 Z_AVG:0.314748
X_SD:4.311680 Y_SD:6.344152 Z_SD:6.238531
$MXCM10033,2,65,20240104,072437,12,0E71075B,47EF9F5C,00D2,0002,2842,0F,F201*6D
GPS_PRN:08,04,16,09,21,31,26,28,19919519600,00,00,00,SAT_TAL:07
GPS_SNR:00,00,21,00,29,29,34,00,16,29,22,00,00,00,00,SNR_AVG:25.71
GLO_PRN:78,77,76,86,00,00,00,00,00,00,00,00,00,00,00,SAT_TAL:02
GLO_SNR:00,00,28,21,00,00,00,00,00,00,00,00,00,00,00,SNR_AVG:24.50
GAL_PRN:03,05,24,12,36,09,25,11,10,00,00,00,00,00,00,SAT_TAL:04
GAL_SNR:00,00,24,18,27,00,00,00,29,00,00,00,00,00,00,SNR_AVG:24.50
BEI_PRN:07,30,01,02,36,28,19,20,22,16,27,03,00,00,00,SAT_TAL:02
BEI_SNR:00,00,00,00,00,20,00,00,00,00,24,00,00,00,00,SNR_AVG:22.00
QZS_PRN:00,00,00,00,00,SAT_TAL:00
QZS_SNR:00,00,00,00,00,SNR_AVG:0.00
SatInView:36 GDOP:203
Roll:88.249062 Pitch:13.423289
X_AVG:-2.767370 Y_AVG:7.299972 Z_AVG:1.006160
X_SD:5.227521 Y_SD:9.049530 Z_SD:5.970671
$MXCM10033,2,66,20240104,072452,12,0E710518,47EFA1CC,00D2,0000,1CF0,11,F201*14
GPS_PRN:09,31,26,19904,16,21,08,19619500,00,00,00,00,SAT_TAL:07
GPS_SNR:00,29,29,00,00,21,23,16,19,26,00,00,00,00,00,SNR_AVG:23.29
GLO_PRN:77,86,76,78,00,00,00,00,00,00,00,00,00,00,00,SAT_TAL:02
GLO_SNR:00,29,25,00,00,00,00,00,00,00,00,00,00,00,00,SNR_AVG:27.00
GAL_PRN:36,25,11,10,03,05,24,12,09,00,00,00,00,00,00,SAT_TAL:06
GAL_SNR:19,15,00,23,00,00,22,19,18,00,00,00,00,00,00,SNR_AVG:19.33
BEI_PRN:27,30,01,02,36,28,19,20,22,07,27,16,03,00,00,SAT_TAL:04
BEI_SNR:18,17,00,00,00,21,00,00,00,00,23,00,00,00,00,SNR_AVG:19.75
QZS_PRN:00,00,00,00,00,SAT_TAL:00
QZS_SNR:00,00,00,00,00,SNR_AVG:0.00
SatInView:36 GDOP:140
Roll:92.036591 Pitch:20.684143
X_AVG:-4.894996 Y_AVG:7.036413 Z_AVG:1.257269
X_SD:5.894114 Y_SD:8.049554 Z_SD:6.309069
$MXCM10033,2,67,20240104,072708,12,0E710051,47EFA5A6,00D2,0000,7E70,0E,F201*66
GPS_PRN:09,31,08,26,28,19519904,16,21,19600,00,00,00,SAT_TAL:05
GPS_SNR:00,28,00,26,00,00,00,00,25,24,25,00,00,00,00,SNR_AVG:25.60
GLO_PRN:77,86,68,78,76,00,00,00,00,00,00,00,00,00,00,SAT_TAL:03
GLO_SNR:00,24,17,00,27,00,00,00,00,00,00,00,00,00,00,SNR_AVG:22.67
GAL_PRN:24,25,11,10,03,05,12,36,09,00,00,00,00,00,00,SAT_TAL:06
GAL_SNR:20,00,22,22,00,15,18,24,00,00,00,00,00,00,00,SNR_AVG:20.17
BEI_PRN:27,30,01,02,36,28,19,20,07,27,16,03,00,00,00,SAT_TAL:01
BEI_SNR:00,00,00,00,00,00,00,00,00,19,00,00,00,00,00,SNR_AVG:19.00
QZS_PRN:00,00,00,00,00,SAT_TAL:00
QZS_SNR:00,00,00,00,00,SNR_AVG:0.00
SatInView:37 GDOP:128
Roll:74.302826 Pitch:31.725527
X_AVG:-4.818572 Y_AVG:4.905196 Z_AVG:2.133420
X_SD:6.931816 Y_SD:11.842919 Z_SD:5.467455
$MXCM10033,2,68,20240104,072723,12,0E710255,47EFA439,00D2,0000,7E70,14,F201*6A
GPS_PRN:09,08,26,31,28,19519904,16,21,19600,00,00,00,SAT_TAL:08
GPS_SNR:13,00,24,30,00,23,17,00,23,26,22,00,00,00,00,SNR_AVG:22.25
GLO_PRN:77,86,68,78,76,00,00,00,00,00,00,00,00,00,00,SAT_TAL:03
GLO_SNR:00,28,17,00,26,00,00,00,00,00,00,00,00,00,00,SNR_AVG:23.67
GAL_PRN:05,25,11,10,03,24,12,36,09,00,00,00,00,00,00,SAT_TAL:07
GAL_SNR:13,11,20,20,00,24,21,18,00,00,00,00,00,00,00,SNR_AVG:18.14
BEI_PRN:27,30,36,28,19,20,07,27,16,03,00,00,00,00,00,SAT_TAL:03
BEI_SNR:00,16,00,21,00,00,00,19,00,00,00,00,00,00,00,SNR_AVG:18.67
QZS_PRN:00,00,00,00,00,SAT_TAL:00
QZS_SNR:00,00,00,00,00,SNR_AVG:0.00
SatInView:35 GDOP:109
Roll:59.027920 Pitch:12.379031
X_AVG:-3.494168 Y_AVG:5.382705 Z_AVG:4.982434
X_SD:10.479825 Y_SD:12.940893 Z_SD:12.165565
$MXCM10033,2,69,20240104,072938,00,0E71026D,47EFA462,00D2,0000,0000,00,F202*63
GPS_PRN:31,26,07,19600,00,00,00,00,00,00,00,00,00,00,SAT_TAL:01
GPS_SNR:30,00,00,00,00,00,00,00,00,00,00,00,00,00,00,SNR_AVG:30.00
GLO_PRN:00,00,00,00,00,00,00,00,00,00,00,00,00,00,00,SAT_TAL:00
GLO_SNR:00,00,00,00,00,00,00,00,00,00,00,00,00,00,00,SNR_AVG:0.00
GAL_PRN:00,00,00,00,00,00,00,00,00,00,00,00,00,00,00,SAT_TAL:00
GAL_SNR:00,00,00,00,00,00,00,00,00,00,00,00,00,00,00,SNR_AVG:0.00
BEI_PRN:00,00,00,00,00,00,00,00,00,00,00,00,00,00,00,SAT_TAL:00
BEI_SNR:00,00,00,00,00,00,00,00,00,00,00,00,00,00,00,SNR_AVG:0.00
QZS_PRN:00,00,00,00,00,SAT_TAL:00
QZS_SNR:00,00,00,00,00,SNR_AVG:0.00
SatInView:4 GDOP:17069
Roll:23.793674 Pitch:90.000000
X_AVG:-9.211781 Y_AVG:3.375892 Z_AVG:2.568934
X_SD:1.632288 Y_SD:1.775348 Z_SD:2.132802
$MXCM10033,2,70,20240104,072954,12,0E710073,47EFA302,00D2,0000,509B,17,F202*6F
GPS_PRN:09,31,26,08,07,19619519904,16,21,00,00,00,00,SAT_TAL:08
GPS_SNR:00,33,30,17,00,37,38,16,00,36,36,00,00,00,00,SNR_AVG:30.38
GLO_PRN:87,77,76,86,68,78,00,00,00,00,00,00,00,00,00,SAT_TAL:03
GLO_SNR:00,18,36,32,00,00,00,00,00,00,00,00,00,00,00,SNR_AVG:28.67
GAL_PRN:12,25,11,10,03,05,24,36,02,08,09,00,00,00,00,SAT_TAL:09
GAL_SNR:29,26,23,37,18,20,40,37,00,00,21,00,00,00,00,SNR_AVG:27.89
BEI_PRN:27,07,30,10,36,28,19,20,09,06,16,27,00,00,00,SAT_TAL:06
BEI_SNR:25,00,30,00,19,38,00,29,00,00,00,30,00,00,00,SNR_AVG:28.50
QZS_PRN:00,00,00,00,00,SAT_TAL:00
QZS_SNR:00,00,00,00,00,SNR_AVG:0.00
SatInView:40 GDOP:104
Roll:1.347612 Pitch:90.000000
X_AVG:-9.691445 Y_AVG:-0.138723 Z_AVG:2.084626
X_SD:0.069569 Y_SD:0.064728 Z_SD:0.117992
$MXCM10033,2,71,20240104,073210,12,0E70FFB8,47EFA5CD,00D1,0000,7102,16,F202*60
GPS_PRN:09,08,26,31,07,01,19619519904,16,21,00,00,00,SAT_TAL:07
GPS_SNR:20,00,27,40,00,00,39,37,00,00,39,33,00,00,00,SNR_AVG:33.57
GLO_PRN:68,78,77,76,86,00,00,00,00,00,00,00,00,00,00,SAT_TAL:03
GLO_SNR:19,00,00,40,38,00,00,00,00,00,00,00,00,00,00,SNR_AVG:32.33
GAL_PRN:05,25,11,10,03,24,12,36,09,00,00,00,00,00,00,SAT_TAL:06
GAL_SNR:26,18,00,38,00,43,28,40,00,00,00,00,00,00,00,SNR_AVG:32.17
BEI_PRN:27,01,02,36,28,19,20,07,27,16,30,00,00,00,00,SAT_TAL:08
BEI_SNR:20,27,00,15,33,14,27,00,24,00,28,00,00,00,00,SNR_AVG:23.50
QZS_PRN:00,00,00,00,00,SAT_TAL:00
QZS_SNR:00,00,00,00,00,SNR_AVG:0.00
SatInView:37 GDOP:99
Roll:0.000000 Pitch:90.000000
X_AVG:-9.736457 Y_AVG:-0.136424 Z_AVG:2.082806
X_SD:0.071243 Y_SD:0.064639 Z_SD:0.106890
$MXCM10033,2,72,20240104,073225,12,0E710011,47EFA62D,00D1,0000,7102,1B,F202*18
GPS_PRN:16,21,26,31,07,19619519904,08,09,00,00,00,00,SAT_TAL:10
GPS_SNR:39,33,33,38,18,38,37,00,23,27,13,00,00,00,00,SNR_AVG:29.90
GLO_PRN:86,87,77,88,67,66,76,00,00,00,00,00,00,00,00,SAT_TAL:06
GLO_SNR:40,31,00,33,21,23,38,00,00,00,00,00,00,00,00,SNR_AVG:31.00
GAL_PRN:11,25,10,03,05,24,12,36,02,09,00,00,00,00,00,SAT_TAL:09
GAL_SNR:26,21,39,16,24,43,31,39,00,21,00,00,00,00,00,SNR_AVG:28.89
BEI_PRN:19,07,30,10,01,36,28,19,20,09,06,16,27,27,00,SAT_TAL:08
BEI_SNR:00,00,25,00,28,00,29,17,27,00,00,22,24,26,00,SNR_AVG:24.75
QZS_PRN:00,00,00,00,00,SAT_TAL:00
QZS_SNR:00,00,00,00,00,SNR_AVG:0.00
SatInView:42 GDOP:93
Roll:0.000000 Pitch:90.000000
X_AVG:-9.721947 Y_AVG:-0.130870 Z_AVG:2.090132
X_SD:0.069673 Y_SD:0.062905 Z_SD:0.114650
$MXCM10033,2,73,20240104,073441,12,0E70FE92,47EFA7A4,00D1,0000,7321,19,F202*6E
GPS_PRN:21,02,31,08,26,07,19519904,16,09,19600,00,00,SAT_TAL:10
GPS_SNR:39,40,40,29,35,00,26,16,18,36,00,41,00,00,00,SNR_AVG:32.00
GLO_PRN:87,76,88,86,77,00,00,00,00,00,00,00,00,00,00,SAT_TAL:04
GLO_SNR:25,47,37,28,00,00,00,00,00,00,00,00,00,00,00,SNR_AVG:34.25
GAL_PRN:12,25,11,10,03,05,24,36,02,09,00,00,00,00,00,SAT_TAL:09
GAL_SNR:30,28,26,42,09,22,43,39,00,15,00,00,00,00,00,SNR_AVG:28.22
BEI_PRN:27,07,30,10,01,36,28,19,20,09,06,16,27,00,00,SAT_TAL:08
BEI_SNR:33,00,24,00,29,00,30,22,32,00,00,24,34,00,00,SNR_AVG:28.50
QZS_PRN:00,00,00,00,00,SAT_TAL:00
QZS_SNR:00,00,00,00,00,SNR_AVG:0.00
SatInView:40 GDOP:102
Roll:0.000000 Pitch:90.000000
X_AVG:-9.736840 Y_AVG:-0.132881 Z_AVG:2.095400
X_SD:0.072040 Y_SD:0.062902 Z_SD:0.122538
$MXCM10033,2,74,20240104,073456,12,0E70FE3B,47EFA87E,00D1,0000,7321,1D,F202*60
GPS_PRN:16,21,02,26,31,07,19619519908,04,09,00,00,00,SAT_TAL:12
GPS_SNR:36,38,30,36,40,21,40,29,18,25,20,25,00,00,00,SNR_AVG:29.83
GLO_PRN:67,87,86,88,66,77,76,00,00,00,00,00,00,00,00,SAT_TAL:06
GLO_SNR:13,30,25,35,21,00,47,00,00,00,00,00,00,00,00,SNR_AVG:28.50
GAL_PRN:25,11,10,03,05,24,12,36,02,09,00,00,00,00,00,SAT_TAL:09
GAL_SNR:29,29,41,16,19,43,29,39,00,12,00,00,00,00,00,SNR_AVG:28.56
BEI_PRN:27,07,30,10,01,36,28,19,20,09,16,06,27,00,00,SAT_TAL:08
BEI_SNR:35,00,27,00,29,00,31,17,31,00,24,00,35,00,00,SNR_AVG:28.62
QZS_PRN:00,00,00,00,00,SAT_TAL:00
QZS_SNR:00,00,00,00,00,SNR_AVG:0.00
SatInView:42 GDOP:90
Roll:0.000000 Pitch:90.000000
X_AVG:-9.740335 Y_AVG:-0.140495 Z_AVG:2.083572
X_SD:0.075307 Y_SD:0.061465 Z_SD:0.118537
$MXCM10033,2,75,20240104,073712,12,0E70FE57,47EFAB46,00D1,0000,71FD,17,F202*6B
GPS_PRN:09,02,08,26,31,07,19619519904,16,21,00,00,00,SAT_TAL:11
GPS_SNR:19,37,26,34,36,00,41,36,24,25,27,28,00,00,00,SNR_AVG:30.27
GLO_PRN:86,68,78,87,77,76,00,00,00,00,00,00,00,00,00,SAT_TAL:04
GLO_SNR:39,00,21,26,00,42,00,00,00,00,00,00,00,00,00,SNR_AVG:32.00
GAL_PRN:24,25,11,10,03,05,12,36,02,00,00,00,00,00,00,SAT_TAL:06
GAL_SNR:45,23,00,38,00,26,32,39,00,00,00,00,00,00,00,SNR_AVG:33.83
BEI_PRN:27,07,30,10,01,36,28,19,20,09,06,16,27,00,00,SAT_TAL:05
BEI_SNR:28,00,23,00,27,00,00,00,31,00,00,00,35,00,00,SNR_AVG:28.80
QZS_PRN:00,00,00,00,00,SAT_TAL:00
QZS_SNR:00,00,00,00,00,SNR_AVG:0.00
SatInView:40 GDOP:99
Roll:0.000000 Pitch:90.000000
X_AVG:-9.746082 Y_AVG:-0.125076 Z_AVG:2.086972
X_SD:0.073285 Y_SD:0.058761 Z_SD:0.117504
$MXCM10033,2,76,20240104,073727,12,0E70FEE2,47EFA948,00D1,0000,71FD,1B,F202*1B
GPS_PRN:21,09,02,26,31,07,19619519908,04,16,00,00,00,SAT_TAL:12
GPS_SNR:36,25,38,35,36,23,41,37,25,26,24,25,00,00,00,SNR_AVG:30.92
GLO_PRN:86,67,66,87,77,76,00,00,00,00,00,00,00,00,00,SAT_TAL:05
GLO_SNR:39,28,27,28,00,42,00,00,00,00,00,00,00,00,00,SNR_AVG:32.80
GAL_PRN:25,11,10,03,24,05,36,12,02,00,00,00,00,00,00,SAT_TAL:08
GAL_SNR:21,19,38,17,45,24,36,32,00,00,00,00,00,00,00,SNR_AVG:29.00
BEI_PRN:19,07,30,10,01,36,28,19,20,09,06,16,27,27,00,SAT_TAL:08
BEI_SNR:00,17,25,00,27,00,00,15,31,00,00,25,30,35,00,SNR_AVG:25.62
QZS_PRN:00,00,00,00,00,SAT_TAL:00
QZS_SNR:00,00,00,00,00,SNR_AVG:0.00
SatInView:41 GDOP:93
Roll:0.000000 Pitch:90.000000
X_AVG:-9.729705 Y_AVG:-0.134317 Z_AVG:2.086637
X_SD:0.082302 Y_SD:0.061855 Z_SD:0.122846
$MXCM10033,2,77,20240104,073943,12,0E70FFD0,47EFA1FA,00D1,0000,2F5D,19,F202*6F
GPS_PRN:21,09,02,26,31,07,19619519908,04,16,00,00,00,SAT_TAL:11
GPS_SNR:17,20,25,39,29,00,41,40,24,17,22,38,00,00,00,SNR_AVG:28.36
GLO_PRN:87,88,86,68,77,76,00,00,00,00,00,00,00,00,00,SAT_TAL:04
GLO_SNR:00,34,35,19,00,38,00,00,00,00,00,00,00,00,00,SNR_AVG:31.50
GAL_PRN:25,11,10,03,05,24,36,12,02,08,00,00,00,00,00,SAT_TAL:08
GAL_SNR:22,32,40,18,25,39,28,32,00,00,00,00,00,00,00,SNR_AVG:29.50
BEI_PRN:27,07,30,10,01,36,28,19,29,09,06,16,27,00,00,SAT_TAL:07
BEI_SNR:35,00,00,00,28,23,30,00,20,00,00,22,34,00,00,SNR_AVG:27.43
QZS_PRN:00,00,00,00,00,SAT_TAL:00
QZS_SNR:00,00,00,00,00,SNR_AVG:0.00
SatInView:41 GDOP:99
Roll:0.000000 Pitch:90.000000
X_AVG:-9.748332 Y_AVG:-0.127470 Z_AVG:2.081944
X_SD:0.074070 Y_SD:0.064119 Z_SD:0.121842
$MXCM10033,2,78,20240104,073958,12,0E70FF6D,47EFA40D,00D1,0000,2F5D,1B,F202*61
GPS_PRN:21,09,02,26,07,31,19619519908,04,16,00,00,00,SAT_TAL:11
GPS_SNR:26,20,29,37,00,34,41,41,24,17,21,38,00,00,00,SNR_AVG:29.82
GLO_PRN:67,87,86,76,66,77,88,00,00,00,00,00,00,00,00,SAT_TAL:06
GLO_SNR:18,00,33,32,23,16,36,00,00,00,00,00,00,00,00,SNR_AVG:26.33
GAL_PRN:25,11,10,03,05,24,36,12,02,08,00,00,00,00,00,SAT_TAL:08
GAL_SNR:24,32,41,10,24,39,30,34,00,00,00,00,00,00,00,SNR_AVG:29.25
BEI_PRN:27,07,30,10,01,36,28,19,29,09,06,16,27,00,00,SAT_TAL:10
BEI_SNR:35,19,00,00,28,21,30,20,20,17,00,22,36,00,00,SNR_AVG:24.80
QZS_PRN:00,00,00,00,00,SAT_TAL:00
QZS_SNR:00,00,00,00,00,SNR_AVG:0.00
SatInView:42 GDOP:95
Roll:0.000000 Pitch:90.000000
X_AVG:-9.739809 Y_AVG:-0.141500 Z_AVG:2.084051
X_SD:0.066717 Y_SD:0.056557 Z_SD:0.109265
$MXCM10033,2,79,20240104,074213,00,0E710EA8,47EF7E2B,00D1,0000,0000,00,F202*6A
GPS_PRN:08,04,21,16,09,02,07,31,19919519600,00,00,00,SAT_TAL:03
GPS_SNR:00,00,00,24,20,20,00,00,00,00,00,00,00,00,00,SNR_AVG:21.33
GLO_PRN:86,68,78,77,88,76,00,00,00,00,00,00,00,00,00,SAT_TAL:01
GLO_SNR:00,22,00,00,00,00,00,00,00,00,00,00,00,00,00,SNR_AVG:22.00
GAL_PRN:05,36,12,25,03,24,00,00,00,00,00,00,00,00,00,SAT_TAL:00
GAL_SNR:00,00,00,00,00,00,00,00,00,00,00,00,00,00,00,SNR_AVG:0.00
BEI_PRN:36,28,19,27,30,01,00,00,00,00,00,00,00,00,00,SAT_TAL:00
BEI_SNR:00,00,00,00,00,00,00,00,00,00,00,00,00,00,00,SNR_AVG:0.00
QZS_PRN:00,00,00,00,00,SAT_TAL:00
QZS_SNR:00,00,00,00,00,SNR_AVG:0.00
SatInView:29 GDOP:191
Roll:180.000015 Pitch:90.000000
X_AVG:-10.083719 Y_AVG:-0.071588 Z_AVG:-0.547948
X_SD:0.073220 Y_SD:0.061135 Z_SD:0.106881
$MXCM10033,2,80,20240104,074228,12,0E710EA0,47EF82C7,00D0,0000,5807,0F,F202*6E
GPS_PRN:08,04,21,16,09,02,26,07,31,19919519600,00,00,SAT_TAL:11
GPS_SNR:15,17,23,19,15,23,23,21,16,00,17,21,00,00,00,SNR_AVG:19.09
GLO_PRN:86,78,68,77,88,76,00,00,00,00,00,00,00,00,00,SAT_TAL:03
GLO_SNR:25,00,16,00,00,20,00,00,00,00,00,00,00,00,00,SNR_AVG:20.33
GAL_PRN:24,05,36,12,25,10,03,00,00,00,00,00,00,00,00,SAT_TAL:01
GAL_SNR:00,00,00,00,24,00,00,00,00,00,00,00,00,00,00,SNR_AVG:24.00
BEI_PRN:30,60,36,28,19,20,22,16,27,07,00,00,00,00,00,SAT_TAL:00
BEI_SNR:00,00,00,00,00,00,00,00,00,00,00,00,00,00,00,SNR_AVG:0.00
QZS_PRN:00,00,00,00,00,SAT_TAL:00
QZS_SNR:00,00,00,00,00,SNR_AVG:0.00
SatInView:35 GDOP:111
Roll:180.000015 Pitch:90.000000
X_AVG:-10.072083 Y_AVG:-0.073743 Z_AVG:-0.560685
X_SD:0.073688 Y_SD:0.062324 Z_SD:0.118270
$MXCM10033,2,81,20240104,074443,00,0E7108CA,47EF7EDC,00D0,0000,40CE,00,F202*1C
GPS_PRN:08,21,04,09,02,07,26,31,19919519600,00,00,00,SAT_TAL:03
GPS_SNR:00,18,17,00,00,18,00,00,00,00,00,00,00,00,00,SNR_AVG:17.67
GLO_PRN:86,68,77,88,76,00,00,00,00,00,00,00,00,00,00,SAT_TAL:02
GLO_SNR:19,00,00,19,00,00,00,00,00,00,00,00,00,00,00,SNR_AVG:19.00
GAL_PRN:05,25,10,03,00,00,00,00,00,00,00,00,00,00,00,SAT_TAL:00
GAL_SNR:00,00,00,00,00,00,00,00,00,00,00,00,00,00,00,SNR_AVG:0.00
BEI_PRN:28,20,07,02,36,00,00,00,00,00,00,00,00,00,00,SAT_TAL:00
BEI_SNR:00,00,00,00,00,00,00,00,00,00,00,00,00,00,00,SNR_AVG:0.00
QZS_PRN:00,00,00,00,00,SAT_TAL:00
QZS_SNR:00,00,00,00,00,SNR_AVG:0.00
SatInView:25 GDOP:199
Roll:107.109039 Pitch:90.000000
X_AVG:-10.069736 Y_AVG:2.052782 Z_AVG:-1.833038
X_SD:1.107892 Y_SD:0.888882 Z_SD:0.836050
$MXCM10033,2,82,20240104,074458,12,0E70EFB1,47EF7BD6,FFFFFF93,0001,5014,08,F202*6A
GPS_PRN:08,04,21,16,09,07,26,31,19919519600,00,00,00,SAT_TAL:05
GPS_SNR:00,18,19,00,17,17,00,18,00,00,00,00,00,00,00,SNR_AVG:17.80
GLO_PRN:86,78,68,77,88,76,00,00,00,00,00,00,00,00,00,SAT_TAL:03
GLO_SNR:18,00,00,00,19,16,00,00,00,00,00,00,00,00,00,SNR_AVG:17.67
GAL_PRN:24,05,36,12,25,10,03,00,00,00,00,00,00,00,00,SAT_TAL:00
GAL_SNR:00,00,00,00,00,00,00,00,00,00,00,00,00,00,00,SNR_AVG:0.00
BEI_PRN:07,02,60,36,28,19,22,30,27,01,00,00,00,00,00,SAT_TAL:00
BEI_SNR:00,00,00,00,00,00,00,00,00,00,00,00,00,00,00,SNR_AVG:0.00
QZS_PRN:00,00,00,00,00,SAT_TAL:00
QZS_SNR:00,00,00,00,00,SNR_AVG:0.00
SatInView:34 GDOP:141
Roll:109.380661 Pitch:90.000000
X_AVG:-9.351557 Y_AVG:2.565965 Z_AVG:-0.462042
X_SD:0.572348 Y_SD:0.564204 Z_SD:0.888365
$MXCM10033,2,83,20240104,074713,00,0E70EF9B,47EF7C19,FFFFFF94,0000,0000,00,F202*19
GPS_PRN:08,21,04,16,09,07,26,31,19919519600,00,00,00,SAT_TAL:01
GPS_SNR:00,00,00,00,00,00,00,00,00,19,00,00,00,00,00,SNR_AVG:19.00
GLO_PRN:00,00,00,00,00,00,00,00,00,00,00,00,00,00,00,SAT_TAL:00
GLO_SNR:00,00,00,00,00,00,00,00,00,00,00,00,00,00,00,SNR_AVG:0.00
GAL_PRN:03,24,05,36,12,11,10,25,00,00,00,00,00,00,00,SAT_TAL:00
GAL_SNR:00,00,00,00,00,00,00,00,00,00,00,00,00,00,00,SNR_AVG:0.00
BEI_PRN:30,60,00,00,00,00,00,00,00,00,00,00,00,00,00,SAT_TAL:00
BEI_SNR:00,00,00,00,00,00,00,00,00,00,00,00,00,00,00,SNR_AVG:0.00
QZS_PRN:00,00,00,00,00,SAT_TAL:00
QZS_SNR:00,00,00,00,00,SNR_AVG:0.00
SatInView:21 GDOP:15597
Roll:180.000015 Pitch:90.000000
X_AVG:-10.060016 Y_AVG:0.167693 Z_AVG:-0.440255
X_SD:0.067608 Y_SD:0.059961 Z_SD:0.114788
$MXCM10033,2,84,20240104,074728,12,0E70FF93,47EF8809,00AC,0000,57ED,0C,F202*6D
GPS_PRN:08,21,04,16,09,07,26,31,19919519600,00,00,00,SAT_TAL:08
GPS_SNR:00,18,19,00,15,22,18,00,14,19,19,00,00,00,00,SNR_AVG:18.00
GLO_PRN:67,78,68,66,77,88,76,00,00,00,00,00,00,00,00,SAT_TAL:04
GLO_SNR:19,00,20,00,00,20,18,00,00,00,00,00,00,00,00,SNR_AVG:19.25
GAL_PRN:03,24,05,36,25,11,10,00,00,00,00,00,00,00,00,SAT_TAL:00
GAL_SNR:00,00,00,00,00,00,00,00,00,00,00,00,00,00,00,SNR_AVG:0.00
BEI_PRN:27,01,02,60,36,28,19,16,30,03,00,00,00,00,00,SAT_TAL:00
BEI_SNR:00,00,00,00,00,00,00,00,00,00,00,00,00,00,00,SNR_AVG:0.00
QZS_PRN:00,00,00,00,00,SAT_TAL:00
QZS_SNR:00,00,00,00,00,SNR_AVG:0.00
SatInView:35 GDOP:127
Roll:180.000015 Pitch:90.000000
X_AVG:-10.066528 Y_AVG:0.164150 Z_AVG:-0.446623
X_SD:0.072572 Y_SD:0.059068 Z_SD:0.117973
$MXCM10033,2,85,20240104,074943,00,0E71000C,47EF8864,00B0,0000,0000,00,F202*1F
GPS_PRN:09,07,00,00,00,00,00,00,00,00,00,00,00,00,00,SAT_TAL:00
GPS_SNR:00,00,00,00,00,00,00,00,00,00,00,00,00,00,00,SNR_AVG:0.00
GLO_PRN:00,00,00,00,00,00,00,00,00,00,00,00,00,00,00,SAT_TAL:00
GLO_SNR:00,00,00,00,00,00,00,00,00,00,00,00,00,00,00,SNR_AVG:0.00
GAL_PRN:00,00,00,00,00,00,00,00,00,00,00,00,00,00,00,SAT_TAL:00
GAL_SNR:00,00,00,00,00,00,00,00,00,00,00,00,00,00,00,SNR_AVG:0.00
BEI_PRN:00,00,00,00,00,00,00,00,00,00,00,00,00,00,00,SAT_TAL:00
BEI_SNR:00,00,00,00,00,00,00,00,00,00,00,00,00,00,00,SNR_AVG:0.00
QZS_PRN:00,00,00,00,00,SAT_TAL:00
QZS_SNR:00,00,00,00,00,SNR_AVG:0.00
SatInView:2 GDOP:17319
Roll:0.000000 Pitch:90.000000
X_AVG:-9.959553 Y_AVG:0.003591 Z_AVG:0.858195
X_SD:0.068281 Y_SD:0.064816 Z_SD:0.106756
$MXCM10033,2,86,20240104,074958,00,0E71000C,47EF8864,00B0,0000,0000,00,F202*16
GPS_PRN:00,00,00,00,00,00,00,00,00,00,00,00,00,00,00,SAT_TAL:00
GPS_SNR:00,00,00,00,00,00,00,00,00,00,00,00,00,00,00,SNR_AVG:0.00
GLO_PRN:88,76,78,68,00,00,00,00,00,00,00,00,00,00,00,SAT_TAL:00
GLO_SNR:00,00,00,00,00,00,00,00,00,00,00,00,00,00,00,SNR_AVG:0.00
GAL_PRN:00,00,00,00,00,00,00,00,00,00,00,00,00,00,00,SAT_TAL:00
GAL_SNR:00,00,00,00,00,00,00,00,00,00,00,00,00,00,00,SNR_AVG:0.00
BEI_PRN:28,00,00,00,00,00,00,00,00,00,00,00,00,00,00,SAT_TAL:00
BEI_SNR:00,00,00,00,00,00,00,00,00,00,00,00,00,00,00,SNR_AVG:0.00
QZS_PRN:00,00,00,00,00,SAT_TAL:00
QZS_SNR:00,00,00,00,00,SNR_AVG:0.00
SatInView:5 GDOP:17319
Roll:0.000000 Pitch:90.000000
X_AVG:-9.960846 Y_AVG:0.006895 Z_AVG:0.862457
X_SD:0.074776 Y_SD:0.065895 Z_SD:0.112875
$MXCM10033,2,87,20240104,075213,00,0E71000C,47EF8864,00B0,0000,0000,00,F202*12
GPS_PRN:08,21,04,16,09,07,26,31,19519600,00,00,00,00,SAT_TAL:01
GPS_SNR:00,00,23,00,00,00,00,00,00,00,00,00,00,00,00,SNR_AVG:23.00
GLO_PRN:00,00,00,00,00,00,00,00,00,00,00,00,00,00,00,SAT_TAL:00
GLO_SNR:00,00,00,00,00,00,00,00,00,00,00,00,00,00,00,SNR_AVG:0.00
GAL_PRN:25,03,24,36,05,12,11,10,00,00,00,00,00,00,00,SAT_TAL:00
GAL_SNR:00,00,00,00,00,00,00,00,00,00,00,00,00,00,00,SNR_AVG:0.00
BEI_PRN:00,00,00,00,00,00,00,00,00,00,00,00,00,00,00,SAT_TAL:00
BEI_SNR:00,00,00,00,00,00,00,00,00,00,00,00,00,00,00,SNR_AVG:0.00
QZS_PRN:00,00,00,00,00,SAT_TAL:00
QZS_SNR:00,00,00,00,00,SNR_AVG:0.00
SatInView:18 GDOP:16758
Roll:180.000015 Pitch:90.000000
X_AVG:-9.977079 Y_AVG:-0.012785 Z_AVG:0.800829
X_SD:0.071421 Y_SD:0.066897 Z_SD:0.120596
$MXCM10033,2,88,20240104,075228,12,0E712C8C,47EF79CE,00B0,0001,4482,08,F202*66
GPS_PRN:08,21,04,16,09,26,31,19919519600,00,00,00,00,SAT_TAL:06
GPS_SNR:00,12,20,00,00,16,18,00,18,19,00,00,00,00,00,SNR_AVG:17.17
GLO_PRN:67,78,68,66,77,88,76,00,00,00,00,00,00,00,00,SAT_TAL:02
GLO_SNR:20,00,20,00,00,00,00,00,00,00,00,00,00,00,00,SNR_AVG:20.00
GAL_PRN:03,24,36,05,12,11,25,10,00,00,00,00,00,00,00,SAT_TAL:00
GAL_SNR:00,00,00,00,00,00,00,00,00,00,00,00,00,00,00,SNR_AVG:0.00
BEI_PRN:07,27,01,02,60,36,28,19,20,16,30,03,00,00,00,SAT_TAL:00
BEI_SNR:00,00,00,00,00,00,00,00,00,00,00,00,00,00,00,SNR_AVG:0.00
QZS_PRN:00,00,00,00,00,SAT_TAL:00
QZS_SNR:00,00,00,00,00,SNR_AVG:0.00
SatInView:37 GDOP:142
Roll:0.000000 Pitch:90.000000
X_AVG:-9.968220 Y_AVG:-0.010247 Z_AVG:0.814907
X_SD:0.070015 Y_SD:0.059582 Z_SD:0.112460
$MXCM10033,2,89,20240104,075443,00,0E712B0D,47EF7A50,00B0,0000,0000,00,F202*19
GPS_PRN:00,00,00,00,00,00,00,00,00,00,00,00,00,00,00,SAT_TAL:00
GPS_SNR:00,00,00,00,00,00,00,00,00,00,00,00,00,00,00,SNR_AVG:0.00
GLO_PRN:00,00,00,00,00,00,00,00,00,00,00,00,00,00,00,SAT_TAL:00
GLO_SNR:00,00,00,00,00,00,00,00,00,00,00,00,00,00,00,SNR_AVG:0.00
GAL_PRN:00,00,00,00,00,00,00,00,00,00,00,00,00,00,00,SAT_TAL:00
GAL_SNR:00,00,00,00,00,00,00,00,00,00,00,00,00,00,00,SNR_AVG:0.00
BEI_PRN:00,00,00,00,00,00,00,00,00,00,00,00,00,00,00,SAT_TAL:00
BEI_SNR:00,00,00,00,00,00,00,00,00,00,00,00,00,00,00,SNR_AVG:0.00
QZS_PRN:00,00,00,00,00,SAT_TAL:00
QZS_SNR:00,00,00,00,00,SNR_AVG:0.00
SatInView:0 GDOP:17319
Roll:0.000000 Pitch:90.000000
X_AVG:-9.627135 Y_AVG:-0.814380 Z_AVG:2.268121
X_SD:0.076142 Y_SD:0.056653 Z_SD:0.115052
$MXCM10033,2,90,20240104,075458,00,0E712B0D,47EF7A50,00B0,0000,0000,00,F202*1B
GPS_PRN:00,00,00,00,00,00,00,00,00,00,00,00,00,00,00,SAT_TAL:00
GPS_SNR:00,00,00,00,00,00,00,00,00,00,00,00,00,00,00,SNR_AVG:0.00
GLO_PRN:77,88,76,67,78,68,00,00,00,00,00,00,00,00,00,SAT_TAL:01
GLO_SNR:00,00,20,00,00,00,00,00,00,00,00,00,00,00,00,SNR_AVG:20.00
GAL_PRN:00,00,00,00,00,00,00,00,00,00,00,00,00,00,00,SAT_TAL:00
GAL_SNR:00,00,00,00,00,00,00,00,00,00,00,00,00,00,00,SNR_AVG:0.00
BEI_PRN:06,36,28,00,00,00,00,00,00,00,00,00,00,00,00,SAT_TAL:00
BEI_SNR:00,00,00,00,00,00,00,00,00,00,00,00,00,00,00,SNR_AVG:0.00
QZS_PRN:00,00,00,00,00,SAT_TAL:00
QZS_SNR:00,00,00,00,00,SNR_AVG:0.00
SatInView:9 GDOP:16758
Roll:0.000000 Pitch:90.000000
X_AVG:-9.632690 Y_AVG:-0.825059 Z_AVG:2.256868
X_SD:0.072343 Y_SD:0.060150 Z_SD:0.115805
$MXCM10033,3*35
$MXCM001,10033,0*2B
======== Tracker Setting ========
[System]
COMPort:COM29
SerialNumber:MX231214ES000020
FirmwareVersion:231220163813_v1.0.CN
[Periodic]
Enable:1
Stage:2
WorkMode:0
T0:15
T1:270
T2:120
T3:30
T4:120
FirstFixStage:2
TraceFixStage:0
PeriodicCycle:38
[Dynamic]
Enable:0
PrecisionChk:1
T5:300
T6:15
[Geofencing]
Enable:0
T7:90
T8:60
DistanceThreshold:500
DestinationLongitude:120.6886122
DestinationLatitude:24.2287275
DestinationAltitude:134
[MotionDetection]
Enable:1
Angle:45
DataRate:200
SampleFrequency:50
[GPS_EPO]
EpoDataNumber:12
FWN:2295
FTOW:345600
LWN:2296
LTOW:0
[GLO_EPO]
EpoDataNumber:12
FWN:2295
FTOW:345600
LWN:2296
LTOW:0
[GAL_EPO]
EpoDataNumber:0
FWN:0
FTOW:0
LWN:0
LTOW:0
[BEI_EPO]
EpoDataNumber:0
FWN:0
FTOW:0
LWN:0
LTOW:0
