$MXCM10033,0*36
$MXCM10033,1,91,212*0E
$MXCM10033,2,1,19800105,235956,00,35A4E8F5,00000000,0089,0000,0000,00,F102*2A
GPS_PRN:19400,00,00,00,00,00,00,00,00,00,00,00,00,00,SAT_TAL:01
GPS_SNR:30,00,00,00,00,00,00,00,00,00,00,00,00,00,00,SNR_AVG:30.00
GLO_PRN:00,00,00,00,00,00,00,00,00,00,00,00,00,00,00,SAT_TAL:00
GLO_SNR:00,00,00,00,00,00,00,00,00,00,00,00,00,00,00,SNR_AVG:0.00
GAL_PRN:00,00,00,00,00,00,00,00,00,00,00,00,00,00,00,SAT_TAL:00
GAL_SNR:00,00,00,00,00,00,00,00,00,00,00,00,00,00,00,SNR_AVG:0.00
BEI_PRN:19,00,00,00,00,00,00,00,00,00,00,00,00,00,00,SAT_TAL:01
BEI_SNR:29,00,00,00,00,00,00,00,00,00,00,00,00,00,00,SNR_AVG:29.00
QZS_PRN:00,00,00,00,00,SAT_TAL:00
QZS_SNR:00,00,00,00,00,SNR_AVG:0.00
SatInView:2 GDOP:19998
Roll:141.516312 Pitch:37.785118
X_AVG:-10.176233 Y_AVG:7.381712 Z_AVG:-11.914745
X_SD:11.253506 Y_SD:10.202590 Z_SD:7.349534
$MXCM10033,2,2,19800106,000011,00,35A4E8F5,00000000,0089,0000,0000,00,F102*24
GPS_PRN:21,19419600,00,00,00,00,00,00,00,00,00,00,00,SAT_TAL:03
GPS_SNR:29,29,32,00,00,00,00,00,00,00,00,00,00,00,00,SNR_AVG:30.00
GLO_PRN:00,00,00,00,00,00,00,00,00,00,00,00,00,00,00,SAT_TAL:00
GLO_SNR:00,00,00,00,00,00,00,00,00,00,00,00,00,00,00,SNR_AVG:0.00
GAL_PRN:00,00,00,00,00,00,00,00,00,00,00,00,00,00,00,SAT_TAL:00
GAL_SNR:00,00,00,00,00,00,00,00,00,00,00,00,00,00,00,SNR_AVG:0.00
BEI_PRN:46,36,32,00,00,00,00,00,00,00,00,00,00,00,00,SAT_TAL:03
BEI_SNR:34,31,33,00,00,00,00,00,00,00,00,00,00,00,00,SNR_AVG:32.67
QZS_PRN:00,00,00,00,00,SAT_TAL:00
QZS_SNR:00,00,00,00,00,SNR_AVG:0.00
SatInView:6 GDOP:19998
Roll:137.507950 Pitch:41.471550
X_AVG:-7.936029 Y_AVG:5.580997 Z_AVG:-9.373345
X_SD:11.739369 Y_SD:9.644476 Z_SD:6.783898
$MXCM10033,2,3,19800110,062042,00,35A4E8F5,00000000,0089,0000,0000,00,F102*20
GPS_PRN:21,18,28,19619400,00,00,00,00,00,00,00,00,00,SAT_TAL:05
GPS_SNR:35,30,26,32,30,00,00,00,00,00,00,00,00,00,00,SNR_AVG:30.60
GLO_PRN:00,00,00,00,00,00,00,00,00,00,00,00,00,00,00,SAT_TAL:00
GLO_SNR:00,00,00,00,00,00,00,00,00,00,00,00,00,00,00,SNR_AVG:0.00
GAL_PRN:00,00,00,00,00,00,00,00,00,00,00,00,00,00,00,SAT_TAL:00
GAL_SNR:00,00,00,00,00,00,00,00,00,00,00,00,00,00,00,SNR_AVG:0.00
BEI_PRN:62,60,46,36,59,50,00,00,00,00,00,00,00,00,00,SAT_TAL:06
BEI_SNR:28,26,34,23,27,23,00,00,00,00,00,00,00,00,00,SNR_AVG:26.83
QZS_PRN:00,00,00,00,00,SAT_TAL:00
QZS_SNR:00,00,00,00,00,SNR_AVG:0.00
SatInView:11 GDOP:19998
Roll:145.029129 Pitch:53.977375
X_AVG:-8.947025 Y_AVG:6.133829 Z_AVG:-8.317576
X_SD:10.278123 Y_SD:8.700726 Z_SD:6.912940
$MXCM10033,2,4,19800110,062055,00,35A4E8F5,00000000,0089,0000,0000,00,F102*21
GPS_PRN:04,09,28,31,19419600,00,00,00,00,00,00,00,00,SAT_TAL:06
GPS_SNR:32,36,31,29,31,34,00,00,00,00,00,00,00,00,00,SNR_AVG:32.17
GLO_PRN:00,00,00,00,00,00,00,00,00,00,00,00,00,00,00,SAT_TAL:00
GLO_SNR:00,00,00,00,00,00,00,00,00,00,00,00,00,00,00,SNR_AVG:0.00
GAL_PRN:00,00,00,00,00,00,00,00,00,00,00,00,00,00,00,SAT_TAL:00
GAL_SNR:00,00,00,00,00,00,00,00,00,00,00,00,00,00,00,SNR_AVG:0.00
BEI_PRN:59,46,60,20,50,62,36,00,00,00,00,00,00,00,00,SAT_TAL:07
BEI_SNR:28,31,28,31,26,30,17,00,00,00,00,00,00,00,00,SNR_AVG:27.29
QZS_PRN:00,00,00,00,00,SAT_TAL:00
QZS_SNR:00,00,00,00,00,SNR_AVG:0.00
SatInView:13 GDOP:19998
Roll:143.746704 Pitch:50.624203
X_AVG:-10.887612 Y_AVG:6.145896 Z_AVG:-9.246018
X_SD:8.833020 Y_SD:9.437680 Z_SD:6.646187
$MXCM10033,2,5,19800110,062108,00,35A4E8F5,00000000,0089,0000,0000,00,F102*29
GPS_PRN:21,28,31,09,04,19619400,00,00,00,00,00,00,00,SAT_TAL:07
GPS_SNR:32,35,36,34,28,34,26,00,00,00,00,00,00,00,00,SNR_AVG:32.14
GLO_PRN:67,65,87,00,00,00,00,00,00,00,00,00,00,00,00,SAT_TAL:03
GLO_SNR:33,34,36,00,00,00,00,00,00,00,00,00,00,00,00,SNR_AVG:34.33
GAL_PRN:00,00,00,00,00,00,00,00,00,00,00,00,00,00,00,SAT_TAL:00
GAL_SNR:00,00,00,00,00,00,00,00,00,00,00,00,00,00,00,SNR_AVG:0.00
BEI_PRN:62,59,46,27,50,28,20,60,00,00,00,00,00,00,00,SAT_TAL:08
BEI_SNR:32,31,25,33,31,33,34,29,00,00,00,00,00,00,00,SNR_AVG:31.00
QZS_PRN:00,00,00,00,00,SAT_TAL:00
QZS_SNR:00,00,00,00,00,SNR_AVG:0.00
SatInView:18 GDOP:19998
Roll:154.884796 Pitch:58.650040
X_AVG:-7.502478 Y_AVG:2.661592 Z_AVG:-5.626056
X_SD:7.056801 Y_SD:4.834997 Z_SD:5.844496
$MXCM10033,2,6,19800110,062121,00,35A4E8F5,00000000,0089,0000,0000,00,F101*22
GPS_PRN:21,27,28,04,31,09,19419600,00,00,00,00,00,00,SAT_TAL:08
GPS_SNR:32,37,35,26,38,34,35,34,00,00,00,00,00,00,00,SNR_AVG:33.88
GLO_PRN:65,67,87,00,00,00,00,00,00,00,00,00,00,00,00,SAT_TAL:03
GLO_SNR:31,37,35,00,00,00,00,00,00,00,00,00,00,00,00,SNR_AVG:34.33
GAL_PRN:00,00,00,00,00,00,00,00,00,00,00,00,00,00,00,SAT_TAL:00
GAL_SNR:00,00,00,00,00,00,00,00,00,00,00,00,00,00,00,SNR_AVG:0.00
BEI_PRN:62,59,46,27,50,20,28,36,60,00,00,00,00,00,00,SAT_TAL:09
BEI_SNR:36,35,33,36,29,32,33,30,28,00,00,00,00,00,00,SNR_AVG:32.44
QZS_PRN:00,00,00,00,00,SAT_TAL:00
QZS_SNR:00,00,00,00,00,SNR_AVG:0.00
SatInView:20 GDOP:19998
Roll:127.050682 Pitch:39.348610
X_AVG:-10.040479 Y_AVG:8.505812 Z_AVG:-7.467953
X_SD:8.130524 Y_SD:4.724532 Z_SD:6.108195
$MXCM10033,2,7,20240104,062134,00,079C5471,481B99E2,0066,0000,0000,00,F102*2B
GPS_PRN:28,21,04,26,27,31,09,19419600,00,00,00,00,00,SAT_TAL:09
GPS_SNR:34,34,28,33,26,36,34,30,33,00,00,00,00,00,00,SNR_AVG:32.00
GLO_PRN:65,87,67,00,00,00,00,00,00,00,00,00,00,00,00,SAT_TAL:03
GLO_SNR:34,36,37,00,00,00,00,00,00,00,00,00,00,00,00,SNR_AVG:35.67
GAL_PRN:00,00,00,00,00,00,00,00,00,00,00,00,00,00,00,SAT_TAL:00
GAL_SNR:00,00,00,00,00,00,00,00,00,00,00,00,00,00,00,SNR_AVG:0.00
BEI_PRN:62,59,46,50,20,36,27,28,60,00,00,00,00,00,00,SAT_TAL:09
BEI_SNR:32,32,33,29,30,32,34,33,28,00,00,00,00,00,00,SNR_AVG:31.44
QZS_PRN:00,00,00,00,00,SAT_TAL:00
QZS_SNR:00,00,00,00,00,SNR_AVG:0.00
SatInView:21 GDOP:763
Roll:151.821091 Pitch:62.728317
X_AVG:-7.872389 Y_AVG:2.571329 Z_AVG:-4.967877
X_SD:6.433254 Y_SD:5.319835 Z_SD:5.543055
$MXCM10033,2,8,20240104,062150,12,0E994F7D,47EE1BD4,0072,0016,49D3,11,F102*5B
GPS_PRN:16,19619519908,26,28,09,18,21,03,27,04,31,00,SAT_TAL:14
GPS_SNR:34,34,38,30,34,35,36,25,35,34,32,36,23,36,00,SNR_AVG:33.00
GLO_PRN:77,67,65,76,66,87,00,00,00,00,00,00,00,00,00,SAT_TAL:05
GLO_SNR:20,29,34,39,33,00,00,00,00,00,00,00,00,00,00,SNR_AVG:31.00
GAL_PRN:05,25,24,09,00,00,00,00,00,00,00,00,00,00,00,SAT_TAL:04
GAL_SNR:29,20,34,34,00,00,00,00,00,00,00,00,00,00,00,SNR_AVG:29.25
BEI_PRN:20,27,10,37,28,20,36,07,16,06,09,00,00,00,00,SAT_TAL:09
BEI_SNR:35,35,00,35,36,34,29,00,29,27,21,00,00,00,00,SNR_AVG:31.22
QZS_PRN:00,00,00,00,00,SAT_TAL:00
QZS_SNR:00,00,00,00,00,SNR_AVG:0.00
SatInView:35 GDOP:112
Roll:135.133911 Pitch:42.649693
X_AVG:-10.717524 Y_AVG:5.455298 Z_AVG:-8.181439
X_SD:8.894604 Y_SD:8.026293 Z_SD:5.585632
$MXCM10033,2,9,20240104,062205,12,0E991E35,47EE3611,0079,0018,3FF4,14,F102*51
GPS_PRN:16,19619519908,26,09,28,18,21,03,04,27,31,00,SAT_TAL:14
GPS_SNR:35,34,32,23,33,33,34,31,29,31,22,34,35,31,00,SNR_AVG:31.21
GLO_PRN:77,67,65,76,66,87,00,00,00,00,00,00,00,00,00,SAT_TAL:06
GLO_SNR:23,37,32,38,37,34,00,00,00,00,00,00,00,00,00,SNR_AVG:33.50
GAL_PRN:25,05,24,09,00,00,00,00,00,00,00,00,00,00,00,SAT_TAL:04
GAL_SNR:34,30,33,33,00,00,00,00,00,00,00,00,00,00,00,SNR_AVG:32.50
BEI_PRN:20,27,10,46,37,28,20,36,09,16,06,07,00,00,00,SAT_TAL:10
BEI_SNR:29,28,00,35,29,23,30,30,30,28,26,00,00,00,00,SNR_AVG:28.80
QZS_PRN:00,00,00,00,00,SAT_TAL:00
QZS_SNR:00,00,00,00,00,SNR_AVG:0.00
SatInView:36 GDOP:156
Roll:144.625351 Pitch:50.520084
X_AVG:-8.018199 Y_AVG:4.577758 Z_AVG:-8.469036
X_SD:10.441616 Y_SD:8.763236 Z_SD:7.450748
$MXCM10033,2,10,20240104,062220,12,0E98FFFD,47EE7CA9,0083,0013,3E60,12,F102*69
GPS_PRN:16,19619519908,26,09,28,18,21,03,04,27,31,00,SAT_TAL:14
GPS_SNR:35,32,36,20,32,36,35,36,37,30,32,25,29,35,00,SNR_AVG:32.14
GLO_PRN:77,67,65,76,66,87,00,00,00,00,00,00,00,00,00,SAT_TAL:04
GLO_SNR:23,38,00,00,30,34,00,00,00,00,00,00,00,00,00,SNR_AVG:31.25
GAL_PRN:25,05,24,09,00,00,00,00,00,00,00,00,00,00,00,SAT_TAL:04
GAL_SNR:32,26,34,32,00,00,00,00,00,00,00,00,00,00,00,SNR_AVG:31.00
BEI_PRN:20,27,10,46,37,28,20,36,09,16,06,07,00,00,00,SAT_TAL:11
BEI_SNR:34,35,00,34,34,36,33,32,28,27,25,23,00,00,00,SNR_AVG:31.00
QZS_PRN:00,00,00,00,00,SAT_TAL:00
QZS_SNR:00,00,00,00,00,SNR_AVG:0.00
SatInView:36 GDOP:175
Roll:130.485565 Pitch:53.175743
X_AVG:-9.369370 Y_AVG:4.249889 Z_AVG:-6.819207
X_SD:7.271940 Y_SD:8.039429 Z_SD:5.609842
$MXCM10033,2,11,20240104,062235,12,0E98E276,47EE945F,0089,0018,3EE0,14,F102*1E
GPS_PRN:16,19619519908,26,09,28,18,21,03,04,27,31,00,SAT_TAL:14
GPS_SNR:35,33,26,21,27,37,35,35,36,32,31,34,28,38,00,SNR_AVG:32.00
GLO_PRN:77,67,65,76,66,87,00,00,00,00,00,00,00,00,00,SAT_TAL:06
GLO_SNR:24,37,31,38,37,33,00,00,00,00,00,00,00,00,00,SNR_AVG:33.33
GAL_PRN:25,05,24,09,00,00,00,00,00,00,00,00,00,00,00,SAT_TAL:04
GAL_SNR:34,22,34,31,00,00,00,00,00,00,00,00,00,00,00,SNR_AVG:30.25
BEI_PRN:20,27,10,46,37,28,20,36,09,16,06,07,00,00,00,SAT_TAL:11
BEI_SNR:26,24,00,34,36,34,27,31,28,25,24,24,00,00,00,SNR_AVG:28.45
QZS_PRN:00,00,00,00,00,SAT_TAL:00
QZS_SNR:00,00,00,00,00,SNR_AVG:0.00
SatInView:36 GDOP:156
Roll:158.438644 Pitch:59.089447
X_AVG:-8.078726 Y_AVG:3.289077 Z_AVG:-5.906423
X_SD:7.242086 Y_SD:6.736114 Z_SD:5.335677
$MXCM10033,2,12,20240104,062250,12,0E98DBB4,47EEAAA2,007D,000C,0565,16,F102*1A
GPS_PRN:04,26,19619519909,28,18,21,03,16,31,08,00,00,SAT_TAL:13
GPS_SNR:32,35,34,34,27,37,34,32,31,35,27,35,36,00,00,SNR_AVG:33.00
GLO_PRN:77,67,65,76,66,87,00,00,00,00,00,00,00,00,00,SAT_TAL:06
GLO_SNR:21,38,32,37,38,36,00,00,00,00,00,00,00,00,00,SNR_AVG:33.67
GAL_PRN:24,05,25,03,09,00,00,00,00,00,00,00,00,00,00,SAT_TAL:04
GAL_SNR:32,31,31,00,31,00,00,00,00,00,00,00,00,00,00,SNR_AVG:31.25
BEI_PRN:20,27,10,46,37,28,20,36,07,16,06,09,00,00,00,SAT_TAL:11
BEI_SNR:34,34,00,26,29,31,35,34,26,22,20,21,00,00,00,SNR_AVG:28.36
QZS_PRN:00,00,00,00,00,SAT_TAL:00
QZS_SNR:00,00,00,00,00,SNR_AVG:0.00
SatInView:36 GDOP:137
Roll:166.943802 Pitch:63.903084
X_AVG:-8.470904 Y_AVG:2.331329 Z_AVG:-5.702720
X_SD:7.108403 Y_SD:6.031538 Z_SD:4.191254
$MXCM10033,2,13,20240104,062305,12,0E990D6C,47EEC374,0072,000D,833B,18,F102*69
GPS_PRN:04,26,19619519909,28,18,21,03,16,31,08,00,00,SAT_TAL:13
GPS_SNR:25,33,34,35,28,29,35,32,32,33,33,36,34,00,00,SNR_AVG:32.23
GLO_PRN:77,67,65,76,66,87,00,00,00,00,00,00,00,00,00,SAT_TAL:06
GLO_SNR:21,32,33,36,29,35,00,00,00,00,00,00,00,00,00,SNR_AVG:31.00
GAL_PRN:24,05,25,03,09,00,00,00,00,00,00,00,00,00,00,SAT_TAL:04
GAL_SNR:31,28,30,00,32,00,00,00,00,00,00,00,00,00,00,SNR_AVG:30.25
BEI_PRN:20,27,10,46,37,28,20,36,07,16,06,09,00,00,00,SAT_TAL:11
BEI_SNR:32,35,00,32,33,33,34,31,23,28,22,24,00,00,00,SNR_AVG:29.73
QZS_PRN:00,00,00,00,00,SAT_TAL:00
QZS_SNR:00,00,00,00,00,SNR_AVG:0.00
SatInView:36 GDOP:134
Roll:170.397903 Pitch:58.964111
X_AVG:-8.463434 Y_AVG:2.519373 Z_AVG:-6.316366
X_SD:7.603418 Y_SD:6.707565 Z_SD:5.785595
$MXCM10033,2,14,20240104,062320,12,0E994B32,47EEAFCD,0072,000C,8C08,1A,F102*1B
GPS_PRN:08,26,19619519909,28,18,21,03,16,04,31,00,00,SAT_TAL:13
GPS_SNR:36,33,33,35,27,26,34,32,32,34,31,25,36,00,00,SNR_AVG:31.85
GLO_PRN:65,77,67,66,86,76,87,00,00,00,00,00,00,00,00,SAT_TAL:07
GLO_SNR:33,18,30,37,37,37,35,00,00,00,00,00,00,00,00,SNR_AVG:32.43
GAL_PRN:25,05,24,03,09,00,00,00,00,00,00,00,00,00,00,SAT_TAL:04
GAL_SNR:23,31,31,00,31,00,00,00,00,00,00,00,00,00,00,SNR_AVG:29.00
BEI_PRN:20,27,10,37,46,28,20,36,09,16,06,07,00,00,00,SAT_TAL:11
BEI_SNR:35,34,00,30,27,31,36,32,22,22,21,25,00,00,00,SNR_AVG:28.64
QZS_PRN:00,00,00,00,00,SAT_TAL:00
QZS_SNR:00,00,00,00,00,SNR_AVG:0.00
SatInView:37 GDOP:127
Roll:168.867477 Pitch:63.163448
X_AVG:-9.207519 Y_AVG:2.466269 Z_AVG:-5.676527
X_SD:6.587014 Y_SD:5.672157 Z_SD:4.561065
$MXCM10033,2,15,20240104,062335,12,0E996F24,47EE683D,007E,000C,7B9E,1B,F102*68
GPS_PRN:08,26,19619519909,28,18,21,03,16,04,31,00,00,SAT_TAL:13
GPS_SNR:37,31,35,35,27,33,34,33,33,34,32,30,37,00,00,SNR_AVG:33.15
GLO_PRN:65,77,67,66,86,76,87,00,00,00,00,00,00,00,00,SAT_TAL:07
GLO_SNR:35,21,35,39,37,32,35,00,00,00,00,00,00,00,00,SNR_AVG:33.43
GAL_PRN:25,05,24,03,09,00,00,00,00,00,00,00,00,00,00,SAT_TAL:04
GAL_SNR:25,33,28,00,34,00,00,00,00,00,00,00,00,00,00,SNR_AVG:30.00
BEI_PRN:20,27,10,37,46,28,20,36,09,16,06,07,00,00,00,SAT_TAL:11
BEI_SNR:36,34,00,32,23,33,35,31,23,22,19,27,00,00,00,SNR_AVG:28.64
QZS_PRN:00,00,00,00,00,SAT_TAL:00
QZS_SNR:00,00,00,00,00,SNR_AVG:0.00
SatInView:37 GDOP:124
Roll:169.455475 Pitch:58.867451
X_AVG:-8.293538 Y_AVG:1.512591 Z_AVG:-5.210893
X_SD:5.685233 Y_SD:4.824292 Z_SD:4.323636
$MXCM10033,2,16,20240104,062350,12,0E996AB0,47EE13B4,007F,000C,70C3,1A,F102*68
GPS_PRN:08,26,19619519909,28,18,21,03,16,04,31,00,00,SAT_TAL:13
GPS_SNR:38,27,34,34,29,35,35,31,34,33,27,32,37,00,00,SNR_AVG:32.77
GLO_PRN:65,77,67,87,86,76,66,00,00,00,00,00,00,00,00,SAT_TAL:05
GLO_SNR:00,21,37,35,36,33,00,00,00,00,00,00,00,00,00,SNR_AVG:32.40
GAL_PRN:25,05,24,03,09,00,00,00,00,00,00,00,00,00,00,SAT_TAL:04
GAL_SNR:30,35,23,00,33,00,00,00,00,00,00,00,00,00,00,SNR_AVG:30.25
BEI_PRN:20,27,10,37,46,28,20,36,09,16,06,07,00,00,00,SAT_TAL:11
BEI_SNR:35,33,00,25,26,25,37,34,22,26,25,30,00,00,00,SNR_AVG:28.91
QZS_PRN:00,00,00,00,00,SAT_TAL:00
QZS_SNR:00,00,00,00,00,SNR_AVG:0.00
SatInView:37 GDOP:132
Roll:143.245773 Pitch:54.166862
X_AVG:-11.111714 Y_AVG:4.563919 Z_AVG:-7.331480
X_SD:6.652713 Y_SD:7.269475 Z_SD:5.359080
$MXCM10033,2,17,20240104,062405,12,0E9970DF,47EE47AB,007E,0016,33AE,1C,F102*1C
GPS_PRN:08,26,19619519909,28,18,21,03,16,04,31,00,00,SAT_TAL:13
GPS_SNR:35,26,31,34,23,34,35,33,29,30,33,36,34,00,00,SNR_AVG:31.77
GLO_PRN:65,77,67,87,86,76,66,00,00,00,00,00,00,00,00,SAT_TAL:07
GLO_SNR:30,24,38,33,27,35,38,00,00,00,00,00,00,00,00,SNR_AVG:32.14
GAL_PRN:25,05,24,03,09,00,00,00,00,00,00,00,00,00,00,SAT_TAL:04
GAL_SNR:34,33,26,00,30,00,00,00,00,00,00,00,00,00,00,SNR_AVG:30.75
BEI_PRN:20,27,10,37,46,28,20,36,09,16,06,07,00,00,00,SAT_TAL:11
BEI_SNR:32,29,00,24,33,24,32,32,27,25,24,28,00,00,00,SNR_AVG:28.18
QZS_PRN:00,00,00,00,00,SAT_TAL:00
QZS_SNR:00,00,00,00,00,SNR_AVG:0.00
SatInView:37 GDOP:122
Roll:151.729187 Pitch:58.741852
X_AVG:-7.918982 Y_AVG:1.935368 Z_AVG:-5.032905
X_SD:6.434106 Y_SD:5.801508 Z_SD:4.508032
$MXCM10033,2,18,20240104,062420,12,0E996F06,47EE247E,007B,0014,63F6,1D,F102*60
GPS_PRN:08,26,09,19619519928,18,21,03,16,31,04,00,00,SAT_TAL:13
GPS_SNR:30,36,35,34,35,27,35,31,34,36,33,37,30,00,00,SNR_AVG:33.31
GLO_PRN:65,77,67,66,86,76,87,00,00,00,00,00,00,00,00,SAT_TAL:07
GLO_SNR:35,22,38,29,37,37,35,00,00,00,00,00,00,00,00,SNR_AVG:33.29
GAL_PRN:24,05,25,03,10,09,00,00,00,00,00,00,00,00,00,SAT_TAL:05
GAL_SNR:33,24,30,00,33,33,00,00,00,00,00,00,00,00,00,SNR_AVG:30.60
BEI_PRN:20,27,10,37,46,28,20,36,09,06,16,07,00,00,00,SAT_TAL:11
BEI_SNR:35,33,00,34,27,35,34,32,20,25,26,21,00,00,00,SNR_AVG:29.27
QZS_PRN:00,00,00,00,00,SAT_TAL:00
QZS_SNR:00,00,00,00,00,SNR_AVG:0.00
SatInView:38 GDOP:118
Roll:148.253510 Pitch:54.949005
X_AVG:-10.098180 Y_AVG:3.662484 Z_AVG:-6.685225
X_SD:6.875114 Y_SD:5.897926 Z_SD:4.549132
$MXCM10033,2,19,20240104,062636,12,0E996797,47EE5F69,0079,0013,2954,1D,F202*15
GPS_PRN:31,04,09,28,19619519918,21,03,16,08,26,00,00,SAT_TAL:13
GPS_SNR:35,35,36,35,34,31,24,34,31,30,31,36,28,00,00,SNR_AVG:32.31
GLO_PRN:66,67,65,86,76,87,00,00,00,00,00,00,00,00,00,SAT_TAL:06
GLO_SNR:37,39,32,27,35,32,00,00,00,00,00,00,00,00,00,SNR_AVG:33.67
GAL_PRN:10,05,25,24,03,12,09,00,00,00,00,00,00,00,00,SAT_TAL:05
GAL_SNR:00,33,34,33,00,28,31,00,00,00,00,00,00,00,00,SNR_AVG:31.80
BEI_PRN:27,27,10,01,46,37,28,30,20,19,36,07,16,06,09,SAT_TAL:10
BEI_SNR:25,27,00,26,34,19,20,33,34,00,33,27,00,00,00,SNR_AVG:27.80
QZS_PRN:00,00,00,00,00,SAT_TAL:00
QZS_SNR:00,00,00,00,00,SNR_AVG:0.00
SatInView:41 GDOP:91
Roll:155.943069 Pitch:61.034424
X_AVG:-8.302492 Y_AVG:1.842567 Z_AVG:-4.986313
X_SD:6.579160 Y_SD:5.393100 Z_SD:3.875765
$MXCM10033,2,20,20240104,062651,12,0E995128,47EEB91B,007B,0012,2530,1D,F202*1F
GPS_PRN:31,04,09,28,18,19619519921,03,16,08,26,00,00,SAT_TAL:13
GPS_SNR:33,35,36,34,36,31,32,18,34,29,38,35,35,00,00,SNR_AVG:32.77
GLO_PRN:66,67,65,86,76,87,00,00,00,00,00,00,00,00,00,SAT_TAL:06
GLO_SNR:37,38,31,35,40,25,00,00,00,00,00,00,00,00,00,SNR_AVG:34.33
GAL_PRN:10,05,25,24,03,12,11,09,00,00,00,00,00,00,00,SAT_TAL:06
GAL_SNR:32,33,34,32,00,29,00,28,00,00,00,00,00,00,00,SNR_AVG:31.33
BEI_PRN:27,27,10,01,46,37,28,30,20,36,07,16,06,09,00,SAT_TAL:10
BEI_SNR:21,25,00,27,37,32,34,32,33,32,29,00,00,00,00,SNR_AVG:30.20
QZS_PRN:00,00,00,00,00,SAT_TAL:00
QZS_SNR:00,00,00,00,00,SNR_AVG:0.00
SatInView:41 GDOP:91
Roll:132.399445 Pitch:53.972099
X_AVG:-11.187181 Y_AVG:5.133798 Z_AVG:-7.329900
X_SD:7.433706 Y_SD:8.029963 Z_SD:5.289004
$MXCM10033,2,21,20240104,062907,12,0E97A580,47EF78B6,0094,0016,4C7E,1D,F202*63
GPS_PRN:31,26,09,28,18,21,19619519904,16,08,00,00,00,SAT_TAL:12
GPS_SNR:35,36,35,36,35,33,31,31,19,32,35,33,00,00,00,SNR_AVG:32.58
GLO_PRN:66,67,65,86,76,87,00,00,00,00,00,00,00,00,00,SAT_TAL:06
GLO_SNR:37,38,32,36,38,28,00,00,00,00,00,00,00,00,00,SNR_AVG:34.83
GAL_PRN:05,25,24,03,10,11,12,09,02,00,00,00,00,00,00,SAT_TAL:06
GAL_SNR:29,33,35,00,34,00,30,29,00,00,00,00,00,00,00,SNR_AVG:31.67
BEI_PRN:27,27,10,46,37,28,30,20,19,36,07,06,16,09,00,SAT_TAL:11
BEI_SNR:27,27,00,34,34,35,31,34,00,30,24,25,25,00,00,SNR_AVG:29.64
QZS_PRN:00,00,00,00,00,SAT_TAL:00
QZS_SNR:00,00,00,00,00,SNR_AVG:0.00
SatInView:41 GDOP:111
Roll:167.717133 Pitch:61.707554
X_AVG:-7.564489 Y_AVG:1.723142 Z_AVG:-4.977310
X_SD:6.894093 Y_SD:6.193859 Z_SD:3.461210
$MXCM10033,2,22,20240104,062922,12,0E9737D8,47EFB0C4,009A,0017,31C7,1D,F202*1A
GPS_PRN:31,26,09,28,18,21,19619519904,16,08,00,00,00,SAT_TAL:12
GPS_SNR:35,28,33,34,24,28,32,33,25,35,25,34,00,00,00,SNR_AVG:30.50
GLO_PRN:66,67,65,86,76,87,00,00,00,00,00,00,00,00,00,SAT_TAL:06
GLO_SNR:36,36,28,36,27,33,00,00,00,00,00,00,00,00,00,SNR_AVG:32.67
GAL_PRN:05,25,24,03,10,11,12,09,02,00,00,00,00,00,00,SAT_TAL:06
GAL_SNR:32,33,20,00,32,00,24,31,00,00,00,00,00,00,00,SNR_AVG:28.67
BEI_PRN:27,27,10,46,37,28,30,20,19,36,07,06,16,09,00,SAT_TAL:12
BEI_SNR:31,30,00,35,28,30,30,31,00,30,28,27,29,30,00,SNR_AVG:29.92
QZS_PRN:00,00,00,00,00,SAT_TAL:00
QZS_SNR:00,00,00,00,00,SNR_AVG:0.00
SatInView:41 GDOP:111
Roll:148.841751 Pitch:61.115623
X_AVG:-9.491764 Y_AVG:3.175015 Z_AVG:-6.535871
X_SD:6.900393 Y_SD:6.549675 Z_SD:4.819152
$MXCM10033,2,23,20240104,063138,12,0E959141,47EF0551,00EF,0016,4CF5,1C,F202*65
GPS_PRN:26,04,09,28,18,19619519903,16,08,31,00,00,00,SAT_TAL:12
GPS_SNR:35,31,34,35,33,26,32,20,31,36,35,37,00,00,00,SNR_AVG:32.08
GLO_PRN:66,67,65,86,87,76,00,00,00,00,00,00,00,00,00,SAT_TAL:06
GLO_SNR:37,37,31,36,26,37,00,00,00,00,00,00,00,00,00,SNR_AVG:34.00
GAL_PRN:11,05,25,24,10,12,09,36,00,00,00,00,00,00,00,SAT_TAL:05
GAL_SNR:00,30,33,34,00,00,28,30,00,00,00,00,00,00,00,SNR_AVG:31.00
BEI_PRN:27,27,10,46,37,28,30,20,36,07,16,06,09,00,00,SAT_TAL:08
BEI_SNR:28,26,00,34,33,35,00,35,17,23,00,00,00,00,00,SNR_AVG:28.88
QZS_PRN:00,00,00,00,00,SAT_TAL:00
QZS_SNR:00,00,00,00,00,SNR_AVG:0.00
SatInView:39 GDOP:116
Roll:141.915298 Pitch:54.985271
X_AVG:-8.472819 Y_AVG:2.886556 Z_AVG:-5.673271
X_SD:7.177834 Y_SD:5.813898 Z_SD:4.549380
$MXCM10033,2,24,20240104,063153,12,0E956EFE,47EEBF52,00FD,0010,4D91,1C,F202*68
GPS_PRN:26,09,04,28,18,03,19619519916,08,31,00,00,00,SAT_TAL:12
GPS_SNR:34,33,34,27,33,29,34,26,25,35,33,28,00,00,00,SNR_AVG:30.92
GLO_PRN:66,67,65,86,87,76,00,00,00,00,00,00,00,00,00,SAT_TAL:06
GLO_SNR:37,37,33,35,29,37,00,00,00,00,00,00,00,00,00,SNR_AVG:34.67
GAL_PRN:11,05,25,24,03,10,12,09,36,00,00,00,00,00,00,SAT_TAL:07
GAL_SNR:00,29,32,33,00,26,27,30,31,00,00,00,00,00,00,SNR_AVG:29.71
BEI_PRN:27,27,10,46,37,28,30,20,36,07,16,06,09,00,00,SAT_TAL:08
BEI_SNR:25,26,00,34,32,34,00,33,30,29,00,00,00,00,00,SNR_AVG:30.38
QZS_PRN:00,00,00,00,00,SAT_TAL:00
QZS_SNR:00,00,00,00,00,SNR_AVG:0.00
SatInView:40 GDOP:116
Roll:161.067368 Pitch:58.203449
X_AVG:-9.762937 Y_AVG:4.347718 Z_AVG:-7.168959
X_SD:7.841677 Y_SD:6.805079 Z_SD:5.438921
$MXCM10033,2,25,20240104,063409,12,0E91C2C7,47EF8EFE,012C,0019,461D,1E,F202*1E
GPS_PRN:26,04,09,28,18,21,19619519916,08,31,00,00,00,SAT_TAL:12
GPS_SNR:36,33,35,34,37,34,34,25,18,35,32,35,00,00,00,SNR_AVG:32.33
GLO_PRN:65,77,67,66,86,87,76,00,00,00,00,00,00,00,00,SAT_TAL:07
GLO_SNR:33,23,37,35,37,17,38,00,00,00,00,00,00,00,00,SNR_AVG:31.43
GAL_PRN:10,05,25,24,03,11,12,09,31,00,00,00,00,00,00,SAT_TAL:06
GAL_SNR:33,26,34,34,00,00,00,31,33,00,00,00,00,00,00,SNR_AVG:31.83
BEI_PRN:27,27,10,46,37,28,30,20,36,09,16,06,07,00,00,SAT_TAL:11
BEI_SNR:27,26,00,34,34,35,34,33,31,00,27,24,24,00,00,SNR_AVG:29.91
QZS_PRN:00,00,00,00,00,SAT_TAL:00
QZS_SNR:00,00,00,00,00,SNR_AVG:0.00
SatInView:41 GDOP:108
Roll:-176.445221 Pitch:63.394836
X_AVG:-7.861807 Y_AVG:1.131283 Z_AVG:-4.757327
X_SD:5.886940 Y_SD:5.173997 Z_SD:3.926811
$MXCM10033,2,26,20240104,063424,12,0E915329,47EF83C9,012F,0017,37C3,1F,F202*1E
GPS_PRN:26,04,09,28,18,21,19619519916,08,31,00,00,00,SAT_TAL:12
GPS_SNR:33,35,34,33,35,32,32,32,23,35,34,29,00,00,00,SNR_AVG:32.25
GLO_PRN:65,77,67,66,86,87,76,00,00,00,00,00,00,00,00,SAT_TAL:07
GLO_SNR:31,23,36,36,38,35,38,00,00,00,00,00,00,00,00,SNR_AVG:33.86
GAL_PRN:10,05,25,24,03,11,12,09,31,00,00,00,00,00,00,SAT_TAL:07
GAL_SNR:28,30,34,32,00,00,31,33,31,00,00,00,00,00,00,SNR_AVG:31.29
BEI_PRN:27,27,10,46,37,28,30,20,36,09,16,06,07,00,00,SAT_TAL:12
BEI_SNR:23,28,00,34,34,32,31,30,28,29,25,22,26,00,00,SNR_AVG:28.50
QZS_PRN:00,00,00,00,00,SAT_TAL:00
QZS_SNR:00,00,00,00,00,SNR_AVG:0.00
SatInView:41 GDOP:100
Roll:146.903046 Pitch:55.346317
X_AVG:-9.334606 Y_AVG:2.910259 Z_AVG:-6.105720
X_SD:6.941319 Y_SD:6.075008 Z_SD:4.518490
$MXCM10033,2,27,20240104,063640,12,0E8DC247,47EEB0F4,014D,000E,21F1,1D,F202*13
GPS_PRN:16,26,09,28,18,21,19619519904,08,31,00,00,00,SAT_TAL:12
GPS_SNR:33,33,35,34,36,34,34,31,20,33,35,34,00,00,00,SNR_AVG:32.67
GLO_PRN:67,86,77,66,65,87,76,00,00,00,00,00,00,00,00,SAT_TAL:06
GLO_SNR:00,24,24,36,31,28,38,00,00,00,00,00,00,00,00,SNR_AVG:30.17
GAL_PRN:05,25,24,03,10,11,12,09,02,31,00,00,00,00,00,SAT_TAL:06
GAL_SNR:31,31,30,00,30,00,00,30,00,30,00,00,00,00,00,SNR_AVG:30.33
BEI_PRN:27,27,10,46,37,28,30,20,36,09,16,06,07,00,00,SAT_TAL:07
BEI_SNR:25,27,00,32,20,28,00,33,33,00,00,00,00,00,00,SNR_AVG:28.29
QZS_PRN:00,00,00,00,00,SAT_TAL:00
QZS_SNR:00,00,00,00,00,SNR_AVG:0.00
SatInView:42 GDOP:105
Roll:121.359070 Pitch:59.512207
X_AVG:-10.332194 Y_AVG:5.627062 Z_AVG:-3.576052
X_SD:7.751001 Y_SD:8.442748 Z_SD:3.314879
$MXCM10033,2,28,20240104,063655,12,0E8D56E7,47EEEE3F,0153,0017,3467,1E,F202*18
GPS_PRN:16,26,09,28,18,21,19619519904,08,31,00,00,00,SAT_TAL:12
GPS_SNR:34,30,32,35,33,32,32,34,24,34,35,35,00,00,00,SNR_AVG:32.50
GLO_PRN:67,86,77,66,65,87,76,00,00,00,00,00,00,00,00,SAT_TAL:07
GLO_SNR:35,30,23,35,31,33,36,00,00,00,00,00,00,00,00,SNR_AVG:31.86
GAL_PRN:05,25,24,03,10,11,12,09,02,31,00,00,00,00,00,SAT_TAL:07
GAL_SNR:33,33,30,00,32,00,20,32,00,28,00,00,00,00,00,SNR_AVG:29.71
BEI_PRN:27,27,10,46,37,28,30,20,36,09,16,06,07,00,00,SAT_TAL:08
BEI_SNR:29,29,00,35,26,29,00,30,00,00,28,00,28,00,00,SNR_AVG:29.25
QZS_PRN:00,00,00,00,00,SAT_TAL:00
QZS_SNR:00,00,00,00,00,SNR_AVG:0.00
SatInView:42 GDOP:106
Roll:135.080948 Pitch:70.641739
X_AVG:-8.748062 Y_AVG:2.918495 Z_AVG:-3.337010
X_SD:7.679144 Y_SD:6.214947 Z_SD:4.038157
$MXCM10033,2,29,20240104,063911,12,0E8A991E,47EF86C8,01AA,001A,424D,1E,F202*15
GPS_PRN:31,26,09,28,18,21,19619519904,08,16,00,00,00,SAT_TAL:12
GPS_SNR:31,34,34,36,36,34,35,23,21,34,31,36,00,00,00,SNR_AVG:32.08
GLO_PRN:65,77,67,66,87,86,76,00,00,00,00,00,00,00,00,SAT_TAL:07
GLO_SNR:32,23,37,35,22,36,37,00,00,00,00,00,00,00,00,SNR_AVG:31.71
GAL_PRN:05,25,24,03,10,11,12,09,36,00,00,00,00,00,00,SAT_TAL:06
GAL_SNR:28,34,32,00,32,00,00,33,32,00,00,00,00,00,00,SNR_AVG:31.83
BEI_PRN:27,07,10,46,37,28,30,20,19,36,27,16,06,09,00,SAT_TAL:11
BEI_SNR:26,28,00,34,32,34,35,30,00,30,27,26,25,00,00,SNR_AVG:29.73
QZS_PRN:00,00,00,00,00,SAT_TAL:00
QZS_SNR:00,00,00,00,00,SNR_AVG:0.00
SatInView:42 GDOP:106
Roll:159.645248 Pitch:67.533821
X_AVG:-8.919395 Y_AVG:2.276549 Z_AVG:-3.615557
X_SD:7.792382 Y_SD:5.906344 Z_SD:4.122315
$MXCM10033,2,30,20240104,063926,12,0E8A0C6F,47EF87EA,01A9,001B,4C74,1F,F202*6A
GPS_PRN:26,04,09,28,21,19619519918,08,16,31,00,00,00,SAT_TAL:12
GPS_SNR:35,32,34,33,31,30,28,21,35,32,36,34,00,00,00,SNR_AVG:31.75
GLO_PRN:65,77,67,66,87,86,76,00,00,00,00,00,00,00,00,SAT_TAL:07
GLO_SNR:32,23,37,35,26,36,38,00,00,00,00,00,00,00,00,SNR_AVG:32.43
GAL_PRN:11,05,25,24,10,12,09,36,00,00,00,00,00,00,00,SAT_TAL:07
GAL_SNR:00,29,34,33,31,29,28,30,00,00,00,00,00,00,00,SNR_AVG:30.57
BEI_PRN:27,07,10,46,37,28,30,20,19,36,27,16,06,09,00,SAT_TAL:12
BEI_SNR:25,25,00,34,33,34,33,33,00,29,27,28,27,30,00,SNR_AVG:29.83
QZS_PRN:00,00,00,00,00,SAT_TAL:00
QZS_SNR:00,00,00,00,00,SNR_AVG:0.00
SatInView:41 GDOP:102
Roll:171.774841 Pitch:90.000000
X_AVG:-8.192884 Y_AVG:2.001401 Z_AVG:-3.610912
X_SD:7.702292 Y_SD:5.979496 Z_SD:3.396868
$MXCM10033,2,31,20240104,064142,12,0E855C23,47EFF525,01BD,001B,42F6,1E,F202*66
GPS_PRN:31,26,09,28,21,18,19619519904,08,16,00,00,00,SAT_TAL:12
GPS_SNR:29,34,33,29,34,34,34,25,21,33,31,34,00,00,00,SNR_AVG:30.92
GLO_PRN:88,66,67,77,87,86,76,00,00,00,00,00,00,00,00,SAT_TAL:07
GLO_SNR:36,35,36,23,29,35,37,00,00,00,00,00,00,00,00,SNR_AVG:33.00
GAL_PRN:05,25,24,03,10,11,12,09,02,00,00,00,00,00,00,SAT_TAL:06
GAL_SNR:28,33,31,00,26,00,26,31,00,00,00,00,00,00,00,SNR_AVG:29.17
BEI_PRN:27,07,10,46,37,28,30,19,20,36,27,16,06,09,00,SAT_TAL:12
BEI_SNR:22,28,00,34,31,33,34,00,31,29,25,29,27,29,00,SNR_AVG:29.33
QZS_PRN:00,00,00,00,00,SAT_TAL:00
QZS_SNR:00,00,00,00,00,SNR_AVG:0.00
SatInView:42 GDOP:106
Roll:157.878708 Pitch:90.000000
X_AVG:-7.766564 Y_AVG:1.620189 Z_AVG:-3.185166
X_SD:8.170068 Y_SD:6.301246 Z_SD:4.186017
$MXCM10033,2,32,20240104,064157,12,0E84C783,47EFFFDA,01BE,001C,461A,1E,F202*1D
GPS_PRN:31,26,09,28,21,18,19619519904,08,16,00,00,00,SAT_TAL:12
GPS_SNR:29,34,33,29,33,33,33,26,22,34,31,35,00,00,00,SNR_AVG:31.00
GLO_PRN:88,66,67,77,87,86,76,00,00,00,00,00,00,00,00,SAT_TAL:07
GLO_SNR:36,35,35,21,27,35,37,00,00,00,00,00,00,00,00,SNR_AVG:32.29
GAL_PRN:05,25,24,03,10,11,12,09,02,00,00,00,00,00,00,SAT_TAL:06
GAL_SNR:29,33,33,00,29,00,27,31,00,00,00,00,00,00,00,SNR_AVG:30.33
BEI_PRN:27,07,10,46,37,28,30,19,20,36,27,16,06,09,00,SAT_TAL:13
BEI_SNR:25,27,00,35,32,34,34,30,32,29,26,29,28,29,00,SNR_AVG:30.00
QZS_PRN:00,00,00,00,00,SAT_TAL:00
QZS_SNR:00,00,00,00,00,SNR_AVG:0.00
SatInView:42 GDOP:106
Roll:-130.605789 Pitch:90.000000
X_AVG:-7.808990 Y_AVG:1.866749 Z_AVG:-2.920889
X_SD:8.265881 Y_SD:6.299728 Z_SD:4.144422
$MXCM10033,2,33,20240104,064413,12,0E7FCEB1,47F0BAC6,01AB,001B,4D4A,1E,F202*1A
GPS_PRN:08,26,09,28,21,19619519918,02,04,16,31,00,00,SAT_TAL:13
GPS_SNR:33,34,35,34,31,27,29,20,34,32,29,36,34,00,00,SNR_AVG:31.38
GLO_PRN:88,66,67,77,87,86,76,00,00,00,00,00,00,00,00,SAT_TAL:07
GLO_SNR:35,37,37,24,27,36,38,00,00,00,00,00,00,00,00,SNR_AVG:33.43
GAL_PRN:03,05,25,24,10,11,12,09,00,00,00,00,00,00,00,SAT_TAL:07
GAL_SNR:32,31,33,34,31,00,27,29,00,00,00,00,00,00,00,SNR_AVG:31.00
BEI_PRN:27,07,10,46,37,30,28,20,36,27,16,06,09,00,00,SAT_TAL:11
BEI_SNR:00,24,00,34,33,29,34,34,30,29,28,26,30,00,00,SNR_AVG:30.09
QZS_PRN:00,00,00,00,00,SAT_TAL:00
QZS_SNR:00,00,00,00,00,SNR_AVG:0.00
SatInView:41 GDOP:106
Roll:161.432709 Pitch:90.000000
X_AVG:-9.206657 Y_AVG:2.324098 Z_AVG:-2.314857
X_SD:7.189547 Y_SD:7.448429 Z_SD:3.787705
$MXCM10033,2,34,20240104,064428,12,0E7F4475,47F09E12,01A0,001B,4A9F,1E,F202*16
GPS_PRN:08,26,09,28,21,19619519918,02,04,16,31,00,00,SAT_TAL:13
GPS_SNR:33,34,31,25,33,33,27,23,34,34,34,36,30,00,00,SNR_AVG:31.31
GLO_PRN:88,66,67,77,87,86,76,00,00,00,00,00,00,00,00,SAT_TAL:07
GLO_SNR:35,36,33,21,28,36,38,00,00,00,00,00,00,00,00,SNR_AVG:32.43
GAL_PRN:03,05,25,24,10,11,12,09,00,00,00,00,00,00,00,SAT_TAL:07
GAL_SNR:29,31,32,34,28,00,25,29,00,00,00,00,00,00,00,SNR_AVG:29.71
BEI_PRN:27,07,10,46,37,30,28,20,36,27,16,06,09,00,00,SAT_TAL:12
BEI_SNR:29,28,00,34,33,35,34,34,26,29,30,29,29,00,00,SNR_AVG:30.83
QZS_PRN:00,00,00,00,00,SAT_TAL:00
QZS_SNR:00,00,00,00,00,SNR_AVG:0.00
SatInView:41 GDOP:106
Roll:-130.883560 Pitch:90.000000
X_AVG:-7.253332 Y_AVG:0.707166 Z_AVG:-1.991681
X_SD:8.074811 Y_SD:7.045411 Z_SD:3.692029
$MXCM10033,2,35,20240104,064644,12,0E7A4366,47F0365B,016C,001D,4B73,1D,F202*6B
GPS_PRN:16,26,09,28,21,18,19619519908,04,31,00,00,00,SAT_TAL:12
GPS_SNR:37,36,33,30,32,35,30,27,23,31,33,30,00,00,00,SNR_AVG:31.42
GLO_PRN:86,66,67,88,76,77,00,00,00,00,00,00,00,00,00,SAT_TAL:05
GLO_SNR:00,36,34,35,37,22,00,00,00,00,00,00,00,00,00,SNR_AVG:32.80
GAL_PRN:05,25,24,03,10,11,12,09,36,31,00,00,00,00,00,SAT_TAL:08
GAL_SNR:31,32,33,00,30,00,29,23,30,29,00,00,00,00,00,SNR_AVG:29.62
BEI_PRN:27,07,10,46,37,30,28,20,36,27,16,06,09,00,00,SAT_TAL:11
BEI_SNR:26,26,00,34,33,35,34,35,26,29,30,29,00,00,00,SNR_AVG:30.64
QZS_PRN:00,00,00,00,00,SAT_TAL:00
QZS_SNR:00,00,00,00,00,SNR_AVG:0.00
SatInView:41 GDOP:106
Roll:-136.887131 Pitch:90.000000
X_AVG:-8.277449 Y_AVG:1.637715 Z_AVG:-2.673036
X_SD:7.660870 Y_SD:6.713367 Z_SD:4.464551
$MXCM10033,2,36,20240104,064659,12,0E79AEC7,47F03542,0162,001D,455D,1D,F202*6A
GPS_PRN:16,26,09,28,21,18,19619519908,04,31,00,00,00,SAT_TAL:12
GPS_SNR:36,34,33,30,34,34,33,28,22,31,34,31,00,00,00,SNR_AVG:31.67
GLO_PRN:86,66,67,88,76,77,00,00,00,00,00,00,00,00,00,SAT_TAL:06
GLO_SNR:36,34,34,34,37,21,00,00,00,00,00,00,00,00,00,SNR_AVG:32.67
GAL_PRN:05,25,24,03,10,11,12,09,36,31,00,00,00,00,00,SAT_TAL:08
GAL_SNR:29,33,33,00,29,00,28,29,31,28,00,00,00,00,00,SNR_AVG:30.00
BEI_PRN:27,07,10,46,37,30,28,20,36,27,16,06,09,00,00,SAT_TAL:12
BEI_SNR:27,28,00,35,33,34,34,33,30,29,30,28,30,00,00,SNR_AVG:30.92
QZS_PRN:00,00,00,00,00,SAT_TAL:00
QZS_SNR:00,00,00,00,00,SNR_AVG:0.00
SatInView:41 GDOP:106
Roll:-101.599846 Pitch:90.000000
X_AVG:-6.533094 Y_AVG:0.876152 Z_AVG:-2.303699
X_SD:9.174036 Y_SD:6.904396 Z_SD:4.600783
$MXCM10033,2,37,20240104,064915,12,0E7489A9,47F05A31,010F,0019,48BE,1C,F202*6D
GPS_PRN:08,04,16,31,26,09,28,21,18,19919519600,00,00,SAT_TAL:12
GPS_SNR:33,33,36,29,34,32,30,31,36,24,28,32,00,00,00,SNR_AVG:31.50
GLO_PRN:66,67,88,86,76,77,00,00,00,00,00,00,00,00,00,SAT_TAL:05
GLO_SNR:37,34,35,00,37,20,00,00,00,00,00,00,00,00,00,SNR_AVG:32.60
GAL_PRN:03,10,11,12,09,02,36,05,25,24,00,00,00,00,00,SAT_TAL:07
GAL_SNR:00,30,00,26,26,00,29,32,33,34,00,00,00,00,00,SNR_AVG:30.00
BEI_PRN:27,07,10,46,37,30,28,20,36,06,16,09,00,00,00,SAT_TAL:08
BEI_SNR:00,27,00,34,32,34,34,35,26,00,30,00,00,00,00,SNR_AVG:31.50
QZS_PRN:00,00,00,00,00,SAT_TAL:00
QZS_SNR:00,00,00,00,00,SNR_AVG:0.00
SatInView:40 GDOP:111
Roll:138.414658 Pitch:90.000000
X_AVG:-10.043783 Y_AVG:2.681416 Z_AVG:-2.274537
X_SD:7.144800 Y_SD:8.764059 Z_SD:5.564942
$MXCM10033,2,38,20240104,064930,12,0E74128E,47F04A30,0118,0018,4857,1D,F202*1E
GPS_PRN:26,09,08,28,21,18,19619519904,16,31,00,00,00,SAT_TAL:12
GPS_SNR:33,33,33,30,32,34,31,25,22,33,35,30,00,00,00,SNR_AVG:30.92
GLO_PRN:66,67,88,86,76,77,00,00,00,00,00,00,00,00,00,SAT_TAL:06
GLO_SNR:36,34,34,34,36,22,00,00,00,00,00,00,00,00,00,SNR_AVG:32.67
GAL_PRN:11,05,25,24,03,10,12,09,36,00,00,00,00,00,00,SAT_TAL:07
GAL_SNR:00,31,32,32,00,29,26,29,30,00,00,00,00,00,00,SNR_AVG:29.86
BEI_PRN:27,07,10,46,37,30,28,20,36,09,06,16,27,00,00,SAT_TAL:10
BEI_SNR:28,27,00,34,32,33,33,34,27,00,00,30,29,00,00,SNR_AVG:30.70
QZS_PRN:00,00,00,00,00,SAT_TAL:00
QZS_SNR:00,00,00,00,00,SNR_AVG:0.00
SatInView:40 GDOP:106
Roll:98.202126 Pitch:90.000000
X_AVG:-8.761231 Y_AVG:2.495958 Z_AVG:-0.947884
X_SD:6.651100 Y_SD:8.775714 Z_SD:3.314351
$MXCM10033,2,39,20240104,065146,12,0E710802,47EF9CED,00D1,0000,6C5A,0E,F201*66
GPS_PRN:31,08,09,21,28,19619519918,04,16,26,00,00,00,SAT_TAL:08
GPS_SNR:33,00,00,27,36,22,27,18,00,00,23,34,00,00,00,SNR_AVG:27.50
GLO_PRN:67,88,76,77,66,00,00,00,00,00,00,00,00,00,00,SAT_TAL:02
GLO_SNR:00,24,34,00,00,00,00,00,00,00,00,00,00,00,00,SNR_AVG:29.00
GAL_PRN:12,05,25,24,10,09,36,31,00,00,00,00,00,00,00,SAT_TAL:01
GAL_SNR:00,00,00,00,00,24,00,00,00,00,00,00,00,00,00,SNR_AVG:24.00
BEI_PRN:27,46,01,37,02,28,20,36,07,27,16,03,00,00,00,SAT_TAL:04
BEI_SNR:25,00,00,31,00,31,00,00,00,25,00,00,00,00,00,SNR_AVG:28.00
QZS_PRN:00,00,00,00,00,SAT_TAL:00
QZS_SNR:00,00,00,00,00,SNR_AVG:0.00
SatInView:37 GDOP:169
Roll:115.195122 Pitch:26.208321
X_AVG:-5.835122 Y_AVG:7.168288 Z_AVG:-4.372906
X_SD:4.989740 Y_SD:7.855500 Z_SD:5.230527
$MXCM10033,2,40,20240104,065201,12,0E7107BE,47EF9D02,00D0,0000,7BD4,11,F201*16
GPS_PRN:09,21,04,28,18,19619519916,31,26,00,00,00,00,SAT_TAL:08
GPS_SNR:00,27,00,21,00,20,27,15,18,19,21,00,00,00,00,SNR_AVG:21.00
GLO_PRN:67,88,76,77,66,00,00,00,00,00,00,00,00,00,00,SAT_TAL:02
GLO_SNR:00,17,23,00,00,00,00,00,00,00,00,00,00,00,00,SNR_AVG:20.00
GAL_PRN:09,05,25,24,10,12,36,31,00,00,00,00,00,00,00,SAT_TAL:04
GAL_SNR:18,00,00,19,24,00,18,00,00,00,00,00,00,00,00,SNR_AVG:19.75
BEI_PRN:27,46,01,37,02,28,20,36,07,27,16,03,00,00,00,SAT_TAL:05
BEI_SNR:17,14,00,22,00,20,00,00,00,22,00,00,00,00,00,SNR_AVG:19.00
QZS_PRN:00,00,00,00,00,SAT_TAL:00
QZS_SNR:00,00,00,00,00,SNR_AVG:0.00
SatInView:36 GDOP:142
Roll:90.619041 Pitch:24.261335
X_AVG:-5.275347 Y_AVG:5.781395 Z_AVG:-0.143320
X_SD:5.407468 Y_SD:7.167256 Z_SD:4.655532
$MXCM10033,2,41,20240104,065416,00,0E712A27,47EF7E47,00D0,0000,0000,00,F201*69
GPS_PRN:08,04,16,31,09,26,21,28,18,19919519600,00,00,SAT_TAL:03
GPS_SNR:00,00,00,25,00,00,20,23,00,00,00,00,00,00,00,SNR_AVG:22.67
GLO_PRN:66,77,76,00,00,00,00,00,00,00,00,00,00,00,00,SAT_TAL:00
GLO_SNR:00,00,00,00,00,00,00,00,00,00,00,00,00,00,00,SNR_AVG:0.00
GAL_PRN:36,31,05,25,10,00,00,00,00,00,00,00,00,00,00,SAT_TAL:01
GAL_SNR:23,00,00,00,00,00,00,00,00,00,00,00,00,00,00,SNR_AVG:23.00
BEI_PRN:07,27,00,00,00,00,00,00,00,00,00,00,00,00,00,SAT_TAL:00
BEI_SNR:00,00,00,00,00,00,00,00,00,00,00,00,00,00,00,SNR_AVG:0.00
QZS_PRN:00,00,00,00,00,SAT_TAL:00
QZS_SNR:00,00,00,00,00,SNR_AVG:0.00
SatInView:22 GDOP:922
Roll:72.297638 Pitch:-1.940297
X_AVG:-0.108268 Y_AVG:9.022635 Z_AVG:1.392065
X_SD:1.387641 Y_SD:1.130734 Z_SD:1.550079
$MXCM10033,2,42,20240104,065432,12,0E70F76D,47EFAA39,00D0,0000,2FD7,0C,F201*14
GPS_PRN:31,08,09,21,28,19619519918,04,16,26,00,00,00,SAT_TAL:06
GPS_SNR:27,00,00,18,29,17,25,00,17,00,00,00,00,00,00,SNR_AVG:22.17
GLO_PRN:67,88,76,77,66,00,00,00,00,00,00,00,00,00,00,SAT_TAL:02
GLO_SNR:00,23,17,00,00,00,00,00,00,00,00,00,00,00,00,SNR_AVG:20.00
GAL_PRN:12,05,25,24,10,09,36,31,00,00,00,00,00,00,00,SAT_TAL:04
GAL_SNR:21,15,00,23,00,00,14,00,00,00,00,00,00,00,00,SNR_AVG:18.25
BEI_PRN:27,46,01,37,02,28,20,36,07,27,16,03,00,00,00,SAT_TAL:02
BEI_SNR:25,00,00,00,00,00,00,00,00,19,00,00,00,00,00,SNR_AVG:22.00
QZS_PRN:00,00,00,00,00,SAT_TAL:00
QZS_SNR:00,00,00,00,00,SNR_AVG:0.00
SatInView:37 GDOP:155
Roll:82.137543 Pitch:-20.129364
X_AVG:3.720521 Y_AVG:8.078726 Z_AVG:2.255048
X_SD:0.657773 Y_SD:0.463755 Z_SD:1.137946
$MXCM10033,2,43,20240104,065648,12,0E70FFDB,47EFA130,00CF,0000,7DBE,10,F201*16
GPS_PRN:09,08,26,21,28,19619519918,04,16,31,00,00,00,SAT_TAL:08
GPS_SNR:00,20,17,21,30,23,25,00,00,00,17,45,00,00,00,SNR_AVG:24.75
GLO_PRN:66,67,88,86,76,77,00,00,00,00,00,00,00,00,00,SAT_TAL:03
GLO_SNR:00,00,30,33,24,00,00,00,00,00,00,00,00,00,00,SNR_AVG:29.00
GAL_PRN:12,05,25,24,10,09,36,31,00,00,00,00,00,00,00,SAT_TAL:05
GAL_SNR:00,21,00,25,36,40,32,00,00,00,00,00,00,00,00,SNR_AVG:30.80
BEI_PRN:27,46,01,02,37,28,36,20,07,27,16,03,00,00,00,SAT_TAL:04
BEI_SNR:16,00,00,00,30,22,00,00,00,36,00,00,00,00,00,SNR_AVG:26.00
QZS_PRN:00,00,00,00,00,SAT_TAL:00
QZS_SNR:00,00,00,00,00,SNR_AVG:0.00
SatInView:38 GDOP:142
Roll:95.864914 Pitch:4.572033
X_AVG:-0.965793 Y_AVG:9.382586 Z_AVG:-1.164994
X_SD:0.112594 Y_SD:0.091884 Z_SD:0.125553
$MXCM10033,2,44,20240104,065703,12,0E7100AE,47EFA1F9,00CF,0000,8165,13,F201*1D
GPS_PRN:31,26,21,19619519928,18,04,16,08,00,00,00,00,SAT_TAL:10
GPS_SNR:45,22,15,20,19,19,35,23,00,21,26,00,00,00,00,SNR_AVG:24.50
GLO_PRN:67,66,88,86,76,77,00,00,00,00,00,00,00,00,00,SAT_TAL:04
GLO_SNR:00,19,28,29,19,00,00,00,00,00,00,00,00,00,00,SNR_AVG:23.75
GAL_PRN:24,05,25,10,09,36,00,00,00,00,00,00,00,00,00,SAT_TAL:05
GAL_SNR:24,16,00,37,39,33,00,00,00,00,00,00,00,00,00,SNR_AVG:29.80
BEI_PRN:27,46,37,28,36,27,16,06,07,00,00,00,00,00,00,SAT_TAL:05
BEI_SNR:14,00,30,20,00,35,17,00,00,00,00,00,00,00,00,SNR_AVG:23.20
QZS_PRN:00,00,00,00,00,SAT_TAL:00
QZS_SNR:00,00,00,00,00,SNR_AVG:0.00
SatInView:32 GDOP:120
Roll:95.957016 Pitch:3.540006
X_AVG:-0.971826 Y_AVG:9.388524 Z_AVG:-1.182807
X_SD:0.095832 Y_SD:0.083109 Z_SD:0.131543
$MXCM10033,2,45,20240104,065919,12,0E70FF53,47EFA6EC,00CF,0000,6E6B,15,F201*6F
GPS_PRN:31,08,26,21,19619519928,18,04,16,09,00,00,00,SAT_TAL:10
GPS_SNR:41,20,24,29,28,16,19,27,15,00,23,00,00,00,00,SNR_AVG:24.20
GLO_PRN:88,76,77,66,00,00,00,00,00,00,00,00,00,00,00,SAT_TAL:03
GLO_SNR:25,23,00,20,00,00,00,00,00,00,00,00,00,00,00,SNR_AVG:22.67
GAL_PRN:12,25,05,24,10,36,09,00,00,00,00,00,00,00,00,SAT_TAL:05
GAL_SNR:00,22,00,23,33,31,23,00,00,00,00,00,00,00,00,SNR_AVG:26.40
BEI_PRN:27,01,37,02,28,36,20,22,07,27,16,46,00,00,00,SAT_TAL:04
BEI_SNR:00,00,30,00,21,00,00,00,00,35,00,26,00,00,00,SNR_AVG:28.00
QZS_PRN:00,00,00,00,00,SAT_TAL:00
QZS_SNR:00,00,00,00,00,SNR_AVG:0.00
SatInView:35 GDOP:111
Roll:96.063713 Pitch:2.638385
X_AVG:-0.991124 Y_AVG:9.395851 Z_AVG:-1.156662
X_SD:0.098843 Y_SD:0.071801 Z_SD:0.129071
$MXCM10033,2,46,20240104,065934,12,0E70FF79,47EFA633,00CF,0000,6E6B,16,F201*6E
GPS_PRN:31,26,21,08,28,18,19619519904,16,09,00,00,00,SAT_TAL:11
GPS_SNR:41,23,21,19,27,18,28,17,20,19,19,00,00,00,00,SNR_AVG:22.91
GLO_PRN:66,88,86,76,77,00,00,00,00,00,00,00,00,00,00,SAT_TAL:02
GLO_SNR:00,20,00,26,00,00,00,00,00,00,00,00,00,00,00,SNR_AVG:23.00
GAL_PRN:12,25,05,24,03,10,11,36,09,00,00,00,00,00,00,SAT_TAL:07
GAL_SNR:18,22,17,22,00,31,00,31,21,00,00,00,00,00,00,SNR_AVG:23.14
BEI_PRN:27,07,46,10,30,37,28,36,19,20,27,16,06,09,00,SAT_TAL:07
BEI_SNR:20,00,24,00,20,31,18,00,00,00,34,20,00,00,00,SNR_AVG:23.86
QZS_PRN:00,00,00,00,00,SAT_TAL:00
QZS_SNR:00,00,00,00,00,SNR_AVG:0.00
SatInView:40 GDOP:112
Roll:95.889450 Pitch:3.086823
X_AVG:-0.989831 Y_AVG:9.397622 Z_AVG:-1.174811
X_SD:0.089512 Y_SD:0.074570 Z_SD:0.134849
$MXCM10033,2,47,20240104,070150,12,0E710462,47EFA4AE,00CF,0000,6E19,17,F201*15
GPS_PRN:08,04,16,31,09,26,21,28,18,19919519600,00,00,SAT_TAL:10
GPS_SNR:19,24,26,43,00,27,20,34,00,19,32,28,00,00,00,SNR_AVG:27.20
GLO_PRN:88,76,77,66,00,00,00,00,00,00,00,00,00,00,00,SAT_TAL:03
GLO_SNR:24,34,00,21,00,00,00,00,00,00,00,00,00,00,00,SNR_AVG:26.33
GAL_PRN:10,12,36,09,25,05,24,00,00,00,00,00,00,00,00,SAT_TAL:06
GAL_SNR:38,00,27,35,16,20,20,00,00,00,00,00,00,00,00,SNR_AVG:26.00
BEI_PRN:07,46,01,37,02,28,36,20,22,16,27,03,00,00,00,SAT_TAL:05
BEI_SNR:00,21,00,23,00,22,00,16,00,00,25,00,00,00,00,SNR_AVG:21.40
QZS_PRN:00,00,00,00,00,SAT_TAL:00
QZS_SNR:00,00,00,00,00,SNR_AVG:0.00
SatInView:35 GDOP:111
Roll:95.267654 Pitch:4.399377
X_AVG:-1.010086 Y_AVG:9.401932 Z_AVG:-1.158578
X_SD:0.089533 Y_SD:0.072956 Z_SD:0.137731
$MXCM10033,2,48,20240104,070205,12,0E710314,47EFA627,00CF,0000,6E19,19,F201*12
GPS_PRN:31,26,21,28,08,19519904,16,09,19600,00,00,00,SAT_TAL:11
GPS_SNR:42,28,26,34,18,30,20,25,26,16,28,00,00,00,00,SNR_AVG:26.64
GLO_PRN:86,76,77,66,88,00,00,00,00,00,00,00,00,00,00,SAT_TAL:04
GLO_SNR:25,32,00,19,18,00,00,00,00,00,00,00,00,00,00,SNR_AVG:23.50
GAL_PRN:02,25,05,24,03,10,11,12,36,09,00,00,00,00,00,SAT_TAL:07
GAL_SNR:00,14,21,18,00,38,00,20,27,35,00,00,00,00,00,SNR_AVG:24.71
BEI_PRN:27,07,46,10,30,37,28,36,19,20,09,06,16,27,00,SAT_TAL:09
BEI_SNR:23,00,24,00,26,26,19,17,00,17,17,00,00,25,00,SNR_AVG:21.56
QZS_PRN:00,00,00,00,00,SAT_TAL:00
QZS_SNR:00,00,00,00,00,SNR_AVG:0.00
SatInView:40 GDOP:98
Roll:94.748390 Pitch:2.313612
X_AVG:-1.000605 Y_AVG:9.397191 Z_AVG:-1.173182
X_SD:0.084343 Y_SD:0.061214 Z_SD:0.139101
$MXCM10033,2,49,20240104,070421,12,0E710032,47EFAA4B,00D0,0000,2DBC,0C,F201*16
GPS_PRN:08,04,16,31,09,26,21,28,18,19919519600,00,00,SAT_TAL:09
GPS_SNR:00,17,24,38,17,26,22,31,00,19,00,31,00,00,00,SNR_AVG:25.00
GLO_PRN:66,88,76,86,77,00,00,00,00,00,00,00,00,00,00,SAT_TAL:02
GLO_SNR:00,00,20,24,00,00,00,00,00,00,00,00,00,00,00,SNR_AVG:22.00
GAL_PRN:10,12,36,09,25,05,24,00,00,00,00,00,00,00,00,SAT_TAL:01
GAL_SNR:00,00,00,38,00,00,00,00,00,00,00,00,00,00,00,SNR_AVG:38.00
BEI_PRN:07,46,01,02,37,28,36,20,22,16,27,03,00,00,00,SAT_TAL:01
BEI_SNR:00,00,00,00,31,00,00,00,00,00,00,00,00,00,00,SNR_AVG:31.00
QZS_PRN:00,00,00,00,00,SAT_TAL:00
QZS_SNR:00,00,00,00,00,SNR_AVG:0.00
SatInView:36 GDOP:132
Roll:95.398315 Pitch:4.637639
X_AVG:-1.006495 Y_AVG:9.400879 Z_AVG:-1.150006
X_SD:0.084796 Y_SD:0.065585 Z_SD:0.130097
$MXCM10033,2,50,20240104,070436,12,0E7100F0,47EFA4F0,00D0,0000,7BE2,17,F201*1A
GPS_PRN:09,26,21,28,08,19519904,16,31,19600,00,00,00,SAT_TAL:11
GPS_SNR:13,27,20,34,24,20,20,20,22,37,31,00,00,00,00,SNR_AVG:24.36
GLO_PRN:86,76,77,66,88,00,00,00,00,00,00,00,00,00,00,SAT_TAL:03
GLO_SNR:18,30,00,00,23,00,00,00,00,00,00,00,00,00,00,SNR_AVG:23.67
GAL_PRN:02,25,05,24,03,11,10,12,36,09,00,00,00,00,00,SAT_TAL:06
GAL_SNR:00,20,00,16,00,00,28,18,26,38,00,00,00,00,00,SNR_AVG:24.33
BEI_PRN:27,07,46,10,30,37,28,36,19,20,09,06,16,27,00,SAT_TAL:08
BEI_SNR:30,16,00,00,23,31,19,18,00,22,00,00,00,24,00,SNR_AVG:22.88
QZS_PRN:00,00,00,00,00,SAT_TAL:00
QZS_SNR:00,00,00,00,00,SNR_AVG:0.00
SatInView:40 GDOP:99
Roll:96.207603 Pitch:2.985223
X_AVG:-1.007165 Y_AVG:9.399825 Z_AVG:-1.148809
X_SD:0.088144 Y_SD:0.072051 Z_SD:0.129269
$MXCM10033,2,51,20240104,070652,12,0E71030F,47EFA52A,00D0,0000,7D6C,0F,F201*68
GPS_PRN:08,04,16,09,31,26,21,28,07,18,19919519600,00,SAT_TAL:11
GPS_SNR:19,00,20,16,43,33,22,26,00,17,20,25,18,00,00,SNR_AVG:23.55
GLO_PRN:88,76,00,00,00,00,00,00,00,00,00,00,00,00,00,SAT_TAL:02
GLO_SNR:21,22,00,00,00,00,00,00,00,00,00,00,00,00,00,SNR_AVG:21.50
GAL_PRN:24,12,36,09,05,10,25,00,00,00,00,00,00,00,00,SAT_TAL:02
GAL_SNR:00,00,00,35,00,29,00,00,00,00,00,00,00,00,00,SNR_AVG:32.00
BEI_PRN:07,46,01,02,37,28,36,20,22,27,16,03,00,00,00,SAT_TAL:01
BEI_SNR:00,00,00,00,00,20,00,00,00,00,00,00,00,00,00,SNR_AVG:20.00
QZS_PRN:00,00,00,00,00,SAT_TAL:00
QZS_SNR:00,00,00,00,00,SNR_AVG:0.00
SatInView:34 GDOP:119
Roll:95.649147 Pitch:3.733638
X_AVG:-1.023781 Y_AVG:9.403608 Z_AVG:-1.172512
X_SD:0.080754 Y_SD:0.068040 Z_SD:0.132126
$MXCM10033,2,52,20240104,070707,12,0E70FF61,47EFA672,00D0,0000,75E5,16,F201*69
GPS_PRN:09,26,21,08,28,07,19619519904,16,31,00,00,00,SAT_TAL:11
GPS_SNR:14,34,26,20,27,00,21,21,22,17,21,42,00,00,00,SNR_AVG:24.09
GLO_PRN:88,76,86,66,00,00,00,00,00,00,00,00,00,00,00,SAT_TAL:02
GLO_SNR:14,27,00,00,00,00,00,00,00,00,00,00,00,00,00,SNR_AVG:20.50
GAL_PRN:12,25,05,10,11,24,03,36,09,00,00,00,00,00,00,SAT_TAL:06
GAL_SNR:00,17,20,31,00,25,00,25,35,00,00,00,00,00,00,SNR_AVG:25.50
BEI_PRN:27,07,46,10,30,37,28,36,19,20,09,06,16,27,00,SAT_TAL:07
BEI_SNR:25,00,21,00,21,27,19,00,00,00,00,00,19,20,00,SNR_AVG:21.71
QZS_PRN:00,00,00,00,00,SAT_TAL:00
QZS_SNR:00,00,00,00,00,SNR_AVG:0.00
SatInView:39 GDOP:111
Roll:95.290924 Pitch:2.735782
X_AVG:-1.011714 Y_AVG:9.393839 Z_AVG:-1.170645
X_SD:0.077674 Y_SD:0.065838 Z_SD:0.126184
$MXCM10033,2,53,20240104,070923,12,0E7101B8,47EFA26F,00CF,0000,7851,11,F201*63
GPS_PRN:09,26,08,21,19619519907,28,18,04,16,31,00,00,SAT_TAL:08
GPS_SNR:17,26,19,26,00,24,22,00,00,00,00,19,39,00,00,SNR_AVG:24.00
GLO_PRN:76,66,88,00,00,00,00,00,00,00,00,00,00,00,00,SAT_TAL:02
GLO_SNR:19,00,25,00,00,00,00,00,00,00,00,00,00,00,00,SNR_AVG:22.00
GAL_PRN:36,25,05,10,24,12,09,00,00,00,00,00,00,00,00,SAT_TAL:04
GAL_SNR:25,00,00,32,18,00,33,00,00,00,00,00,00,00,00,SNR_AVG:27.00
BEI_PRN:27,46,01,02,37,28,36,20,22,07,27,16,03,00,00,SAT_TAL:03
BEI_SNR:00,20,00,00,33,25,00,00,00,00,00,00,00,00,00,SNR_AVG:26.00
QZS_PRN:00,00,00,00,00,SAT_TAL:00
QZS_SNR:00,00,00,00,00,SNR_AVG:0.00
SatInView:36 GDOP:122
Roll:95.633430 Pitch:2.900173
X_AVG:-1.022440 Y_AVG:9.397096 Z_AVG:-1.152065
X_SD:0.081580 Y_SD:0.064008 Z_SD:0.131466
$MXCM10033,2,54,20240104,070938,12,0E7101B8,47EFA3E4,00CF,0000,7684,19,F201*60
GPS_PRN:09,26,08,21,07,28,19619519918,04,16,31,00,00,SAT_TAL:12
GPS_SNR:18,23,18,28,00,19,17,27,21,17,15,25,39,00,00,SNR_AVG:22.25
GLO_PRN:66,76,86,88,00,00,00,00,00,00,00,00,00,00,00,SAT_TAL:02
GLO_SNR:00,26,00,25,00,00,00,00,00,00,00,00,00,00,00,SNR_AVG:25.50
GAL_PRN:03,25,05,11,24,10,12,36,09,00,00,00,00,00,00,SAT_TAL:06
GAL_SNR:00,18,15,00,16,32,00,25,33,00,00,00,00,00,00,SNR_AVG:23.17
BEI_PRN:27,07,46,10,30,37,28,36,20,09,16,06,27,00,00,SAT_TAL:08
BEI_SNR:21,00,20,00,00,34,25,16,15,00,00,20,26,00,00,SNR_AVG:22.12
QZS_PRN:00,00,00,00,00,SAT_TAL:00
QZS_SNR:00,00,00,00,00,SNR_AVG:0.00
SatInView:39 GDOP:99
Roll:95.472130 Pitch:4.618828
X_AVG:-1.031874 Y_AVG:9.399538 Z_AVG:-1.164898
X_SD:0.093512 Y_SD:0.063936 Z_SD:0.116569
$MXCM10033,2,55,20240104,071154,12,0E7103EB,47EFA13B,00B7,0000,7282,0E,F201*10
GPS_PRN:08,04,16,09,31,26,21,07,28,18,19919519600,00,SAT_TAL:08
GPS_SNR:00,00,28,00,43,21,31,00,00,19,21,19,24,00,00,SNR_AVG:25.75
GLO_PRN:66,88,00,00,00,00,00,00,00,00,00,00,00,00,00,SAT_TAL:01
GLO_SNR:00,24,00,00,00,00,00,00,00,00,00,00,00,00,00,SNR_AVG:24.00
GAL_PRN:24,12,36,09,05,10,25,00,00,00,00,00,00,00,00,SAT_TAL:04
GAL_SNR:27,00,00,34,18,29,00,00,00,00,00,00,00,00,00,SNR_AVG:27.00
BEI_PRN:07,46,01,02,37,28,36,20,22,27,16,03,00,00,00,SAT_TAL:02
BEI_SNR:00,00,00,00,27,25,00,00,00,00,00,00,00,00,00,SNR_AVG:26.00
QZS_PRN:00,00,00,00,00,SAT_TAL:00
QZS_SNR:00,00,00,00,00,SNR_AVG:0.00
SatInView:34 GDOP:164
Roll:96.394646 Pitch:4.474453
X_AVG:-1.030581 Y_AVG:9.398628 Z_AVG:-1.141004
X_SD:0.079902 Y_SD:0.071613 Z_SD:0.126297
$MXCM10033,2,56,20240104,071209,12,0E710214,47EFA536,00A9,0000,7520,14,F201*19
GPS_PRN:09,26,08,21,19619519907,28,18,16,31,04,00,00,SAT_TAL:10
GPS_SNR:19,25,19,32,24,24,20,00,19,00,26,43,00,00,00,SNR_AVG:25.10
GLO_PRN:88,66,00,00,00,00,00,00,00,00,00,00,00,00,00,SAT_TAL:01
GLO_SNR:21,00,00,00,00,00,00,00,00,00,00,00,00,00,00,SNR_AVG:21.00
GAL_PRN:36,25,05,10,24,12,09,00,00,00,00,00,00,00,00,SAT_TAL:06
GAL_SNR:21,17,18,30,27,00,33,00,00,00,00,00,00,00,00,SNR_AVG:24.33
BEI_PRN:27,01,02,37,28,36,20,22,07,27,16,46,00,00,00,SAT_TAL:03
BEI_SNR:00,00,00,26,25,00,00,00,00,24,00,00,00,00,00,SNR_AVG:25.00
QZS_PRN:00,00,00,00,00,SAT_TAL:00
QZS_SNR:00,00,00,00,00,SNR_AVG:0.00
SatInView:34 GDOP:114
Roll:95.453255 Pitch:4.892997
X_AVG:-1.023781 Y_AVG:9.400687 Z_AVG:-1.155513
X_SD:0.082834 Y_SD:0.069360 Z_SD:0.128101
$MXCM10033,2,57,20240104,071425,12,0E7104AF,47EF9D32,00A9,0000,7570,12,F201*1A
GPS_PRN:08,04,16,09,31,26,21,07,28,18,19919519600,00,SAT_TAL:08
GPS_SNR:22,00,26,00,43,31,31,00,22,00,00,36,17,00,00,SNR_AVG:28.50
GLO_PRN:66,88,00,00,00,00,00,00,00,00,00,00,00,00,00,SAT_TAL:01
GLO_SNR:20,00,00,00,00,00,00,00,00,00,00,00,00,00,00,SNR_AVG:20.00
GAL_PRN:24,12,36,09,05,10,25,00,00,00,00,00,00,00,00,SAT_TAL:06
GAL_SNR:21,00,22,28,24,34,18,00,00,00,00,00,00,00,00,SNR_AVG:24.50
BEI_PRN:07,46,01,02,37,28,36,20,22,27,16,03,00,00,00,SAT_TAL:03
BEI_SNR:00,26,00,00,25,30,00,00,00,00,00,00,00,00,00,SNR_AVG:27.00
QZS_PRN:00,00,00,00,00,SAT_TAL:00
QZS_SNR:00,00,00,00,00,SNR_AVG:0.00
SatInView:34 GDOP:123
Roll:94.958565 Pitch:3.853196
X_AVG:-1.035130 Y_AVG:9.406768 Z_AVG:-1.146080
X_SD:0.081942 Y_SD:0.067267 Z_SD:0.129736
$MXCM10033,2,58,20240104,071440,12,0E7102A1,47EF9FF5,00A9,0000,6F00,17,F201*67
GPS_PRN:09,26,21,08,02,19619519907,28,04,16,31,00,00,SAT_TAL:10
GPS_SNR:00,27,29,21,00,16,34,21,00,24,15,25,43,00,00,SNR_AVG:25.50
GLO_PRN:86,88,66,00,00,00,00,00,00,00,00,00,00,00,00,SAT_TAL:01
GLO_SNR:00,20,00,00,00,00,00,00,00,00,00,00,00,00,00,SNR_AVG:20.00
GAL_PRN:36,25,05,11,10,03,24,09,00,00,00,00,00,00,00,SAT_TAL:06
GAL_SNR:27,19,23,00,34,00,21,26,00,00,00,00,00,00,00,SNR_AVG:25.00
BEI_PRN:27,07,46,10,30,37,28,36,20,22,09,06,16,27,00,SAT_TAL:11
BEI_SNR:25,00,26,00,21,26,29,15,17,16,00,18,21,21,00,SNR_AVG:21.36
QZS_PRN:00,00,00,00,00,SAT_TAL:00
QZS_SNR:00,00,00,00,00,SNR_AVG:0.00
SatInView:38 GDOP:103
Roll:95.392967 Pitch:4.456682
X_AVG:-1.018945 Y_AVG:9.402363 Z_AVG:-1.154842
X_SD:0.089661 Y_SD:0.076974 Z_SD:0.127641
$MXCM10033,2,59,20240104,071656,12,0E7100E1,47EFA11C,00A9,0000,4DE0,13,F201*1A
GPS_PRN:09,26,08,21,19619519928,18,04,16,31,00,00,00,SAT_TAL:08
GPS_SNR:00,17,00,22,00,34,00,25,15,18,26,41,00,00,00,SNR_AVG:24.75
GLO_PRN:88,66,78,00,00,00,00,00,00,00,00,00,00,00,00,SAT_TAL:01
GLO_SNR:24,00,00,00,00,00,00,00,00,00,00,00,00,00,00,SNR_AVG:24.00
GAL_PRN:36,25,05,10,24,12,09,00,00,00,00,00,00,00,00,SAT_TAL:06
GAL_SNR:28,18,17,30,27,00,22,00,00,00,00,00,00,00,00,SNR_AVG:23.67
BEI_PRN:27,46,01,37,28,36,20,22,07,27,16,03,00,00,00,SAT_TAL:06
BEI_SNR:00,22,00,33,25,16,19,00,00,28,00,00,00,00,00,SNR_AVG:23.83
QZS_PRN:00,00,00,00,00,SAT_TAL:00
QZS_SNR:00,00,00,00,00,SNR_AVG:0.00
SatInView:34 GDOP:110
Roll:95.687271 Pitch:4.094391
X_AVG:-1.040924 Y_AVG:9.399777 Z_AVG:-1.164994
X_SD:0.082359 Y_SD:0.065664 Z_SD:0.126605
$MXCM10033,2,60,20240104,071711,12,0E7103E0,47EF9FCE,00A9,0000,4DE0,14,F201*6C
GPS_PRN:09,26,21,08,07,28,19619519904,16,31,00,00,00,SAT_TAL:10
GPS_SNR:15,00,19,17,00,25,24,34,20,17,25,41,00,00,00,SNR_AVG:23.70
GLO_PRN:78,86,88,66,00,00,00,00,00,00,00,00,00,00,00,SAT_TAL:02
GLO_SNR:00,24,19,00,00,00,00,00,00,00,00,00,00,00,00,SNR_AVG:21.50
GAL_PRN:12,25,05,11,10,03,24,36,09,00,00,00,00,00,00,SAT_TAL:06
GAL_SNR:00,19,13,00,29,00,28,29,21,00,00,00,00,00,00,SNR_AVG:23.17
BEI_PRN:27,07,46,10,30,37,28,36,20,09,16,06,27,00,00,SAT_TAL:09
BEI_SNR:00,00,18,00,20,31,26,16,14,00,23,19,29,00,00,SNR_AVG:21.78
QZS_PRN:00,00,00,00,00,SAT_TAL:00
QZS_SNR:00,00,00,00,00,SNR_AVG:0.00
SatInView:38 GDOP:107
Roll:96.042938 Pitch:3.359063
X_AVG:-1.023781 Y_AVG:9.410264 Z_AVG:-1.179216
X_SD:0.080012 Y_SD:0.078158 Z_SD:0.134414
$MXCM10033,2,61,20240104,071927,12,0E710810,47EF9A67,00A9,0001,7FAC,0A,F201*1A
GPS_PRN:09,08,21,19619519926,07,28,18,04,16,31,00,00,SAT_TAL:07
GPS_SNR:00,00,26,27,34,20,00,00,25,00,00,15,41,00,00,SNR_AVG:26.86
GLO_PRN:88,66,78,00,00,00,00,00,00,00,00,00,00,00,00,SAT_TAL:02
GLO_SNR:26,17,00,00,00,00,00,00,00,00,00,00,00,00,00,SNR_AVG:21.50
GAL_PRN:36,25,10,24,12,09,00,00,00,00,00,00,00,00,00,SAT_TAL:01
GAL_SNR:00,00,00,00,25,00,00,00,00,00,00,00,00,00,00,SNR_AVG:25.00
BEI_PRN:27,46,01,37,28,36,20,22,07,27,16,03,00,00,00,SAT_TAL:02
BEI_SNR:00,00,00,28,00,00,00,00,00,23,00,00,00,00,00,SNR_AVG:25.50
QZS_PRN:00,00,00,00,00,SAT_TAL:00
QZS_SNR:00,00,00,00,00,SNR_AVG:0.00
SatInView:34 GDOP:176
Roll:95.455635 Pitch:3.658132
X_AVG:-1.029958 Y_AVG:9.398724 Z_AVG:-1.159966
X_SD:0.073474 Y_SD:0.067995 Z_SD:0.119982
$MXCM10033,2,62,20240104,071942,12,0E7106C5,47EFA0FB,00A8,0000,7E9C,11,F201*65
GPS_PRN:09,31,21,26,19619519902,07,28,18,04,16,08,00,SAT_TAL:09
GPS_SNR:00,42,30,00,28,34,21,00,00,24,00,18,16,20,00,SNR_AVG:25.89
GLO_PRN:78,88,66,68,00,00,00,00,00,00,00,00,00,00,00,SAT_TAL:01
GLO_SNR:00,28,00,00,00,00,00,00,00,00,00,00,00,00,00,SNR_AVG:28.00
GAL_PRN:24,25,05,10,12,36,09,00,00,00,00,00,00,00,00,SAT_TAL:05
GAL_SNR:15,17,00,24,26,22,00,00,00,00,00,00,00,00,00,SNR_AVG:20.80
BEI_PRN:27,46,01,37,28,36,20,22,07,27,16,03,00,00,00,SAT_TAL:06
BEI_SNR:00,19,00,23,21,14,14,00,00,24,00,00,00,00,00,SNR_AVG:19.17
QZS_PRN:00,00,00,00,00,SAT_TAL:00
QZS_SNR:00,00,00,00,00,SNR_AVG:0.00
SatInView:37 GDOP:115
Roll:95.921997 Pitch:3.390649
X_AVG:-1.025409 Y_AVG:9.392499 Z_AVG:-1.162983
X_SD:0.075916 Y_SD:0.067411 Z_SD:0.129960
$MXCM10033,2,63,20240104,072158,12,0E710403,47EFA5AC,00A8,0000,7252,14,F201*1F
GPS_PRN:08,04,16,09,21,31,26,07,28,19919519600,00,00,SAT_TAL:10
GPS_SNR:19,00,23,19,23,40,20,00,22,20,30,30,00,00,00,SNR_AVG:24.60
GLO_PRN:78,66,88,00,00,00,00,00,00,00,00,00,00,00,00,SAT_TAL:01
GLO_SNR:00,00,25,00,00,00,00,00,00,00,00,00,00,00,00,SNR_AVG:25.00
GAL_PRN:24,12,36,09,25,05,10,00,00,00,00,00,00,00,00,SAT_TAL:06
GAL_SNR:27,18,20,19,20,00,34,00,00,00,00,00,00,00,00,SNR_AVG:23.00
BEI_PRN:16,03,01,02,37,36,28,20,22,07,27,46,00,00,00,SAT_TAL:05
BEI_SNR:00,00,00,00,24,00,23,17,00,00,20,18,00,00,00,SNR_AVG:20.40
QZS_PRN:00,00,00,00,00,SAT_TAL:00
QZS_SNR:00,00,00,00,00,SNR_AVG:0.00
SatInView:34 GDOP:113
Roll:94.710106 Pitch:5.422819
X_AVG:-1.037285 Y_AVG:9.410025 Z_AVG:-1.139854
X_SD:0.083520 Y_SD:0.089976 Z_SD:0.123409
$MXCM10033,2,64,20240104,072213,12,0E710474,47EFA400,00A8,0000,72DD,15,F201*11
GPS_PRN:09,31,08,26,19619519907,04,16,21,00,00,00,00,SAT_TAL:10
GPS_SNR:18,40,20,21,30,31,20,00,18,16,29,00,00,00,00,SNR_AVG:24.30
GLO_PRN:88,66,78,00,00,00,00,00,00,00,00,00,00,00,00,SAT_TAL:02
GLO_SNR:21,21,00,00,00,00,00,00,00,00,00,00,00,00,00,SNR_AVG:21.00
GAL_PRN:36,25,05,10,24,12,09,00,00,00,00,00,00,00,00,SAT_TAL:06
GAL_SNR:19,20,00,34,25,17,18,00,00,00,00,00,00,00,00,SNR_AVG:22.17
BEI_PRN:27,03,01,37,36,28,20,22,07,27,16,46,00,00,00,SAT_TAL:04
BEI_SNR:00,00,00,21,00,21,00,00,00,18,00,17,00,00,00,SNR_AVG:19.25
QZS_PRN:00,00,00,00,00,SAT_TAL:00
QZS_SNR:00,00,00,00,00,SNR_AVG:0.00
SatInView:33 GDOP:110
Roll:96.021980 Pitch:4.511486
X_AVG:-1.026559 Y_AVG:9.391637 Z_AVG:-1.141530
X_SD:0.079069 Y_SD:0.081116 Z_SD:0.143258
$MXCM10033,2,65,20240104,072429,12,0E7104FA,47EFA4A7,00A9,0000,7CF9,10,F201*67
GPS_PRN:08,04,16,09,21,31,26,28,19919519600,00,00,00,SAT_TAL:09
GPS_SNR:21,00,27,24,34,40,25,00,19,30,33,00,00,00,00,SNR_AVG:28.11
GLO_PRN:78,66,88,00,00,00,00,00,00,00,00,00,00,00,00,SAT_TAL:01
GLO_SNR:00,00,22,00,00,00,00,00,00,00,00,00,00,00,00,SNR_AVG:22.00
GAL_PRN:24,12,36,09,25,10,05,00,00,00,00,00,00,00,00,SAT_TAL:03
GAL_SNR:00,00,25,00,18,31,00,00,00,00,00,00,00,00,00,SNR_AVG:24.67
BEI_PRN:16,03,01,37,36,28,20,22,07,27,46,00,00,00,00,SAT_TAL:03
BEI_SNR:00,00,00,28,00,00,23,00,00,00,24,00,00,00,00,SNR_AVG:25.00
QZS_PRN:00,00,00,00,00,SAT_TAL:00
QZS_SNR:00,00,00,00,00,SNR_AVG:0.00
SatInView:32 GDOP:123
Roll:95.103653 Pitch:3.939369
X_AVG:-1.038195 Y_AVG:9.414430 Z_AVG:-1.155752
X_SD:0.083765 Y_SD:0.105948 Z_SD:0.140778
$MXCM10033,2,66,20240104,072444,12,0E7104EE,47EFA21B,00A9,0000,75F5,16,F201*17
GPS_PRN:09,31,26,28,08,19904,16,21,19619500,00,00,00,SAT_TAL:10
GPS_SNR:23,39,25,00,17,19,16,28,33,33,31,00,00,00,00,SNR_AVG:26.40
GLO_PRN:86,88,78,66,00,00,00,00,00,00,00,00,00,00,00,SAT_TAL:02
GLO_SNR:00,21,00,23,00,00,00,00,00,00,00,00,00,00,00,SNR_AVG:22.00
GAL_PRN:36,25,11,10,05,03,24,12,02,09,00,00,00,00,00,SAT_TAL:06
GAL_SNR:26,18,00,32,18,00,20,00,00,15,00,00,00,00,00,SNR_AVG:21.50
BEI_PRN:27,07,46,10,30,01,37,36,28,20,09,16,06,27,00,SAT_TAL:06
BEI_SNR:00,00,22,00,00,00,29,00,17,22,00,20,00,17,00,SNR_AVG:21.17
QZS_PRN:00,00,00,00,00,SAT_TAL:00
QZS_SNR:00,00,00,00,00,SNR_AVG:0.00
SatInView:39 GDOP:110
Roll:95.293472 Pitch:4.266469
X_AVG:-1.037381 Y_AVG:9.419602 Z_AVG:-1.147085
X_SD:0.084249 Y_SD:0.105119 Z_SD:0.129829
$MXCM10033,2,67,20240104,072700,12,0E70FF04,47EFAC02,00A9,0000,3549,0F,F201*1F
GPS_PRN:09,26,08,31,19619519928,04,16,21,00,00,00,00,SAT_TAL:06
GPS_SNR:00,27,00,39,32,27,00,00,22,00,26,00,00,00,00,SNR_AVG:28.83
GLO_PRN:88,66,78,00,00,00,00,00,00,00,00,00,00,00,00,SAT_TAL:02
GLO_SNR:21,24,00,00,00,00,00,00,00,00,00,00,00,00,00,SNR_AVG:22.50
GAL_PRN:36,25,10,05,24,12,09,00,00,00,00,00,00,00,00,SAT_TAL:04
GAL_SNR:20,00,00,19,20,24,00,00,00,00,00,00,00,00,00,SNR_AVG:20.75
BEI_PRN:27,03,01,37,36,28,20,29,07,27,16,46,00,00,00,SAT_TAL:05
BEI_SNR:20,00,00,35,00,17,20,00,00,26,00,00,00,00,00,SNR_AVG:23.60
QZS_PRN:00,00,00,00,00,SAT_TAL:00
QZS_SNR:00,00,00,00,00,SNR_AVG:0.00
SatInView:33 GDOP:140
Roll:95.896729 Pitch:3.748569
X_AVG:-1.045665 Y_AVG:9.406577 Z_AVG:-1.102313
X_SD:0.085026 Y_SD:0.066388 Z_SD:0.131617
$MXCM10033,2,68,20240104,072715,12,0E7104DA,47EFA32E,00A9,0000,72EC,13,F201*69
GPS_PRN:21,08,19619519931,07,04,09,26,00,00,00,00,00,SAT_TAL:09
GPS_SNR:22,00,31,25,21,39,18,16,21,29,00,00,00,00,00,SNR_AVG:24.67
GLO_PRN:88,66,78,00,00,00,00,00,00,00,00,00,00,00,00,SAT_TAL:02
GLO_SNR:20,18,00,00,00,00,00,00,00,00,00,00,00,00,00,SNR_AVG:19.00
GAL_PRN:09,05,24,12,36,00,00,00,00,00,00,00,00,00,00,SAT_TAL:05
GAL_SNR:17,19,19,24,16,00,00,00,00,00,00,00,00,00,00,SNR_AVG:19.00
BEI_PRN:27,37,36,28,19,20,07,27,16,46,00,00,00,00,00,SAT_TAL:07
BEI_SNR:22,35,00,14,00,19,00,25,19,20,00,00,00,00,00,SNR_AVG:22.00
QZS_PRN:00,00,00,00,00,SAT_TAL:00
QZS_SNR:00,00,00,00,00,SNR_AVG:0.00
SatInView:28 GDOP:107
Roll:95.524063 Pitch:3.433918
X_AVG:-1.004196 Y_AVG:9.417160 Z_AVG:-1.116199
X_SD:0.168488 Y_SD:0.141799 Z_SD:0.130977
$MXCM10033,2,69,20240104,072931,12,0E71008C,47EFA350,00A9,0000,6E80,13,F201*10
GPS_PRN:08,04,16,09,21,31,26,07,19919519600,00,00,00,SAT_TAL:10
GPS_SNR:21,16,25,17,30,36,19,00,19,33,25,00,00,00,00,SNR_AVG:24.10
GLO_PRN:78,66,88,00,00,00,00,00,00,00,00,00,00,00,00,SAT_TAL:01
GLO_SNR:00,00,25,00,00,00,00,00,00,00,00,00,00,00,00,SNR_AVG:25.00
GAL_PRN:24,12,36,09,25,10,05,00,00,00,00,00,00,00,00,SAT_TAL:06
GAL_SNR:19,18,24,00,22,30,13,00,00,00,00,00,00,00,00,SNR_AVG:21.00
BEI_PRN:16,30,01,02,37,36,28,20,29,46,07,03,00,00,00,SAT_TAL:03
BEI_SNR:00,00,00,00,37,00,22,19,00,00,00,00,00,00,00,SNR_AVG:26.00
QZS_PRN:00,00,00,00,00,SAT_TAL:00
QZS_SNR:00,00,00,00,00,SNR_AVG:0.00
SatInView:33 GDOP:115
Roll:93.411179 Pitch:4.626495
X_AVG:-1.031587 Y_AVG:9.436409 Z_AVG:-1.095130
X_SD:0.242477 Y_SD:0.750703 Z_SD:0.280748
$MXCM10033,2,70,20240104,072946,12,0E710183,47EFA01C,00A9,0000,625A,16,F201*13
GPS_PRN:08,04,16,09,21,31,26,07,19919519600,00,00,00,SAT_TAL:10
GPS_SNR:20,16,35,15,21,26,28,00,17,37,32,00,00,00,00,SNR_AVG:24.70
GLO_PRN:78,88,86,66,00,00,00,00,00,00,00,00,00,00,00,SAT_TAL:02
GLO_SNR:00,22,00,17,00,00,00,00,00,00,00,00,00,00,00,SNR_AVG:19.50
GAL_PRN:03,05,24,12,36,02,25,11,10,00,00,00,00,00,00,SAT_TAL:06
GAL_SNR:00,20,36,23,33,00,19,00,34,00,00,00,00,00,00,SNR_AVG:27.50
BEI_PRN:09,07,46,03,30,10,01,37,36,28,20,29,06,16,27,SAT_TAL:07
BEI_SNR:00,00,26,00,00,00,29,37,00,35,25,25,00,00,36,SNR_AVG:30.43
QZS_PRN:00,00,00,00,00,SAT_TAL:00
QZS_SNR:00,00,00,00,00,SNR_AVG:0.00
SatInView:39 GDOP:109
Roll:101.205666 Pitch:5.852338
X_AVG:-3.210689 Y_AVG:8.051336 Z_AVG:-1.092113
X_SD:3.645640 Y_SD:4.849903 Z_SD:2.879597
$MXCM10033,2,71,20240104,073202,12,0E7104A8,47EFA22C,00AA,0000,0000,13,F201*63
GPS_PRN:21,26,31,08,19619519904,16,09,00,00,00,00,00,SAT_TAL:08
GPS_SNR:27,23,38,00,31,29,17,18,35,00,00,00,00,00,00,SNR_AVG:27.25
GLO_PRN:78,77,88,66,00,00,00,00,00,00,00,00,00,00,00,SAT_TAL:02
GLO_SNR:00,00,22,19,00,00,00,00,00,00,00,00,00,00,00,SNR_AVG:20.50
GAL_PRN:09,25,10,05,24,12,36,00,00,00,00,00,00,00,00,SAT_TAL:05
GAL_SNR:00,00,41,23,32,25,33,00,00,00,00,00,00,00,00,SNR_AVG:30.80
BEI_PRN:27,03,30,01,02,37,36,28,20,29,07,27,16,46,00,SAT_TAL:07
BEI_SNR:32,00,00,33,00,38,00,29,27,00,00,36,00,19,00,SNR_AVG:30.57
QZS_PRN:00,00,00,00,00,SAT_TAL:00
QZS_SNR:00,00,00,00,00,SNR_AVG:0.00
SatInView:35 GDOP:127
Roll:101.341042 Pitch:6.253254
X_AVG:-1.782998 Y_AVG:9.248939 Z_AVG:-2.157506
X_SD:0.084541 Y_SD:0.067292 Z_SD:0.120073
$MXCM10033,2,72,20240104,073217,12,0E7104DD,47EFA1D2,00AA,0000,0000,16,F201*1C
GPS_PRN:21,31,26,08,07,19619519904,16,09,00,00,00,00,SAT_TAL:09
GPS_SNR:20,37,28,14,00,31,29,18,17,35,00,00,00,00,00,SNR_AVG:25.44
GLO_PRN:66,78,77,88,86,00,00,00,00,00,00,00,00,00,00,SAT_TAL:04
GLO_SNR:23,13,00,27,34,00,00,00,00,00,00,00,00,00,00,SNR_AVG:24.25
GAL_PRN:36,25,10,03,05,24,12,02,00,00,00,00,00,00,00,SAT_TAL:05
GAL_SNR:31,00,40,00,23,30,27,00,00,00,00,00,00,00,00,SNR_AVG:30.20
BEI_PRN:27,07,46,30,10,01,37,36,28,19,20,09,06,16,27,SAT_TAL:09
BEI_SNR:32,00,29,22,00,33,36,18,27,00,28,00,00,00,35,SNR_AVG:28.89
QZS_PRN:00,00,00,00,00,SAT_TAL:00
QZS_SNR:00,00,00,00,00,SNR_AVG:0.00
SatInView:39 GDOP:98
Roll:102.533768 Pitch:6.450139
X_AVG:-1.770787 Y_AVG:9.237303 Z_AVG:-2.188153
X_SD:0.087597 Y_SD:0.067271 Z_SD:0.128578
$MXCM10033,2,73,20240104,073433,12,0E7103FA,47EFA111,00AA,0000,6E2A,13,F201*6E
GPS_PRN:09,26,08,19619519931,07,04,16,21,00,00,00,00,SAT_TAL:09
GPS_SNR:15,34,21,34,36,17,37,00,00,35,32,00,00,00,00,SNR_AVG:29.00
GLO_PRN:78,77,88,66,00,00,00,00,00,00,00,00,00,00,00,SAT_TAL:01
GLO_SNR:00,00,28,00,00,00,00,00,00,00,00,00,00,00,00,SNR_AVG:28.00
GAL_PRN:36,25,10,05,24,12,00,00,00,00,00,00,00,00,00,SAT_TAL:05
GAL_SNR:32,18,39,00,23,28,00,00,00,00,00,00,00,00,00,SNR_AVG:28.00
BEI_PRN:27,03,30,01,02,37,36,28,20,29,46,27,16,07,00,SAT_TAL:07
BEI_SNR:35,00,00,35,00,42,18,29,00,23,00,36,00,00,00,SNR_AVG:31.14
QZS_PRN:00,00,00,00,00,SAT_TAL:00
QZS_SNR:00,00,00,00,00,SNR_AVG:0.00
SatInView:35 GDOP:114
Roll:102.424355 Pitch:6.169973
X_AVG:-1.781274 Y_AVG:9.237303 Z_AVG:-2.173500
X_SD:0.078686 Y_SD:0.057517 Z_SD:0.124253
$MXCM10033,2,74,20240104,073448,12,0E7103C8,47EFA1A7,00AA,0000,6E2A,18,F201*64
GPS_PRN:09,02,31,08,26,07,19619519904,16,21,00,00,00,SAT_TAL:10
GPS_SNR:00,00,37,19,35,18,34,36,18,20,35,32,00,00,00,SNR_AVG:28.40
GLO_PRN:66,77,88,86,00,00,00,00,00,00,00,00,00,00,00,SAT_TAL:02
GLO_SNR:19,00,24,00,00,00,00,00,00,00,00,00,00,00,00,SNR_AVG:21.50
GAL_PRN:12,25,11,10,03,05,24,36,02,00,00,00,00,00,00,SAT_TAL:06
GAL_SNR:30,20,00,39,00,18,19,30,00,00,00,00,00,00,00,SNR_AVG:26.00
BEI_PRN:27,46,07,30,10,01,37,36,28,29,09,16,06,27,00,SAT_TAL:13
BEI_SNR:33,17,17,23,00,35,42,15,29,25,22,23,18,37,00,SNR_AVG:25.85
QZS_PRN:00,00,00,00,00,SAT_TAL:00
QZS_SNR:00,00,00,00,00,SNR_AVG:0.00
SatInView:39 GDOP:99
Roll:102.166122 Pitch:6.176747
X_AVG:-1.775671 Y_AVG:9.234957 Z_AVG:-2.179294
X_SD:0.079652 Y_SD:0.064383 Z_SD:0.119366
$MXCM10033,2,75,20240104,073704,12,0E7105E8,47EFA388,00AB,0000,700E,13,F201*60
GPS_PRN:21,26,08,19619519931,07,04,16,09,00,00,00,00,SAT_TAL:10
GPS_SNR:26,35,16,34,35,20,37,00,17,33,19,00,00,00,00,SNR_AVG:27.20
GLO_PRN:78,77,88,66,00,00,00,00,00,00,00,00,00,00,00,SAT_TAL:01
GLO_SNR:00,00,23,00,00,00,00,00,00,00,00,00,00,00,00,SNR_AVG:23.00
GAL_PRN:36,25,10,05,24,12,00,00,00,00,00,00,00,00,00,SAT_TAL:05
GAL_SNR:24,18,35,00,32,32,00,00,00,00,00,00,00,00,00,SNR_AVG:28.20
BEI_PRN:27,03,30,01,02,37,36,28,20,29,46,27,16,07,00,SAT_TAL:05
BEI_SNR:27,00,00,33,00,41,00,00,28,00,00,40,00,00,00,SNR_AVG:33.80
QZS_PRN:00,00,00,00,00,SAT_TAL:00
QZS_SNR:00,00,00,00,00,SNR_AVG:0.00
SatInView:35 GDOP:117
Roll:101.665871 Pitch:6.433563
X_AVG:-1.780508 Y_AVG:9.237878 Z_AVG:-2.192319
X_SD:0.078454 Y_SD:0.065047 Z_SD:0.131494
$MXCM10033,2,76,20240104,073719,12,0E71044A,47EFA47E,00AB,0000,700E,1A,F201*61
GPS_PRN:21,02,26,08,31,07,19619519904,16,09,00,00,00,SAT_TAL:11
GPS_SNR:24,00,35,16,37,19,34,35,20,16,33,20,00,00,00,SNR_AVG:26.27
GLO_PRN:66,77,88,86,00,00,00,00,00,00,00,00,00,00,00,SAT_TAL:03
GLO_SNR:22,00,20,29,00,00,00,00,00,00,00,00,00,00,00,SNR_AVG:23.67
GAL_PRN:12,25,11,10,03,05,24,36,02,00,00,00,00,00,00,SAT_TAL:06
GAL_SNR:32,15,00,34,00,20,32,24,00,00,00,00,00,00,00,SNR_AVG:26.17
BEI_PRN:27,46,07,30,10,01,37,36,28,20,09,16,06,27,00,SAT_TAL:12
BEI_SNR:27,17,15,19,00,33,41,17,20,30,21,25,00,39,00,SNR_AVG:25.33
QZS_PRN:00,00,00,00,00,SAT_TAL:00
QZS_SNR:00,00,00,00,00,SNR_AVG:0.00
SatInView:39 GDOP:93
Roll:102.357750 Pitch:5.838469
X_AVG:-1.777922 Y_AVG:9.248844 Z_AVG:-2.189877
X_SD:0.084103 Y_SD:0.066417 Z_SD:0.123582
$MXCM10033,2,77,20240104,073935,12,0E71077C,47EFA35C,00AB,0000,37F7,13,F201*14
GPS_PRN:09,26,08,19619519931,07,04,16,21,00,00,00,00,SAT_TAL:08
GPS_SNR:00,39,25,35,31,19,00,00,20,26,32,00,00,00,00,SNR_AVG:28.38
GLO_PRN:68,78,77,88,66,00,00,00,00,00,00,00,00,00,00,SAT_TAL:02
GLO_SNR:00,00,00,31,22,00,00,00,00,00,00,00,00,00,00,SNR_AVG:26.50
GAL_PRN:12,25,10,24,05,36,00,00,00,00,00,00,00,00,00,SAT_TAL:04
GAL_SNR:20,00,32,34,18,00,00,00,00,00,00,00,00,00,00,SNR_AVG:26.00
BEI_PRN:27,03,30,01,02,37,36,28,29,20,46,27,16,07,00,SAT_TAL:07
BEI_SNR:35,00,00,34,00,38,00,23,00,21,26,33,00,00,00,SNR_AVG:30.00
QZS_PRN:00,00,00,00,00,SAT_TAL:00
QZS_SNR:00,00,00,00,00,SNR_AVG:0.00
SatInView:36 GDOP:126
Roll:102.654900 Pitch:6.165023
X_AVG:-1.782184 Y_AVG:9.241230 Z_AVG:-2.193708
X_SD:0.078222 Y_SD:0.058652 Z_SD:0.127646
$MXCM10033,2,78,20240104,073950,12,0E7106D6,47EFA173,00AB,0000,37F7,1A,F201*1D
GPS_PRN:21,09,26,31,07,19619519904,08,16,00,00,00,00,SAT_TAL:10
GPS_SNR:33,18,39,24,00,35,31,19,22,26,28,00,00,00,00,SNR_AVG:27.50
GLO_PRN:77,86,66,68,76,88,00,00,00,00,00,00,00,00,00,SAT_TAL:03
GLO_SNR:00,00,20,00,42,31,00,00,00,00,00,00,00,00,00,SNR_AVG:31.00
GAL_PRN:11,25,10,03,05,24,36,12,02,00,00,00,00,00,00,SAT_TAL:06
GAL_SNR:00,18,32,00,18,34,24,22,00,00,00,00,00,00,00,SNR_AVG:24.67
BEI_PRN:27,27,07,30,10,01,37,36,28,19,20,09,06,16,46,SAT_TAL:13
BEI_SNR:35,30,18,22,00,35,38,17,23,00,14,20,20,24,26,SNR_AVG:24.77
QZS_PRN:00,00,00,00,00,SAT_TAL:00
QZS_SNR:00,00,00,00,00,SNR_AVG:0.00
SatInView:41 GDOP:97
Roll:101.356758 Pitch:6.194550
X_AVG:-1.772463 Y_AVG:9.237447 Z_AVG:-2.188775
X_SD:0.076819 Y_SD:0.066045 Z_SD:0.140370
$MXCM10033,2,79,20240104,074205,00,0E7106F8,47EFA140,00AB,0000,0000,00,F201*1A
GPS_PRN:26,07,00,00,00,00,00,00,00,00,00,00,00,00,00,SAT_TAL:00
GPS_SNR:00,00,00,00,00,00,00,00,00,00,00,00,00,00,00,SNR_AVG:0.00
GLO_PRN:00,00,00,00,00,00,00,00,00,00,00,00,00,00,00,SAT_TAL:00
GLO_SNR:00,00,00,00,00,00,00,00,00,00,00,00,00,00,00,SNR_AVG:0.00
GAL_PRN:00,00,00,00,00,00,00,00,00,00,00,00,00,00,00,SAT_TAL:00
GAL_SNR:00,00,00,00,00,00,00,00,00,00,00,00,00,00,00,SNR_AVG:0.00
BEI_PRN:00,00,00,00,00,00,00,00,00,00,00,00,00,00,00,SAT_TAL:00
BEI_SNR:00,00,00,00,00,00,00,00,00,00,00,00,00,00,00,SNR_AVG:0.00
QZS_PRN:00,00,00,00,00,SAT_TAL:00
QZS_SNR:00,00,00,00,00,SNR_AVG:0.00
SatInView:2 GDOP:17319
Roll:91.136993 Pitch:0.000000
X_AVG:-0.706543 Y_AVG:9.411701 Z_AVG:-0.867533
X_SD:0.072662 Y_SD:0.059856 Z_SD:0.132942
$MXCM10033,2,80,20240104,074220,00,0E7106F8,47EFA140,00AB,0000,0000,00,F201*1B
GPS_PRN:00,00,00,00,00,00,00,00,00,00,00,00,00,00,00,SAT_TAL:00
GPS_SNR:00,00,00,00,00,00,00,00,00,00,00,00,00,00,00,SNR_AVG:0.00
GLO_PRN:88,76,77,00,00,00,00,00,00,00,00,00,00,00,00,SAT_TAL:00
GLO_SNR:00,00,00,00,00,00,00,00,00,00,00,00,00,00,00,SNR_AVG:0.00
GAL_PRN:25,10,00,00,00,00,00,00,00,00,00,00,00,00,00,SAT_TAL:00
GAL_SNR:00,00,00,00,00,00,00,00,00,00,00,00,00,00,00,SNR_AVG:0.00
BEI_PRN:36,46,27,07,37,00,00,00,00,00,00,00,00,00,00,SAT_TAL:00
BEI_SNR:00,00,00,00,00,00,00,00,00,00,00,00,00,00,00,SNR_AVG:0.00
QZS_PRN:00,00,00,00,00,SAT_TAL:00
QZS_SNR:00,00,00,00,00,SNR_AVG:0.00
SatInView:10 GDOP:17319
Roll:90.888313 Pitch:0.000000
X_AVG:-0.708363 Y_AVG:9.410312 Z_AVG:-0.891236
X_SD:0.080682 Y_SD:0.065727 Z_SD:0.126524
$MXCM10033,2,81,20240104,074435,00,0E7106F8,47EFA140,00AB,0000,0000,00,F201*18
GPS_PRN:07,26,00,00,00,00,00,00,00,00,00,00,00,00,00,SAT_TAL:00
GPS_SNR:00,00,00,00,00,00,00,00,00,00,00,00,00,00,00,SNR_AVG:0.00
GLO_PRN:00,00,00,00,00,00,00,00,00,00,00,00,00,00,00,SAT_TAL:00
GLO_SNR:00,00,00,00,00,00,00,00,00,00,00,00,00,00,00,SNR_AVG:0.00
GAL_PRN:00,00,00,00,00,00,00,00,00,00,00,00,00,00,00,SAT_TAL:00
GAL_SNR:00,00,00,00,00,00,00,00,00,00,00,00,00,00,00,SNR_AVG:0.00
BEI_PRN:00,00,00,00,00,00,00,00,00,00,00,00,00,00,00,SAT_TAL:00
BEI_SNR:00,00,00,00,00,00,00,00,00,00,00,00,00,00,00,SNR_AVG:0.00
QZS_PRN:00,00,00,00,00,SAT_TAL:00
QZS_SNR:00,00,00,00,00,SNR_AVG:0.00
SatInView:2 GDOP:17319
Roll:82.432320 Pitch:30.020607
X_AVG:-6.615265 Y_AVG:7.906484 Z_AVG:1.836390
X_SD:1.021020 Y_SD:0.915178 Z_SD:1.068766
$MXCM10033,2,82,20240104,074450,00,0E7106F8,47EFA140,00AB,0000,0000,00,F201*18
GPS_PRN:00,00,00,00,00,00,00,00,00,00,00,00,00,00,00,SAT_TAL:00
GPS_SNR:00,00,00,00,00,00,00,00,00,00,00,00,00,00,00,SNR_AVG:0.00
GLO_PRN:88,76,77,00,00,00,00,00,00,00,00,00,00,00,00,SAT_TAL:00
GLO_SNR:00,00,00,00,00,00,00,00,00,00,00,00,00,00,00,SNR_AVG:0.00
GAL_PRN:25,10,00,00,00,00,00,00,00,00,00,00,00,00,00,SAT_TAL:00
GAL_SNR:00,00,00,00,00,00,00,00,00,00,00,00,00,00,00,SNR_AVG:0.00
BEI_PRN:36,46,27,07,37,00,00,00,00,00,00,00,00,00,00,SAT_TAL:00
BEI_SNR:00,00,00,00,00,00,00,00,00,00,00,00,00,00,00,SNR_AVG:0.00
QZS_PRN:00,00,00,00,00,SAT_TAL:00
QZS_SNR:00,00,00,00,00,SNR_AVG:0.00
SatInView:10 GDOP:17319
Roll:95.990486 Pitch:27.290037
X_AVG:-4.772458 Y_AVG:8.276299 Z_AVG:-0.764149
X_SD:0.707132 Y_SD:0.824480 Z_SD:1.093484
$MXCM10033,2,83,20240104,074705,00,0E7106F8,47EFA140,00AB,0000,0000,00,F201*1A
GPS_PRN:21,07,26,00,00,00,00,00,00,00,00,00,00,00,00,SAT_TAL:01
GPS_SNR:19,00,00,00,00,00,00,00,00,00,00,00,00,00,00,SNR_AVG:19.00
GLO_PRN:00,00,00,00,00,00,00,00,00,00,00,00,00,00,00,SAT_TAL:00
GLO_SNR:00,00,00,00,00,00,00,00,00,00,00,00,00,00,00,SNR_AVG:0.00
GAL_PRN:00,00,00,00,00,00,00,00,00,00,00,00,00,00,00,SAT_TAL:00
GAL_SNR:00,00,00,00,00,00,00,00,00,00,00,00,00,00,00,SNR_AVG:0.00
BEI_PRN:00,00,00,00,00,00,00,00,00,00,00,00,00,00,00,SAT_TAL:00
BEI_SNR:00,00,00,00,00,00,00,00,00,00,00,00,00,00,00,SNR_AVG:0.00
QZS_PRN:00,00,00,00,00,SAT_TAL:00
QZS_SNR:00,00,00,00,00,SNR_AVG:0.00
SatInView:3 GDOP:19998
Roll:90.835678 Pitch:2.567907
X_AVG:-1.022345 Y_AVG:9.391685 Z_AVG:-0.928442
X_SD:0.080588 Y_SD:0.064335 Z_SD:0.120637
$MXCM10033,2,84,20240104,074720,00,0E7106F8,47EFA140,00AB,0000,0000,00,F201*1A
GPS_PRN:21,00,00,00,00,00,00,00,00,00,00,00,00,00,00,SAT_TAL:01
GPS_SNR:14,00,00,00,00,00,00,00,00,00,00,00,00,00,00,SNR_AVG:14.00
GLO_PRN:66,86,00,00,00,00,00,00,00,00,00,00,00,00,00,SAT_TAL:00
GLO_SNR:00,00,00,00,00,00,00,00,00,00,00,00,00,00,00,SNR_AVG:0.00
GAL_PRN:00,00,00,00,00,00,00,00,00,00,00,00,00,00,00,SAT_TAL:00
GAL_SNR:00,00,00,00,00,00,00,00,00,00,00,00,00,00,00,SNR_AVG:0.00
BEI_PRN:09,30,10,29,19,20,06,16,00,00,00,00,00,00,00,SAT_TAL:00
BEI_SNR:00,00,00,00,00,00,00,00,00,00,00,00,00,00,00,SNR_AVG:0.00
QZS_PRN:00,00,00,00,00,SAT_TAL:00
QZS_SNR:00,00,00,00,00,SNR_AVG:0.00
SatInView:11 GDOP:16607
Roll:92.779884 Pitch:3.444936
X_AVG:-1.020956 Y_AVG:9.391158 Z_AVG:-0.931555
X_SD:0.080651 Y_SD:0.067231 Z_SD:0.116669
$MXCM10033,2,85,20240104,074935,00,0E7106F8,47EFA140,00AB,0000,0000,00,F202*12
GPS_PRN:07,00,00,00,00,00,00,00,00,00,00,00,00,00,00,SAT_TAL:00
GPS_SNR:00,00,00,00,00,00,00,00,00,00,00,00,00,00,00,SNR_AVG:0.00
GLO_PRN:00,00,00,00,00,00,00,00,00,00,00,00,00,00,00,SAT_TAL:00
GLO_SNR:00,00,00,00,00,00,00,00,00,00,00,00,00,00,00,SNR_AVG:0.00
GAL_PRN:00,00,00,00,00,00,00,00,00,00,00,00,00,00,00,SAT_TAL:00
GAL_SNR:00,00,00,00,00,00,00,00,00,00,00,00,00,00,00,SNR_AVG:0.00
BEI_PRN:00,00,00,00,00,00,00,00,00,00,00,00,00,00,00,SAT_TAL:00
BEI_SNR:00,00,00,00,00,00,00,00,00,00,00,00,00,00,00,SNR_AVG:0.00
QZS_PRN:00,00,00,00,00,SAT_TAL:00
QZS_SNR:00,00,00,00,00,SNR_AVG:0.00
SatInView:1 GDOP:19998
Roll:0.000000 Pitch:90.000000
X_AVG:-10.005044 Y_AVG:-0.338164 Z_AVG:0.210215
X_SD:0.083172 Y_SD:0.064532 Z_SD:0.129876
$MXCM10033,2,86,20240104,074950,00,0E7106F8,47EFA140,00AB,0000,0000,00,F202*12
GPS_PRN:00,00,00,00,00,00,00,00,00,00,00,00,00,00,00,SAT_TAL:00
GPS_SNR:00,00,00,00,00,00,00,00,00,00,00,00,00,00,00,SNR_AVG:0.00
GLO_PRN:67,88,76,77,00,00,00,00,00,00,00,00,00,00,00,SAT_TAL:00
GLO_SNR:00,00,00,00,00,00,00,00,00,00,00,00,00,00,00,SNR_AVG:0.00
GAL_PRN:00,00,00,00,00,00,00,00,00,00,00,00,00,00,00,SAT_TAL:00
GAL_SNR:00,00,00,00,00,00,00,00,00,00,00,00,00,00,00,SNR_AVG:0.00
BEI_PRN:37,36,28,00,00,00,00,00,00,00,00,00,00,00,00,SAT_TAL:00
BEI_SNR:00,00,00,00,00,00,00,00,00,00,00,00,00,00,00,SNR_AVG:0.00
QZS_PRN:00,00,00,00,00,SAT_TAL:00
QZS_SNR:00,00,00,00,00,SNR_AVG:0.00
SatInView:7 GDOP:19998
Roll:-85.669891 Pitch:90.000000
X_AVG:-9.915594 Y_AVG:-0.505570 Z_AVG:-0.077669
X_SD:1.973150 Y_SD:1.951759 Z_SD:0.320803
$MXCM10033,2,87,20240104,075205,00,0E7106F8,47EFA140,00AB,0000,0000,00,F202*19
GPS_PRN:09,00,00,00,00,00,00,00,00,00,00,00,00,00,00,SAT_TAL:00
GPS_SNR:00,00,00,00,00,00,00,00,00,00,00,00,00,00,00,SNR_AVG:0.00
GLO_PRN:00,00,00,00,00,00,00,00,00,00,00,00,00,00,00,SAT_TAL:00
GLO_SNR:00,00,00,00,00,00,00,00,00,00,00,00,00,00,00,SNR_AVG:0.00
GAL_PRN:00,00,00,00,00,00,00,00,00,00,00,00,00,00,00,SAT_TAL:00
GAL_SNR:00,00,00,00,00,00,00,00,00,00,00,00,00,00,00,SNR_AVG:0.00
BEI_PRN:00,00,00,00,00,00,00,00,00,00,00,00,00,00,00,SAT_TAL:00
BEI_SNR:00,00,00,00,00,00,00,00,00,00,00,00,00,00,00,SNR_AVG:0.00
QZS_PRN:00,00,00,00,00,SAT_TAL:00
QZS_SNR:00,00,00,00,00,SNR_AVG:0.00
SatInView:1 GDOP:19998
Roll:180.000015 Pitch:90.000000
X_AVG:-10.015387 Y_AVG:-0.275770 Z_AVG:0.051141
X_SD:0.080643 Y_SD:0.068923 Z_SD:0.121980
$MXCM10033,2,88,20240104,075220,00,0E7106F8,47EFA140,00AB,0000,0000,00,F202*11
GPS_PRN:00,00,00,00,00,00,00,00,00,00,00,00,00,00,00,SAT_TAL:00
GPS_SNR:00,00,00,00,00,00,00,00,00,00,00,00,00,00,00,SNR_AVG:0.00
GLO_PRN:88,76,67,77,00,00,00,00,00,00,00,00,00,00,00,SAT_TAL:00
GLO_SNR:00,00,00,00,00,00,00,00,00,00,00,00,00,00,00,SNR_AVG:0.00
GAL_PRN:36,00,00,00,00,00,00,00,00,00,00,00,00,00,00,SAT_TAL:00
GAL_SNR:00,00,00,00,00,00,00,00,00,00,00,00,00,00,00,SNR_AVG:0.00
BEI_PRN:28,07,27,36,37,00,00,00,00,00,00,00,00,00,00,SAT_TAL:00
BEI_SNR:00,00,00,00,00,00,00,00,00,00,00,00,00,00,00,SNR_AVG:0.00
QZS_PRN:00,00,00,00,00,SAT_TAL:00
QZS_SNR:00,00,00,00,00,SNR_AVG:0.00
SatInView:10 GDOP:19998
Roll:180.000015 Pitch:90.000000
X_AVG:-10.015195 Y_AVG:-0.279074 Z_AVG:0.053248
X_SD:0.071511 Y_SD:0.067128 Z_SD:0.137878
$MXCM10033,2,89,20240104,075435,00,0E7106F8,47EFA13E,00AB,0000,0000,00,F202*60
GPS_PRN:07,19600,00,00,00,00,00,00,00,00,00,00,00,00,SAT_TAL:00
GPS_SNR:00,00,00,00,00,00,00,00,00,00,00,00,00,00,00,SNR_AVG:0.00
GLO_PRN:76,00,00,00,00,00,00,00,00,00,00,00,00,00,00,SAT_TAL:01
GLO_SNR:18,00,00,00,00,00,00,00,00,00,00,00,00,00,00,SNR_AVG:18.00
GAL_PRN:00,00,00,00,00,00,00,00,00,00,00,00,00,00,00,SAT_TAL:00
GAL_SNR:00,00,00,00,00,00,00,00,00,00,00,00,00,00,00,SNR_AVG:0.00
BEI_PRN:00,00,00,00,00,00,00,00,00,00,00,00,00,00,00,SAT_TAL:00
BEI_SNR:00,00,00,00,00,00,00,00,00,00,00,00,00,00,00,SNR_AVG:0.00
QZS_PRN:00,00,00,00,00,SAT_TAL:00
QZS_SNR:00,00,00,00,00,SNR_AVG:0.00
SatInView:3 GDOP:16756
Roll:-39.778637 Pitch:90.000000
X_AVG:-9.632786 Y_AVG:-1.139615 Z_AVG:1.717874
X_SD:0.080876 Y_SD:0.062416 Z_SD:0.132469
$MXCM10033,2,90,20240104,075450,00,0E7106F8,47EFA140,00AB,0000,0000,00,F202*19
GPS_PRN:00,00,00,00,00,00,00,00,00,00,00,00,00,00,00,SAT_TAL:00
GPS_SNR:00,00,00,00,00,00,00,00,00,00,00,00,00,00,00,SNR_AVG:0.00
GLO_PRN:68,67,78,76,00,00,00,00,00,00,00,00,00,00,00,SAT_TAL:01
GLO_SNR:00,00,00,19,00,00,00,00,00,00,00,00,00,00,00,SNR_AVG:19.00
GAL_PRN:00,00,00,00,00,00,00,00,00,00,00,00,00,00,00,SAT_TAL:00
GAL_SNR:00,00,00,00,00,00,00,00,00,00,00,00,00,00,00,SNR_AVG:0.00
BEI_PRN:06,37,28,00,00,00,00,00,00,00,00,00,00,00,00,SAT_TAL:00
BEI_SNR:00,00,00,00,00,00,00,00,00,00,00,00,00,00,00,SNR_AVG:0.00
QZS_PRN:00,00,00,00,00,SAT_TAL:00
QZS_SNR:00,00,00,00,00,SNR_AVG:0.00
SatInView:7 GDOP:19998
Roll:-44.674915 Pitch:90.000000
X_AVG:-9.639920 Y_AVG:-1.143206 Z_AVG:1.700684
X_SD:0.083180 Y_SD:0.062326 Z_SD:0.135129
$MXCM10033,2,91,20240104,075705,00,0E7106F8,47EFA140,00AB,0000,0000,00,F202*1B
GPS_PRN:21,07,26,31,19600,00,00,00,00,00,00,00,00,00,SAT_TAL:01
GPS_SNR:19,00,00,00,00,00,00,00,00,00,00,00,00,00,00,SNR_AVG:19.00
GLO_PRN:00,00,00,00,00,00,00,00,00,00,00,00,00,00,00,SAT_TAL:00
GLO_SNR:00,00,00,00,00,00,00,00,00,00,00,00,00,00,00,SNR_AVG:0.00
GAL_PRN:00,00,00,00,00,00,00,00,00,00,00,00,00,00,00,SAT_TAL:00
GAL_SNR:00,00,00,00,00,00,00,00,00,00,00,00,00,00,00,SNR_AVG:0.00
BEI_PRN:00,00,00,00,00,00,00,00,00,00,00,00,00,00,00,SAT_TAL:00
BEI_SNR:00,00,00,00,00,00,00,00,00,00,00,00,00,00,00,SNR_AVG:0.00
QZS_PRN:00,00,00,00,00,SAT_TAL:00
QZS_SNR:00,00,00,00,00,SNR_AVG:0.00
SatInView:5 GDOP:16409
Roll:-45.228668 Pitch:90.000000
X_AVG:-9.603815 Y_AVG:-1.253821 Z_AVG:1.764419
X_SD:0.077497 Y_SD:0.062606 Z_SD:0.123684
$MXCM10033,3*35
$MXCM001,10033,0*2B
======== Tracker Setting ========
[System]
COMPort:COM29
SerialNumber:MX231214C0000001
FirmwareVersion:231220163813_v1.0.CN
[Periodic]
Enable:1
Stage:2
WorkMode:0
T0:15
T1:270
T2:120
T3:30
T4:120
FirstFixStage:2
TraceFixStage:0
PeriodicCycle:38
[Dynamic]
Enable:0
PrecisionChk:0
T5:45
T6:175
[Geofencing]
Enable:0
T7:20
T8:60
DistanceThreshold:1000
DestinationLongitude:121.2237164
DestinationLatitude:24.9698319
DestinationAltitude:154
[MotionDetection]
Enable:1
Angle:45
DataRate:200
SampleFrequency:50
[GPS_EPO]
EpoDataNumber:12
FWN:2295
FTOW:345600
LWN:2296
LTOW:0
[GLO_EPO]
EpoDataNumber:12
FWN:2295
FTOW:345600
LWN:2296
LTOW:0
[GAL_EPO]
EpoDataNumber:0
FWN:0
FTOW:0
LWN:0
LTOW:0
[BEI_EPO]
EpoDataNumber:0
FWN:0
FTOW:0
LWN:0
LTOW:0
