$MXCM10033,0*36
$MXCM10033,1,86,212*08
$MXCM10033,2,1,19800105,235956,00,35A4E8F5,00000000,0089,0000,0000,00,8102*54
GPS_PRN:16,28,00,00,00,00,00,00,00,00,00,00,00,00,00,SAT_TAL:02
GPS_SNR:27,37,00,00,00,00,00,00,00,00,00,00,00,00,00,SNR_AVG:32.00
GLO_PRN:00,00,00,00,00,00,00,00,00,00,00,00,00,00,00,SAT_TAL:00
GLO_SNR:00,00,00,00,00,00,00,00,00,00,00,00,00,00,00,SNR_AVG:0.00
GAL_PRN:00,00,00,00,00,00,00,00,00,00,00,00,00,00,00,SAT_TAL:00
GAL_SNR:00,00,00,00,00,00,00,00,00,00,00,00,00,00,00,SNR_AVG:0.00
BEI_PRN:00,00,00,00,00,00,00,00,00,00,00,00,00,00,00,SAT_TAL:00
BEI_SNR:00,00,00,00,00,00,00,00,00,00,00,00,00,00,00,SNR_AVG:0.00
QZS_PRN:00,00,00,00,00,SAT_TAL:00
QZS_SNR:00,00,00,00,00,SNR_AVG:0.00
SatInView:2 GDOP:19998
Roll:98.421890 Pitch:64.308220
X_AVG:-8.461136 Y_AVG:5.059242 Z_AVG:-3.619148
X_SD:10.478799 Y_SD:10.885414 Z_SD:12.540177
$MXCM10033,2,2,19800106,000010,00,35A4E8F5,00000000,0089,0000,0000,00,8102*5B
GPS_PRN:19521,28,27,26,31,19416,00,00,00,00,00,00,00,SAT_TAL:08
GPS_SNR:34,19,35,35,26,23,22,26,00,00,00,00,00,00,00,SNR_AVG:27.50
GLO_PRN:00,00,00,00,00,00,00,00,00,00,00,00,00,00,00,SAT_TAL:00
GLO_SNR:00,00,00,00,00,00,00,00,00,00,00,00,00,00,00,SNR_AVG:0.00
GAL_PRN:00,00,00,00,00,00,00,00,00,00,00,00,00,00,00,SAT_TAL:00
GAL_SNR:00,00,00,00,00,00,00,00,00,00,00,00,00,00,00,SNR_AVG:0.00
BEI_PRN:00,00,00,00,00,00,00,00,00,00,00,00,00,00,00,SAT_TAL:00
BEI_SNR:00,00,00,00,00,00,00,00,00,00,00,00,00,00,00,SNR_AVG:0.00
QZS_PRN:00,00,00,00,00,SAT_TAL:00
QZS_SNR:00,00,00,00,00,SNR_AVG:0.00
SatInView:8 GDOP:19998
Roll:122.794014 Pitch:57.966702
X_AVG:-12.787593 Y_AVG:6.623740 Z_AVG:-6.567954
X_SD:6.791279 Y_SD:11.231562 Z_SD:11.138946
$MXCM10033,2,3,19800106,000024,00,35A4E8F5,00000000,0089,0000,0000,00,8102*5D
GPS_PRN:19526,08,04,16,21,03,31,19619419927,00,00,00,SAT_TAL:12
GPS_SNR:31,35,31,30,35,37,29,35,33,31,26,33,00,00,00,SNR_AVG:32.17
GLO_PRN:00,00,00,00,00,00,00,00,00,00,00,00,00,00,00,SAT_TAL:00
GLO_SNR:00,00,00,00,00,00,00,00,00,00,00,00,00,00,00,SNR_AVG:0.00
GAL_PRN:00,00,00,00,00,00,00,00,00,00,00,00,00,00,00,SAT_TAL:00
GAL_SNR:00,00,00,00,00,00,00,00,00,00,00,00,00,00,00,SNR_AVG:0.00
BEI_PRN:00,00,00,00,00,00,00,00,00,00,00,00,00,00,00,SAT_TAL:00
BEI_SNR:00,00,00,00,00,00,00,00,00,00,00,00,00,00,00,SNR_AVG:0.00
QZS_PRN:00,00,00,00,00,SAT_TAL:00
QZS_SNR:00,00,00,00,00,SNR_AVG:0.00
SatInView:12 GDOP:19998
Roll:53.295017 Pitch:59.386997
X_AVG:-7.457657 Y_AVG:4.821540 Z_AVG:0.458786
X_SD:9.821088 Y_SD:10.119673 Z_SD:9.590987
$MXCM10033,2,4,19800108,062056,00,35A4E8F5,00000000,0089,0000,0000,00,8102*55
GPS_PRN:19931,03,27,26,08,04,28,19619416,00,00,00,00,SAT_TAL:11
GPS_SNR:24,33,28,31,31,36,33,32,33,30,32,00,00,00,00,SNR_AVG:31.18
GLO_PRN:00,00,00,00,00,00,00,00,00,00,00,00,00,00,00,SAT_TAL:00
GLO_SNR:00,00,00,00,00,00,00,00,00,00,00,00,00,00,00,SNR_AVG:0.00
GAL_PRN:00,00,00,00,00,00,00,00,00,00,00,00,00,00,00,SAT_TAL:00
GAL_SNR:00,00,00,00,00,00,00,00,00,00,00,00,00,00,00,SNR_AVG:0.00
BEI_PRN:00,00,00,00,00,00,00,00,00,00,00,00,00,00,00,SAT_TAL:00
BEI_SNR:00,00,00,00,00,00,00,00,00,00,00,00,00,00,00,SNR_AVG:0.00
QZS_PRN:00,00,00,00,00,SAT_TAL:00
QZS_SNR:00,00,00,00,00,SNR_AVG:0.00
SatInView:11 GDOP:19998
Roll:90.177895 Pitch:60.204803
X_AVG:-8.141216 Y_AVG:4.897438 Z_AVG:-1.713086
X_SD:7.970379 Y_SD:9.286198 Z_SD:7.721715
$MXCM10033,2,5,19800108,062111,00,35A4E8F5,00000000,0089,0000,0000,00,8102*56
GPS_PRN:19931,18,09,03,27,26,08,21,04,28,19519419616,SAT_TAL:15
GPS_SNR:24,33,32,16,33,33,33,35,27,29,24,27,31,34,29,SNR_AVG:29.33
GLO_PRN:00,00,00,00,00,00,00,00,00,00,00,00,00,00,00,SAT_TAL:00
GLO_SNR:00,00,00,00,00,00,00,00,00,00,00,00,00,00,00,SNR_AVG:0.00
GAL_PRN:00,00,00,00,00,00,00,00,00,00,00,00,00,00,00,SAT_TAL:00
GAL_SNR:00,00,00,00,00,00,00,00,00,00,00,00,00,00,00,SNR_AVG:0.00
BEI_PRN:00,00,00,00,00,00,00,00,00,00,00,00,00,00,00,SAT_TAL:00
BEI_SNR:00,00,00,00,00,00,00,00,00,00,00,00,00,00,00,SNR_AVG:0.00
QZS_PRN:00,00,00,00,00,SAT_TAL:00
QZS_SNR:00,00,00,00,00,SNR_AVG:0.00
SatInView:15 GDOP:19998
Roll:57.134857 Pitch:64.761841
X_AVG:-9.621533 Y_AVG:5.720246 Z_AVG:-1.222025
X_SD:7.964476 Y_SD:9.478999 Z_SD:10.868826
$MXCM10033,2,6,19800108,062124,00,35A4E8F5,00000000,0089,0000,0000,00,8102*53
GPS_PRN:19931,18,09,03,27,26,08,04,28,19519419616,00,SAT_TAL:14
GPS_SNR:24,35,28,33,30,34,27,29,32,32,33,30,23,31,00,SNR_AVG:30.07
GLO_PRN:00,00,00,00,00,00,00,00,00,00,00,00,00,00,00,SAT_TAL:00
GLO_SNR:00,00,00,00,00,00,00,00,00,00,00,00,00,00,00,SNR_AVG:0.00
GAL_PRN:00,00,00,00,00,00,00,00,00,00,00,00,00,00,00,SAT_TAL:00
GAL_SNR:00,00,00,00,00,00,00,00,00,00,00,00,00,00,00,SNR_AVG:0.00
BEI_PRN:00,00,00,00,00,00,00,00,00,00,00,00,00,00,00,SAT_TAL:00
BEI_SNR:00,00,00,00,00,00,00,00,00,00,00,00,00,00,00,SNR_AVG:0.00
QZS_PRN:00,00,00,00,00,SAT_TAL:00
QZS_SNR:00,00,00,00,00,SNR_AVG:0.00
SatInView:14 GDOP:19998
Roll:65.162117 Pitch:59.629673
X_AVG:-7.671081 Y_AVG:3.546507 Z_AVG:-1.730564
X_SD:7.957377 Y_SD:7.535431 Z_SD:11.990575
$MXCM10033,2,7,19800108,062136,00,35A4E8F5,00000000,0089,0000,0000,00,8102*51
GPS_PRN:19931,18,09,03,27,26,08,04,28,19519419616,00,SAT_TAL:14
GPS_SNR:26,35,34,33,26,35,32,32,33,35,34,28,28,29,00,SNR_AVG:31.43
GLO_PRN:00,00,00,00,00,00,00,00,00,00,00,00,00,00,00,SAT_TAL:00
GLO_SNR:00,00,00,00,00,00,00,00,00,00,00,00,00,00,00,SNR_AVG:0.00
GAL_PRN:00,00,00,00,00,00,00,00,00,00,00,00,00,00,00,SAT_TAL:00
GAL_SNR:00,00,00,00,00,00,00,00,00,00,00,00,00,00,00,SNR_AVG:0.00
BEI_PRN:00,00,00,00,00,00,00,00,00,00,00,00,00,00,00,SAT_TAL:00
BEI_SNR:00,00,00,00,00,00,00,00,00,00,00,00,00,00,00,SNR_AVG:0.00
QZS_PRN:00,00,00,00,00,SAT_TAL:00
QZS_SNR:00,00,00,00,00,SNR_AVG:0.00
SatInView:14 GDOP:19998
Roll:-8.075717 Pitch:27.760307
X_AVG:-7.671081 Y_AVG:3.546507 Z_AVG:-1.730564
X_SD:7.957377 Y_SD:7.535431 Z_SD:11.990575
$MXCM10033,2,8,19800108,062149,00,35A4E8F5,00000000,0089,0000,0000,00,8102*56
GPS_PRN:19516,31,18,09,03,27,26,08,04,19619919428,00,SAT_TAL:14
GPS_SNR:35,35,33,31,31,23,33,31,33,34,32,25,29,33,00,SNR_AVG:31.29
GLO_PRN:00,00,00,00,00,00,00,00,00,00,00,00,00,00,00,SAT_TAL:00
GLO_SNR:00,00,00,00,00,00,00,00,00,00,00,00,00,00,00,SNR_AVG:0.00
GAL_PRN:00,00,00,00,00,00,00,00,00,00,00,00,00,00,00,SAT_TAL:00
GAL_SNR:00,00,00,00,00,00,00,00,00,00,00,00,00,00,00,SNR_AVG:0.00
BEI_PRN:00,00,00,00,00,00,00,00,00,00,00,00,00,00,00,SAT_TAL:00
BEI_SNR:00,00,00,00,00,00,00,00,00,00,00,00,00,00,00,SNR_AVG:0.00
QZS_PRN:00,00,00,00,00,SAT_TAL:00
QZS_SNR:00,00,00,00,00,SNR_AVG:0.00
SatInView:14 GDOP:19998
Roll:25.042067 Pitch:53.817646
X_AVG:-6.632360 Y_AVG:3.279596 Z_AVG:1.350357
X_SD:10.163352 Y_SD:10.850791 Z_SD:12.641260
$MXCM10033,2,9,20240102,062204,12,0E988E29,47EEC98A,0075,000B,20A8,08,8102*2D
GPS_PRN:19516,04,31,26,08,28,09,18,03,19919419627,00,SAT_TAL:14
GPS_SNR:32,34,35,25,34,36,32,34,34,30,23,29,32,31,00,SNR_AVG:31.50
GLO_PRN:00,00,00,00,00,00,00,00,00,00,00,00,00,00,00,SAT_TAL:00
GLO_SNR:00,00,00,00,00,00,00,00,00,00,00,00,00,00,00,SNR_AVG:0.00
GAL_PRN:00,00,00,00,00,00,00,00,00,00,00,00,00,00,00,SAT_TAL:00
GAL_SNR:00,00,00,00,00,00,00,00,00,00,00,00,00,00,00,SNR_AVG:0.00
BEI_PRN:00,00,00,00,00,00,00,00,00,00,00,00,00,00,00,SAT_TAL:00
BEI_SNR:00,00,00,00,00,00,00,00,00,00,00,00,00,00,00,SNR_AVG:0.00
QZS_PRN:00,00,00,00,00,SAT_TAL:00
QZS_SNR:00,00,00,00,00,SNR_AVG:0.00
SatInView:14 GDOP:238
Roll:82.372490 Pitch:64.600494
X_AVG:-8.417177 Y_AVG:5.379975 Z_AVG:-0.692752
X_SD:8.160895 Y_SD:8.716294 Z_SD:8.791493
$MXCM10033,2,10,20240102,062219,12,0E98246D,47EF0D56,0086,0015,3F2C,08,8102*69
GPS_PRN:19604,31,26,08,28,09,18,03,19919519416,00,00,SAT_TAL:13
GPS_SNR:33,30,38,35,32,37,31,33,30,24,35,33,34,00,00,SNR_AVG:32.69
GLO_PRN:00,00,00,00,00,00,00,00,00,00,00,00,00,00,00,SAT_TAL:00
GLO_SNR:00,00,00,00,00,00,00,00,00,00,00,00,00,00,00,SNR_AVG:0.00
GAL_PRN:00,00,00,00,00,00,00,00,00,00,00,00,00,00,00,SAT_TAL:00
GAL_SNR:00,00,00,00,00,00,00,00,00,00,00,00,00,00,00,SNR_AVG:0.00
BEI_PRN:00,00,00,00,00,00,00,00,00,00,00,00,00,00,00,SAT_TAL:00
BEI_SNR:00,00,00,00,00,00,00,00,00,00,00,00,00,00,00,SNR_AVG:0.00
QZS_PRN:00,00,00,00,00,SAT_TAL:00
QZS_SNR:00,00,00,00,00,SNR_AVG:0.00
SatInView:13 GDOP:147
Roll:96.014771 Pitch:72.084602
X_AVG:-11.282041 Y_AVG:5.985433 Z_AVG:-0.416216
X_SD:7.419356 Y_SD:8.678406 Z_SD:9.684432
$MXCM10033,2,11,20240102,062234,12,0E97F5B3,47EF214E,0095,0018,375F,09,8102*66
GPS_PRN:19404,31,26,08,28,09,18,03,19919619516,00,00,SAT_TAL:13
GPS_SNR:31,32,33,32,33,32,26,31,22,24,34,35,35,00,00,SNR_AVG:30.77
GLO_PRN:00,00,00,00,00,00,00,00,00,00,00,00,00,00,00,SAT_TAL:00
GLO_SNR:00,00,00,00,00,00,00,00,00,00,00,00,00,00,00,SNR_AVG:0.00
GAL_PRN:00,00,00,00,00,00,00,00,00,00,00,00,00,00,00,SAT_TAL:00
GAL_SNR:00,00,00,00,00,00,00,00,00,00,00,00,00,00,00,SNR_AVG:0.00
BEI_PRN:00,00,00,00,00,00,00,00,00,00,00,00,00,00,00,SAT_TAL:00
BEI_SNR:00,00,00,00,00,00,00,00,00,00,00,00,00,00,00,SNR_AVG:0.00
QZS_PRN:00,00,00,00,00,SAT_TAL:00
QZS_SNR:00,00,00,00,00,SNR_AVG:0.00
SatInView:13 GDOP:228
Roll:56.290184 Pitch:59.067810
X_AVG:-8.953920 Y_AVG:5.433798 Z_AVG:-0.542489
X_SD:8.041321 Y_SD:8.802732 Z_SD:10.874344
$MXCM10033,2,12,20240102,062249,12,0E9784A5,47EF32DB,00A1,0019,46B4,09,8102*1E
GPS_PRN:19404,31,26,08,28,09,18,03,19919619516,00,00,SAT_TAL:13
GPS_SNR:33,33,33,35,35,32,31,34,31,24,33,29,34,00,00,SNR_AVG:32.08
GLO_PRN:00,00,00,00,00,00,00,00,00,00,00,00,00,00,00,SAT_TAL:00
GLO_SNR:00,00,00,00,00,00,00,00,00,00,00,00,00,00,00,SNR_AVG:0.00
GAL_PRN:00,00,00,00,00,00,00,00,00,00,00,00,00,00,00,SAT_TAL:00
GAL_SNR:00,00,00,00,00,00,00,00,00,00,00,00,00,00,00,SNR_AVG:0.00
BEI_PRN:00,00,00,00,00,00,00,00,00,00,00,00,00,00,00,SAT_TAL:00
BEI_SNR:00,00,00,00,00,00,00,00,00,00,00,00,00,00,00,SNR_AVG:0.00
QZS_PRN:00,00,00,00,00,SAT_TAL:00
QZS_SNR:00,00,00,00,00,SNR_AVG:0.00
SatInView:13 GDOP:228
Roll:25.899719 Pitch:51.408661
X_AVG:-7.059494 Y_AVG:3.527688 Z_AVG:1.528489
X_SD:8.206465 Y_SD:7.792493 Z_SD:7.830831
$MXCM10033,2,13,20240102,062304,12,0E96F304,47EF31A2,00A1,001A,40CB,0A,8102*18
GPS_PRN:19504,31,26,08,28,09,18,03,19419919616,00,00,SAT_TAL:13
GPS_SNR:32,32,31,35,34,30,27,34,31,32,24,35,35,00,00,SNR_AVG:31.69
GLO_PRN:00,00,00,00,00,00,00,00,00,00,00,00,00,00,00,SAT_TAL:00
GLO_SNR:00,00,00,00,00,00,00,00,00,00,00,00,00,00,00,SNR_AVG:0.00
GAL_PRN:00,00,00,00,00,00,00,00,00,00,00,00,00,00,00,SAT_TAL:00
GAL_SNR:00,00,00,00,00,00,00,00,00,00,00,00,00,00,00,SNR_AVG:0.00
BEI_PRN:00,00,00,00,00,00,00,00,00,00,00,00,00,00,00,SAT_TAL:00
BEI_SNR:00,00,00,00,00,00,00,00,00,00,00,00,00,00,00,SNR_AVG:0.00
QZS_PRN:00,00,00,00,00,SAT_TAL:00
QZS_SNR:00,00,00,00,00,SNR_AVG:0.00
SatInView:13 GDOP:203
Roll:22.078833 Pitch:57.566799
X_AVG:-7.059494 Y_AVG:3.527688 Z_AVG:1.528489
X_SD:8.206465 Y_SD:7.792493 Z_SD:7.830831
$MXCM10033,2,14,20240102,062319,12,0E96A543,47EF99F6,00BD,0017,320A,0A,8102*65
GPS_PRN:19504,31,26,08,28,09,18,03,19419919616,00,00,SAT_TAL:13
GPS_SNR:35,35,32,32,35,35,34,34,27,27,23,31,34,00,00,SNR_AVG:31.85
GLO_PRN:00,00,00,00,00,00,00,00,00,00,00,00,00,00,00,SAT_TAL:00
GLO_SNR:00,00,00,00,00,00,00,00,00,00,00,00,00,00,00,SNR_AVG:0.00
GAL_PRN:00,00,00,00,00,00,00,00,00,00,00,00,00,00,00,SAT_TAL:00
GAL_SNR:00,00,00,00,00,00,00,00,00,00,00,00,00,00,00,SNR_AVG:0.00
BEI_PRN:00,00,00,00,00,00,00,00,00,00,00,00,00,00,00,SAT_TAL:00
BEI_SNR:00,00,00,00,00,00,00,00,00,00,00,00,00,00,00,SNR_AVG:0.00
QZS_PRN:00,00,00,00,00,SAT_TAL:00
QZS_SNR:00,00,00,00,00,SNR_AVG:0.00
SatInView:13 GDOP:203
Roll:5.702029 Pitch:25.079073
X_AVG:-7.059494 Y_AVG:3.527688 Z_AVG:1.528489
X_SD:8.206465 Y_SD:7.792493 Z_SD:7.830831
$MXCM10033,2,15,20240102,062334,12,0E962B7A,47EFA2E5,00D2,0015,5110,0A,8102*6A
GPS_PRN:19504,31,26,08,28,09,18,03,19419919616,00,00,SAT_TAL:13
GPS_SNR:35,27,35,35,33,35,32,33,35,33,25,32,34,00,00,SNR_AVG:32.62
GLO_PRN:00,00,00,00,00,00,00,00,00,00,00,00,00,00,00,SAT_TAL:00
GLO_SNR:00,00,00,00,00,00,00,00,00,00,00,00,00,00,00,SNR_AVG:0.00
GAL_PRN:00,00,00,00,00,00,00,00,00,00,00,00,00,00,00,SAT_TAL:00
GAL_SNR:00,00,00,00,00,00,00,00,00,00,00,00,00,00,00,SNR_AVG:0.00
BEI_PRN:00,00,00,00,00,00,00,00,00,00,00,00,00,00,00,SAT_TAL:00
BEI_SNR:00,00,00,00,00,00,00,00,00,00,00,00,00,00,00,SNR_AVG:0.00
QZS_PRN:00,00,00,00,00,SAT_TAL:00
QZS_SNR:00,00,00,00,00,SNR_AVG:0.00
SatInView:13 GDOP:204
Roll:98.413498 Pitch:64.932518
X_AVG:-11.012352 Y_AVG:5.469377 Z_AVG:-0.940366
X_SD:6.567301 Y_SD:8.237993 Z_SD:7.096951
$MXCM10033,2,16,20240102,062349,12,0E962E3D,47EFA0A3,00D8,0016,3617,0A,8102*6A
GPS_PRN:19504,31,26,08,28,09,18,03,19419919616,00,00,SAT_TAL:13
GPS_SNR:34,34,31,33,35,30,32,34,29,28,23,32,34,00,00,SNR_AVG:31.46
GLO_PRN:00,00,00,00,00,00,00,00,00,00,00,00,00,00,00,SAT_TAL:00
GLO_SNR:00,00,00,00,00,00,00,00,00,00,00,00,00,00,00,SNR_AVG:0.00
GAL_PRN:00,00,00,00,00,00,00,00,00,00,00,00,00,00,00,SAT_TAL:00
GAL_SNR:00,00,00,00,00,00,00,00,00,00,00,00,00,00,00,SNR_AVG:0.00
BEI_PRN:00,00,00,00,00,00,00,00,00,00,00,00,00,00,00,SAT_TAL:00
BEI_SNR:00,00,00,00,00,00,00,00,00,00,00,00,00,00,00,SNR_AVG:0.00
QZS_PRN:00,00,00,00,00,SAT_TAL:00
QZS_SNR:00,00,00,00,00,SNR_AVG:0.00
SatInView:13 GDOP:204
Roll:39.589062 Pitch:47.356380
X_AVG:-8.096395 Y_AVG:5.011404 Z_AVG:3.644815
X_SD:8.307727 Y_SD:8.640828 Z_SD:9.491348
$MXCM10033,2,17,20240102,062404,12,0E95A9C3,47EFC108,00E5,0019,4966,0A,8102*1A
GPS_PRN:19504,31,26,08,28,09,18,03,19419919616,00,00,SAT_TAL:13
GPS_SNR:28,34,33,35,35,32,31,34,32,32,24,32,36,00,00,SNR_AVG:32.15
GLO_PRN:00,00,00,00,00,00,00,00,00,00,00,00,00,00,00,SAT_TAL:00
GLO_SNR:00,00,00,00,00,00,00,00,00,00,00,00,00,00,00,SNR_AVG:0.00
GAL_PRN:00,00,00,00,00,00,00,00,00,00,00,00,00,00,00,SAT_TAL:00
GAL_SNR:00,00,00,00,00,00,00,00,00,00,00,00,00,00,00,SNR_AVG:0.00
BEI_PRN:00,00,00,00,00,00,00,00,00,00,00,00,00,00,00,SAT_TAL:00
BEI_SNR:00,00,00,00,00,00,00,00,00,00,00,00,00,00,00,SNR_AVG:0.00
QZS_PRN:00,00,00,00,00,SAT_TAL:00
QZS_SNR:00,00,00,00,00,SNR_AVG:0.00
SatInView:13 GDOP:204
Roll:30.981758 Pitch:50.468056
X_AVG:-8.185845 Y_AVG:3.850912 Z_AVG:3.271695
X_SD:7.201052 Y_SD:7.207542 Z_SD:8.951863
$MXCM10033,2,18,20240102,062419,12,0E951F3A,47EFC3CC,00FF,001B,448C,0A,8102*63
GPS_PRN:19504,31,26,08,28,09,18,03,19419919616,00,00,SAT_TAL:13
GPS_SNR:28,33,31,35,33,29,29,34,31,32,24,35,36,00,00,SNR_AVG:31.54
GLO_PRN:00,00,00,00,00,00,00,00,00,00,00,00,00,00,00,SAT_TAL:00
GLO_SNR:00,00,00,00,00,00,00,00,00,00,00,00,00,00,00,SNR_AVG:0.00
GAL_PRN:00,00,00,00,00,00,00,00,00,00,00,00,00,00,00,SAT_TAL:00
GAL_SNR:00,00,00,00,00,00,00,00,00,00,00,00,00,00,00,SNR_AVG:0.00
BEI_PRN:00,00,00,00,00,00,00,00,00,00,00,00,00,00,00,SAT_TAL:00
BEI_SNR:00,00,00,00,00,00,00,00,00,00,00,00,00,00,00,SNR_AVG:0.00
QZS_PRN:00,00,00,00,00,SAT_TAL:00
QZS_SNR:00,00,00,00,00,SNR_AVG:0.00
SatInView:13 GDOP:204
Roll:43.397820 Pitch:54.780476
X_AVG:-8.543833 Y_AVG:4.369171 Z_AVG:2.450563
X_SD:7.903001 Y_SD:7.621516 Z_SD:9.057263
$MXCM10033,2,19,20240102,062635,12,0E9030A7,47EFBE04,011B,001C,4334,0A,8202*63
GPS_PRN:19516,31,08,26,28,09,18,03,19419919604,00,00,SAT_TAL:13
GPS_SNR:29,35,31,33,34,29,28,34,31,32,22,34,33,00,00,SNR_AVG:31.15
GLO_PRN:00,00,00,00,00,00,00,00,00,00,00,00,00,00,00,SAT_TAL:00
GLO_SNR:00,00,00,00,00,00,00,00,00,00,00,00,00,00,00,SNR_AVG:0.00
GAL_PRN:00,00,00,00,00,00,00,00,00,00,00,00,00,00,00,SAT_TAL:00
GAL_SNR:00,00,00,00,00,00,00,00,00,00,00,00,00,00,00,SNR_AVG:0.00
BEI_PRN:00,00,00,00,00,00,00,00,00,00,00,00,00,00,00,SAT_TAL:00
BEI_SNR:00,00,00,00,00,00,00,00,00,00,00,00,00,00,00,SNR_AVG:0.00
QZS_PRN:00,00,00,00,00,SAT_TAL:00
QZS_SNR:00,00,00,00,00,SNR_AVG:0.00
SatInView:13 GDOP:206
Roll:37.296707 Pitch:64.553528
X_AVG:-8.729579 Y_AVG:4.036993 Z_AVG:2.347754
X_SD:7.728449 Y_SD:7.224139 Z_SD:8.599781
$MXCM10033,2,20,20240102,062650,12,0E8FA467,47EFED32,011C,001C,40DA,0A,8202*1F
GPS_PRN:19516,31,08,26,28,09,18,03,21,19419919604,00,SAT_TAL:14
GPS_SNR:27,35,32,32,34,34,29,34,31,32,31,24,34,34,00,SNR_AVG:31.64
GLO_PRN:00,00,00,00,00,00,00,00,00,00,00,00,00,00,00,SAT_TAL:00
GLO_SNR:00,00,00,00,00,00,00,00,00,00,00,00,00,00,00,SNR_AVG:0.00
GAL_PRN:00,00,00,00,00,00,00,00,00,00,00,00,00,00,00,SAT_TAL:00
GAL_SNR:00,00,00,00,00,00,00,00,00,00,00,00,00,00,00,SNR_AVG:0.00
BEI_PRN:00,00,00,00,00,00,00,00,00,00,00,00,00,00,00,SAT_TAL:00
BEI_SNR:00,00,00,00,00,00,00,00,00,00,00,00,00,00,00,SNR_AVG:0.00
QZS_PRN:00,00,00,00,00,SAT_TAL:00
QZS_SNR:00,00,00,00,00,SNR_AVG:0.00
SatInView:14 GDOP:206
Roll:7.876382 Pitch:37.831150
X_AVG:-8.234352 Y_AVG:3.789619 Z_AVG:5.418618
X_SD:8.255800 Y_SD:6.825116 Z_SD:7.231652
$MXCM10033,2,21,20240102,062906,12,0E8A8B3F,47F05433,016C,001A,41A6,0A,8202*6C
GPS_PRN:19516,31,08,26,09,28,18,03,19419919604,00,00,SAT_TAL:13
GPS_SNR:31,36,33,33,34,27,29,33,31,30,25,34,33,00,00,SNR_AVG:31.46
GLO_PRN:00,00,00,00,00,00,00,00,00,00,00,00,00,00,00,SAT_TAL:00
GLO_SNR:00,00,00,00,00,00,00,00,00,00,00,00,00,00,00,SNR_AVG:0.00
GAL_PRN:00,00,00,00,00,00,00,00,00,00,00,00,00,00,00,SAT_TAL:00
GAL_SNR:00,00,00,00,00,00,00,00,00,00,00,00,00,00,00,SNR_AVG:0.00
BEI_PRN:00,00,00,00,00,00,00,00,00,00,00,00,00,00,00,SAT_TAL:00
BEI_SNR:00,00,00,00,00,00,00,00,00,00,00,00,00,00,00,SNR_AVG:0.00
QZS_PRN:00,00,00,00,00,SAT_TAL:00
QZS_SNR:00,00,00,00,00,SNR_AVG:0.00
SatInView:13 GDOP:206
Roll:70.063667 Pitch:68.480919
X_AVG:-9.888923 Y_AVG:4.561525 Z_AVG:0.640222
X_SD:7.616979 Y_SD:8.861598 Z_SD:8.461273
$MXCM10033,2,22,20240102,062921,12,0E8A045E,47F0763F,0177,001C,4274,0A,8202*64
GPS_PRN:19516,31,08,26,09,28,18,21,03,19419919604,00,SAT_TAL:14
GPS_SNR:29,35,33,33,35,28,27,34,35,31,31,24,34,34,00,SNR_AVG:31.64
GLO_PRN:00,00,00,00,00,00,00,00,00,00,00,00,00,00,00,SAT_TAL:00
GLO_SNR:00,00,00,00,00,00,00,00,00,00,00,00,00,00,00,SNR_AVG:0.00
GAL_PRN:00,00,00,00,00,00,00,00,00,00,00,00,00,00,00,SAT_TAL:00
GAL_SNR:00,00,00,00,00,00,00,00,00,00,00,00,00,00,00,SNR_AVG:0.00
BEI_PRN:00,00,00,00,00,00,00,00,00,00,00,00,00,00,00,SAT_TAL:00
BEI_SNR:00,00,00,00,00,00,00,00,00,00,00,00,00,00,00,SNR_AVG:0.00
QZS_PRN:00,00,00,00,00,SAT_TAL:00
QZS_SNR:00,00,00,00,00,SNR_AVG:0.00
SatInView:14 GDOP:206
Roll:29.078712 Pitch:50.527390
X_AVG:-8.287074 Y_AVG:4.423377 Z_AVG:3.667656
X_SD:8.011375 Y_SD:7.328896 Z_SD:7.619474
$MXCM10033,2,23,20240102,063136,12,0E852EB5,47F1AF13,01A4,001D,3F95,0A,8202*14
GPS_PRN:19516,31,08,26,09,28,18,03,19419919604,00,00,SAT_TAL:13
GPS_SNR:29,36,32,32,34,28,26,34,30,31,23,34,34,00,00,SNR_AVG:31.00
GLO_PRN:00,00,00,00,00,00,00,00,00,00,00,00,00,00,00,SAT_TAL:00
GLO_SNR:00,00,00,00,00,00,00,00,00,00,00,00,00,00,00,SNR_AVG:0.00
GAL_PRN:00,00,00,00,00,00,00,00,00,00,00,00,00,00,00,SAT_TAL:00
GAL_SNR:00,00,00,00,00,00,00,00,00,00,00,00,00,00,00,SNR_AVG:0.00
BEI_PRN:00,00,00,00,00,00,00,00,00,00,00,00,00,00,00,SAT_TAL:00
BEI_SNR:00,00,00,00,00,00,00,00,00,00,00,00,00,00,00,SNR_AVG:0.00
QZS_PRN:00,00,00,00,00,SAT_TAL:00
QZS_SNR:00,00,00,00,00,SNR_AVG:0.00
SatInView:13 GDOP:207
Roll:9.539263 Pitch:43.177963
X_AVG:-7.200946 Y_AVG:2.836085 Z_AVG:2.985055
X_SD:8.258767 Y_SD:6.126744 Z_SD:7.425006
$MXCM10033,2,24,20240102,063152,12,0E8497F9,47F1E36B,0197,001C,416E,0A,8202*15
GPS_PRN:19516,31,08,26,09,28,18,21,03,19419919604,00,SAT_TAL:14
GPS_SNR:28,35,32,32,34,29,27,35,33,30,31,24,34,33,00,SNR_AVG:31.21
GLO_PRN:00,00,00,00,00,00,00,00,00,00,00,00,00,00,00,SAT_TAL:00
GLO_SNR:00,00,00,00,00,00,00,00,00,00,00,00,00,00,00,SNR_AVG:0.00
GAL_PRN:00,00,00,00,00,00,00,00,00,00,00,00,00,00,00,SAT_TAL:00
GAL_SNR:00,00,00,00,00,00,00,00,00,00,00,00,00,00,00,SNR_AVG:0.00
BEI_PRN:00,00,00,00,00,00,00,00,00,00,00,00,00,00,00,SAT_TAL:00
BEI_SNR:00,00,00,00,00,00,00,00,00,00,00,00,00,00,00,SNR_AVG:0.00
QZS_PRN:00,00,00,00,00,SAT_TAL:00
QZS_SNR:00,00,00,00,00,SNR_AVG:0.00
SatInView:14 GDOP:207
Roll:5.102107 Pitch:48.410744
X_AVG:-7.784042 Y_AVG:3.103283 Z_AVG:2.576692
X_SD:7.912190 Y_SD:6.145924 Z_SD:6.724942
$MXCM10033,2,25,20240102,063407,12,0E7FD150,47F3D248,018E,001A,3CD0,0A,8202*14
GPS_PRN:19516,08,31,26,09,28,18,03,19419919604,00,00,SAT_TAL:13
GPS_SNR:31,36,32,32,34,31,28,34,29,30,23,34,34,00,00,SNR_AVG:31.38
GLO_PRN:00,00,00,00,00,00,00,00,00,00,00,00,00,00,00,SAT_TAL:00
GLO_SNR:00,00,00,00,00,00,00,00,00,00,00,00,00,00,00,SNR_AVG:0.00
GAL_PRN:00,00,00,00,00,00,00,00,00,00,00,00,00,00,00,SAT_TAL:00
GAL_SNR:00,00,00,00,00,00,00,00,00,00,00,00,00,00,00,SNR_AVG:0.00
BEI_PRN:00,00,00,00,00,00,00,00,00,00,00,00,00,00,00,SAT_TAL:00
BEI_SNR:00,00,00,00,00,00,00,00,00,00,00,00,00,00,00,SNR_AVG:0.00
QZS_PRN:00,00,00,00,00,SAT_TAL:00
QZS_SNR:00,00,00,00,00,SNR_AVG:0.00
SatInView:13 GDOP:208
Roll:42.833080 Pitch:63.538845
X_AVG:-8.135805 Y_AVG:3.375797 Z_AVG:3.250817
X_SD:7.318221 Y_SD:6.840916 Z_SD:8.041403
$MXCM10033,2,26,20240102,063423,12,0E7F41F4,47F3E3C2,017E,001A,4897,0B,8202*61
GPS_PRN:19516,08,31,26,09,28,18,21,03,19419919604,00,SAT_TAL:14
GPS_SNR:30,36,34,33,35,31,32,35,32,33,33,24,31,33,00,SNR_AVG:32.29
GLO_PRN:00,00,00,00,00,00,00,00,00,00,00,00,00,00,00,SAT_TAL:00
GLO_SNR:00,00,00,00,00,00,00,00,00,00,00,00,00,00,00,SNR_AVG:0.00
GAL_PRN:00,00,00,00,00,00,00,00,00,00,00,00,00,00,00,SAT_TAL:00
GAL_SNR:00,00,00,00,00,00,00,00,00,00,00,00,00,00,00,SNR_AVG:0.00
BEI_PRN:00,00,00,00,00,00,00,00,00,00,00,00,00,00,00,SAT_TAL:00
BEI_SNR:00,00,00,00,00,00,00,00,00,00,00,00,00,00,00,SNR_AVG:0.00
QZS_PRN:00,00,00,00,00,SAT_TAL:00
QZS_SNR:00,00,00,00,00,SNR_AVG:0.00
SatInView:14 GDOP:176
Roll:6.434615 Pitch:49.286495
X_AVG:-8.135805 Y_AVG:3.375797 Z_AVG:3.250817
X_SD:7.318221 Y_SD:6.840916 Z_SD:8.041403
$MXCM10033,2,27,20240102,063639,12,0E7BA4AD,47F40DB0,0186,0016,411B,0A,8202*10
GPS_PRN:19516,08,31,26,09,28,18,03,19419919604,00,00,SAT_TAL:13
GPS_SNR:28,36,33,33,35,31,32,35,31,32,24,33,33,00,00,SNR_AVG:32.00
GLO_PRN:00,00,00,00,00,00,00,00,00,00,00,00,00,00,00,SAT_TAL:00
GLO_SNR:00,00,00,00,00,00,00,00,00,00,00,00,00,00,00,SNR_AVG:0.00
GAL_PRN:00,00,00,00,00,00,00,00,00,00,00,00,00,00,00,SAT_TAL:00
GAL_SNR:00,00,00,00,00,00,00,00,00,00,00,00,00,00,00,SNR_AVG:0.00
BEI_PRN:00,00,00,00,00,00,00,00,00,00,00,00,00,00,00,SAT_TAL:00
BEI_SNR:00,00,00,00,00,00,00,00,00,00,00,00,00,00,00,SNR_AVG:0.00
QZS_PRN:00,00,00,00,00,SAT_TAL:00
QZS_SNR:00,00,00,00,00,SNR_AVG:0.00
SatInView:13 GDOP:208
Roll:33.929024 Pitch:64.290634
X_AVG:-7.201185 Y_AVG:3.847177 Z_AVG:0.748107
X_SD:7.185823 Y_SD:6.562112 Z_SD:8.650337
$MXCM10033,2,28,20240102,063654,12,0E7B3299,47F41202,0184,0016,3B52,0B,8202*63
GPS_PRN:19516,08,31,26,09,28,18,21,03,19419919604,00,SAT_TAL:14
GPS_SNR:32,35,34,32,34,29,24,34,32,32,30,24,33,32,00,SNR_AVG:31.21
GLO_PRN:00,00,00,00,00,00,00,00,00,00,00,00,00,00,00,SAT_TAL:00
GLO_SNR:00,00,00,00,00,00,00,00,00,00,00,00,00,00,00,SNR_AVG:0.00
GAL_PRN:00,00,00,00,00,00,00,00,00,00,00,00,00,00,00,SAT_TAL:00
GAL_SNR:00,00,00,00,00,00,00,00,00,00,00,00,00,00,00,SNR_AVG:0.00
BEI_PRN:00,00,00,00,00,00,00,00,00,00,00,00,00,00,00,SAT_TAL:00
BEI_SNR:00,00,00,00,00,00,00,00,00,00,00,00,00,00,00,SNR_AVG:0.00
QZS_PRN:00,00,00,00,00,SAT_TAL:00
QZS_SNR:00,00,00,00,00,SNR_AVG:0.00
SatInView:14 GDOP:176
Roll:8.888601 Pitch:41.153008
X_AVG:-6.188226 Y_AVG:2.757266 Z_AVG:1.778257
X_SD:6.633938 Y_SD:5.436868 Z_SD:8.005020
$MXCM10033,2,29,20240102,063910,12,0E76E8AF,47F3F6E1,017F,0019,4485,0A,8202*6A
GPS_PRN:19516,08,31,26,09,28,18,03,19419919604,00,00,SAT_TAL:13
GPS_SNR:30,35,34,33,35,33,32,33,31,33,22,29,32,00,00,SNR_AVG:31.69
GLO_PRN:00,00,00,00,00,00,00,00,00,00,00,00,00,00,00,SAT_TAL:00
GLO_SNR:00,00,00,00,00,00,00,00,00,00,00,00,00,00,00,SNR_AVG:0.00
GAL_PRN:00,00,00,00,00,00,00,00,00,00,00,00,00,00,00,SAT_TAL:00
GAL_SNR:00,00,00,00,00,00,00,00,00,00,00,00,00,00,00,SNR_AVG:0.00
BEI_PRN:00,00,00,00,00,00,00,00,00,00,00,00,00,00,00,SAT_TAL:00
BEI_SNR:00,00,00,00,00,00,00,00,00,00,00,00,00,00,00,SNR_AVG:0.00
QZS_PRN:00,00,00,00,00,SAT_TAL:00
QZS_SNR:00,00,00,00,00,SNR_AVG:0.00
SatInView:13 GDOP:208
Roll:51.098999 Pitch:52.943810
X_AVG:0.000000 Y_AVG:0.000000 Z_AVG:0.000000
X_SD:0.000000 Y_SD:0.000000 Z_SD:0.000000
$MXCM10033,2,30,20240102,063925,12,0E766FD6,47F3D9C0,018D,0015,4C18,0B,8202*67
GPS_PRN:19516,08,31,26,09,28,18,21,03,19419919604,00,SAT_TAL:14
GPS_SNR:32,34,33,35,35,33,34,34,33,34,33,24,28,30,00,SNR_AVG:32.29
GLO_PRN:00,00,00,00,00,00,00,00,00,00,00,00,00,00,00,SAT_TAL:00
GLO_SNR:00,00,00,00,00,00,00,00,00,00,00,00,00,00,00,SNR_AVG:0.00
GAL_PRN:00,00,00,00,00,00,00,00,00,00,00,00,00,00,00,SAT_TAL:00
GAL_SNR:00,00,00,00,00,00,00,00,00,00,00,00,00,00,00,SNR_AVG:0.00
BEI_PRN:00,00,00,00,00,00,00,00,00,00,00,00,00,00,00,SAT_TAL:00
BEI_SNR:00,00,00,00,00,00,00,00,00,00,00,00,00,00,00,SNR_AVG:0.00
QZS_PRN:00,00,00,00,00,SAT_TAL:00
QZS_SNR:00,00,00,00,00,SNR_AVG:0.00
SatInView:14 GDOP:178
Roll:38.296150 Pitch:46.055470
X_AVG:0.000000 Y_AVG:0.000000 Z_AVG:0.000000
X_SD:0.000000 Y_SD:0.000000 Z_SD:0.000000
$MXCM10033,2,31,20240102,064141,12,0E721C61,47F2613E,0157,001B,460A,0A,8202*61
GPS_PRN:19516,08,31,26,09,28,18,03,02,19419919604,00,SAT_TAL:14
GPS_SNR:30,34,34,33,35,28,32,34,34,31,33,23,33,32,00,SNR_AVG:31.86
GLO_PRN:00,00,00,00,00,00,00,00,00,00,00,00,00,00,00,SAT_TAL:00
GLO_SNR:00,00,00,00,00,00,00,00,00,00,00,00,00,00,00,SNR_AVG:0.00
GAL_PRN:00,00,00,00,00,00,00,00,00,00,00,00,00,00,00,SAT_TAL:00
GAL_SNR:00,00,00,00,00,00,00,00,00,00,00,00,00,00,00,SNR_AVG:0.00
BEI_PRN:00,00,00,00,00,00,00,00,00,00,00,00,00,00,00,SAT_TAL:00
BEI_SNR:00,00,00,00,00,00,00,00,00,00,00,00,00,00,00,SNR_AVG:0.00
QZS_PRN:00,00,00,00,00,SAT_TAL:00
QZS_SNR:00,00,00,00,00,SNR_AVG:0.00
SatInView:14 GDOP:208
Roll:36.044605 Pitch:57.484268
X_AVG:-8.826211 Y_AVG:4.438556 Z_AVG:2.236708
X_SD:6.926975 Y_SD:6.435782 Z_SD:6.145578
$MXCM10033,2,32,20240102,064156,12,0E719849,47F23681,0147,001A,510F,0B,8202*63
GPS_PRN:19516,08,31,26,09,28,18,21,03,02,19419919604,SAT_TAL:15
GPS_SNR:32,36,34,36,35,33,35,32,29,27,30,34,24,28,29,SNR_AVG:31.60
GLO_PRN:00,00,00,00,00,00,00,00,00,00,00,00,00,00,00,SAT_TAL:00
GLO_SNR:00,00,00,00,00,00,00,00,00,00,00,00,00,00,00,SNR_AVG:0.00
GAL_PRN:00,00,00,00,00,00,00,00,00,00,00,00,00,00,00,SAT_TAL:00
GAL_SNR:00,00,00,00,00,00,00,00,00,00,00,00,00,00,00,SNR_AVG:0.00
BEI_PRN:00,00,00,00,00,00,00,00,00,00,00,00,00,00,00,SAT_TAL:00
BEI_SNR:00,00,00,00,00,00,00,00,00,00,00,00,00,00,00,SNR_AVG:0.00
QZS_PRN:00,00,00,00,00,SAT_TAL:00
QZS_SNR:00,00,00,00,00,SNR_AVG:0.00
SatInView:15 GDOP:179
Roll:26.048975 Pitch:52.949852
X_AVG:-7.331481 Y_AVG:2.766412 Z_AVG:2.427003
X_SD:7.133691 Y_SD:5.811599 Z_SD:6.535686
$MXCM10033,2,33,20240102,064412,12,0E710696,47EF9888,00B9,0000,428B,09,8201*67
GPS_PRN:19508,16,31,26,09,28,18,02,03,19419919604,00,SAT_TAL:12
GPS_SNR:32,24,29,38,25,00,27,31,25,00,27,22,25,20,00,SNR_AVG:27.08
GLO_PRN:00,00,00,00,00,00,00,00,00,00,00,00,00,00,00,SAT_TAL:00
GLO_SNR:00,00,00,00,00,00,00,00,00,00,00,00,00,00,00,SNR_AVG:0.00
GAL_PRN:00,00,00,00,00,00,00,00,00,00,00,00,00,00,00,SAT_TAL:00
GAL_SNR:00,00,00,00,00,00,00,00,00,00,00,00,00,00,00,SNR_AVG:0.00
BEI_PRN:00,00,00,00,00,00,00,00,00,00,00,00,00,00,00,SAT_TAL:00
BEI_SNR:00,00,00,00,00,00,00,00,00,00,00,00,00,00,00,SNR_AVG:0.00
QZS_PRN:00,00,00,00,00,SAT_TAL:00
QZS_SNR:00,00,00,00,00,SNR_AVG:0.00
SatInView:14 GDOP:154
Roll:53.615437 Pitch:25.243673
X_AVG:-5.228180 Y_AVG:8.477177 Z_AVG:8.236603
X_SD:0.819268 Y_SD:0.783015 Z_SD:1.362857
$MXCM10033,2,34,20240102,064427,12,0E710682,47EF992D,00BA,0000,428B,0A,8202*17
GPS_PRN:19508,16,31,26,09,28,18,21,02,03,19419919604,SAT_TAL:13
GPS_SNR:22,26,23,37,37,17,34,29,23,17,00,28,27,31,00,SNR_AVG:27.00
GLO_PRN:00,00,00,00,00,00,00,00,00,00,00,00,00,00,00,SAT_TAL:00
GLO_SNR:00,00,00,00,00,00,00,00,00,00,00,00,00,00,00,SNR_AVG:0.00
GAL_PRN:00,00,00,00,00,00,00,00,00,00,00,00,00,00,00,SAT_TAL:00
GAL_SNR:00,00,00,00,00,00,00,00,00,00,00,00,00,00,00,SNR_AVG:0.00
BEI_PRN:00,00,00,00,00,00,00,00,00,00,00,00,00,00,00,SAT_TAL:00
BEI_SNR:00,00,00,00,00,00,00,00,00,00,00,00,00,00,00,SNR_AVG:0.00
QZS_PRN:00,00,00,00,00,SAT_TAL:00
QZS_SNR:00,00,00,00,00,SNR_AVG:0.00
SatInView:15 GDOP:130
Roll:145.479416 Pitch:5.868661
X_AVG:-2.015432 Y_AVG:8.530329 Z_AVG:-12.149238
X_SD:0.323801 Y_SD:0.457063 Z_SD:0.284616
$MXCM10033,2,35,20240102,064642,12,0E71084E,47EF96F1,00BA,0000,0000,08,8201*6A
GPS_PRN:19508,16,31,26,09,28,18,02,19419919604,00,00,SAT_TAL:10
GPS_SNR:25,14,17,33,27,00,28,17,19,23,00,27,00,00,00,SNR_AVG:23.00
GLO_PRN:00,00,00,00,00,00,00,00,00,00,00,00,00,00,00,SAT_TAL:00
GLO_SNR:00,00,00,00,00,00,00,00,00,00,00,00,00,00,00,SNR_AVG:0.00
GAL_PRN:00,00,00,00,00,00,00,00,00,00,00,00,00,00,00,SAT_TAL:00
GAL_SNR:00,00,00,00,00,00,00,00,00,00,00,00,00,00,00,SNR_AVG:0.00
BEI_PRN:00,00,00,00,00,00,00,00,00,00,00,00,00,00,00,SAT_TAL:00
BEI_SNR:00,00,00,00,00,00,00,00,00,00,00,00,00,00,00,SNR_AVG:0.00
QZS_PRN:00,00,00,00,00,SAT_TAL:00
QZS_SNR:00,00,00,00,00,SNR_AVG:0.00
SatInView:13 GDOP:170
Roll:69.632187 Pitch:25.057753
X_AVG:-4.292603 Y_AVG:8.692372 Z_AVG:3.430721
X_SD:0.090887 Y_SD:0.072300 Z_SD:0.155104
$MXCM10033,2,36,20240102,064658,12,0E7107C7,47EF9E02,00BA,0000,0000,08,8201*6E
GPS_PRN:19508,16,31,26,09,28,21,18,02,19419919604,00,SAT_TAL:10
GPS_SNR:24,00,15,31,27,00,30,22,20,18,23,00,26,00,00,SNR_AVG:23.60
GLO_PRN:00,00,00,00,00,00,00,00,00,00,00,00,00,00,00,SAT_TAL:00
GLO_SNR:00,00,00,00,00,00,00,00,00,00,00,00,00,00,00,SNR_AVG:0.00
GAL_PRN:00,00,00,00,00,00,00,00,00,00,00,00,00,00,00,SAT_TAL:00
GAL_SNR:00,00,00,00,00,00,00,00,00,00,00,00,00,00,00,SNR_AVG:0.00
BEI_PRN:00,00,00,00,00,00,00,00,00,00,00,00,00,00,00,SAT_TAL:00
BEI_SNR:00,00,00,00,00,00,00,00,00,00,00,00,00,00,00,SNR_AVG:0.00
QZS_PRN:00,00,00,00,00,SAT_TAL:00
QZS_SNR:00,00,00,00,00,SNR_AVG:0.00
SatInView:14 GDOP:182
Roll:69.586365 Pitch:24.912996
X_AVG:-4.260999 Y_AVG:8.700944 Z_AVG:3.691263
X_SD:0.086699 Y_SD:0.081494 Z_SD:0.187437
$MXCM10033,2,37,20240102,064913,12,0E71018D,47EF8F2B,00BA,0001,79DE,06,8201*11
GPS_PRN:19608,16,31,26,09,28,18,02,21,19419904,00,00,SAT_TAL:08
GPS_SNR:18,00,00,18,27,00,15,17,20,22,21,00,00,00,00,SNR_AVG:19.75
GLO_PRN:00,00,00,00,00,00,00,00,00,00,00,00,00,00,00,SAT_TAL:00
GLO_SNR:00,00,00,00,00,00,00,00,00,00,00,00,00,00,00,SNR_AVG:0.00
GAL_PRN:00,00,00,00,00,00,00,00,00,00,00,00,00,00,00,SAT_TAL:00
GAL_SNR:00,00,00,00,00,00,00,00,00,00,00,00,00,00,00,SNR_AVG:0.00
BEI_PRN:00,00,00,00,00,00,00,00,00,00,00,00,00,00,00,SAT_TAL:00
BEI_SNR:00,00,00,00,00,00,00,00,00,00,00,00,00,00,00,SNR_AVG:0.00
QZS_PRN:00,00,00,00,00,SAT_TAL:00
QZS_SNR:00,00,00,00,00,SNR_AVG:0.00
SatInView:13 GDOP:234
Roll:82.066353 Pitch:21.297035
X_AVG:-3.922164 Y_AVG:8.878405 Z_AVG:1.614060
X_SD:0.161754 Y_SD:0.140316 Z_SD:0.358852
$MXCM10033,2,38,20240102,064929,12,0E710490,47EF977F,00BA,0000,72D4,09,8201*62
GPS_PRN:19608,16,31,26,09,28,18,02,19419904,00,00,00,SAT_TAL:10
GPS_SNR:18,17,16,21,25,00,12,17,21,24,00,16,00,00,00,SNR_AVG:18.70
GLO_PRN:00,00,00,00,00,00,00,00,00,00,00,00,00,00,00,SAT_TAL:00
GLO_SNR:00,00,00,00,00,00,00,00,00,00,00,00,00,00,00,SNR_AVG:0.00
GAL_PRN:00,00,00,00,00,00,00,00,00,00,00,00,00,00,00,SAT_TAL:00
GAL_SNR:00,00,00,00,00,00,00,00,00,00,00,00,00,00,00,SNR_AVG:0.00
BEI_PRN:00,00,00,00,00,00,00,00,00,00,00,00,00,00,00,SAT_TAL:00
BEI_SNR:00,00,00,00,00,00,00,00,00,00,00,00,00,00,00,SNR_AVG:0.00
QZS_PRN:00,00,00,00,00,SAT_TAL:00
QZS_SNR:00,00,00,00,00,SNR_AVG:0.00
SatInView:12 GDOP:153
Roll:76.671280 Pitch:19.088617
X_AVG:-3.509827 Y_AVG:9.029961 Z_AVG:2.624625
X_SD:0.186181 Y_SD:0.115991 Z_SD:0.226945
$MXCM10033,2,39,20240102,065144,00,0E7102F1,47EF97AE,00BA,0000,3430,00,8201*17
GPS_PRN:19608,16,31,26,09,28,18,02,21,07,19419904,00,SAT_TAL:06
GPS_SNR:00,00,20,23,22,00,00,17,00,23,00,22,00,00,00,SNR_AVG:21.17
GLO_PRN:00,00,00,00,00,00,00,00,00,00,00,00,00,00,00,SAT_TAL:00
GLO_SNR:00,00,00,00,00,00,00,00,00,00,00,00,00,00,00,SNR_AVG:0.00
GAL_PRN:00,00,00,00,00,00,00,00,00,00,00,00,00,00,00,SAT_TAL:00
GAL_SNR:00,00,00,00,00,00,00,00,00,00,00,00,00,00,00,SNR_AVG:0.00
BEI_PRN:00,00,00,00,00,00,00,00,00,00,00,00,00,00,00,SAT_TAL:00
BEI_SNR:00,00,00,00,00,00,00,00,00,00,00,00,00,00,00,SNR_AVG:0.00
QZS_PRN:00,00,00,00,00,SAT_TAL:00
QZS_SNR:00,00,00,00,00,SNR_AVG:0.00
SatInView:14 GDOP:220
Roll:103.248337 Pitch:20.238319
X_AVG:-3.780952 Y_AVG:8.725317 Z_AVG:-2.178911
X_SD:0.096919 Y_SD:0.074784 Z_SD:0.163492
$MXCM10033,2,40,20240102,065159,12,0E710074,47EF8E12,00BA,0000,4846,08,8201*16
GPS_PRN:19508,16,31,26,09,28,21,18,02,07,19419919604,SAT_TAL:10
GPS_SNR:20,00,19,25,20,00,19,20,00,19,00,20,00,16,14,SNR_AVG:19.20
GLO_PRN:00,00,00,00,00,00,00,00,00,00,00,00,00,00,00,SAT_TAL:00
GLO_SNR:00,00,00,00,00,00,00,00,00,00,00,00,00,00,00,SNR_AVG:0.00
GAL_PRN:00,00,00,00,00,00,00,00,00,00,00,00,00,00,00,SAT_TAL:00
GAL_SNR:00,00,00,00,00,00,00,00,00,00,00,00,00,00,00,SNR_AVG:0.00
BEI_PRN:00,00,00,00,00,00,00,00,00,00,00,00,00,00,00,SAT_TAL:00
BEI_SNR:00,00,00,00,00,00,00,00,00,00,00,00,00,00,00,SNR_AVG:0.00
QZS_PRN:00,00,00,00,00,SAT_TAL:00
QZS_SNR:00,00,00,00,00,SNR_AVG:0.00
SatInView:15 GDOP:162
Roll:98.877884 Pitch:20.254641
X_AVG:-3.747480 Y_AVG:8.759028 Z_AVG:-1.974490
X_SD:0.078718 Y_SD:0.070729 Z_SD:0.122691
$MXCM10033,2,41,20240102,065415,12,0E710876,47EF9DA6,00BA,0000,0883,07,8201*66
GPS_PRN:19604,16,31,26,09,28,18,02,21,07,19419908,00,SAT_TAL:07
GPS_SNR:22,00,00,29,16,16,24,00,17,00,00,17,00,00,00,SNR_AVG:20.14
GLO_PRN:00,00,00,00,00,00,00,00,00,00,00,00,00,00,00,SAT_TAL:00
GLO_SNR:00,00,00,00,00,00,00,00,00,00,00,00,00,00,00,SNR_AVG:0.00
GAL_PRN:00,00,00,00,00,00,00,00,00,00,00,00,00,00,00,SAT_TAL:00
GAL_SNR:00,00,00,00,00,00,00,00,00,00,00,00,00,00,00,SNR_AVG:0.00
BEI_PRN:00,00,00,00,00,00,00,00,00,00,00,00,00,00,00,SAT_TAL:00
BEI_SNR:00,00,00,00,00,00,00,00,00,00,00,00,00,00,00,SNR_AVG:0.00
QZS_PRN:00,00,00,00,00,SAT_TAL:00
QZS_SNR:00,00,00,00,00,SNR_AVG:0.00
SatInView:14 GDOP:149
Roll:75.317406 Pitch:32.066563
X_AVG:-5.478092 Y_AVG:8.043722 Z_AVG:2.205583
X_SD:0.182929 Y_SD:0.097158 Z_SD:0.249451
$MXCM10033,2,42,20240102,065430,12,0E7107C1,47EF9EB9,00BA,0000,0110,09,8201*1E
GPS_PRN:19604,16,31,26,09,28,18,02,19419908,00,00,00,SAT_TAL:09
GPS_SNR:22,15,00,27,16,16,24,17,16,16,00,00,00,00,00,SNR_AVG:18.78
GLO_PRN:00,00,00,00,00,00,00,00,00,00,00,00,00,00,00,SAT_TAL:00
GLO_SNR:00,00,00,00,00,00,00,00,00,00,00,00,00,00,00,SNR_AVG:0.00
GAL_PRN:00,00,00,00,00,00,00,00,00,00,00,00,00,00,00,SAT_TAL:00
GAL_SNR:00,00,00,00,00,00,00,00,00,00,00,00,00,00,00,SNR_AVG:0.00
BEI_PRN:00,00,00,00,00,00,00,00,00,00,00,00,00,00,00,SAT_TAL:00
BEI_SNR:00,00,00,00,00,00,00,00,00,00,00,00,00,00,00,SNR_AVG:0.00
QZS_PRN:00,00,00,00,00,SAT_TAL:00
QZS_SNR:00,00,00,00,00,SNR_AVG:0.00
SatInView:12 GDOP:129
Roll:82.707405 Pitch:33.669750
X_AVG:-5.508307 Y_AVG:8.026340 Z_AVG:1.444738
X_SD:0.244011 Y_SD:0.194681 Z_SD:0.376339
$MXCM10033,2,43,20240102,065645,00,0E70DD6D,47F0069F,00BA,0000,32A9,00,8201*61
GPS_PRN:19604,16,31,26,09,28,18,02,21,07,19419908,00,SAT_TAL:05
GPS_SNR:00,00,00,25,00,00,29,21,26,23,00,00,00,00,00,SNR_AVG:24.80
GLO_PRN:00,00,00,00,00,00,00,00,00,00,00,00,00,00,00,SAT_TAL:00
GLO_SNR:00,00,00,00,00,00,00,00,00,00,00,00,00,00,00,SNR_AVG:0.00
GAL_PRN:00,00,00,00,00,00,00,00,00,00,00,00,00,00,00,SAT_TAL:00
GAL_SNR:00,00,00,00,00,00,00,00,00,00,00,00,00,00,00,SNR_AVG:0.00
BEI_PRN:00,00,00,00,00,00,00,00,00,00,00,00,00,00,00,SAT_TAL:00
BEI_SNR:00,00,00,00,00,00,00,00,00,00,00,00,00,00,00,SNR_AVG:0.00
QZS_PRN:00,00,00,00,00,SAT_TAL:00
QZS_SNR:00,00,00,00,00,SNR_AVG:0.00
SatInView:14 GDOP:248
Roll:115.577194 Pitch:3.463104
X_AVG:-0.990453 Y_AVG:8.219460 Z_AVG:-4.288389
X_SD:5.405052 Y_SD:5.688658 Z_SD:6.029306
$MXCM10033,2,44,20240102,065701,12,0E70FF7B,47EF96A8,00BA,0000,449A,08,8201*10
GPS_PRN:19504,16,31,26,09,28,21,18,19419919608,00,00,SAT_TAL:10
GPS_SNR:26,00,22,34,23,00,25,18,17,14,16,17,00,00,00,SNR_AVG:21.20
GLO_PRN:00,00,00,00,00,00,00,00,00,00,00,00,00,00,00,SAT_TAL:00
GLO_SNR:00,00,00,00,00,00,00,00,00,00,00,00,00,00,00,SNR_AVG:0.00
GAL_PRN:00,00,00,00,00,00,00,00,00,00,00,00,00,00,00,SAT_TAL:00
GAL_SNR:00,00,00,00,00,00,00,00,00,00,00,00,00,00,00,SNR_AVG:0.00
BEI_PRN:00,00,00,00,00,00,00,00,00,00,00,00,00,00,00,SAT_TAL:00
BEI_SNR:00,00,00,00,00,00,00,00,00,00,00,00,00,00,00,SNR_AVG:0.00
QZS_PRN:00,00,00,00,00,SAT_TAL:00
QZS_SNR:00,00,00,00,00,SNR_AVG:0.00
SatInView:13 GDOP:188
Roll:83.266701 Pitch:26.366692
X_AVG:-4.127639 Y_AVG:7.991001 Z_AVG:1.573932
X_SD:6.346093 Y_SD:5.943002 Z_SD:8.696078
$MXCM10033,2,45,20240102,065916,00,0E71044D,47EF8F17,00BA,0000,31C4,00,8202*12
GPS_PRN:19604,16,31,26,09,28,18,02,21,07,19419908,00,SAT_TAL:05
GPS_SNR:14,00,00,17,16,00,18,00,00,17,00,00,00,00,00,SNR_AVG:16.40
GLO_PRN:00,00,00,00,00,00,00,00,00,00,00,00,00,00,00,SAT_TAL:00
GLO_SNR:00,00,00,00,00,00,00,00,00,00,00,00,00,00,00,SNR_AVG:0.00
GAL_PRN:00,00,00,00,00,00,00,00,00,00,00,00,00,00,00,SAT_TAL:00
GAL_SNR:00,00,00,00,00,00,00,00,00,00,00,00,00,00,00,SNR_AVG:0.00
BEI_PRN:00,00,00,00,00,00,00,00,00,00,00,00,00,00,00,SAT_TAL:00
BEI_SNR:00,00,00,00,00,00,00,00,00,00,00,00,00,00,00,SNR_AVG:0.00
QZS_PRN:00,00,00,00,00,SAT_TAL:00
QZS_SNR:00,00,00,00,00,SNR_AVG:0.00
SatInView:14 GDOP:272
Roll:36.203915 Pitch:13.425887
X_AVG:-4.006442 Y_AVG:8.772771 Z_AVG:11.300716
X_SD:0.116578 Y_SD:0.072813 Z_SD:0.115336
$MXCM10033,2,46,20240102,065931,00,0E710AA6,47EF8F9B,00BA,0000,228E,00,8202*13
GPS_PRN:19604,16,31,26,09,21,28,18,02,07,19419908,00,SAT_TAL:06
GPS_SNR:14,00,00,25,18,00,15,17,00,16,00,00,00,00,00,SNR_AVG:17.50
GLO_PRN:00,00,00,00,00,00,00,00,00,00,00,00,00,00,00,SAT_TAL:00
GLO_SNR:00,00,00,00,00,00,00,00,00,00,00,00,00,00,00,SNR_AVG:0.00
GAL_PRN:00,00,00,00,00,00,00,00,00,00,00,00,00,00,00,SAT_TAL:00
GAL_SNR:00,00,00,00,00,00,00,00,00,00,00,00,00,00,00,SNR_AVG:0.00
BEI_PRN:00,00,00,00,00,00,00,00,00,00,00,00,00,00,00,SAT_TAL:00
BEI_SNR:00,00,00,00,00,00,00,00,00,00,00,00,00,00,00,SNR_AVG:0.00
QZS_PRN:00,00,00,00,00,SAT_TAL:00
QZS_SNR:00,00,00,00,00,SNR_AVG:0.00
SatInView:14 GDOP:254
Roll:150.738525 Pitch:10.339991
X_AVG:-3.666650 Y_AVG:8.777320 Z_AVG:-15.906678
X_SD:0.081635 Y_SD:0.063476 Z_SD:0.096855
$MXCM10033,2,47,20240102,070147,00,0E710AAB,47EF946F,00BA,0000,0000,00,8202*6E
GPS_PRN:19616,31,26,09,28,02,18,21,07,19419904,00,00,SAT_TAL:05
GPS_SNR:17,18,00,23,00,14,19,00,00,00,00,00,00,00,00,SNR_AVG:18.20
GLO_PRN:00,00,00,00,00,00,00,00,00,00,00,00,00,00,00,SAT_TAL:00
GLO_SNR:00,00,00,00,00,00,00,00,00,00,00,00,00,00,00,SNR_AVG:0.00
GAL_PRN:00,00,00,00,00,00,00,00,00,00,00,00,00,00,00,SAT_TAL:00
GAL_SNR:00,00,00,00,00,00,00,00,00,00,00,00,00,00,00,SNR_AVG:0.00
BEI_PRN:00,00,00,00,00,00,00,00,00,00,00,00,00,00,00,SAT_TAL:00
BEI_SNR:00,00,00,00,00,00,00,00,00,00,00,00,00,00,00,SNR_AVG:0.00
QZS_PRN:00,00,00,00,00,SAT_TAL:00
QZS_SNR:00,00,00,00,00,SNR_AVG:0.00
SatInView:13 GDOP:370
Roll:0.012818 Pitch:60.913727
X_AVG:-9.635659 Y_AVG:-0.161851 Z_AVG:5.823295
X_SD:0.274836 Y_SD:0.504240 Z_SD:0.092003
$MXCM10033,2,48,20240102,070202,12,0E710657,47EF87E0,00BA,0000,6020,06,8202*13
GPS_PRN:19604,16,31,26,09,21,28,02,18,19408,00,00,00,SAT_TAL:06
GPS_SNR:16,00,16,29,16,00,00,20,17,00,00,00,00,00,00,SNR_AVG:19.00
GLO_PRN:00,00,00,00,00,00,00,00,00,00,00,00,00,00,00,SAT_TAL:00
GLO_SNR:00,00,00,00,00,00,00,00,00,00,00,00,00,00,00,SNR_AVG:0.00
GAL_PRN:00,00,00,00,00,00,00,00,00,00,00,00,00,00,00,SAT_TAL:00
GAL_SNR:00,00,00,00,00,00,00,00,00,00,00,00,00,00,00,SNR_AVG:0.00
BEI_PRN:00,00,00,00,00,00,00,00,00,00,00,00,00,00,00,SAT_TAL:00
BEI_SNR:00,00,00,00,00,00,00,00,00,00,00,00,00,00,00,SNR_AVG:0.00
QZS_PRN:00,00,00,00,00,SAT_TAL:00
QZS_SNR:00,00,00,00,00,SNR_AVG:0.00
SatInView:12 GDOP:199
Roll:135.081955 Pitch:21.835756
X_AVG:-4.482036 Y_AVG:7.208081 Z_AVG:-7.952070
X_SD:0.138015 Y_SD:0.209031 Z_SD:0.507048
$MXCM10033,2,49,20240102,070418,12,0E710B13,47EFA0F0,00BA,0000,0800,05,8201*1A
GPS_PRN:19604,16,31,09,26,28,02,18,21,07,19419908,00,SAT_TAL:06
GPS_SNR:00,00,16,28,00,20,00,19,00,20,00,00,15,00,00,SNR_AVG:19.67
GLO_PRN:00,00,00,00,00,00,00,00,00,00,00,00,00,00,00,SAT_TAL:00
GLO_SNR:00,00,00,00,00,00,00,00,00,00,00,00,00,00,00,SNR_AVG:0.00
GAL_PRN:00,00,00,00,00,00,00,00,00,00,00,00,00,00,00,SAT_TAL:00
GAL_SNR:00,00,00,00,00,00,00,00,00,00,00,00,00,00,00,SNR_AVG:0.00
BEI_PRN:00,00,00,00,00,00,00,00,00,00,00,00,00,00,00,SAT_TAL:00
BEI_SNR:00,00,00,00,00,00,00,00,00,00,00,00,00,00,00,SNR_AVG:0.00
QZS_PRN:00,00,00,00,00,SAT_TAL:00
QZS_SNR:00,00,00,00,00,SNR_AVG:0.00
SatInView:14 GDOP:234
Roll:90.226440 Pitch:34.503922
X_AVG:-5.438922 Y_AVG:7.950346 Z_AVG:0.678770
X_SD:0.085202 Y_SD:0.064021 Z_SD:0.110567
$MXCM10033,2,50,20240102,070433,12,0E710C5C,47EF9F07,00BA,0000,0890,07,8201*1A
GPS_PRN:19604,16,31,09,26,21,28,02,18,19419908,00,00,SAT_TAL:07
GPS_SNR:00,00,00,26,00,14,13,19,11,15,17,00,00,00,00,SNR_AVG:16.43
GLO_PRN:00,00,00,00,00,00,00,00,00,00,00,00,00,00,00,SAT_TAL:00
GLO_SNR:00,00,00,00,00,00,00,00,00,00,00,00,00,00,00,SNR_AVG:0.00
GAL_PRN:00,00,00,00,00,00,00,00,00,00,00,00,00,00,00,SAT_TAL:00
GAL_SNR:00,00,00,00,00,00,00,00,00,00,00,00,00,00,00,SNR_AVG:0.00
BEI_PRN:00,00,00,00,00,00,00,00,00,00,00,00,00,00,00,SAT_TAL:00
BEI_SNR:00,00,00,00,00,00,00,00,00,00,00,00,00,00,00,SNR_AVG:0.00
QZS_PRN:00,00,00,00,00,SAT_TAL:00
QZS_SNR:00,00,00,00,00,SNR_AVG:0.00
SatInView:13 GDOP:199
Roll:89.802818 Pitch:39.172955
X_AVG:-5.911451 Y_AVG:7.578759 Z_AVG:0.316280
X_SD:0.102340 Y_SD:0.071217 Z_SD:0.107363
$MXCM10033,2,51,20240102,070648,12,0E710778,47EF9F4E,00BA,0000,3CB3,0A,8201*18
GPS_PRN:19504,16,31,09,26,28,02,21,07,18,19419919608,SAT_TAL:12
GPS_SNR:33,00,25,19,00,26,28,30,21,00,17,23,16,21,17,SNR_AVG:23.00
GLO_PRN:00,00,00,00,00,00,00,00,00,00,00,00,00,00,00,SAT_TAL:00
GLO_SNR:00,00,00,00,00,00,00,00,00,00,00,00,00,00,00,SNR_AVG:0.00
GAL_PRN:00,00,00,00,00,00,00,00,00,00,00,00,00,00,00,SAT_TAL:00
GAL_SNR:00,00,00,00,00,00,00,00,00,00,00,00,00,00,00,SNR_AVG:0.00
BEI_PRN:00,00,00,00,00,00,00,00,00,00,00,00,00,00,00,SAT_TAL:00
BEI_SNR:00,00,00,00,00,00,00,00,00,00,00,00,00,00,00,SNR_AVG:0.00
QZS_PRN:00,00,00,00,00,SAT_TAL:00
QZS_SNR:00,00,00,00,00,SNR_AVG:0.00
SatInView:15 GDOP:157
Roll:45.542137 Pitch:-0.044824
X_AVG:-0.461324 Y_AVG:19.613695 Z_AVG:17.929197
X_SD:1.572773 Y_SD:0.000000 Z_SD:3.074783
$MXCM10033,2,52,20240102,070704,12,0E7107C0,47EF9D7B,00BA,0000,3CB3,0C,8202*69
GPS_PRN:19604,16,31,09,26,21,28,02,18,19419919508,00,SAT_TAL:13
GPS_SNR:22,16,25,27,00,30,21,30,30,22,22,17,28,14,00,SNR_AVG:23.38
GLO_PRN:00,00,00,00,00,00,00,00,00,00,00,00,00,00,00,SAT_TAL:00
GLO_SNR:00,00,00,00,00,00,00,00,00,00,00,00,00,00,00,SNR_AVG:0.00
GAL_PRN:00,00,00,00,00,00,00,00,00,00,00,00,00,00,00,SAT_TAL:00
GAL_SNR:00,00,00,00,00,00,00,00,00,00,00,00,00,00,00,SNR_AVG:0.00
BEI_PRN:00,00,00,00,00,00,00,00,00,00,00,00,00,00,00,SAT_TAL:00
BEI_SNR:00,00,00,00,00,00,00,00,00,00,00,00,00,00,00,SNR_AVG:0.00
QZS_PRN:00,00,00,00,00,SAT_TAL:00
QZS_SNR:00,00,00,00,00,SNR_AVG:0.00
SatInView:14 GDOP:137
Roll:44.533749 Pitch:-0.000000
X_AVG:-0.527310 Y_AVG:19.613695 Z_AVG:19.592482
X_SD:0.077453 Y_SD:0.000000 Z_SD:0.029251
$MXCM10033,2,53,20240102,070919,12,0E70F3DA,47EFA1C7,00BA,0000,356B,0B,8202*11
GPS_PRN:19604,16,31,09,26,02,28,21,18,07,19419919508,SAT_TAL:12
GPS_SNR:31,18,14,30,00,25,26,38,34,26,00,00,18,28,17,SNR_AVG:25.42
GLO_PRN:00,00,00,00,00,00,00,00,00,00,00,00,00,00,00,SAT_TAL:00
GLO_SNR:00,00,00,00,00,00,00,00,00,00,00,00,00,00,00,SNR_AVG:0.00
GAL_PRN:00,00,00,00,00,00,00,00,00,00,00,00,00,00,00,SAT_TAL:00
GAL_SNR:00,00,00,00,00,00,00,00,00,00,00,00,00,00,00,SNR_AVG:0.00
BEI_PRN:00,00,00,00,00,00,00,00,00,00,00,00,00,00,00,SAT_TAL:00
BEI_SNR:00,00,00,00,00,00,00,00,00,00,00,00,00,00,00,SNR_AVG:0.00
QZS_PRN:00,00,00,00,00,SAT_TAL:00
QZS_SNR:00,00,00,00,00,SNR_AVG:0.00
SatInView:15 GDOP:140
Roll:35.988968 Pitch:18.500324
X_AVG:-8.137241 Y_AVG:14.652474 Z_AVG:19.604118
X_SD:0.089653 Y_SD:0.070489 Z_SD:0.000000
$MXCM10033,2,54,20240102,070935,12,0E70F295,47EFA284,00BA,0000,356B,0D,8202*6D
GPS_PRN:19604,16,31,09,26,21,02,28,18,07,19419919508,SAT_TAL:14
GPS_SNR:32,16,19,30,00,21,31,31,37,23,13,20,19,31,15,SNR_AVG:24.14
GLO_PRN:00,00,00,00,00,00,00,00,00,00,00,00,00,00,00,SAT_TAL:00
GLO_SNR:00,00,00,00,00,00,00,00,00,00,00,00,00,00,00,SNR_AVG:0.00
GAL_PRN:00,00,00,00,00,00,00,00,00,00,00,00,00,00,00,SAT_TAL:00
GAL_SNR:00,00,00,00,00,00,00,00,00,00,00,00,00,00,00,SNR_AVG:0.00
BEI_PRN:00,00,00,00,00,00,00,00,00,00,00,00,00,00,00,SAT_TAL:00
BEI_SNR:00,00,00,00,00,00,00,00,00,00,00,00,00,00,00,SNR_AVG:0.00
QZS_PRN:00,00,00,00,00,SAT_TAL:00
QZS_SNR:00,00,00,00,00,SNR_AVG:0.00
SatInView:15 GDOP:112
Roll:36.583557 Pitch:18.079708
X_AVG:-8.126228 Y_AVG:14.650367 Z_AVG:19.604118
X_SD:0.075604 Y_SD:0.057150 Z_SD:0.000000
$MXCM10033,2,55,20240102,071151,12,0E70FF42,47EF9BC0,00BB,0000,76F5,0B,8202*6B
GPS_PRN:19604,16,31,09,26,21,02,28,07,18,19419919508,SAT_TAL:11
GPS_SNR:31,00,30,38,00,19,32,38,38,16,00,20,00,35,24,SNR_AVG:29.18
GLO_PRN:00,00,00,00,00,00,00,00,00,00,00,00,00,00,00,SAT_TAL:00
GLO_SNR:00,00,00,00,00,00,00,00,00,00,00,00,00,00,00,SNR_AVG:0.00
GAL_PRN:00,00,00,00,00,00,00,00,00,00,00,00,00,00,00,SAT_TAL:00
GAL_SNR:00,00,00,00,00,00,00,00,00,00,00,00,00,00,00,SNR_AVG:0.00
BEI_PRN:00,00,00,00,00,00,00,00,00,00,00,00,00,00,00,SAT_TAL:00
BEI_SNR:00,00,00,00,00,00,00,00,00,00,00,00,00,00,00,SNR_AVG:0.00
QZS_PRN:00,00,00,00,00,SAT_TAL:00
QZS_SNR:00,00,00,00,00,SNR_AVG:0.00
SatInView:15 GDOP:125
Roll:36.237156 Pitch:18.759066
X_AVG:-8.081934 Y_AVG:14.681732 Z_AVG:19.604118
X_SD:0.070153 Y_SD:0.056609 Z_SD:0.000000
$MXCM10033,2,56,20240102,071206,12,0E70FFD8,47EF9C94,00BB,0000,76F5,0E,8202*6B
GPS_PRN:19604,16,31,09,26,21,02,28,07,18,19419919508,SAT_TAL:15
GPS_SNR:30,19,26,38,19,24,28,37,37,17,15,20,19,34,25,SNR_AVG:25.87
GLO_PRN:00,00,00,00,00,00,00,00,00,00,00,00,00,00,00,SAT_TAL:00
GLO_SNR:00,00,00,00,00,00,00,00,00,00,00,00,00,00,00,SNR_AVG:0.00
GAL_PRN:00,00,00,00,00,00,00,00,00,00,00,00,00,00,00,SAT_TAL:00
GAL_SNR:00,00,00,00,00,00,00,00,00,00,00,00,00,00,00,SNR_AVG:0.00
BEI_PRN:00,00,00,00,00,00,00,00,00,00,00,00,00,00,00,SAT_TAL:00
BEI_SNR:00,00,00,00,00,00,00,00,00,00,00,00,00,00,00,SNR_AVG:0.00
QZS_PRN:00,00,00,00,00,SAT_TAL:00
QZS_SNR:00,00,00,00,00,SNR_AVG:0.00
SatInView:15 GDOP:107
Roll:36.522846 Pitch:18.023172
X_AVG:-8.079827 Y_AVG:14.679098 Z_AVG:19.604118
X_SD:0.078081 Y_SD:0.054974 Z_SD:0.000000
$MXCM10033,2,57,20240102,071422,12,0E70FD5F,47EFA1FA,00BA,0000,3731,0C,8202*16
GPS_PRN:19604,16,09,31,26,21,02,28,07,18,19419919508,SAT_TAL:13
GPS_SNR:28,23,18,00,34,27,28,31,29,00,20,23,18,37,15,SNR_AVG:25.46
GLO_PRN:00,00,00,00,00,00,00,00,00,00,00,00,00,00,00,SAT_TAL:00
GLO_SNR:00,00,00,00,00,00,00,00,00,00,00,00,00,00,00,SNR_AVG:0.00
GAL_PRN:00,00,00,00,00,00,00,00,00,00,00,00,00,00,00,SAT_TAL:00
GAL_SNR:00,00,00,00,00,00,00,00,00,00,00,00,00,00,00,SNR_AVG:0.00
BEI_PRN:00,00,00,00,00,00,00,00,00,00,00,00,00,00,00,SAT_TAL:00
BEI_SNR:00,00,00,00,00,00,00,00,00,00,00,00,00,00,00,SNR_AVG:0.00
QZS_PRN:00,00,00,00,00,SAT_TAL:00
QZS_SNR:00,00,00,00,00,SNR_AVG:0.00
SatInView:15 GDOP:138
Roll:36.268520 Pitch:16.477304
X_AVG:-7.832836 Y_AVG:14.758970 Z_AVG:19.604118
X_SD:0.075334 Y_SD:0.066743 Z_SD:0.000000
$MXCM10033,2,58,20240102,071437,12,0E70FF4C,47EF9F06,00BB,0000,3731,0C,8202*16
GPS_PRN:19604,16,09,31,26,21,02,28,18,19419919508,00,SAT_TAL:13
GPS_SNR:35,23,18,00,35,23,35,33,30,19,24,22,39,28,00,SNR_AVG:28.00
GLO_PRN:00,00,00,00,00,00,00,00,00,00,00,00,00,00,00,SAT_TAL:00
GLO_SNR:00,00,00,00,00,00,00,00,00,00,00,00,00,00,00,SNR_AVG:0.00
GAL_PRN:00,00,00,00,00,00,00,00,00,00,00,00,00,00,00,SAT_TAL:00
GAL_SNR:00,00,00,00,00,00,00,00,00,00,00,00,00,00,00,SNR_AVG:0.00
BEI_PRN:00,00,00,00,00,00,00,00,00,00,00,00,00,00,00,SAT_TAL:00
BEI_SNR:00,00,00,00,00,00,00,00,00,00,00,00,00,00,00,SNR_AVG:0.00
QZS_PRN:00,00,00,00,00,SAT_TAL:00
QZS_SNR:00,00,00,00,00,SNR_AVG:0.00
SatInView:14 GDOP:138
Roll:36.318775 Pitch:16.575199
X_AVG:-7.836428 Y_AVG:14.751740 Z_AVG:19.604118
X_SD:0.076921 Y_SD:0.057995 Z_SD:0.000000
$MXCM10033,2,59,20240102,071653,12,0E70FF94,47EF9D17,00BB,0000,3480,0C,8202*66
GPS_PRN:19604,16,09,31,26,21,02,07,28,18,19419919508,SAT_TAL:13
GPS_SNR:29,14,16,00,28,31,22,24,15,32,00,24,21,33,27,SNR_AVG:24.31
GLO_PRN:00,00,00,00,00,00,00,00,00,00,00,00,00,00,00,SAT_TAL:00
GLO_SNR:00,00,00,00,00,00,00,00,00,00,00,00,00,00,00,SNR_AVG:0.00
GAL_PRN:00,00,00,00,00,00,00,00,00,00,00,00,00,00,00,SAT_TAL:00
GAL_SNR:00,00,00,00,00,00,00,00,00,00,00,00,00,00,00,SNR_AVG:0.00
BEI_PRN:00,00,00,00,00,00,00,00,00,00,00,00,00,00,00,SAT_TAL:00
BEI_SNR:00,00,00,00,00,00,00,00,00,00,00,00,00,00,00,SNR_AVG:0.00
QZS_PRN:00,00,00,00,00,SAT_TAL:00
QZS_SNR:00,00,00,00,00,SNR_AVG:0.00
SatInView:15 GDOP:120
Roll:36.698475 Pitch:16.148508
X_AVG:-7.445734 Y_AVG:14.906600 Z_AVG:19.604118
X_SD:0.159941 Y_SD:0.086411 Z_SD:0.000000
$MXCM10033,2,60,20240102,071708,12,0E70FFA3,47EF9B9F,00BB,0000,3480,0B,8202*62
GPS_PRN:19604,16,09,31,26,21,02,07,28,18,19419919508,SAT_TAL:12
GPS_SNR:30,00,20,18,28,26,27,23,00,30,00,24,21,32,28,SNR_AVG:25.58
GLO_PRN:00,00,00,00,00,00,00,00,00,00,00,00,00,00,00,SAT_TAL:00
GLO_SNR:00,00,00,00,00,00,00,00,00,00,00,00,00,00,00,SNR_AVG:0.00
GAL_PRN:00,00,00,00,00,00,00,00,00,00,00,00,00,00,00,SAT_TAL:00
GAL_SNR:00,00,00,00,00,00,00,00,00,00,00,00,00,00,00,SNR_AVG:0.00
BEI_PRN:00,00,00,00,00,00,00,00,00,00,00,00,00,00,00,SAT_TAL:00
BEI_SNR:00,00,00,00,00,00,00,00,00,00,00,00,00,00,00,SNR_AVG:0.00
QZS_PRN:00,00,00,00,00,SAT_TAL:00
QZS_SNR:00,00,00,00,00,SNR_AVG:0.00
SatInView:15 GDOP:136
Roll:36.445049 Pitch:16.114653
X_AVG:-7.421935 Y_AVG:14.900901 Z_AVG:19.604118
X_SD:0.401093 Y_SD:0.183705 Z_SD:0.000000
$MXCM10033,2,61,20240102,071924,12,0E70FC0B,47EF9ED9,00BB,0000,331F,0D,8202*1D
GPS_PRN:19604,16,09,31,26,21,02,07,28,18,19419919508,SAT_TAL:15
GPS_SNR:29,22,24,17,37,17,31,30,16,26,19,23,21,30,24,SNR_AVG:24.40
GLO_PRN:00,00,00,00,00,00,00,00,00,00,00,00,00,00,00,SAT_TAL:00
GLO_SNR:00,00,00,00,00,00,00,00,00,00,00,00,00,00,00,SNR_AVG:0.00
GAL_PRN:00,00,00,00,00,00,00,00,00,00,00,00,00,00,00,SAT_TAL:00
GAL_SNR:00,00,00,00,00,00,00,00,00,00,00,00,00,00,00,SNR_AVG:0.00
BEI_PRN:00,00,00,00,00,00,00,00,00,00,00,00,00,00,00,SAT_TAL:00
BEI_SNR:00,00,00,00,00,00,00,00,00,00,00,00,00,00,00,SNR_AVG:0.00
QZS_PRN:00,00,00,00,00,SAT_TAL:00
QZS_SNR:00,00,00,00,00,SNR_AVG:0.00
SatInView:15 GDOP:115
Roll:36.795338 Pitch:16.430565
X_AVG:-7.279286 Y_AVG:14.968898 Z_AVG:19.604118
X_SD:0.079745 Y_SD:0.067879 Z_SD:0.000000
$MXCM10033,2,62,20240102,071939,12,0E70FD61,47EF9EE5,00BB,0000,331F,0D,8202*6D
GPS_PRN:19604,16,09,31,26,21,02,07,28,18,19419919508,SAT_TAL:15
GPS_SNR:30,19,29,16,38,18,35,27,13,21,17,24,21,27,24,SNR_AVG:23.93
GLO_PRN:00,00,00,00,00,00,00,00,00,00,00,00,00,00,00,SAT_TAL:00
GLO_SNR:00,00,00,00,00,00,00,00,00,00,00,00,00,00,00,SNR_AVG:0.00
GAL_PRN:00,00,00,00,00,00,00,00,00,00,00,00,00,00,00,SAT_TAL:00
GAL_SNR:00,00,00,00,00,00,00,00,00,00,00,00,00,00,00,SNR_AVG:0.00
BEI_PRN:00,00,00,00,00,00,00,00,00,00,00,00,00,00,00,SAT_TAL:00
BEI_SNR:00,00,00,00,00,00,00,00,00,00,00,00,00,00,00,SNR_AVG:0.00
QZS_PRN:00,00,00,00,00,SAT_TAL:00
QZS_SNR:00,00,00,00,00,SNR_AVG:0.00
SatInView:15 GDOP:116
Roll:37.265343 Pitch:16.158548
X_AVG:-7.285750 Y_AVG:14.970239 Z_AVG:19.604118
X_SD:0.072586 Y_SD:0.054802 Z_SD:0.000000
$MXCM10033,2,63,20240102,072154,12,0E70FC43,47EF8D94,00BB,0001,79DB,0D,8202*68
GPS_PRN:19604,16,09,31,26,21,02,07,28,18,19419919508,SAT_TAL:13
GPS_SNR:23,20,18,16,24,17,27,20,17,23,00,17,00,19,18,SNR_AVG:19.92
GLO_PRN:00,00,00,00,00,00,00,00,00,00,00,00,00,00,00,SAT_TAL:00
GLO_SNR:00,00,00,00,00,00,00,00,00,00,00,00,00,00,00,SNR_AVG:0.00
GAL_PRN:00,00,00,00,00,00,00,00,00,00,00,00,00,00,00,SAT_TAL:00
GAL_SNR:00,00,00,00,00,00,00,00,00,00,00,00,00,00,00,SNR_AVG:0.00
BEI_PRN:00,00,00,00,00,00,00,00,00,00,00,00,00,00,00,SAT_TAL:00
BEI_SNR:00,00,00,00,00,00,00,00,00,00,00,00,00,00,00,SNR_AVG:0.00
QZS_PRN:00,00,00,00,00,SAT_TAL:00
QZS_SNR:00,00,00,00,00,SNR_AVG:0.00
SatInView:15 GDOP:117
Roll:38.773754 Pitch:16.013313
X_AVG:-8.891957 Y_AVG:16.114355 Z_AVG:19.604118
X_SD:1.158262 Y_SD:0.495401 Z_SD:0.000000
$MXCM10033,2,64,20240102,072209,12,0E70FDDF,47EF8C04,00BB,0000,7DEF,0D,8202*11
GPS_PRN:19604,16,09,31,26,21,02,07,28,18,19419919508,SAT_TAL:14
GPS_SNR:11,18,19,20,24,25,26,16,15,18,00,16,16,20,18,SNR_AVG:18.71
GLO_PRN:00,00,00,00,00,00,00,00,00,00,00,00,00,00,00,SAT_TAL:00
GLO_SNR:00,00,00,00,00,00,00,00,00,00,00,00,00,00,00,SNR_AVG:0.00
GAL_PRN:00,00,00,00,00,00,00,00,00,00,00,00,00,00,00,SAT_TAL:00
GAL_SNR:00,00,00,00,00,00,00,00,00,00,00,00,00,00,00,SNR_AVG:0.00
BEI_PRN:00,00,00,00,00,00,00,00,00,00,00,00,00,00,00,SAT_TAL:00
BEI_SNR:00,00,00,00,00,00,00,00,00,00,00,00,00,00,00,SNR_AVG:0.00
QZS_PRN:00,00,00,00,00,SAT_TAL:00
QZS_SNR:00,00,00,00,00,SNR_AVG:0.00
SatInView:15 GDOP:117
Roll:40.094276 Pitch:18.335363
X_AVG:-8.979155 Y_AVG:16.068721 Z_AVG:19.604118
X_SD:0.082253 Y_SD:0.064252 Z_SD:0.000000
$MXCM10033,2,65,20240102,072424,12,0E70F2CA,47EF87B7,00BB,0000,0000,0C,8201*1E
GPS_PRN:19604,16,09,31,26,21,02,07,28,18,19419919508,SAT_TAL:13
GPS_SNR:21,27,19,00,21,17,18,24,17,16,00,18,27,25,23,SNR_AVG:21.00
GLO_PRN:00,00,00,00,00,00,00,00,00,00,00,00,00,00,00,SAT_TAL:00
GLO_SNR:00,00,00,00,00,00,00,00,00,00,00,00,00,00,00,SNR_AVG:0.00
GAL_PRN:00,00,00,00,00,00,00,00,00,00,00,00,00,00,00,SAT_TAL:00
GAL_SNR:00,00,00,00,00,00,00,00,00,00,00,00,00,00,00,SNR_AVG:0.00
BEI_PRN:00,00,00,00,00,00,00,00,00,00,00,00,00,00,00,SAT_TAL:00
BEI_SNR:00,00,00,00,00,00,00,00,00,00,00,00,00,00,00,SNR_AVG:0.00
QZS_PRN:00,00,00,00,00,SAT_TAL:00
QZS_SNR:00,00,00,00,00,SNR_AVG:0.00
SatInView:15 GDOP:121
Roll:53.762737 Pitch:17.855808
X_AVG:-6.678521 Y_AVG:15.740038 Z_AVG:11.694091
X_SD:0.071217 Y_SD:0.058254 Z_SD:0.086186
$MXCM10033,2,66,20240102,072440,12,0E70F3CD,47EF8B3E,00BB,0000,0000,0D,8201*6A
GPS_PRN:19604,16,09,31,26,21,02,07,28,18,19419919508,SAT_TAL:14
GPS_SNR:22,28,21,16,28,20,21,26,17,15,00,18,27,23,23,SNR_AVG:21.79
GLO_PRN:00,00,00,00,00,00,00,00,00,00,00,00,00,00,00,SAT_TAL:00
GLO_SNR:00,00,00,00,00,00,00,00,00,00,00,00,00,00,00,SNR_AVG:0.00
GAL_PRN:00,00,00,00,00,00,00,00,00,00,00,00,00,00,00,SAT_TAL:00
GAL_SNR:00,00,00,00,00,00,00,00,00,00,00,00,00,00,00,SNR_AVG:0.00
BEI_PRN:00,00,00,00,00,00,00,00,00,00,00,00,00,00,00,SAT_TAL:00
BEI_SNR:00,00,00,00,00,00,00,00,00,00,00,00,00,00,00,SNR_AVG:0.00
QZS_PRN:00,00,00,00,00,SAT_TAL:00
QZS_SNR:00,00,00,00,00,SNR_AVG:0.00
SatInView:15 GDOP:117
Roll:53.757702 Pitch:17.854967
X_AVG:-6.681346 Y_AVG:15.730413 Z_AVG:11.680444
X_SD:0.072247 Y_SD:0.061770 Z_SD:0.088026
$MXCM10033,2,67,20240102,072655,00,0E70F3EF,47EF8B24,00BB,0000,0000,00,8201*6E
GPS_PRN:31,07,28,00,00,00,00,00,00,00,00,00,00,00,00,SAT_TAL:01
GPS_SNR:16,00,00,00,00,00,00,00,00,00,00,00,00,00,00,SNR_AVG:16.00
GLO_PRN:00,00,00,00,00,00,00,00,00,00,00,00,00,00,00,SAT_TAL:00
GLO_SNR:00,00,00,00,00,00,00,00,00,00,00,00,00,00,00,SNR_AVG:0.00
GAL_PRN:00,00,00,00,00,00,00,00,00,00,00,00,00,00,00,SAT_TAL:00
GAL_SNR:00,00,00,00,00,00,00,00,00,00,00,00,00,00,00,SNR_AVG:0.00
BEI_PRN:00,00,00,00,00,00,00,00,00,00,00,00,00,00,00,SAT_TAL:00
BEI_SNR:00,00,00,00,00,00,00,00,00,00,00,00,00,00,00,SNR_AVG:0.00
QZS_PRN:00,00,00,00,00,SAT_TAL:00
QZS_SNR:00,00,00,00,00,SNR_AVG:0.00
SatInView:3 GDOP:17319
Roll:78.208305 Pitch:29.459892
X_AVG:-11.402759 Y_AVG:19.613695 Z_AVG:4.624111
X_SD:0.070818 Y_SD:0.000000 Z_SD:0.083719
$MXCM10033,2,68,20240102,072710,00,0E70F8FF,47EF7E2B,00BB,0000,0000,00,8201*17
GPS_PRN:19604,16,09,31,21,26,02,07,28,18,19419508,00,SAT_TAL:03
GPS_SNR:00,00,15,00,14,00,00,00,00,00,00,00,17,00,00,SNR_AVG:15.33
GLO_PRN:00,00,00,00,00,00,00,00,00,00,00,00,00,00,00,SAT_TAL:00
GLO_SNR:00,00,00,00,00,00,00,00,00,00,00,00,00,00,00,SNR_AVG:0.00
GAL_PRN:00,00,00,00,00,00,00,00,00,00,00,00,00,00,00,SAT_TAL:00
GAL_SNR:00,00,00,00,00,00,00,00,00,00,00,00,00,00,00,SNR_AVG:0.00
BEI_PRN:00,00,00,00,00,00,00,00,00,00,00,00,00,00,00,SAT_TAL:00
BEI_SNR:00,00,00,00,00,00,00,00,00,00,00,00,00,00,00,SNR_AVG:0.00
QZS_PRN:00,00,00,00,00,SAT_TAL:00
QZS_SNR:00,00,00,00,00,SNR_AVG:0.00
SatInView:14 GDOP:11725
Roll:78.208130 Pitch:29.460207
X_AVG:-11.462424 Y_AVG:19.613695 Z_AVG:4.440184
X_SD:0.073770 Y_SD:0.000000 Z_SD:0.083563
$MXCM10033,2,69,20240102,072925,00,0E70F3EF,47EF8B24,00BB,0000,0000,00,8202*6B
GPS_PRN:02,07,28,19600,00,00,00,00,00,00,00,00,00,00,SAT_TAL:00
GPS_SNR:00,00,00,00,00,00,00,00,00,00,00,00,00,00,00,SNR_AVG:0.00
GLO_PRN:00,00,00,00,00,00,00,00,00,00,00,00,00,00,00,SAT_TAL:00
GLO_SNR:00,00,00,00,00,00,00,00,00,00,00,00,00,00,00,SNR_AVG:0.00
GAL_PRN:00,00,00,00,00,00,00,00,00,00,00,00,00,00,00,SAT_TAL:00
GAL_SNR:00,00,00,00,00,00,00,00,00,00,00,00,00,00,00,SNR_AVG:0.00
BEI_PRN:00,00,00,00,00,00,00,00,00,00,00,00,00,00,00,SAT_TAL:00
BEI_SNR:00,00,00,00,00,00,00,00,00,00,00,00,00,00,00,SNR_AVG:0.00
QZS_PRN:00,00,00,00,00,SAT_TAL:00
QZS_SNR:00,00,00,00,00,SNR_AVG:0.00
SatInView:4 GDOP:17319
Roll:135.011871 Pitch:18.421623
X_AVG:-9.495068 Y_AVG:19.613312 Z_AVG:-19.613695
X_SD:0.075146 Y_SD:0.004266 Z_SD:0.000000
$MXCM10033,2,70,20240102,072940,00,0E70F3EE,47EF8B24,00BB,0000,0000,00,8202*63
GPS_PRN:31,07,28,18,19600,00,00,00,00,00,00,00,00,00,SAT_TAL:01
GPS_SNR:18,00,00,00,00,00,00,00,00,00,00,00,00,00,00,SNR_AVG:18.00
GLO_PRN:00,00,00,00,00,00,00,00,00,00,00,00,00,00,00,SAT_TAL:00
GLO_SNR:00,00,00,00,00,00,00,00,00,00,00,00,00,00,00,SNR_AVG:0.00
GAL_PRN:00,00,00,00,00,00,00,00,00,00,00,00,00,00,00,SAT_TAL:00
GAL_SNR:00,00,00,00,00,00,00,00,00,00,00,00,00,00,00,SNR_AVG:0.00
BEI_PRN:00,00,00,00,00,00,00,00,00,00,00,00,00,00,00,SAT_TAL:00
BEI_SNR:00,00,00,00,00,00,00,00,00,00,00,00,00,00,00,SNR_AVG:0.00
QZS_PRN:00,00,00,00,00,SAT_TAL:00
QZS_SNR:00,00,00,00,00,SNR_AVG:0.00
SatInView:5 GDOP:17005
Roll:136.508713 Pitch:24.873482
X_AVG:-12.142534 Y_AVG:17.767345 Z_AVG:-19.613695
X_SD:2.017952 Y_SD:0.641552 Z_SD:0.000000
$MXCM10033,2,71,20240102,073155,00,0E70F3EF,47EF8B24,00BB,0000,0000,00,8201*6F
GPS_PRN:31,26,02,07,28,19600,00,00,00,00,00,00,00,00,SAT_TAL:00
GPS_SNR:00,00,00,00,00,00,00,00,00,00,00,00,00,00,00,SNR_AVG:0.00
GLO_PRN:00,00,00,00,00,00,00,00,00,00,00,00,00,00,00,SAT_TAL:00
GLO_SNR:00,00,00,00,00,00,00,00,00,00,00,00,00,00,00,SNR_AVG:0.00
GAL_PRN:00,00,00,00,00,00,00,00,00,00,00,00,00,00,00,SAT_TAL:00
GAL_SNR:00,00,00,00,00,00,00,00,00,00,00,00,00,00,00,SNR_AVG:0.00
BEI_PRN:00,00,00,00,00,00,00,00,00,00,00,00,00,00,00,SAT_TAL:00
BEI_SNR:00,00,00,00,00,00,00,00,00,00,00,00,00,00,00,SNR_AVG:0.00
QZS_PRN:00,00,00,00,00,SAT_TAL:00
QZS_SNR:00,00,00,00,00,SNR_AVG:0.00
SatInView:6 GDOP:19998
Roll:128.371460 Pitch:13.837737
X_AVG:-6.801154 Y_AVG:19.613695 Z_AVG:-15.751914
X_SD:0.073575 Y_SD:0.000000 Z_SD:0.081815
$MXCM10033,2,72,20240102,073210,00,0E70F3EF,47EF8B24,00BB,0000,0000,00,8201*6E
GPS_PRN:19516,09,21,31,02,07,28,18,19404,00,00,00,00,SAT_TAL:01
GPS_SNR:00,00,00,26,00,00,00,00,00,00,00,00,00,00,00,SNR_AVG:26.00
GLO_PRN:00,00,00,00,00,00,00,00,00,00,00,00,00,00,00,SAT_TAL:00
GLO_SNR:00,00,00,00,00,00,00,00,00,00,00,00,00,00,00,SNR_AVG:0.00
GAL_PRN:00,00,00,00,00,00,00,00,00,00,00,00,00,00,00,SAT_TAL:00
GAL_SNR:00,00,00,00,00,00,00,00,00,00,00,00,00,00,00,SNR_AVG:0.00
BEI_PRN:00,00,00,00,00,00,00,00,00,00,00,00,00,00,00,SAT_TAL:00
BEI_SNR:00,00,00,00,00,00,00,00,00,00,00,00,00,00,00,SNR_AVG:0.00
QZS_PRN:00,00,00,00,00,SAT_TAL:00
QZS_SNR:00,00,00,00,00,SNR_AVG:0.00
SatInView:11 GDOP:16961
Roll:128.415115 Pitch:13.880114
X_AVG:-6.820835 Y_AVG:19.613695 Z_AVG:-15.714803
X_SD:0.070718 Y_SD:0.000000 Z_SD:0.088034
$MXCM10033,2,73,20240102,073425,00,0E713B82,47F01D9C,00BD,0000,0000,00,8201*63
GPS_PRN:19604,16,09,21,26,02,07,28,08,00,00,00,00,00,SAT_TAL:02
GPS_SNR:00,00,00,00,19,00,20,00,00,00,00,00,00,00,00,SNR_AVG:19.50
GLO_PRN:00,00,00,00,00,00,00,00,00,00,00,00,00,00,00,SAT_TAL:00
GLO_SNR:00,00,00,00,00,00,00,00,00,00,00,00,00,00,00,SNR_AVG:0.00
GAL_PRN:00,00,00,00,00,00,00,00,00,00,00,00,00,00,00,SAT_TAL:00
GAL_SNR:00,00,00,00,00,00,00,00,00,00,00,00,00,00,00,SNR_AVG:0.00
BEI_PRN:00,00,00,00,00,00,00,00,00,00,00,00,00,00,00,SAT_TAL:00
BEI_SNR:00,00,00,00,00,00,00,00,00,00,00,00,00,00,00,SNR_AVG:0.00
QZS_PRN:00,00,00,00,00,SAT_TAL:00
QZS_SNR:00,00,00,00,00,SNR_AVG:0.00
SatInView:10 GDOP:14178
Roll:128.371429 Pitch:13.837809
X_AVG:-6.776589 Y_AVG:19.613695 Z_AVG:-15.693829
X_SD:0.065909 Y_SD:0.000000 Z_SD:0.080270
$MXCM10033,2,74,20240102,073441,12,0E710785,47EF924E,0096,0000,5988,0A,8201*60
GPS_PRN:19604,16,09,21,31,26,02,07,28,19419919508,00,SAT_TAL:10
GPS_SNR:17,00,19,17,22,00,15,24,20,00,19,00,16,19,00,SNR_AVG:18.80
GLO_PRN:00,00,00,00,00,00,00,00,00,00,00,00,00,00,00,SAT_TAL:00
GLO_SNR:00,00,00,00,00,00,00,00,00,00,00,00,00,00,00,SNR_AVG:0.00
GAL_PRN:00,00,00,00,00,00,00,00,00,00,00,00,00,00,00,SAT_TAL:00
GAL_SNR:00,00,00,00,00,00,00,00,00,00,00,00,00,00,00,SNR_AVG:0.00
BEI_PRN:00,00,00,00,00,00,00,00,00,00,00,00,00,00,00,SAT_TAL:00
BEI_SNR:00,00,00,00,00,00,00,00,00,00,00,00,00,00,00,SNR_AVG:0.00
QZS_PRN:00,00,00,00,00,SAT_TAL:00
QZS_SNR:00,00,00,00,00,SNR_AVG:0.00
SatInView:14 GDOP:129
Roll:128.363602 Pitch:13.838178
X_AVG:-6.795743 Y_AVG:19.613695 Z_AVG:-15.667062
X_SD:0.065895 Y_SD:0.000000 Z_SD:0.079452
$MXCM10033,2,75,20240102,073657,12,0E71037E,47EF7EAD,0095,0000,0C6A,06,8201*6E
GPS_PRN:19604,16,09,21,31,26,02,07,28,19419919508,00,SAT_TAL:06
GPS_SNR:00,00,00,00,24,00,18,26,18,00,15,00,16,00,00,SNR_AVG:19.50
GLO_PRN:00,00,00,00,00,00,00,00,00,00,00,00,00,00,00,SAT_TAL:00
GLO_SNR:00,00,00,00,00,00,00,00,00,00,00,00,00,00,00,SNR_AVG:0.00
GAL_PRN:00,00,00,00,00,00,00,00,00,00,00,00,00,00,00,SAT_TAL:00
GAL_SNR:00,00,00,00,00,00,00,00,00,00,00,00,00,00,00,SNR_AVG:0.00
BEI_PRN:00,00,00,00,00,00,00,00,00,00,00,00,00,00,00,SAT_TAL:00
BEI_SNR:00,00,00,00,00,00,00,00,00,00,00,00,00,00,00,SNR_AVG:0.00
QZS_PRN:00,00,00,00,00,SAT_TAL:00
QZS_SNR:00,00,00,00,00,SNR_AVG:0.00
SatInView:14 GDOP:157
Roll:128.365753 Pitch:13.837564
X_AVG:-6.769215 Y_AVG:19.613695 Z_AVG:-15.640916
X_SD:0.072430 Y_SD:0.000000 Z_SD:0.086509
$MXCM10033,2,76,20240102,073712,12,0E7106FF,47EF8CCB,0095,0000,6CE6,0B,8201*61
GPS_PRN:19604,16,09,21,31,26,02,07,28,19419919508,00,SAT_TAL:11
GPS_SNR:16,17,17,16,24,15,14,26,21,00,15,00,17,00,00,SNR_AVG:18.00
GLO_PRN:00,00,00,00,00,00,00,00,00,00,00,00,00,00,00,SAT_TAL:00
GLO_SNR:00,00,00,00,00,00,00,00,00,00,00,00,00,00,00,SNR_AVG:0.00
GAL_PRN:00,00,00,00,00,00,00,00,00,00,00,00,00,00,00,SAT_TAL:00
GAL_SNR:00,00,00,00,00,00,00,00,00,00,00,00,00,00,00,SNR_AVG:0.00
BEI_PRN:00,00,00,00,00,00,00,00,00,00,00,00,00,00,00,SAT_TAL:00
BEI_SNR:00,00,00,00,00,00,00,00,00,00,00,00,00,00,00,SNR_AVG:0.00
QZS_PRN:00,00,00,00,00,SAT_TAL:00
QZS_SNR:00,00,00,00,00,SNR_AVG:0.00
SatInView:14 GDOP:127
Roll:128.371506 Pitch:13.837854
X_AVG:-6.780324 Y_AVG:19.613695 Z_AVG:-15.638761
X_SD:0.066565 Y_SD:0.000000 Z_SD:0.086463
$MXCM10033,2,77,20240102,073927,00,0E70F940,47EF9A67,0095,0000,0000,00,8201*60
GPS_PRN:19504,16,09,21,02,26,31,07,19419908,00,00,00,SAT_TAL:03
GPS_SNR:00,00,00,00,22,17,23,00,00,00,00,00,00,00,00,SNR_AVG:20.67
GLO_PRN:00,00,00,00,00,00,00,00,00,00,00,00,00,00,00,SAT_TAL:00
GLO_SNR:00,00,00,00,00,00,00,00,00,00,00,00,00,00,00,SNR_AVG:0.00
GAL_PRN:00,00,00,00,00,00,00,00,00,00,00,00,00,00,00,SAT_TAL:00
GAL_SNR:00,00,00,00,00,00,00,00,00,00,00,00,00,00,00,SNR_AVG:0.00
BEI_PRN:00,00,00,00,00,00,00,00,00,00,00,00,00,00,00,SAT_TAL:00
BEI_SNR:00,00,00,00,00,00,00,00,00,00,00,00,00,00,00,SNR_AVG:0.00
QZS_PRN:00,00,00,00,00,SAT_TAL:00
QZS_SNR:00,00,00,00,00,SNR_AVG:0.00
SatInView:12 GDOP:2524
Roll:128.371429 Pitch:13.837809
X_AVG:-6.770316 Y_AVG:19.613695 Z_AVG:-15.627413
X_SD:0.076082 Y_SD:0.000000 Z_SD:0.081539
$MXCM10033,2,78,20240102,073942,12,0E7104D5,47EFBD2D,0095,0002,7412,07,8201*6C
GPS_PRN:19604,16,09,21,31,26,02,07,19419919508,00,00,SAT_TAL:07
GPS_SNR:00,00,17,00,22,14,21,15,17,00,00,18,00,00,00,SNR_AVG:17.71
GLO_PRN:00,00,00,00,00,00,00,00,00,00,00,00,00,00,00,SAT_TAL:00
GLO_SNR:00,00,00,00,00,00,00,00,00,00,00,00,00,00,00,SNR_AVG:0.00
GAL_PRN:00,00,00,00,00,00,00,00,00,00,00,00,00,00,00,SAT_TAL:00
GAL_SNR:00,00,00,00,00,00,00,00,00,00,00,00,00,00,00,SNR_AVG:0.00
BEI_PRN:00,00,00,00,00,00,00,00,00,00,00,00,00,00,00,SAT_TAL:00
BEI_SNR:00,00,00,00,00,00,00,00,00,00,00,00,00,00,00,SNR_AVG:0.00
QZS_PRN:00,00,00,00,00,SAT_TAL:00
QZS_SNR:00,00,00,00,00,SNR_AVG:0.00
SatInView:13 GDOP:150
Roll:128.371490 Pitch:13.838100
X_AVG:-6.770125 Y_AVG:19.613695 Z_AVG:-15.602991
X_SD:0.072100 Y_SD:0.000000 Z_SD:0.082601
$MXCM10033,2,79,20240102,074158,12,0E70FBCF,47EF9A20,0095,0004,7875,05,8201*1F
GPS_PRN:19604,16,09,21,02,31,26,07,19419919508,00,00,SAT_TAL:05
GPS_SNR:00,00,00,00,24,25,16,17,00,00,00,21,00,00,00,SNR_AVG:20.60
GLO_PRN:00,00,00,00,00,00,00,00,00,00,00,00,00,00,00,SAT_TAL:00
GLO_SNR:00,00,00,00,00,00,00,00,00,00,00,00,00,00,00,SNR_AVG:0.00
GAL_PRN:00,00,00,00,00,00,00,00,00,00,00,00,00,00,00,SAT_TAL:00
GAL_SNR:00,00,00,00,00,00,00,00,00,00,00,00,00,00,00,SNR_AVG:0.00
BEI_PRN:00,00,00,00,00,00,00,00,00,00,00,00,00,00,00,SAT_TAL:00
BEI_SNR:00,00,00,00,00,00,00,00,00,00,00,00,00,00,00,SNR_AVG:0.00
QZS_PRN:00,00,00,00,00,SAT_TAL:00
QZS_SNR:00,00,00,00,00,SNR_AVG:0.00
SatInView:13 GDOP:400
Roll:128.371429 Pitch:13.837809
X_AVG:-6.764426 Y_AVG:19.613695 Z_AVG:-15.600118
X_SD:0.071679 Y_SD:0.000000 Z_SD:0.082149
$MXCM10033,2,80,20240102,074213,12,0E710235,47EF8E9E,0095,0003,781D,07,8201*18
GPS_PRN:19604,16,09,21,02,31,26,19419919508,00,00,00,SAT_TAL:07
GPS_SNR:15,00,15,00,24,22,15,20,00,00,18,00,00,00,00,SNR_AVG:18.43
GLO_PRN:00,00,00,00,00,00,00,00,00,00,00,00,00,00,00,SAT_TAL:00
GLO_SNR:00,00,00,00,00,00,00,00,00,00,00,00,00,00,00,SNR_AVG:0.00
GAL_PRN:00,00,00,00,00,00,00,00,00,00,00,00,00,00,00,SAT_TAL:00
GAL_SNR:00,00,00,00,00,00,00,00,00,00,00,00,00,00,00,SNR_AVG:0.00
BEI_PRN:00,00,00,00,00,00,00,00,00,00,00,00,00,00,00,SAT_TAL:00
BEI_SNR:00,00,00,00,00,00,00,00,00,00,00,00,00,00,00,SNR_AVG:0.00
QZS_PRN:00,00,00,00,00,SAT_TAL:00
QZS_SNR:00,00,00,00,00,SNR_AVG:0.00
SatInView:12 GDOP:272
Roll:128.371490 Pitch:13.838100
X_AVG:-6.763181 Y_AVG:19.613695 Z_AVG:-15.592457
X_SD:0.071066 Y_SD:0.000000 Z_SD:0.087535
$MXCM10033,2,81,20240102,074428,00,0E71084D,47EF959D,0095,0000,0000,00,8201*66
GPS_PRN:19604,16,09,21,02,26,31,07,19419919508,00,00,SAT_TAL:02
GPS_SNR:00,00,00,00,19,18,00,00,00,00,00,00,00,00,00,SNR_AVG:18.50
GLO_PRN:00,00,00,00,00,00,00,00,00,00,00,00,00,00,00,SAT_TAL:00
GLO_SNR:00,00,00,00,00,00,00,00,00,00,00,00,00,00,00,SNR_AVG:0.00
GAL_PRN:00,00,00,00,00,00,00,00,00,00,00,00,00,00,00,SAT_TAL:00
GAL_SNR:00,00,00,00,00,00,00,00,00,00,00,00,00,00,00,SNR_AVG:0.00
BEI_PRN:00,00,00,00,00,00,00,00,00,00,00,00,00,00,00,SAT_TAL:00
BEI_SNR:00,00,00,00,00,00,00,00,00,00,00,00,00,00,00,SNR_AVG:0.00
QZS_PRN:00,00,00,00,00,SAT_TAL:00
QZS_SNR:00,00,00,00,00,SNR_AVG:0.00
SatInView:13 GDOP:14174
Roll:128.371429 Pitch:13.837809
X_AVG:-6.745272 Y_AVG:19.613695 Z_AVG:-15.584125
X_SD:0.076152 Y_SD:0.000000 Z_SD:0.082914
$MXCM10033,2,82,20240102,074443,12,0E710A1B,47EF8DD4,0095,0000,6401,0B,8201*1D
GPS_PRN:19604,16,21,09,02,26,31,07,19419919508,00,00,SAT_TAL:11
GPS_SNR:15,16,15,16,13,16,20,20,18,17,00,14,00,00,00,SNR_AVG:16.36
GLO_PRN:00,00,00,00,00,00,00,00,00,00,00,00,00,00,00,SAT_TAL:00
GLO_SNR:00,00,00,00,00,00,00,00,00,00,00,00,00,00,00,SNR_AVG:0.00
GAL_PRN:00,00,00,00,00,00,00,00,00,00,00,00,00,00,00,SAT_TAL:00
GAL_SNR:00,00,00,00,00,00,00,00,00,00,00,00,00,00,00,SNR_AVG:0.00
BEI_PRN:00,00,00,00,00,00,00,00,00,00,00,00,00,00,00,SAT_TAL:00
BEI_SNR:00,00,00,00,00,00,00,00,00,00,00,00,00,00,00,SNR_AVG:0.00
QZS_PRN:00,00,00,00,00,SAT_TAL:00
QZS_SNR:00,00,00,00,00,SNR_AVG:0.00
SatInView:13 GDOP:128
Roll:128.371490 Pitch:13.838100
X_AVG:-6.759494 Y_AVG:19.613695 Z_AVG:-15.561571
X_SD:0.074329 Y_SD:0.000000 Z_SD:0.090814
$MXCM10033,2,83,20240102,074658,00,0E710EA7,47EF9A2B,0095,0000,0000,00,8201*63
GPS_PRN:19604,16,21,09,02,26,31,07,19919508,00,00,00,SAT_TAL:02
GPS_SNR:00,00,00,00,00,22,00,20,00,00,00,00,00,00,00,SNR_AVG:21.00
GLO_PRN:00,00,00,00,00,00,00,00,00,00,00,00,00,00,00,SAT_TAL:00
GLO_SNR:00,00,00,00,00,00,00,00,00,00,00,00,00,00,00,SNR_AVG:0.00
GAL_PRN:00,00,00,00,00,00,00,00,00,00,00,00,00,00,00,SAT_TAL:00
GAL_SNR:00,00,00,00,00,00,00,00,00,00,00,00,00,00,00,SNR_AVG:0.00
BEI_PRN:00,00,00,00,00,00,00,00,00,00,00,00,00,00,00,SAT_TAL:00
BEI_SNR:00,00,00,00,00,00,00,00,00,00,00,00,00,00,00,SNR_AVG:0.00
QZS_PRN:00,00,00,00,00,SAT_TAL:00
QZS_SNR:00,00,00,00,00,SNR_AVG:0.00
SatInView:12 GDOP:14115
Roll:128.368103 Pitch:13.838455
X_AVG:-6.758201 Y_AVG:19.613695 Z_AVG:-15.547397
X_SD:0.074787 Y_SD:0.000000 Z_SD:0.080784
$MXCM10033,2,84,20240102,074714,12,0E710611,47EF9880,0095,0000,3DFB,09,8201*10
GPS_PRN:19604,16,21,09,02,26,31,07,19419508,00,00,00,SAT_TAL:09
GPS_SNR:16,17,00,21,00,25,16,22,17,17,17,00,00,00,00,SNR_AVG:18.67
GLO_PRN:00,00,00,00,00,00,00,00,00,00,00,00,00,00,00,SAT_TAL:00
GLO_SNR:00,00,00,00,00,00,00,00,00,00,00,00,00,00,00,SNR_AVG:0.00
GAL_PRN:00,00,00,00,00,00,00,00,00,00,00,00,00,00,00,SAT_TAL:00
GAL_SNR:00,00,00,00,00,00,00,00,00,00,00,00,00,00,00,SNR_AVG:0.00
BEI_PRN:00,00,00,00,00,00,00,00,00,00,00,00,00,00,00,SAT_TAL:00
BEI_SNR:00,00,00,00,00,00,00,00,00,00,00,00,00,00,00,SNR_AVG:0.00
QZS_PRN:00,00,00,00,00,SAT_TAL:00
QZS_SNR:00,00,00,00,00,SNR_AVG:0.00
SatInView:12 GDOP:140
Roll:128.371735 Pitch:13.838017
X_AVG:-6.769933 Y_AVG:19.613695 Z_AVG:-15.519193
X_SD:0.075266 Y_SD:0.000000 Z_SD:0.089102
$MXCM10033,2,85,20240102,074929,00,0E7105BB,47EF986E,0095,0000,0000,00,8201*10
GPS_PRN:08,26,19600,00,00,00,00,00,00,00,00,00,00,00,SAT_TAL:00
GPS_SNR:00,00,00,00,00,00,00,00,00,00,00,00,00,00,00,SNR_AVG:0.00
GLO_PRN:00,00,00,00,00,00,00,00,00,00,00,00,00,00,00,SAT_TAL:00
GLO_SNR:00,00,00,00,00,00,00,00,00,00,00,00,00,00,00,SNR_AVG:0.00
GAL_PRN:00,00,00,00,00,00,00,00,00,00,00,00,00,00,00,SAT_TAL:00
GAL_SNR:00,00,00,00,00,00,00,00,00,00,00,00,00,00,00,SNR_AVG:0.00
BEI_PRN:00,00,00,00,00,00,00,00,00,00,00,00,00,00,00,SAT_TAL:00
BEI_SNR:00,00,00,00,00,00,00,00,00,00,00,00,00,00,00,SNR_AVG:0.00
QZS_PRN:00,00,00,00,00,SAT_TAL:00
QZS_SNR:00,00,00,00,00,SNR_AVG:0.00
SatInView:3 GDOP:17319
Roll:53.221741 Pitch:7.589546
X_AVG:-2.824544 Y_AVG:12.180459 Z_AVG:9.106530
X_SD:0.069554 Y_SD:0.053649 Z_SD:0.082217
$MXCM10033,2,86,20240102,074944,00,0E7105BB,47EF986E,0095,0000,0000,00,8201*18
GPS_PRN:08,19400,00,00,00,00,00,00,00,00,00,00,00,00,SAT_TAL:00
GPS_SNR:00,00,00,00,00,00,00,00,00,00,00,00,00,00,00,SNR_AVG:0.00
GLO_PRN:00,00,00,00,00,00,00,00,00,00,00,00,00,00,00,SAT_TAL:00
GLO_SNR:00,00,00,00,00,00,00,00,00,00,00,00,00,00,00,SNR_AVG:0.00
GAL_PRN:00,00,00,00,00,00,00,00,00,00,00,00,00,00,00,SAT_TAL:00
GAL_SNR:00,00,00,00,00,00,00,00,00,00,00,00,00,00,00,SNR_AVG:0.00
BEI_PRN:00,00,00,00,00,00,00,00,00,00,00,00,00,00,00,SAT_TAL:00
BEI_SNR:00,00,00,00,00,00,00,00,00,00,00,00,00,00,00,SNR_AVG:0.00
QZS_PRN:00,00,00,00,00,SAT_TAL:00
QZS_SNR:00,00,00,00,00,SNR_AVG:0.00
SatInView:2 GDOP:17319
Roll:56.702717 Pitch:4.338357
X_AVG:-1.755751 Y_AVG:11.735224 Z_AVG:7.859700
X_SD:0.076106 Y_SD:0.052341 Z_SD:0.083565
$MXCM10033,3*35
$MXCM001,10033,0*2B
======== Tracker Setting ========
[System]
COMPort:COM29
SerialNumber:MX231214CW000001
FirmwareVersion:231220163813_v1.0.CN
[Periodic]
Enable:1
Stage:2
WorkMode:0
T0:15
T1:270
T2:120
T3:30
T4:120
FirstFixStage:2
TraceFixStage:0
PeriodicCycle:36
[Dynamic]
Enable:0
PrecisionChk:1
T5:70
T6:10
[Geofencing]
Enable:0
T7:30
T8:60
DistanceThreshold:500
DestinationLongitude:120.6886122
DestinationLatitude:24.2287275
DestinationAltitude:134
[MotionDetection]
Enable:1
Angle:45
DataRate:200
SampleFrequency:50
[GPS_EPO]
EpoDataNumber:12
FWN:2295
FTOW:172800
LWN:2295
LTOW:432000
[GLO_EPO]
EpoDataNumber:12
FWN:2295
FTOW:172800
LWN:2295
LTOW:432000
[GAL_EPO]
EpoDataNumber:0
FWN:0
FTOW:0
LWN:0
LTOW:0
[BEI_EPO]
EpoDataNumber:0
FWN:0
FTOW:0
LWN:0
LTOW:0
