$MXCM10033,0*36
$MXCM10033,1,76,212*07
$MXCM10033,2,1,19800105,235956,00,35A4E8F5,00000000,0089,0000,0000,00,A102*2D
GPS_PRN:00,00,00,00,00,00,00,00,00,00,00,00,00,00,00,SAT_TAL:00
GPS_SNR:00,00,00,00,00,00,00,00,00,00,00,00,00,00,00,SNR_AVG:0.00
GLO_PRN:00,00,00,00,00,00,00,00,00,00,00,00,00,00,00,SAT_TAL:00
GLO_SNR:00,00,00,00,00,00,00,00,00,00,00,00,00,00,00,SNR_AVG:0.00
GAL_PRN:00,00,00,00,00,00,00,00,00,00,00,00,00,00,00,SAT_TAL:00
GAL_SNR:00,00,00,00,00,00,00,00,00,00,00,00,00,00,00,SNR_AVG:0.00
BEI_PRN:00,00,00,00,00,00,00,00,00,00,00,00,00,00,00,SAT_TAL:00
BEI_SNR:00,00,00,00,00,00,00,00,00,00,00,00,00,00,00,SNR_AVG:0.00
QZS_PRN:00,00,00,00,00,SAT_TAL:00
QZS_SNR:00,00,00,00,00,SNR_AVG:0.00
SatInView:0 GDOP:19998
Roll:129.620300 Pitch:47.718323
X_AVG:-6.958792 Y_AVG:5.502465 Z_AVG:-6.642559
X_SD:10.504411 Y_SD:10.036251 Z_SD:10.475478
$MXCM10033,2,2,19800106,000011,00,35A4E8F5,00000000,0089,0000,0000,00,A102*23
GPS_PRN:26,23,32,10,19500,00,00,00,00,00,00,00,00,00,SAT_TAL:05
GPS_SNR:24,35,35,36,33,00,00,00,00,00,00,00,00,00,00,SNR_AVG:32.60
GLO_PRN:00,00,00,00,00,00,00,00,00,00,00,00,00,00,00,SAT_TAL:00
GLO_SNR:00,00,00,00,00,00,00,00,00,00,00,00,00,00,00,SNR_AVG:0.00
GAL_PRN:00,00,00,00,00,00,00,00,00,00,00,00,00,00,00,SAT_TAL:00
GAL_SNR:00,00,00,00,00,00,00,00,00,00,00,00,00,00,00,SNR_AVG:0.00
BEI_PRN:00,00,00,00,00,00,00,00,00,00,00,00,00,00,00,SAT_TAL:00
BEI_SNR:00,00,00,00,00,00,00,00,00,00,00,00,00,00,00,SNR_AVG:0.00
QZS_PRN:00,00,00,00,00,SAT_TAL:00
QZS_SNR:00,00,00,00,00,SNR_AVG:0.00
SatInView:5 GDOP:19998
Roll:145.511841 Pitch:45.549751
X_AVG:-9.834382 Y_AVG:6.906788 Z_AVG:-9.906257
X_SD:8.735921 Y_SD:10.048067 Z_SD:8.217230
$MXCM10033,2,3,19800110,021043,00,35A4E8F5,00000000,0089,0000,0000,00,A102*21
GPS_PRN:26,23,32,10,19419500,00,00,00,00,00,00,00,00,SAT_TAL:06
GPS_SNR:34,29,38,37,32,26,00,00,00,00,00,00,00,00,00,SNR_AVG:32.67
GLO_PRN:00,00,00,00,00,00,00,00,00,00,00,00,00,00,00,SAT_TAL:00
GLO_SNR:00,00,00,00,00,00,00,00,00,00,00,00,00,00,00,SNR_AVG:0.00
GAL_PRN:00,00,00,00,00,00,00,00,00,00,00,00,00,00,00,SAT_TAL:00
GAL_SNR:00,00,00,00,00,00,00,00,00,00,00,00,00,00,00,SNR_AVG:0.00
BEI_PRN:00,00,00,00,00,00,00,00,00,00,00,00,00,00,00,SAT_TAL:00
BEI_SNR:00,00,00,00,00,00,00,00,00,00,00,00,00,00,00,SNR_AVG:0.00
QZS_PRN:00,00,00,00,00,SAT_TAL:00
QZS_SNR:00,00,00,00,00,SNR_AVG:0.00
SatInView:6 GDOP:19998
Roll:133.573792 Pitch:48.577339
X_AVG:-8.864662 Y_AVG:7.024681 Z_AVG:-7.785478
X_SD:9.508343 Y_SD:9.243280 Z_SD:7.999173
$MXCM10033,2,4,19800110,021056,00,35A4E8F5,00000000,0089,0000,0000,00,A102*22
GPS_PRN:26,12,31,10,25,19419600,00,00,00,00,00,00,00,SAT_TAL:07
GPS_SNR:20,17,35,31,18,33,33,00,00,00,00,00,00,00,00,SNR_AVG:26.71
GLO_PRN:00,00,00,00,00,00,00,00,00,00,00,00,00,00,00,SAT_TAL:00
GLO_SNR:00,00,00,00,00,00,00,00,00,00,00,00,00,00,00,SNR_AVG:0.00
GAL_PRN:00,00,00,00,00,00,00,00,00,00,00,00,00,00,00,SAT_TAL:00
GAL_SNR:00,00,00,00,00,00,00,00,00,00,00,00,00,00,00,SNR_AVG:0.00
BEI_PRN:00,00,00,00,00,00,00,00,00,00,00,00,00,00,00,SAT_TAL:00
BEI_SNR:00,00,00,00,00,00,00,00,00,00,00,00,00,00,00,SNR_AVG:0.00
QZS_PRN:00,00,00,00,00,SAT_TAL:00
QZS_SNR:00,00,00,00,00,SNR_AVG:0.00
SatInView:7 GDOP:19998
Roll:158.047394 Pitch:40.992855
X_AVG:-14.623408 Y_AVG:7.208703 Z_AVG:-14.004351
X_SD:6.166105 Y_SD:7.613110 Z_SD:6.978965
$MXCM10033,2,5,19800110,021111,00,35A4E8F5,00000000,0089,0000,0000,00,A102*21
GPS_PRN:25,29,10,19419600,00,00,00,00,00,00,00,00,00,SAT_TAL:05
GPS_SNR:34,20,34,31,32,00,00,00,00,00,00,00,00,00,00,SNR_AVG:30.20
GLO_PRN:00,00,00,00,00,00,00,00,00,00,00,00,00,00,00,SAT_TAL:00
GLO_SNR:00,00,00,00,00,00,00,00,00,00,00,00,00,00,00,SNR_AVG:0.00
GAL_PRN:00,00,00,00,00,00,00,00,00,00,00,00,00,00,00,SAT_TAL:00
GAL_SNR:00,00,00,00,00,00,00,00,00,00,00,00,00,00,00,SNR_AVG:0.00
BEI_PRN:00,00,00,00,00,00,00,00,00,00,00,00,00,00,00,SAT_TAL:00
BEI_SNR:00,00,00,00,00,00,00,00,00,00,00,00,00,00,00,SNR_AVG:0.00
QZS_PRN:00,00,00,00,00,SAT_TAL:00
QZS_SNR:00,00,00,00,00,SNR_AVG:0.00
SatInView:5 GDOP:19998
Roll:138.940994 Pitch:40.381893
X_AVG:-9.602139 Y_AVG:6.389247 Z_AVG:-9.652418
X_SD:9.064716 Y_SD:8.837163 Z_SD:7.995761
$MXCM10033,2,6,19800110,021124,00,35A4E8F5,00000000,0089,0000,0000,00,A102*24
GPS_PRN:19629,03,25,12,32,10,31,19419500,00,00,00,00,SAT_TAL:10
GPS_SNR:30,26,30,35,35,38,37,25,30,35,00,00,00,00,00,SNR_AVG:32.10
GLO_PRN:00,00,00,00,00,00,00,00,00,00,00,00,00,00,00,SAT_TAL:00
GLO_SNR:00,00,00,00,00,00,00,00,00,00,00,00,00,00,00,SNR_AVG:0.00
GAL_PRN:09,00,00,00,00,00,00,00,00,00,00,00,00,00,00,SAT_TAL:01
GAL_SNR:34,00,00,00,00,00,00,00,00,00,00,00,00,00,00,SNR_AVG:34.00
BEI_PRN:00,00,00,00,00,00,00,00,00,00,00,00,00,00,00,SAT_TAL:00
BEI_SNR:00,00,00,00,00,00,00,00,00,00,00,00,00,00,00,SNR_AVG:0.00
QZS_PRN:00,00,00,00,00,SAT_TAL:00
QZS_SNR:00,00,00,00,00,SNR_AVG:0.00
SatInView:11 GDOP:19998
Roll:9.340173 Pitch:34.952095
X_AVG:-9.602139 Y_AVG:6.389247 Z_AVG:-9.652418
X_SD:9.064716 Y_SD:8.837163 Z_SD:7.995761
$MXCM10033,2,7,19800110,021137,00,35A4E8F5,00000000,0089,0000,0000,00,A102*27
GPS_PRN:19529,25,10,03,31,12,28,32,19416,19600,00,00,SAT_TAL:12
GPS_SNR:30,31,35,38,17,36,36,35,39,30,36,29,00,00,00,SNR_AVG:32.67
GLO_PRN:00,00,00,00,00,00,00,00,00,00,00,00,00,00,00,SAT_TAL:00
GLO_SNR:00,00,00,00,00,00,00,00,00,00,00,00,00,00,00,SNR_AVG:0.00
GAL_PRN:09,18,00,00,00,00,00,00,00,00,00,00,00,00,00,SAT_TAL:02
GAL_SNR:35,23,00,00,00,00,00,00,00,00,00,00,00,00,00,SNR_AVG:29.00
BEI_PRN:00,00,00,00,00,00,00,00,00,00,00,00,00,00,00,SAT_TAL:00
BEI_SNR:00,00,00,00,00,00,00,00,00,00,00,00,00,00,00,SNR_AVG:0.00
QZS_PRN:00,00,00,00,00,SAT_TAL:00
QZS_SNR:00,00,00,00,00,SNR_AVG:0.00
SatInView:14 GDOP:19998
Roll:124.083412 Pitch:58.801849
X_AVG:-8.542348 Y_AVG:4.658061 Z_AVG:-2.639038
X_SD:7.244681 Y_SD:7.963093 Z_SD:7.861688
$MXCM10033,2,8,20240104,021152,12,0E9897D0,47EDF1C1,0081,0010,36C9,0A,A102*5A
GPS_PRN:19428,10,25,31,26,29,23,12,16,19532,19600,00,SAT_TAL:13
GPS_SNR:30,36,35,34,35,33,31,37,35,31,35,38,30,00,00,SNR_AVG:33.85
GLO_PRN:00,00,00,00,00,00,00,00,00,00,00,00,00,00,00,SAT_TAL:00
GLO_SNR:00,00,00,00,00,00,00,00,00,00,00,00,00,00,00,SNR_AVG:0.00
GAL_PRN:09,24,00,00,00,00,00,00,00,00,00,00,00,00,00,SAT_TAL:02
GAL_SNR:34,33,00,00,00,00,00,00,00,00,00,00,00,00,00,SNR_AVG:33.50
BEI_PRN:00,00,00,00,00,00,00,00,00,00,00,00,00,00,00,SAT_TAL:00
BEI_SNR:00,00,00,00,00,00,00,00,00,00,00,00,00,00,00,SNR_AVG:0.00
QZS_PRN:00,00,00,00,00,SAT_TAL:00
QZS_SNR:00,00,00,00,00,SNR_AVG:0.00
SatInView:15 GDOP:195
Roll:129.373001 Pitch:90.000000
X_AVG:-8.125940 Y_AVG:3.732636 Z_AVG:-4.560424
X_SD:7.183317 Y_SD:9.054717 Z_SD:10.404041
$MXCM10033,2,9,20240104,021207,12,0E98553F,47EDE86D,0071,000B,3FC3,0A,A102*5B
GPS_PRN:19428,10,25,31,26,29,23,12,16,19932,19619500,SAT_TAL:14
GPS_SNR:30,35,40,25,38,36,37,34,36,32,28,33,31,34,00,SNR_AVG:33.50
GLO_PRN:00,00,00,00,00,00,00,00,00,00,00,00,00,00,00,SAT_TAL:00
GLO_SNR:00,00,00,00,00,00,00,00,00,00,00,00,00,00,00,SNR_AVG:0.00
GAL_PRN:09,24,00,00,00,00,00,00,00,00,00,00,00,00,00,SAT_TAL:02
GAL_SNR:31,35,00,00,00,00,00,00,00,00,00,00,00,00,00,SNR_AVG:33.00
BEI_PRN:00,00,00,00,00,00,00,00,00,00,00,00,00,00,00,SAT_TAL:00
BEI_SNR:00,00,00,00,00,00,00,00,00,00,00,00,00,00,00,SNR_AVG:0.00
QZS_PRN:00,00,00,00,00,SAT_TAL:00
QZS_SNR:00,00,00,00,00,SNR_AVG:0.00
SatInView:16 GDOP:195
Roll:135.325790 Pitch:54.216404
X_AVG:-9.855259 Y_AVG:5.934244 Z_AVG:-5.890381
X_SD:7.712537 Y_SD:9.079084 Z_SD:6.213307
$MXCM10033,2,10,20240104,021222,12,0E9810B8,47EE1D19,007B,0014,3315,0D,A102*19
GPS_PRN:19928,10,25,31,26,29,23,12,16,19532,19619400,SAT_TAL:14
GPS_SNR:27,37,38,31,36,32,38,35,28,21,35,37,32,29,00,SNR_AVG:32.57
GLO_PRN:00,00,00,00,00,00,00,00,00,00,00,00,00,00,00,SAT_TAL:00
GLO_SNR:00,00,00,00,00,00,00,00,00,00,00,00,00,00,00,SNR_AVG:0.00
GAL_PRN:09,24,00,00,00,00,00,00,00,00,00,00,00,00,00,SAT_TAL:02
GAL_SNR:34,32,00,00,00,00,00,00,00,00,00,00,00,00,00,SNR_AVG:33.00
BEI_PRN:00,00,00,00,00,00,00,00,00,00,00,00,00,00,00,SAT_TAL:00
BEI_SNR:00,00,00,00,00,00,00,00,00,00,00,00,00,00,00,SNR_AVG:0.00
QZS_PRN:00,00,00,00,00,SAT_TAL:00
QZS_SNR:00,00,00,00,00,SNR_AVG:0.00
SatInView:16 GDOP:121
Roll:144.505295 Pitch:49.434612
X_AVG:-10.242027 Y_AVG:6.065353 Z_AVG:-7.268320
X_SD:7.842420 Y_SD:8.140783 Z_SD:7.380690
$MXCM10033,2,11,20240104,021237,12,0E9842DA,47EE1D0F,008A,0013,6E7E,0F,A102*16
GPS_PRN:19928,10,25,31,26,29,23,12,16,19532,19619400,SAT_TAL:14
GPS_SNR:29,24,38,33,35,36,35,32,34,37,31,37,34,33,00,SNR_AVG:33.43
GLO_PRN:00,00,00,00,00,00,00,00,00,00,00,00,00,00,00,SAT_TAL:00
GLO_SNR:00,00,00,00,00,00,00,00,00,00,00,00,00,00,00,SNR_AVG:0.00
GAL_PRN:09,24,00,00,00,00,00,00,00,00,00,00,00,00,00,SAT_TAL:02
GAL_SNR:24,33,00,00,00,00,00,00,00,00,00,00,00,00,00,SNR_AVG:28.50
BEI_PRN:00,00,00,00,00,00,00,00,00,00,00,00,00,00,00,SAT_TAL:00
BEI_SNR:00,00,00,00,00,00,00,00,00,00,00,00,00,00,00,SNR_AVG:0.00
QZS_PRN:00,00,00,00,00,SAT_TAL:00
QZS_SNR:00,00,00,00,00,SNR_AVG:0.00
SatInView:16 GDOP:116
Roll:138.091797 Pitch:42.108150
X_AVG:-11.081067 Y_AVG:7.846005 Z_AVG:-10.460765
X_SD:7.519152 Y_SD:10.353086 Z_SD:7.845311
$MXCM10033,2,12,20240104,021252,12,0E97E923,47EE5A86,0092,0013,3A1D,0F,A102*6A
GPS_PRN:19928,10,25,31,26,29,23,12,16,19532,19619400,SAT_TAL:14
GPS_SNR:26,36,35,33,36,34,31,36,36,31,34,37,30,30,00,SNR_AVG:33.21
GLO_PRN:00,00,00,00,00,00,00,00,00,00,00,00,00,00,00,SAT_TAL:00
GLO_SNR:00,00,00,00,00,00,00,00,00,00,00,00,00,00,00,SNR_AVG:0.00
GAL_PRN:09,24,00,00,00,00,00,00,00,00,00,00,00,00,00,SAT_TAL:02
GAL_SNR:33,32,00,00,00,00,00,00,00,00,00,00,00,00,00,SNR_AVG:32.50
BEI_PRN:00,00,00,00,00,00,00,00,00,00,00,00,00,00,00,SAT_TAL:00
BEI_SNR:00,00,00,00,00,00,00,00,00,00,00,00,00,00,00,SNR_AVG:0.00
QZS_PRN:00,00,00,00,00,SAT_TAL:00
QZS_SNR:00,00,00,00,00,SNR_AVG:0.00
SatInView:16 GDOP:146
Roll:75.181297 Pitch:61.303051
X_AVG:-9.419075 Y_AVG:6.132871 Z_AVG:0.091173
X_SD:7.197186 Y_SD:8.009801 Z_SD:7.297371
$MXCM10033,2,13,20240104,021307,12,0E978AE1,47EE36CE,009E,0010,6C49,0F,A101*6B
GPS_PRN:19928,10,25,31,26,29,23,12,16,19419532,19600,SAT_TAL:14
GPS_SNR:28,24,38,34,36,35,35,35,36,27,34,34,37,33,00,SNR_AVG:33.29
GLO_PRN:00,00,00,00,00,00,00,00,00,00,00,00,00,00,00,SAT_TAL:00
GLO_SNR:00,00,00,00,00,00,00,00,00,00,00,00,00,00,00,SNR_AVG:0.00
GAL_PRN:09,24,36,00,00,00,00,00,00,00,00,00,00,00,00,SAT_TAL:03
GAL_SNR:32,33,33,00,00,00,00,00,00,00,00,00,00,00,00,SNR_AVG:32.67
BEI_PRN:00,00,00,00,00,00,00,00,00,00,00,00,00,00,00,SAT_TAL:00
BEI_SNR:00,00,00,00,00,00,00,00,00,00,00,00,00,00,00,SNR_AVG:0.00
QZS_PRN:00,00,00,00,00,SAT_TAL:00
QZS_SNR:00,00,00,00,00,SNR_AVG:0.00
SatInView:17 GDOP:146
Roll:122.052811 Pitch:14.721639
X_AVG:-2.751759 Y_AVG:9.380671 Z_AVG:-11.792543
X_SD:10.857377 Y_SD:10.263040 Z_SD:12.197582
$MXCM10033,2,14,20240104,021322,12,0E975232,47EE44E7,00A2,0014,3D2A,10,A102*12
GPS_PRN:19928,10,25,31,26,29,23,12,16,19419532,19600,SAT_TAL:14
GPS_SNR:27,36,38,34,36,35,36,36,36,34,30,35,39,31,00,SNR_AVG:34.50
GLO_PRN:00,00,00,00,00,00,00,00,00,00,00,00,00,00,00,SAT_TAL:00
GLO_SNR:00,00,00,00,00,00,00,00,00,00,00,00,00,00,00,SNR_AVG:0.00
GAL_PRN:09,24,36,00,00,00,00,00,00,00,00,00,00,00,00,SAT_TAL:03
GAL_SNR:36,34,18,00,00,00,00,00,00,00,00,00,00,00,00,SNR_AVG:29.33
BEI_PRN:00,00,00,00,00,00,00,00,00,00,00,00,00,00,00,SAT_TAL:00
BEI_SNR:00,00,00,00,00,00,00,00,00,00,00,00,00,00,00,SNR_AVG:0.00
QZS_PRN:00,00,00,00,00,SAT_TAL:00
QZS_SNR:00,00,00,00,00,SNR_AVG:0.00
SatInView:17 GDOP:129
Roll:139.666122 Pitch:51.226994
X_AVG:-9.317511 Y_AVG:5.733079 Z_AVG:-6.188035
X_SD:7.139906 Y_SD:8.976035 Z_SD:5.064818
$MXCM10033,2,15,20240104,021337,12,0E972E64,47EE9252,00B0,0013,3B33,10,A102*69
GPS_PRN:19928,10,25,31,26,29,23,12,16,19619419532,00,SAT_TAL:14
GPS_SNR:26,37,37,34,38,36,33,37,37,32,30,28,36,36,00,SNR_AVG:34.07
GLO_PRN:00,00,00,00,00,00,00,00,00,00,00,00,00,00,00,SAT_TAL:00
GLO_SNR:00,00,00,00,00,00,00,00,00,00,00,00,00,00,00,SNR_AVG:0.00
GAL_PRN:09,24,36,05,00,00,00,00,00,00,00,00,00,00,00,SAT_TAL:04
GAL_SNR:34,34,29,31,00,00,00,00,00,00,00,00,00,00,00,SNR_AVG:32.00
BEI_PRN:00,00,00,00,00,00,00,00,00,00,00,00,00,00,00,SAT_TAL:00
BEI_SNR:00,00,00,00,00,00,00,00,00,00,00,00,00,00,00,SNR_AVG:0.00
QZS_PRN:00,00,00,00,00,SAT_TAL:00
QZS_SNR:00,00,00,00,00,SNR_AVG:0.00
SatInView:18 GDOP:129
Roll:133.831467 Pitch:52.371304
X_AVG:-8.909914 Y_AVG:4.971564 Z_AVG:-6.348641
X_SD:7.190049 Y_SD:7.870278 Z_SD:5.991938
$MXCM10033,2,16,20240104,021352,12,0E96BADE,47EEADB1,00AC,0017,4008,11,A102*6D
GPS_PRN:19928,10,25,31,26,29,23,12,16,19619419532,00,SAT_TAL:14
GPS_SNR:26,37,37,35,37,35,25,38,36,34,30,29,36,37,00,SNR_AVG:33.71
GLO_PRN:00,00,00,00,00,00,00,00,00,00,00,00,00,00,00,SAT_TAL:00
GLO_SNR:00,00,00,00,00,00,00,00,00,00,00,00,00,00,00,SNR_AVG:0.00
GAL_PRN:09,24,05,36,00,00,00,00,00,00,00,00,00,00,00,SAT_TAL:04
GAL_SNR:36,32,27,24,00,00,00,00,00,00,00,00,00,00,00,SNR_AVG:29.75
BEI_PRN:00,00,00,00,00,00,00,00,00,00,00,00,00,00,00,SAT_TAL:00
BEI_SNR:00,00,00,00,00,00,00,00,00,00,00,00,00,00,00,SNR_AVG:0.00
QZS_PRN:00,00,00,00,00,SAT_TAL:00
QZS_SNR:00,00,00,00,00,SNR_AVG:0.00
SatInView:18 GDOP:119
Roll:137.181427 Pitch:57.148991
X_AVG:-9.346098 Y_AVG:4.362323 Z_AVG:-6.037197
X_SD:6.119851 Y_SD:7.584174 Z_SD:5.156014
$MXCM10033,2,17,20240104,021407,12,0E963DFB,47EEA936,00B0,0016,3D3F,11,A102*6E
GPS_PRN:19928,10,25,31,26,29,23,12,16,19619419532,00,SAT_TAL:14
GPS_SNR:27,36,37,34,35,35,29,37,36,32,31,29,36,38,00,SNR_AVG:33.71
GLO_PRN:00,00,00,00,00,00,00,00,00,00,00,00,00,00,00,SAT_TAL:00
GLO_SNR:00,00,00,00,00,00,00,00,00,00,00,00,00,00,00,SNR_AVG:0.00
GAL_PRN:09,24,05,36,00,00,00,00,00,00,00,00,00,00,00,SAT_TAL:04
GAL_SNR:35,33,27,23,00,00,00,00,00,00,00,00,00,00,00,SNR_AVG:29.50
BEI_PRN:00,00,00,00,00,00,00,00,00,00,00,00,00,00,00,SAT_TAL:00
BEI_SNR:00,00,00,00,00,00,00,00,00,00,00,00,00,00,00,SNR_AVG:0.00
QZS_PRN:00,00,00,00,00,SAT_TAL:00
QZS_SNR:00,00,00,00,00,SNR_AVG:0.00
SatInView:18 GDOP:119
Roll:157.866562 Pitch:53.653095
X_AVG:-8.075230 Y_AVG:4.136019 Z_AVG:-5.101380
X_SD:6.926493 Y_SD:8.093490 Z_SD:4.017659
$MXCM10033,2,18,20240104,021422,12,0E964152,47EEE92F,00CB,0012,358F,11,A102*6F
GPS_PRN:19928,10,25,31,26,29,23,12,16,19619419532,00,SAT_TAL:14
GPS_SNR:26,37,38,32,37,36,35,35,36,32,31,30,35,37,00,SNR_AVG:34.07
GLO_PRN:00,00,00,00,00,00,00,00,00,00,00,00,00,00,00,SAT_TAL:00
GLO_SNR:00,00,00,00,00,00,00,00,00,00,00,00,00,00,00,SNR_AVG:0.00
GAL_PRN:19,09,24,05,36,00,00,00,00,00,00,00,00,00,00,SAT_TAL:04
GAL_SNR:00,34,34,31,26,00,00,00,00,00,00,00,00,00,00,SNR_AVG:31.25
BEI_PRN:00,00,00,00,00,00,00,00,00,00,00,00,00,00,00,SAT_TAL:00
BEI_SNR:00,00,00,00,00,00,00,00,00,00,00,00,00,00,00,SNR_AVG:0.00
QZS_PRN:00,00,00,00,00,SAT_TAL:00
QZS_SNR:00,00,00,00,00,SNR_AVG:0.00
SatInView:19 GDOP:119
Roll:122.069000 Pitch:50.566372
X_AVG:-8.249532 Y_AVG:4.873879 Z_AVG:-5.773829
X_SD:7.774973 Y_SD:8.474632 Z_SD:5.004592
$MXCM10033,2,19,20240104,021638,12,0E92AB7C,47EEB41D,0123,0018,4518,11,A202*65
GPS_PRN:19528,10,25,31,26,29,23,12,16,03,19619432,00,SAT_TAL:14
GPS_SNR:35,36,38,36,36,34,31,36,36,34,30,29,30,39,00,SNR_AVG:34.29
GLO_PRN:00,00,00,00,00,00,00,00,00,00,00,00,00,00,00,SAT_TAL:00
GLO_SNR:00,00,00,00,00,00,00,00,00,00,00,00,00,00,00,SNR_AVG:0.00
GAL_PRN:36,19,09,24,05,00,00,00,00,00,00,00,00,00,00,SAT_TAL:04
GAL_SNR:29,00,36,33,25,00,00,00,00,00,00,00,00,00,00,SNR_AVG:30.75
BEI_PRN:00,00,00,00,00,00,00,00,00,00,00,00,00,00,00,SAT_TAL:00
BEI_SNR:00,00,00,00,00,00,00,00,00,00,00,00,00,00,00,SNR_AVG:0.00
QZS_PRN:00,00,00,00,00,SAT_TAL:00
QZS_SNR:00,00,00,00,00,SNR_AVG:0.00
SatInView:19 GDOP:119
Roll:128.152328 Pitch:54.316162
X_AVG:-9.133010 Y_AVG:4.773895 Z_AVG:-4.902849
X_SD:7.035893 Y_SD:8.165360 Z_SD:5.865644
$MXCM10033,2,20,20240104,021653,12,0E923D3F,47EE77CF,0137,0017,5970,11,A202*18
GPS_PRN:19928,10,25,31,26,29,23,12,16,03,19619419532,SAT_TAL:15
GPS_SNR:24,35,38,36,37,37,36,32,33,34,25,29,33,33,39,SNR_AVG:33.40
GLO_PRN:00,00,00,00,00,00,00,00,00,00,00,00,00,00,00,SAT_TAL:00
GLO_SNR:00,00,00,00,00,00,00,00,00,00,00,00,00,00,00,SNR_AVG:0.00
GAL_PRN:00,00,00,00,00,00,00,00,00,00,00,00,00,00,00,SAT_TAL:00
GAL_SNR:00,00,00,00,00,00,00,00,00,00,00,00,00,00,00,SNR_AVG:0.00
BEI_PRN:00,00,00,00,00,00,00,00,00,00,00,00,00,00,00,SAT_TAL:00
BEI_SNR:00,00,00,00,00,00,00,00,00,00,00,00,00,00,00,SNR_AVG:0.00
QZS_PRN:00,00,00,00,00,SAT_TAL:00
QZS_SNR:00,00,00,00,00,SNR_AVG:0.00
SatInView:20 GDOP:119
Roll:134.737320 Pitch:59.475880
X_AVG:-9.836058 Y_AVG:5.651196 Z_AVG:-4.923583
X_SD:7.748823 Y_SD:9.941822 Z_SD:6.793495
$MXCM10033,2,21,20240104,021909,12,0E8E583D,47EEEA33,019C,0019,4A5A,0D,A202*18
GPS_PRN:19528,10,25,31,26,29,23,16,12,19619432,00,00,SAT_TAL:13
GPS_SNR:22,34,37,35,34,34,32,22,37,36,29,31,38,00,00,SNR_AVG:32.38
GLO_PRN:00,00,00,00,00,00,00,00,00,00,00,00,00,00,00,SAT_TAL:00
GLO_SNR:00,00,00,00,00,00,00,00,00,00,00,00,00,00,00,SNR_AVG:0.00
GAL_PRN:36,09,24,05,00,00,00,00,00,00,00,00,00,00,00,SAT_TAL:00
GAL_SNR:00,00,00,00,00,00,00,00,00,00,00,00,00,00,00,SNR_AVG:0.00
BEI_PRN:00,00,00,00,00,00,00,00,00,00,00,00,00,00,00,SAT_TAL:00
BEI_SNR:00,00,00,00,00,00,00,00,00,00,00,00,00,00,00,SNR_AVG:0.00
QZS_PRN:00,00,00,00,00,SAT_TAL:00
QZS_SNR:00,00,00,00,00,SNR_AVG:0.00
SatInView:17 GDOP:118
Roll:38.426788 Pitch:61.805763
X_AVG:-7.621328 Y_AVG:3.602245 Z_AVG:2.754297
X_SD:6.846025 Y_SD:8.003875 Z_SD:7.076001
$MXCM10033,2,22,20240104,021924,12,0E8DD39B,47EED9A1,019D,0019,4871,10,A202*13
GPS_PRN:19928,10,25,31,26,29,23,16,12,19619419532,00,SAT_TAL:14
GPS_SNR:24,33,38,35,31,33,30,31,34,35,29,31,29,38,00,SNR_AVG:32.21
GLO_PRN:00,00,00,00,00,00,00,00,00,00,00,00,00,00,00,SAT_TAL:00
GLO_SNR:00,00,00,00,00,00,00,00,00,00,00,00,00,00,00,SNR_AVG:0.00
GAL_PRN:09,24,05,36,00,00,00,00,00,00,00,00,00,00,00,SAT_TAL:04
GAL_SNR:33,31,16,31,00,00,00,00,00,00,00,00,00,00,00,SNR_AVG:27.75
BEI_PRN:00,00,00,00,00,00,00,00,00,00,00,00,00,00,00,SAT_TAL:00
BEI_SNR:00,00,00,00,00,00,00,00,00,00,00,00,00,00,00,SNR_AVG:0.00
QZS_PRN:00,00,00,00,00,SAT_TAL:00
QZS_SNR:00,00,00,00,00,SNR_AVG:0.00
SatInView:18 GDOP:127
Roll:33.598576 Pitch:59.650063
X_AVG:-8.506914 Y_AVG:4.455412 Z_AVG:4.423281
X_SD:7.066958 Y_SD:7.987412 Z_SD:6.935597
$MXCM10033,2,23,20240104,022140,12,0E893F24,47EF218C,01BB,0019,44E7,10,A202*6A
GPS_PRN:19528,10,25,31,26,29,23,16,12,19619432,00,00,SAT_TAL:13
GPS_SNR:30,34,38,35,31,33,30,32,35,36,29,31,38,00,00,SNR_AVG:33.23
GLO_PRN:00,00,00,00,00,00,00,00,00,00,00,00,00,00,00,SAT_TAL:00
GLO_SNR:00,00,00,00,00,00,00,00,00,00,00,00,00,00,00,SNR_AVG:0.00
GAL_PRN:36,09,24,05,00,00,00,00,00,00,00,00,00,00,00,SAT_TAL:04
GAL_SNR:29,33,31,16,00,00,00,00,00,00,00,00,00,00,00,SNR_AVG:27.25
BEI_PRN:00,00,00,00,00,00,00,00,00,00,00,00,00,00,00,SAT_TAL:00
BEI_SNR:00,00,00,00,00,00,00,00,00,00,00,00,00,00,00,SNR_AVG:0.00
QZS_PRN:00,00,00,00,00,SAT_TAL:00
QZS_SNR:00,00,00,00,00,SNR_AVG:0.00
SatInView:17 GDOP:127
Roll:44.012535 Pitch:54.033974
X_AVG:-8.676810 Y_AVG:4.234997 Z_AVG:4.310368
X_SD:7.337931 Y_SD:8.381208 Z_SD:7.423294
$MXCM10033,2,24,20240104,022155,12,0E88BC9E,47EF42B7,01BD,0019,4004,0F,A202*6E
GPS_PRN:19928,10,25,31,26,29,23,16,12,19619419532,00,SAT_TAL:13
GPS_SNR:24,34,37,34,32,32,00,35,33,34,29,30,33,38,00,SNR_AVG:32.69
GLO_PRN:00,00,00,00,00,00,00,00,00,00,00,00,00,00,00,SAT_TAL:00
GLO_SNR:00,00,00,00,00,00,00,00,00,00,00,00,00,00,00,SNR_AVG:0.00
GAL_PRN:09,24,05,36,00,00,00,00,00,00,00,00,00,00,00,SAT_TAL:04
GAL_SNR:34,30,21,26,00,00,00,00,00,00,00,00,00,00,00,SNR_AVG:27.75
BEI_PRN:00,00,00,00,00,00,00,00,00,00,00,00,00,00,00,SAT_TAL:00
BEI_SNR:00,00,00,00,00,00,00,00,00,00,00,00,00,00,00,SNR_AVG:0.00
QZS_PRN:00,00,00,00,00,SAT_TAL:00
QZS_SNR:00,00,00,00,00,SNR_AVG:0.00
SatInView:18 GDOP:131
Roll:34.805580 Pitch:62.708626
X_AVG:-8.752468 Y_AVG:4.241174 Z_AVG:3.903154
X_SD:7.349012 Y_SD:7.770571 Z_SD:7.962945
$MXCM10033,2,25,20240104,022411,12,0E842FC1,47F1144A,01A6,001A,3DC2,0E,A202*66
GPS_PRN:19528,10,25,31,26,29,23,16,12,03,19619432,00,SAT_TAL:13
GPS_SNR:36,35,37,35,32,33,00,36,31,35,31,30,31,39,00,SNR_AVG:33.92
GLO_PRN:00,00,00,00,00,00,00,00,00,00,00,00,00,00,00,SAT_TAL:00
GLO_SNR:00,00,00,00,00,00,00,00,00,00,00,00,00,00,00,SNR_AVG:0.00
GAL_PRN:36,09,24,05,00,00,00,00,00,00,00,00,00,00,00,SAT_TAL:03
GAL_SNR:24,34,31,00,00,00,00,00,00,00,00,00,00,00,00,SNR_AVG:29.67
BEI_PRN:00,00,00,00,00,00,00,00,00,00,00,00,00,00,00,SAT_TAL:00
BEI_SNR:00,00,00,00,00,00,00,00,00,00,00,00,00,00,00,SNR_AVG:0.00
QZS_PRN:00,00,00,00,00,SAT_TAL:00
QZS_SNR:00,00,00,00,00,SNR_AVG:0.00
SatInView:18 GDOP:148
Roll:46.023491 Pitch:90.000000
X_AVG:-7.778631 Y_AVG:3.533147 Z_AVG:1.650309
X_SD:7.406648 Y_SD:8.099364 Z_SD:7.439967
$MXCM10033,2,26,20240104,022426,12,0E83B3E4,47F15C0E,01A4,001B,3F04,10,A202*11
GPS_PRN:19528,10,25,31,26,29,23,16,12,03,19619432,00,SAT_TAL:14
GPS_SNR:35,36,37,34,34,33,28,36,31,35,31,30,30,38,00,SNR_AVG:33.43
GLO_PRN:00,00,00,00,00,00,00,00,00,00,00,00,00,00,00,SAT_TAL:00
GLO_SNR:00,00,00,00,00,00,00,00,00,00,00,00,00,00,00,SNR_AVG:0.00
GAL_PRN:36,09,24,05,00,00,00,00,00,00,00,00,00,00,00,SAT_TAL:04
GAL_SNR:26,35,31,25,00,00,00,00,00,00,00,00,00,00,00,SNR_AVG:29.25
BEI_PRN:00,00,00,00,00,00,00,00,00,00,00,00,00,00,00,SAT_TAL:00
BEI_SNR:00,00,00,00,00,00,00,00,00,00,00,00,00,00,00,SNR_AVG:0.00
QZS_PRN:00,00,00,00,00,SAT_TAL:00
QZS_SNR:00,00,00,00,00,SNR_AVG:0.00
SatInView:18 GDOP:126
Roll:52.668770 Pitch:62.187908
X_AVG:-7.272965 Y_AVG:3.459500 Z_AVG:1.783285
X_SD:7.336203 Y_SD:8.085644 Z_SD:8.364605
$MXCM10033,2,27,20240104,022642,12,0E7ED0D5,47F27EDA,0169,001A,466E,11,A202*63
GPS_PRN:19528,10,31,25,26,29,16,23,03,12,19619432,00,SAT_TAL:14
GPS_SNR:29,35,38,33,36,34,34,37,30,21,37,29,33,40,00,SNR_AVG:33.29
GLO_PRN:00,00,00,00,00,00,00,00,00,00,00,00,00,00,00,SAT_TAL:00
GLO_SNR:00,00,00,00,00,00,00,00,00,00,00,00,00,00,00,SNR_AVG:0.00
GAL_PRN:36,09,24,05,00,00,00,00,00,00,00,00,00,00,00,SAT_TAL:04
GAL_SNR:30,34,31,18,00,00,00,00,00,00,00,00,00,00,00,SNR_AVG:28.25
BEI_PRN:00,00,00,00,00,00,00,00,00,00,00,00,00,00,00,SAT_TAL:00
BEI_SNR:00,00,00,00,00,00,00,00,00,00,00,00,00,00,00,SNR_AVG:0.00
QZS_PRN:00,00,00,00,00,SAT_TAL:00
QZS_SNR:00,00,00,00,00,SNR_AVG:0.00
SatInView:18 GDOP:114
Roll:63.939095 Pitch:90.000000
X_AVG:-7.542989 Y_AVG:3.116787 Z_AVG:1.386319
X_SD:7.570527 Y_SD:7.959666 Z_SD:7.734683
$MXCM10033,2,28,20240104,022657,12,0E7E3F95,47F27FEE,0162,001B,4487,11,A202*64
GPS_PRN:19928,10,31,25,26,29,16,23,03,12,19619419532,SAT_TAL:15
GPS_SNR:25,35,38,34,36,33,33,36,32,21,37,29,33,30,39,SNR_AVG:32.73
GLO_PRN:00,00,00,00,00,00,00,00,00,00,00,00,00,00,00,SAT_TAL:00
GLO_SNR:00,00,00,00,00,00,00,00,00,00,00,00,00,00,00,SNR_AVG:0.00
GAL_PRN:00,00,00,00,00,00,00,00,00,00,00,00,00,00,00,SAT_TAL:00
GAL_SNR:00,00,00,00,00,00,00,00,00,00,00,00,00,00,00,SNR_AVG:0.00
BEI_PRN:00,00,00,00,00,00,00,00,00,00,00,00,00,00,00,SAT_TAL:00
BEI_SNR:00,00,00,00,00,00,00,00,00,00,00,00,00,00,00,SNR_AVG:0.00
QZS_PRN:00,00,00,00,00,SAT_TAL:00
QZS_SNR:00,00,00,00,00,SNR_AVG:0.00
SatInView:19 GDOP:114
Roll:44.154957 Pitch:67.531342
X_AVG:-8.162812 Y_AVG:3.572221 Z_AVG:1.939630
X_SD:7.275785 Y_SD:7.813381 Z_SD:7.449651
$MXCM10033,2,29,20240104,022913,12,0E795EB5,47F26FF7,0138,001B,4AF9,10,A202*13
GPS_PRN:19528,10,31,26,25,29,16,23,03,12,19619432,00,SAT_TAL:14
GPS_SNR:28,34,38,33,35,36,35,36,23,18,36,30,33,39,00,SNR_AVG:32.43
GLO_PRN:00,00,00,00,00,00,00,00,00,00,00,00,00,00,00,SAT_TAL:00
GLO_SNR:00,00,00,00,00,00,00,00,00,00,00,00,00,00,00,SNR_AVG:0.00
GAL_PRN:36,25,09,24,05,00,00,00,00,00,00,00,00,00,00,SAT_TAL:05
GAL_SNR:28,31,34,32,22,00,00,00,00,00,00,00,00,00,00,SNR_AVG:29.40
BEI_PRN:00,00,00,00,00,00,00,00,00,00,00,00,00,00,00,SAT_TAL:00
BEI_SNR:00,00,00,00,00,00,00,00,00,00,00,00,00,00,00,SNR_AVG:0.00
QZS_PRN:00,00,00,00,00,SAT_TAL:00
QZS_SNR:00,00,00,00,00,SNR_AVG:0.00
SatInView:19 GDOP:131
Roll:43.312290 Pitch:65.580017
X_AVG:-8.246084 Y_AVG:3.591135 Z_AVG:2.032718
X_SD:8.801471 Y_SD:8.691114 Z_SD:9.889656
$MXCM10033,2,30,20240104,022928,12,0E78D499,47F25000,0120,001B,4A8F,10,A202*69
GPS_PRN:19528,10,26,31,25,29,16,23,03,12,19619432,00,SAT_TAL:14
GPS_SNR:20,35,37,34,34,36,35,35,25,22,36,30,34,39,00,SNR_AVG:32.29
GLO_PRN:00,00,00,00,00,00,00,00,00,00,00,00,00,00,00,SAT_TAL:00
GLO_SNR:00,00,00,00,00,00,00,00,00,00,00,00,00,00,00,SNR_AVG:0.00
GAL_PRN:31,25,04,36,09,24,05,00,00,00,00,00,00,00,00,SAT_TAL:07
GAL_SNR:33,30,31,29,34,31,24,00,00,00,00,00,00,00,00,SNR_AVG:30.29
BEI_PRN:00,00,00,00,00,00,00,00,00,00,00,00,00,00,00,SAT_TAL:00
BEI_SNR:00,00,00,00,00,00,00,00,00,00,00,00,00,00,00,SNR_AVG:0.00
QZS_PRN:00,00,00,00,00,SAT_TAL:00
QZS_SNR:00,00,00,00,00,SNR_AVG:0.00
SatInView:21 GDOP:131
Roll:47.642288 Pitch:63.778004
X_AVG:-9.178357 Y_AVG:3.808916 Z_AVG:2.253229
X_SD:8.163547 Y_SD:8.551716 Z_SD:9.908448
$MXCM10033,2,31,20240104,023144,12,0E745D81,47F17C6B,0107,0016,4CB7,10,A202*11
GPS_PRN:19528,26,31,10,25,29,16,23,03,12,19419632,00,SAT_TAL:14
GPS_SNR:29,34,34,36,36,36,35,35,26,21,35,34,31,39,00,SNR_AVG:32.93
GLO_PRN:00,00,00,00,00,00,00,00,00,00,00,00,00,00,00,SAT_TAL:00
GLO_SNR:00,00,00,00,00,00,00,00,00,00,00,00,00,00,00,SNR_AVG:0.00
GAL_PRN:36,25,09,24,05,00,00,00,00,00,00,00,00,00,00,SAT_TAL:05
GAL_SNR:29,31,34,31,22,00,00,00,00,00,00,00,00,00,00,SNR_AVG:29.40
BEI_PRN:00,00,00,00,00,00,00,00,00,00,00,00,00,00,00,SAT_TAL:00
BEI_SNR:00,00,00,00,00,00,00,00,00,00,00,00,00,00,00,SNR_AVG:0.00
QZS_PRN:00,00,00,00,00,SAT_TAL:00
QZS_SNR:00,00,00,00,00,SNR_AVG:0.00
SatInView:19 GDOP:108
Roll:54.116486 Pitch:61.300987
X_AVG:-8.645110 Y_AVG:4.048198 Z_AVG:1.643365
X_SD:7.448874 Y_SD:7.901441 Z_SD:7.792313
$MXCM10033,2,32,20240104,023159,12,0E73E707,47F188C9,00FF,0017,3EA4,10,A202*68
GPS_PRN:19928,26,31,10,25,29,16,23,03,12,19419619532,SAT_TAL:15
GPS_SNR:24,36,33,34,37,34,27,33,35,28,14,32,30,34,38,SNR_AVG:31.27
GLO_PRN:00,00,00,00,00,00,00,00,00,00,00,00,00,00,00,SAT_TAL:00
GLO_SNR:00,00,00,00,00,00,00,00,00,00,00,00,00,00,00,SNR_AVG:0.00
GAL_PRN:00,00,00,00,00,00,00,00,00,00,00,00,00,00,00,SAT_TAL:00
GAL_SNR:00,00,00,00,00,00,00,00,00,00,00,00,00,00,00,SNR_AVG:0.00
BEI_PRN:00,00,00,00,00,00,00,00,00,00,00,00,00,00,00,SAT_TAL:00
BEI_SNR:00,00,00,00,00,00,00,00,00,00,00,00,00,00,00,SNR_AVG:0.00
QZS_PRN:00,00,00,00,00,SAT_TAL:00
QZS_SNR:00,00,00,00,00,SNR_AVG:0.00
SatInView:20 GDOP:131
Roll:56.033161 Pitch:68.255569
X_AVG:-9.049451 Y_AVG:4.179307 Z_AVG:2.291297
X_SD:6.961163 Y_SD:8.469916 Z_SD:6.417949
$MXCM10033,2,33,20240104,023415,12,0E710268,47EFA6AF,00C9,0005,0ADC,10,A201*6E
GPS_PRN:19528,26,31,10,25,29,16,23,03,12,19419632,00,SAT_TAL:14
GPS_SNR:33,35,34,32,35,34,35,23,33,31,28,34,33,36,00,SNR_AVG:32.57
GLO_PRN:00,00,00,00,00,00,00,00,00,00,00,00,00,00,00,SAT_TAL:00
GLO_SNR:00,00,00,00,00,00,00,00,00,00,00,00,00,00,00,SNR_AVG:0.00
GAL_PRN:25,36,09,24,05,00,00,00,00,00,00,00,00,00,00,SAT_TAL:04
GAL_SNR:26,00,32,32,27,00,00,00,00,00,00,00,00,00,00,SNR_AVG:29.25
BEI_PRN:00,00,00,00,00,00,00,00,00,00,00,00,00,00,00,SAT_TAL:00
BEI_SNR:00,00,00,00,00,00,00,00,00,00,00,00,00,00,00,SNR_AVG:0.00
QZS_PRN:00,00,00,00,00,SAT_TAL:00
QZS_SNR:00,00,00,00,00,SNR_AVG:0.00
SatInView:19 GDOP:131
Roll:62.294487 Pitch:29.812071
X_AVG:-8.889515 Y_AVG:9.789082 Z_AVG:7.691671
X_SD:7.203970 Y_SD:8.145701 Z_SD:9.176931
$MXCM10033,2,34,20240104,023430,12,0E7104BB,47EF9C01,00C2,0000,70E4,10,A202*60
GPS_PRN:19928,26,31,10,25,29,16,23,03,12,19419619532,SAT_TAL:15
GPS_SNR:19,20,21,24,18,35,27,20,32,14,17,38,30,27,32,SNR_AVG:24.93
GLO_PRN:00,00,00,00,00,00,00,00,00,00,00,00,00,00,00,SAT_TAL:00
GLO_SNR:00,00,00,00,00,00,00,00,00,00,00,00,00,00,00,SNR_AVG:0.00
GAL_PRN:00,00,00,00,00,00,00,00,00,00,00,00,00,00,00,SAT_TAL:00
GAL_SNR:00,00,00,00,00,00,00,00,00,00,00,00,00,00,00,SNR_AVG:0.00
BEI_PRN:00,00,00,00,00,00,00,00,00,00,00,00,00,00,00,SAT_TAL:00
BEI_SNR:00,00,00,00,00,00,00,00,00,00,00,00,00,00,00,SNR_AVG:0.00
QZS_PRN:00,00,00,00,00,SAT_TAL:00
QZS_SNR:00,00,00,00,00,SNR_AVG:0.00
SatInView:20 GDOP:109
Roll:144.823547 Pitch:12.411122
X_AVG:-3.311870 Y_AVG:7.905717 Z_AVG:-11.109655
X_SD:0.524938 Y_SD:0.480941 Z_SD:1.253933
$MXCM10033,2,35,20240104,023646,12,0E710283,47EFA088,00C2,0000,34B5,09,A202*6B
GPS_PRN:19528,26,31,10,25,29,16,03,23,12,19419632,00,SAT_TAL:09
GPS_SNR:13,00,00,16,30,26,34,00,00,24,00,22,19,15,00,SNR_AVG:22.11
GLO_PRN:00,00,00,00,00,00,00,00,00,00,00,00,00,00,00,SAT_TAL:00
GLO_SNR:00,00,00,00,00,00,00,00,00,00,00,00,00,00,00,SNR_AVG:0.00
GAL_PRN:25,36,09,24,05,00,00,00,00,00,00,00,00,00,00,SAT_TAL:00
GAL_SNR:00,00,00,00,00,00,00,00,00,00,00,00,00,00,00,SNR_AVG:0.00
BEI_PRN:00,00,00,00,00,00,00,00,00,00,00,00,00,00,00,SAT_TAL:00
BEI_SNR:00,00,00,00,00,00,00,00,00,00,00,00,00,00,00,SNR_AVG:0.00
QZS_PRN:00,00,00,00,00,SAT_TAL:00
QZS_SNR:00,00,00,00,00,SNR_AVG:0.00
SatInView:19 GDOP:151
Roll:154.132172 Pitch:12.108528
X_AVG:-4.206745 Y_AVG:8.648126 Z_AVG:-19.613695
X_SD:0.189680 Y_SD:0.121280 Z_SD:0.000000
$MXCM10033,2,36,20240104,023701,12,0E710236,47EFA069,00C2,0000,34B5,0B,A201*13
GPS_PRN:19528,26,31,10,25,29,23,12,19419632,00,00,00,SAT_TAL:09
GPS_SNR:22,00,16,00,18,24,22,23,00,20,14,23,00,00,00,SNR_AVG:20.22
GLO_PRN:00,00,00,00,00,00,00,00,00,00,00,00,00,00,00,SAT_TAL:00
GLO_SNR:00,00,00,00,00,00,00,00,00,00,00,00,00,00,00,SNR_AVG:0.00
GAL_PRN:25,36,09,24,05,00,00,00,00,00,00,00,00,00,00,SAT_TAL:02
GAL_SNR:00,00,12,16,00,00,00,00,00,00,00,00,00,00,00,SNR_AVG:14.00
BEI_PRN:00,00,00,00,00,00,00,00,00,00,00,00,00,00,00,SAT_TAL:00
BEI_SNR:00,00,00,00,00,00,00,00,00,00,00,00,00,00,00,SNR_AVG:0.00
QZS_PRN:00,00,00,00,00,SAT_TAL:00
QZS_SNR:00,00,00,00,00,SNR_AVG:0.00
SatInView:17 GDOP:163
Roll:94.426994 Pitch:39.244358
X_AVG:-6.888736 Y_AVG:6.151738 Z_AVG:-11.331697
X_SD:5.177653 Y_SD:6.987729 Z_SD:9.449853
$MXCM10033,2,37,20240104,023916,00,0E710242,47EFA06A,00C2,0000,0000,00,A201*60
GPS_PRN:19526,31,10,25,29,16,03,23,12,19419628,00,00,SAT_TAL:01
GPS_SNR:00,00,00,00,00,00,00,00,00,00,00,20,00,00,00,SNR_AVG:20.00
GLO_PRN:00,00,00,00,00,00,00,00,00,00,00,00,00,00,00,SAT_TAL:00
GLO_SNR:00,00,00,00,00,00,00,00,00,00,00,00,00,00,00,SNR_AVG:0.00
GAL_PRN:09,25,36,00,00,00,00,00,00,00,00,00,00,00,00,SAT_TAL:00
GAL_SNR:00,00,00,00,00,00,00,00,00,00,00,00,00,00,00,SNR_AVG:0.00
BEI_PRN:00,00,00,00,00,00,00,00,00,00,00,00,00,00,00,SAT_TAL:00
BEI_SNR:00,00,00,00,00,00,00,00,00,00,00,00,00,00,00,SNR_AVG:0.00
QZS_PRN:00,00,00,00,00,SAT_TAL:00
QZS_SNR:00,00,00,00,00,SNR_AVG:0.00
SatInView:16 GDOP:15160
Roll:88.934853 Pitch:12.794403
X_AVG:-2.454010 Y_AVG:9.221406 Z_AVG:0.851108
X_SD:0.171244 Y_SD:0.147141 Z_SD:0.215978
$MXCM10033,2,38,20240104,023931,12,0E710113,47EFA308,00C2,0000,6956,0A,A202*6C
GPS_PRN:19528,26,31,10,25,29,23,12,19419632,00,00,00,SAT_TAL:10
GPS_SNR:21,00,15,16,17,24,25,25,00,18,17,18,00,00,00,SNR_AVG:19.60
GLO_PRN:00,00,00,00,00,00,00,00,00,00,00,00,00,00,00,SAT_TAL:00
GLO_SNR:00,00,00,00,00,00,00,00,00,00,00,00,00,00,00,SNR_AVG:0.00
GAL_PRN:25,36,09,24,05,00,00,00,00,00,00,00,00,00,00,SAT_TAL:00
GAL_SNR:00,00,00,00,00,00,00,00,00,00,00,00,00,00,00,SNR_AVG:0.00
BEI_PRN:00,00,00,00,00,00,00,00,00,00,00,00,00,00,00,SAT_TAL:00
BEI_SNR:00,00,00,00,00,00,00,00,00,00,00,00,00,00,00,SNR_AVG:0.00
QZS_PRN:00,00,00,00,00,SAT_TAL:00
QZS_SNR:00,00,00,00,00,SNR_AVG:0.00
SatInView:17 GDOP:144
Roll:116.718506 Pitch:48.688961
X_AVG:-5.987780 Y_AVG:2.987784 Z_AVG:-9.369658
X_SD:12.004744 Y_SD:12.979198 Z_SD:14.350344
$MXCM10033,2,39,20240104,024146,00,0E710100,47EFA355,00C2,0000,0000,00,A202*16
GPS_PRN:26,31,10,25,00,00,00,00,00,00,00,00,00,00,00,SAT_TAL:00
GPS_SNR:00,00,00,00,00,00,00,00,00,00,00,00,00,00,00,SNR_AVG:0.00
GLO_PRN:00,00,00,00,00,00,00,00,00,00,00,00,00,00,00,SAT_TAL:00
GLO_SNR:00,00,00,00,00,00,00,00,00,00,00,00,00,00,00,SNR_AVG:0.00
GAL_PRN:00,00,00,00,00,00,00,00,00,00,00,00,00,00,00,SAT_TAL:00
GAL_SNR:00,00,00,00,00,00,00,00,00,00,00,00,00,00,00,SNR_AVG:0.00
BEI_PRN:00,00,00,00,00,00,00,00,00,00,00,00,00,00,00,SAT_TAL:00
BEI_SNR:00,00,00,00,00,00,00,00,00,00,00,00,00,00,00,SNR_AVG:0.00
QZS_PRN:00,00,00,00,00,SAT_TAL:00
QZS_SNR:00,00,00,00,00,SNR_AVG:0.00
SatInView:4 GDOP:17319
Roll:-4.444549 Pitch:5.476343
X_AVG:-1.746318 Y_AVG:0.652289 Z_AVG:18.492085
X_SD:2.742316 Y_SD:2.064765 Z_SD:2.373691
$MXCM10033,2,40,20240104,024202,12,0E70FE75,47EFA0EB,00C0,0001,766E,0C,A202*1F
GPS_PRN:19528,26,31,10,25,29,23,19419632,00,00,00,00,SAT_TAL:10
GPS_SNR:32,23,00,19,25,26,27,31,21,21,25,00,00,00,00,SNR_AVG:25.00
GLO_PRN:00,00,00,00,00,00,00,00,00,00,00,00,00,00,00,SAT_TAL:00
GLO_SNR:00,00,00,00,00,00,00,00,00,00,00,00,00,00,00,SNR_AVG:0.00
GAL_PRN:25,09,24,05,00,00,00,00,00,00,00,00,00,00,00,SAT_TAL:02
GAL_SNR:00,19,16,00,00,00,00,00,00,00,00,00,00,00,00,SNR_AVG:17.50
BEI_PRN:00,00,00,00,00,00,00,00,00,00,00,00,00,00,00,SAT_TAL:00
BEI_SNR:00,00,00,00,00,00,00,00,00,00,00,00,00,00,00,SNR_AVG:0.00
QZS_PRN:00,00,00,00,00,SAT_TAL:00
QZS_SNR:00,00,00,00,00,SNR_AVG:0.00
SatInView:15 GDOP:139
Roll:3.016181 Pitch:6.997577
X_AVG:-2.874728 Y_AVG:1.254922 Z_AVG:19.604118
X_SD:0.321302 Y_SD:0.236681 Z_SD:0.000000
$MXCM10033,2,41,20240104,024417,00,0E70FE8B,47EFA0B6,00C0,0000,0000,00,A202*14
GPS_PRN:26,31,10,25,00,00,00,00,00,00,00,00,00,00,00,SAT_TAL:00
GPS_SNR:00,00,00,00,00,00,00,00,00,00,00,00,00,00,00,SNR_AVG:0.00
GLO_PRN:00,00,00,00,00,00,00,00,00,00,00,00,00,00,00,SAT_TAL:00
GLO_SNR:00,00,00,00,00,00,00,00,00,00,00,00,00,00,00,SNR_AVG:0.00
GAL_PRN:00,00,00,00,00,00,00,00,00,00,00,00,00,00,00,SAT_TAL:00
GAL_SNR:00,00,00,00,00,00,00,00,00,00,00,00,00,00,00,SNR_AVG:0.00
BEI_PRN:00,00,00,00,00,00,00,00,00,00,00,00,00,00,00,SAT_TAL:00
BEI_SNR:00,00,00,00,00,00,00,00,00,00,00,00,00,00,00,SNR_AVG:0.00
QZS_PRN:00,00,00,00,00,SAT_TAL:00
QZS_SNR:00,00,00,00,00,SNR_AVG:0.00
SatInView:4 GDOP:17319
Roll:14.037867 Pitch:-28.625628
X_AVG:6.716733 Y_AVG:3.021591 Z_AVG:11.217444
X_SD:0.086302 Y_SD:0.061554 Z_SD:0.185998
$MXCM10033,2,42,20240104,024432,00,0E70FE8B,47EFA0B6,00C0,0000,0000,00,A202*10
GPS_PRN:32,03,23,00,00,00,00,00,00,00,00,00,00,00,00,SAT_TAL:00
GPS_SNR:00,00,00,00,00,00,00,00,00,00,00,00,00,00,00,SNR_AVG:0.00
GLO_PRN:00,00,00,00,00,00,00,00,00,00,00,00,00,00,00,SAT_TAL:00
GLO_SNR:00,00,00,00,00,00,00,00,00,00,00,00,00,00,00,SNR_AVG:0.00
GAL_PRN:25,00,00,00,00,00,00,00,00,00,00,00,00,00,00,SAT_TAL:00
GAL_SNR:00,00,00,00,00,00,00,00,00,00,00,00,00,00,00,SNR_AVG:0.00
BEI_PRN:00,00,00,00,00,00,00,00,00,00,00,00,00,00,00,SAT_TAL:00
BEI_SNR:00,00,00,00,00,00,00,00,00,00,00,00,00,00,00,SNR_AVG:0.00
QZS_PRN:00,00,00,00,00,SAT_TAL:00
QZS_SNR:00,00,00,00,00,SNR_AVG:0.00
SatInView:4 GDOP:17319
Roll:13.672976 Pitch:-28.300404
X_AVG:6.693940 Y_AVG:2.991424 Z_AVG:11.320636
X_SD:0.073011 Y_SD:0.062323 Z_SD:0.164329
$MXCM10033,2,43,20240104,024648,12,0E71033C,47EF9F11,00C0,0000,0000,08,A202*64
GPS_PRN:19528,26,31,10,25,29,16,03,23,19419632,00,00,SAT_TAL:09
GPS_SNR:33,00,00,16,29,19,29,00,00,27,25,17,30,00,00,SNR_AVG:25.00
GLO_PRN:00,00,00,00,00,00,00,00,00,00,00,00,00,00,00,SAT_TAL:00
GLO_SNR:00,00,00,00,00,00,00,00,00,00,00,00,00,00,00,SNR_AVG:0.00
GAL_PRN:25,09,24,05,00,00,00,00,00,00,00,00,00,00,00,SAT_TAL:00
GAL_SNR:00,00,00,00,00,00,00,00,00,00,00,00,00,00,00,SNR_AVG:0.00
BEI_PRN:00,00,00,00,00,00,00,00,00,00,00,00,00,00,00,SAT_TAL:00
BEI_SNR:00,00,00,00,00,00,00,00,00,00,00,00,00,00,00,SNR_AVG:0.00
QZS_PRN:00,00,00,00,00,SAT_TAL:00
QZS_SNR:00,00,00,00,00,SNR_AVG:0.00
SatInView:17 GDOP:156
Roll:24.678585 Pitch:0.488367
X_AVG:-0.923845 Y_AVG:7.394449 Z_AVG:15.336799
X_SD:0.110114 Y_SD:0.099851 Z_SD:0.160592
$MXCM10033,2,44,20240104,024703,12,0E710197,47EF9F9A,00C0,0000,0000,0D,A202*15
GPS_PRN:19528,26,31,10,25,29,23,19419632,00,00,00,00,SAT_TAL:11
GPS_SNR:32,19,18,18,22,17,28,33,27,15,30,00,00,00,00,SNR_AVG:23.55
GLO_PRN:00,00,00,00,00,00,00,00,00,00,00,00,00,00,00,SAT_TAL:00
GLO_SNR:00,00,00,00,00,00,00,00,00,00,00,00,00,00,00,SNR_AVG:0.00
GAL_PRN:25,09,24,05,00,00,00,00,00,00,00,00,00,00,00,SAT_TAL:03
GAL_SNR:00,20,18,13,00,00,00,00,00,00,00,00,00,00,00,SNR_AVG:17.00
BEI_PRN:00,00,00,00,00,00,00,00,00,00,00,00,00,00,00,SAT_TAL:00
BEI_SNR:00,00,00,00,00,00,00,00,00,00,00,00,00,00,00,SNR_AVG:0.00
QZS_PRN:00,00,00,00,00,SAT_TAL:00
QZS_SNR:00,00,00,00,00,SNR_AVG:0.00
SatInView:15 GDOP:127
Roll:24.656515 Pitch:-0.001935
X_AVG:0.476551 Y_AVG:7.174322 Z_AVG:15.847444
X_SD:0.104360 Y_SD:0.129359 Z_SD:0.356705
$MXCM10033,2,45,20240104,024920,12,0E70FB14,47EFA138,00C3,0000,3636,0D,A202*6B
GPS_PRN:19528,26,31,10,25,29,16,23,19419632,00,00,00,SAT_TAL:10
GPS_SNR:43,00,26,25,34,20,46,25,00,31,30,30,00,00,00,SNR_AVG:31.00
GLO_PRN:00,00,00,00,00,00,00,00,00,00,00,00,00,00,00,SAT_TAL:00
GLO_SNR:00,00,00,00,00,00,00,00,00,00,00,00,00,00,00,SNR_AVG:0.00
GAL_PRN:25,09,24,05,00,00,00,00,00,00,00,00,00,00,00,SAT_TAL:03
GAL_SNR:00,25,26,18,00,00,00,00,00,00,00,00,00,00,00,SNR_AVG:23.00
BEI_PRN:00,00,00,00,00,00,00,00,00,00,00,00,00,00,00,SAT_TAL:00
BEI_SNR:00,00,00,00,00,00,00,00,00,00,00,00,00,00,00,SNR_AVG:0.00
QZS_PRN:00,00,00,00,00,SAT_TAL:00
QZS_SNR:00,00,00,00,00,SNR_AVG:0.00
SatInView:16 GDOP:123
Roll:44.603966 Pitch:35.020180
X_AVG:-19.604118 Y_AVG:19.613695 Z_AVG:19.604118
X_SD:0.000000 Y_SD:0.000000 Z_SD:0.000000
$MXCM10033,2,46,20240104,024935,12,0E70FB0E,47EFA189,00C1,0000,362C,0E,A202*61
GPS_PRN:19528,26,31,10,25,29,16,23,19419632,00,00,00,SAT_TAL:11
GPS_SNR:43,19,18,25,33,23,46,25,00,31,28,30,00,00,00,SNR_AVG:29.18
GLO_PRN:00,00,00,00,00,00,00,00,00,00,00,00,00,00,00,SAT_TAL:00
GLO_SNR:00,00,00,00,00,00,00,00,00,00,00,00,00,00,00,SNR_AVG:0.00
GAL_PRN:25,04,09,24,05,00,00,00,00,00,00,00,00,00,00,SAT_TAL:05
GAL_SNR:16,38,25,27,17,00,00,00,00,00,00,00,00,00,00,SNR_AVG:24.60
BEI_PRN:00,00,00,00,00,00,00,00,00,00,00,00,00,00,00,SAT_TAL:00
BEI_SNR:00,00,00,00,00,00,00,00,00,00,00,00,00,00,00,SNR_AVG:0.00
QZS_PRN:00,00,00,00,00,SAT_TAL:00
QZS_SNR:00,00,00,00,00,SNR_AVG:0.00
SatInView:17 GDOP:118
Roll:44.988262 Pitch:35.205242
X_AVG:-19.604118 Y_AVG:19.613695 Z_AVG:19.604118
X_SD:0.000000 Y_SD:0.000000 Z_SD:0.000000
$MXCM10033,2,47,20240104,025151,12,0E70FB5F,47EFA365,00C1,0000,0000,0B,A202*1E
GPS_PRN:19528,26,31,10,29,25,16,03,23,19419632,00,00,SAT_TAL:11
GPS_SNR:44,24,32,28,20,42,26,26,00,00,34,25,29,00,00,SNR_AVG:30.00
GLO_PRN:00,00,00,00,00,00,00,00,00,00,00,00,00,00,00,SAT_TAL:00
GLO_SNR:00,00,00,00,00,00,00,00,00,00,00,00,00,00,00,SNR_AVG:0.00
GAL_PRN:25,09,24,05,00,00,00,00,00,00,00,00,00,00,00,SAT_TAL:00
GAL_SNR:00,00,00,00,00,00,00,00,00,00,00,00,00,00,00,SNR_AVG:0.00
BEI_PRN:00,00,00,00,00,00,00,00,00,00,00,00,00,00,00,SAT_TAL:00
BEI_SNR:00,00,00,00,00,00,00,00,00,00,00,00,00,00,00,SNR_AVG:0.00
QZS_PRN:00,00,00,00,00,SAT_TAL:00
QZS_SNR:00,00,00,00,00,SNR_AVG:0.00
SatInView:17 GDOP:136
Roll:44.603966 Pitch:35.020180
X_AVG:-19.604118 Y_AVG:19.613695 Z_AVG:19.604118
X_SD:0.000000 Y_SD:0.000000 Z_SD:0.000000
$MXCM10033,2,48,20240104,025206,12,0E70FB2F,47EFA425,00C1,0000,0000,0E,A202*13
GPS_PRN:19928,26,31,10,29,25,16,23,19419619532,00,00,SAT_TAL:13
GPS_SNR:19,24,33,23,21,42,29,23,19,36,29,44,28,00,00,SNR_AVG:28.46
GLO_PRN:00,00,00,00,00,00,00,00,00,00,00,00,00,00,00,SAT_TAL:00
GLO_SNR:00,00,00,00,00,00,00,00,00,00,00,00,00,00,00,SNR_AVG:0.00
GAL_PRN:09,24,05,25,00,00,00,00,00,00,00,00,00,00,00,SAT_TAL:03
GAL_SNR:27,21,00,10,00,00,00,00,00,00,00,00,00,00,00,SNR_AVG:19.33
BEI_PRN:00,00,00,00,00,00,00,00,00,00,00,00,00,00,00,SAT_TAL:00
BEI_SNR:00,00,00,00,00,00,00,00,00,00,00,00,00,00,00,SNR_AVG:0.00
QZS_PRN:00,00,00,00,00,SAT_TAL:00
QZS_SNR:00,00,00,00,00,SNR_AVG:0.00
SatInView:17 GDOP:126
Roll:44.988262 Pitch:35.205242
X_AVG:-19.604118 Y_AVG:19.613695 Z_AVG:19.604118
X_SD:0.000000 Y_SD:0.000000 Z_SD:0.000000
$MXCM10033,2,49,20240104,025422,12,0E70FA0B,47EFA4CB,00C1,0000,2E66,0B,A202*61
GPS_PRN:19528,26,31,10,29,25,16,03,23,19419632,00,00,SAT_TAL:11
GPS_SNR:45,20,27,10,16,45,26,24,00,00,37,27,34,00,00,SNR_AVG:28.27
GLO_PRN:00,00,00,00,00,00,00,00,00,00,00,00,00,00,00,SAT_TAL:00
GLO_SNR:00,00,00,00,00,00,00,00,00,00,00,00,00,00,00,SNR_AVG:0.00
GAL_PRN:25,09,24,05,00,00,00,00,00,00,00,00,00,00,00,SAT_TAL:01
GAL_SNR:23,00,00,00,00,00,00,00,00,00,00,00,00,00,00,SNR_AVG:23.00
BEI_PRN:00,00,00,00,00,00,00,00,00,00,00,00,00,00,00,SAT_TAL:00
BEI_SNR:00,00,00,00,00,00,00,00,00,00,00,00,00,00,00,SNR_AVG:0.00
QZS_PRN:00,00,00,00,00,SAT_TAL:00
QZS_SNR:00,00,00,00,00,SNR_AVG:0.00
SatInView:17 GDOP:134
Roll:44.603966 Pitch:35.020180
X_AVG:-19.604118 Y_AVG:19.613695 Z_AVG:19.604118
X_SD:0.000000 Y_SD:0.000000 Z_SD:0.000000
$MXCM10033,2,50,20240104,025437,12,0E70F933,47EFA764,00C1,0000,2E66,0F,A202*63
GPS_PRN:19528,26,31,10,29,25,16,23,19419632,00,00,00,SAT_TAL:11
GPS_SNR:46,26,11,17,20,45,27,26,00,36,28,36,00,00,00,SNR_AVG:28.91
GLO_PRN:00,00,00,00,00,00,00,00,00,00,00,00,00,00,00,SAT_TAL:00
GLO_SNR:00,00,00,00,00,00,00,00,00,00,00,00,00,00,00,SNR_AVG:0.00
GAL_PRN:25,09,24,05,00,00,00,00,00,00,00,00,00,00,00,SAT_TAL:04
GAL_SNR:24,28,24,18,00,00,00,00,00,00,00,00,00,00,00,SNR_AVG:23.50
BEI_PRN:00,00,00,00,00,00,00,00,00,00,00,00,00,00,00,SAT_TAL:00
BEI_SNR:00,00,00,00,00,00,00,00,00,00,00,00,00,00,00,SNR_AVG:0.00
QZS_PRN:00,00,00,00,00,SAT_TAL:00
QZS_SNR:00,00,00,00,00,SNR_AVG:0.00
SatInView:16 GDOP:116
Roll:44.988262 Pitch:35.205242
X_AVG:-19.604118 Y_AVG:19.613695 Z_AVG:19.604118
X_SD:0.000000 Y_SD:0.000000 Z_SD:0.000000
$MXCM10033,2,51,20240104,025653,12,0E70FC19,47EFA8D1,00C1,0000,61A4,0A,A202*6A
GPS_PRN:19528,26,31,29,10,25,16,03,19419632,00,00,00,SAT_TAL:09
GPS_SNR:46,22,26,29,39,30,35,00,00,29,00,44,00,00,00,SNR_AVG:33.33
GLO_PRN:00,00,00,00,00,00,00,00,00,00,00,00,00,00,00,SAT_TAL:00
GLO_SNR:00,00,00,00,00,00,00,00,00,00,00,00,00,00,00,SNR_AVG:0.00
GAL_PRN:25,04,09,24,05,00,00,00,00,00,00,00,00,00,00,SAT_TAL:02
GAL_SNR:00,35,00,00,21,00,00,00,00,00,00,00,00,00,00,SNR_AVG:28.00
BEI_PRN:00,00,00,00,00,00,00,00,00,00,00,00,00,00,00,SAT_TAL:00
BEI_SNR:00,00,00,00,00,00,00,00,00,00,00,00,00,00,00,SNR_AVG:0.00
QZS_PRN:00,00,00,00,00,SAT_TAL:00
QZS_SNR:00,00,00,00,00,SNR_AVG:0.00
SatInView:17 GDOP:133
Roll:44.603966 Pitch:35.020180
X_AVG:-19.604118 Y_AVG:19.613695 Z_AVG:19.604118
X_SD:0.000000 Y_SD:0.000000 Z_SD:0.000000
$MXCM10033,2,52,20240104,025708,12,0E70FC3F,47EFA75A,00C1,0000,61A4,0F,A202*12
GPS_PRN:32,28,26,31,29,10,25,03,19419619500,00,00,00,SAT_TAL:11
GPS_SNR:44,27,22,31,41,32,34,24,29,17,46,00,00,00,00,SNR_AVG:31.55
GLO_PRN:00,00,00,00,00,00,00,00,00,00,00,00,00,00,00,SAT_TAL:00
GLO_SNR:00,00,00,00,00,00,00,00,00,00,00,00,00,00,00,SNR_AVG:0.00
GAL_PRN:25,04,09,24,05,00,00,00,00,00,00,00,00,00,00,SAT_TAL:05
GAL_SNR:17,35,26,19,21,00,00,00,00,00,00,00,00,00,00,SNR_AVG:23.60
BEI_PRN:00,00,00,00,00,00,00,00,00,00,00,00,00,00,00,SAT_TAL:00
BEI_SNR:00,00,00,00,00,00,00,00,00,00,00,00,00,00,00,SNR_AVG:0.00
QZS_PRN:00,00,00,00,00,SAT_TAL:00
QZS_SNR:00,00,00,00,00,SNR_AVG:0.00
SatInView:16 GDOP:113
Roll:44.988262 Pitch:35.205242
X_AVG:-19.604118 Y_AVG:19.613695 Z_AVG:19.604118
X_SD:0.000000 Y_SD:0.000000 Z_SD:0.000000
$MXCM10033,2,53,20240104,025924,12,0E70FBD4,47EFA65C,00C1,0000,0000,0B,A202*62
GPS_PRN:19526,28,31,29,10,25,16,03,19419632,00,00,00,SAT_TAL:11
GPS_SNR:46,22,29,31,40,31,28,26,18,25,00,37,00,00,00,SNR_AVG:30.27
GLO_PRN:00,00,00,00,00,00,00,00,00,00,00,00,00,00,00,SAT_TAL:00
GLO_SNR:00,00,00,00,00,00,00,00,00,00,00,00,00,00,00,SNR_AVG:0.00
GAL_PRN:25,09,24,05,00,00,00,00,00,00,00,00,00,00,00,SAT_TAL:01
GAL_SNR:17,00,00,00,00,00,00,00,00,00,00,00,00,00,00,SNR_AVG:17.00
BEI_PRN:00,00,00,00,00,00,00,00,00,00,00,00,00,00,00,SAT_TAL:00
BEI_SNR:00,00,00,00,00,00,00,00,00,00,00,00,00,00,00,SNR_AVG:0.00
QZS_PRN:00,00,00,00,00,SAT_TAL:00
QZS_SNR:00,00,00,00,00,SNR_AVG:0.00
SatInView:16 GDOP:123
Roll:44.603966 Pitch:35.020180
X_AVG:-19.604118 Y_AVG:19.613695 Z_AVG:19.604118
X_SD:0.000000 Y_SD:0.000000 Z_SD:0.000000
$MXCM10033,2,54,20240104,025939,12,0E70FBC4,47EFA6A1,00C1,0000,0000,10,A202*1B
GPS_PRN:19526,28,31,29,10,25,16,03,19419632,00,00,00,SAT_TAL:12
GPS_SNR:46,30,27,29,40,29,23,27,18,20,25,38,00,00,00,SNR_AVG:29.33
GLO_PRN:00,00,00,00,00,00,00,00,00,00,00,00,00,00,00,SAT_TAL:00
GLO_SNR:00,00,00,00,00,00,00,00,00,00,00,00,00,00,00,SNR_AVG:0.00
GAL_PRN:25,09,24,05,00,00,00,00,00,00,00,00,00,00,00,SAT_TAL:04
GAL_SNR:16,20,15,20,00,00,00,00,00,00,00,00,00,00,00,SNR_AVG:17.75
BEI_PRN:00,00,00,00,00,00,00,00,00,00,00,00,00,00,00,SAT_TAL:00
BEI_SNR:00,00,00,00,00,00,00,00,00,00,00,00,00,00,00,SNR_AVG:0.00
QZS_PRN:00,00,00,00,00,SAT_TAL:00
QZS_SNR:00,00,00,00,00,SNR_AVG:0.00
SatInView:16 GDOP:111
Roll:44.988262 Pitch:35.205242
X_AVG:-19.604118 Y_AVG:19.613695 Z_AVG:19.604118
X_SD:0.000000 Y_SD:0.000000 Z_SD:0.000000
$MXCM10033,2,55,20240104,030155,12,0E70FEB0,47EFA211,00C1,0000,645F,0A,A202*6B
GPS_PRN:32,26,28,31,29,10,25,03,19419619500,00,00,00,SAT_TAL:09
GPS_SNR:35,19,31,32,40,21,36,00,00,31,47,00,00,00,00,SNR_AVG:32.44
GLO_PRN:00,00,00,00,00,00,00,00,00,00,00,00,00,00,00,SAT_TAL:00
GLO_SNR:00,00,00,00,00,00,00,00,00,00,00,00,00,00,00,SNR_AVG:0.00
GAL_PRN:25,04,09,24,05,00,00,00,00,00,00,00,00,00,00,SAT_TAL:03
GAL_SNR:13,38,00,00,22,00,00,00,00,00,00,00,00,00,00,SNR_AVG:24.33
BEI_PRN:00,00,00,00,00,00,00,00,00,00,00,00,00,00,00,SAT_TAL:00
BEI_SNR:00,00,00,00,00,00,00,00,00,00,00,00,00,00,00,SNR_AVG:0.00
QZS_PRN:00,00,00,00,00,SAT_TAL:00
QZS_SNR:00,00,00,00,00,SNR_AVG:0.00
SatInView:16 GDOP:134
Roll:44.603966 Pitch:35.020180
X_AVG:-19.604118 Y_AVG:19.613695 Z_AVG:19.604118
X_SD:0.000000 Y_SD:0.000000 Z_SD:0.000000
$MXCM10033,2,56,20240104,030211,12,0E70FF83,47EFA282,00C1,0000,645F,0D,A202*1E
GPS_PRN:32,26,28,31,29,10,25,19419619500,00,00,00,00,SAT_TAL:10
GPS_SNR:37,24,31,30,40,17,36,14,29,47,00,00,00,00,00,SNR_AVG:30.50
GLO_PRN:00,00,00,00,00,00,00,00,00,00,00,00,00,00,00,SAT_TAL:00
GLO_SNR:00,00,00,00,00,00,00,00,00,00,00,00,00,00,00,SNR_AVG:0.00
GAL_PRN:25,09,24,05,00,00,00,00,00,00,00,00,00,00,00,SAT_TAL:04
GAL_SNR:22,14,24,19,00,00,00,00,00,00,00,00,00,00,00,SNR_AVG:19.75
BEI_PRN:00,00,00,00,00,00,00,00,00,00,00,00,00,00,00,SAT_TAL:00
BEI_SNR:00,00,00,00,00,00,00,00,00,00,00,00,00,00,00,SNR_AVG:0.00
QZS_PRN:00,00,00,00,00,SAT_TAL:00
QZS_SNR:00,00,00,00,00,SNR_AVG:0.00
SatInView:14 GDOP:120
Roll:44.988262 Pitch:35.205242
X_AVG:-19.604118 Y_AVG:19.613695 Z_AVG:19.604118
X_SD:0.000000 Y_SD:0.000000 Z_SD:0.000000
$MXCM10033,2,57,20240104,030428,12,0E70FF53,47EFA05B,00C1,0000,6D1C,0B,A202*16
GPS_PRN:19526,28,31,29,16,10,25,32,19419600,00,00,00,SAT_TAL:11
GPS_SNR:46,30,25,26,29,24,29,33,33,20,21,00,00,00,00,SNR_AVG:28.73
GLO_PRN:00,00,00,00,00,00,00,00,00,00,00,00,00,00,00,SAT_TAL:00
GLO_SNR:00,00,00,00,00,00,00,00,00,00,00,00,00,00,00,SNR_AVG:0.00
GAL_PRN:24,00,00,00,00,00,00,00,00,00,00,00,00,00,00,SAT_TAL:01
GAL_SNR:24,00,00,00,00,00,00,00,00,00,00,00,00,00,00,SNR_AVG:24.00
BEI_PRN:00,00,00,00,00,00,00,00,00,00,00,00,00,00,00,SAT_TAL:00
BEI_SNR:00,00,00,00,00,00,00,00,00,00,00,00,00,00,00,SNR_AVG:0.00
QZS_PRN:00,00,00,00,00,SAT_TAL:00
QZS_SNR:00,00,00,00,00,SNR_AVG:0.00
SatInView:12 GDOP:137
Roll:44.603966 Pitch:35.020180
X_AVG:-19.604118 Y_AVG:19.613695 Z_AVG:19.604118
X_SD:0.000000 Y_SD:0.000000 Z_SD:0.000000
$MXCM10033,2,58,20240104,030443,12,0E710004,47EFA15A,00C1,0000,6D1C,0E,A202*12
GPS_PRN:32,26,28,31,29,16,10,25,19419619500,00,00,00,SAT_TAL:11
GPS_SNR:33,29,22,30,34,27,30,30,19,16,47,00,00,00,00,SNR_AVG:28.82
GLO_PRN:00,00,00,00,00,00,00,00,00,00,00,00,00,00,00,SAT_TAL:00
GLO_SNR:00,00,00,00,00,00,00,00,00,00,00,00,00,00,00,SNR_AVG:0.00
GAL_PRN:25,04,09,24,05,00,00,00,00,00,00,00,00,00,00,SAT_TAL:05
GAL_SNR:19,39,21,19,16,00,00,00,00,00,00,00,00,00,00,SNR_AVG:22.80
BEI_PRN:00,00,00,00,00,00,00,00,00,00,00,00,00,00,00,SAT_TAL:00
BEI_SNR:00,00,00,00,00,00,00,00,00,00,00,00,00,00,00,SNR_AVG:0.00
QZS_PRN:00,00,00,00,00,SAT_TAL:00
QZS_SNR:00,00,00,00,00,SNR_AVG:0.00
SatInView:16 GDOP:119
Roll:44.988262 Pitch:35.205242
X_AVG:-19.604118 Y_AVG:19.613695 Z_AVG:19.604118
X_SD:0.000000 Y_SD:0.000000 Z_SD:0.000000
$MXCM10033,2,59,20240104,030659,12,0E70FFA3,47EF9E76,00C1,0000,0F7F,0E,A202*13
GPS_PRN:19526,28,31,29,16,10,25,03,19419632,00,00,00,SAT_TAL:12
GPS_SNR:45,26,15,24,28,22,38,33,20,24,28,32,00,00,00,SNR_AVG:27.92
GLO_PRN:00,00,00,00,00,00,00,00,00,00,00,00,00,00,00,SAT_TAL:00
GLO_SNR:00,00,00,00,00,00,00,00,00,00,00,00,00,00,00,SNR_AVG:0.00
GAL_PRN:05,25,09,24,04,00,00,00,00,00,00,00,00,00,00,SAT_TAL:04
GAL_SNR:21,00,25,25,40,00,00,00,00,00,00,00,00,00,00,SNR_AVG:27.75
BEI_PRN:00,00,00,00,00,00,00,00,00,00,00,00,00,00,00,SAT_TAL:00
BEI_SNR:00,00,00,00,00,00,00,00,00,00,00,00,00,00,00,SNR_AVG:0.00
QZS_PRN:00,00,00,00,00,SAT_TAL:00
QZS_SNR:00,00,00,00,00,SNR_AVG:0.00
SatInView:17 GDOP:122
Roll:44.603966 Pitch:35.020180
X_AVG:-19.604118 Y_AVG:19.613695 Z_AVG:19.604118
X_SD:0.000000 Y_SD:0.000000 Z_SD:0.000000
$MXCM10033,2,60,20240104,030714,12,0E70FEF2,47EF9EAA,00C0,0000,0F7F,0F,A202*17
GPS_PRN:19526,28,31,29,16,10,25,03,19419632,00,00,00,SAT_TAL:12
GPS_SNR:45,31,20,28,37,16,38,33,24,26,31,38,00,00,00,SNR_AVG:30.58
GLO_PRN:00,00,00,00,00,00,00,00,00,00,00,00,00,00,00,SAT_TAL:00
GLO_SNR:00,00,00,00,00,00,00,00,00,00,00,00,00,00,00,SNR_AVG:0.00
GAL_PRN:05,25,09,24,04,00,00,00,00,00,00,00,00,00,00,SAT_TAL:05
GAL_SNR:20,25,25,20,39,00,00,00,00,00,00,00,00,00,00,SNR_AVG:25.80
BEI_PRN:00,00,00,00,00,00,00,00,00,00,00,00,00,00,00,SAT_TAL:00
BEI_SNR:00,00,00,00,00,00,00,00,00,00,00,00,00,00,00,SNR_AVG:0.00
QZS_PRN:00,00,00,00,00,SAT_TAL:00
QZS_SNR:00,00,00,00,00,SNR_AVG:0.00
SatInView:17 GDOP:117
Roll:44.988262 Pitch:35.205242
X_AVG:-19.604118 Y_AVG:19.613695 Z_AVG:19.604118
X_SD:0.000000 Y_SD:0.000000 Z_SD:0.000000
$MXCM10033,2,61,20240104,030930,12,0E70FDCC,47EF9D40,00C0,0000,697B,0F,A202*13
GPS_PRN:19526,28,31,29,16,10,25,03,19419632,00,00,00,SAT_TAL:11
GPS_SNR:42,24,18,00,35,19,36,30,23,30,29,40,00,00,00,SNR_AVG:29.64
GLO_PRN:00,00,00,00,00,00,00,00,00,00,00,00,00,00,00,SAT_TAL:00
GLO_SNR:00,00,00,00,00,00,00,00,00,00,00,00,00,00,00,SNR_AVG:0.00
GAL_PRN:05,25,09,24,04,00,00,00,00,00,00,00,00,00,00,SAT_TAL:05
GAL_SNR:20,18,27,20,37,00,00,00,00,00,00,00,00,00,00,SNR_AVG:24.40
BEI_PRN:00,00,00,00,00,00,00,00,00,00,00,00,00,00,00,SAT_TAL:00
BEI_SNR:00,00,00,00,00,00,00,00,00,00,00,00,00,00,00,SNR_AVG:0.00
QZS_PRN:00,00,00,00,00,SAT_TAL:00
QZS_SNR:00,00,00,00,00,SNR_AVG:0.00
SatInView:17 GDOP:112
Roll:44.603966 Pitch:35.020180
X_AVG:-19.604118 Y_AVG:19.613695 Z_AVG:19.604118
X_SD:0.000000 Y_SD:0.000000 Z_SD:0.000000
$MXCM10033,2,62,20240104,030945,12,0E70FE50,47EF9E03,00C0,0000,697B,0F,A202*10
GPS_PRN:19526,28,31,29,16,10,25,03,19419632,00,00,00,SAT_TAL:12
GPS_SNR:42,28,23,26,32,22,34,34,24,28,28,38,00,00,00,SNR_AVG:29.92
GLO_PRN:00,00,00,00,00,00,00,00,00,00,00,00,00,00,00,SAT_TAL:00
GLO_SNR:00,00,00,00,00,00,00,00,00,00,00,00,00,00,00,SNR_AVG:0.00
GAL_PRN:05,25,09,24,04,00,00,00,00,00,00,00,00,00,00,SAT_TAL:05
GAL_SNR:19,18,27,22,38,00,00,00,00,00,00,00,00,00,00,SNR_AVG:24.80
BEI_PRN:00,00,00,00,00,00,00,00,00,00,00,00,00,00,00,SAT_TAL:00
BEI_SNR:00,00,00,00,00,00,00,00,00,00,00,00,00,00,00,SNR_AVG:0.00
QZS_PRN:00,00,00,00,00,SAT_TAL:00
QZS_SNR:00,00,00,00,00,SNR_AVG:0.00
SatInView:17 GDOP:112
Roll:44.988262 Pitch:35.205242
X_AVG:-19.604118 Y_AVG:19.613695 Z_AVG:19.604118
X_SD:0.000000 Y_SD:0.000000 Z_SD:0.000000
$MXCM10033,2,63,20240104,031200,12,0E70FF0A,47EF9CD4,00C0,0000,0000,09,A202*1D
GPS_PRN:32,26,28,31,29,10,25,19419619500,00,00,00,00,SAT_TAL:07
GPS_SNR:32,00,00,27,43,36,39,00,28,38,00,00,00,00,00,SNR_AVG:34.71
GLO_PRN:00,00,00,00,00,00,00,00,00,00,00,00,00,00,00,SAT_TAL:00
GLO_SNR:00,00,00,00,00,00,00,00,00,00,00,00,00,00,00,SNR_AVG:0.00
GAL_PRN:05,25,09,24,04,00,00,00,00,00,00,00,00,00,00,SAT_TAL:03
GAL_SNR:00,00,28,27,33,00,00,00,00,00,00,00,00,00,00,SNR_AVG:29.33
BEI_PRN:00,00,00,00,00,00,00,00,00,00,00,00,00,00,00,SAT_TAL:00
BEI_SNR:00,00,00,00,00,00,00,00,00,00,00,00,00,00,00,SNR_AVG:0.00
QZS_PRN:00,00,00,00,00,SAT_TAL:00
QZS_SNR:00,00,00,00,00,SNR_AVG:0.00
SatInView:15 GDOP:152
Roll:44.603966 Pitch:35.020180
X_AVG:-19.604118 Y_AVG:19.613695 Z_AVG:19.604118
X_SD:0.000000 Y_SD:0.000000 Z_SD:0.000000
$MXCM10033,2,64,20240104,031215,12,0E70FF32,47EF9D7E,00C0,0000,0000,0C,A202*11
GPS_PRN:32,26,28,31,29,10,25,19419619500,00,00,00,00,SAT_TAL:09
GPS_SNR:36,18,28,28,43,37,39,00,29,38,00,00,00,00,00,SNR_AVG:32.89
GLO_PRN:00,00,00,00,00,00,00,00,00,00,00,00,00,00,00,SAT_TAL:00
GLO_SNR:00,00,00,00,00,00,00,00,00,00,00,00,00,00,00,SNR_AVG:0.00
GAL_PRN:05,25,09,24,04,00,00,00,00,00,00,00,00,00,00,SAT_TAL:05
GAL_SNR:18,19,23,27,31,00,00,00,00,00,00,00,00,00,00,SNR_AVG:23.60
BEI_PRN:00,00,00,00,00,00,00,00,00,00,00,00,00,00,00,SAT_TAL:00
BEI_SNR:00,00,00,00,00,00,00,00,00,00,00,00,00,00,00,SNR_AVG:0.00
QZS_PRN:00,00,00,00,00,SAT_TAL:00
QZS_SNR:00,00,00,00,00,SNR_AVG:0.00
SatInView:15 GDOP:123
Roll:44.988262 Pitch:35.205242
X_AVG:-19.604118 Y_AVG:19.613695 Z_AVG:19.604118
X_SD:0.000000 Y_SD:0.000000 Z_SD:0.000000
$MXCM10033,2,65,20240104,031431,12,0E70FE9D,47EFA247,00C0,0000,67F6,0D,A202*66
GPS_PRN:19526,28,31,29,16,10,25,03,19419632,00,00,00,SAT_TAL:12
GPS_SNR:39,30,32,27,32,21,36,40,18,26,29,40,00,00,00,SNR_AVG:30.83
GLO_PRN:00,00,00,00,00,00,00,00,00,00,00,00,00,00,00,SAT_TAL:00
GLO_SNR:00,00,00,00,00,00,00,00,00,00,00,00,00,00,00,SNR_AVG:0.00
GAL_PRN:25,09,24,05,00,00,00,00,00,00,00,00,00,00,00,SAT_TAL:01
GAL_SNR:00,00,00,19,00,00,00,00,00,00,00,00,00,00,00,SNR_AVG:19.00
BEI_PRN:00,00,00,00,00,00,00,00,00,00,00,00,00,00,00,SAT_TAL:00
BEI_SNR:00,00,00,00,00,00,00,00,00,00,00,00,00,00,00,SNR_AVG:0.00
QZS_PRN:00,00,00,00,00,SAT_TAL:00
QZS_SNR:00,00,00,00,00,SNR_AVG:0.00
SatInView:16 GDOP:119
Roll:44.603966 Pitch:35.020180
X_AVG:-19.604118 Y_AVG:19.613695 Z_AVG:19.604118
X_SD:0.000000 Y_SD:0.000000 Z_SD:0.000000
$MXCM10033,2,66,20240104,031446,12,0E70FF3D,47EFA2A7,00C0,0000,67F6,0F,A202*1B
GPS_PRN:19526,28,31,29,16,10,03,25,19419632,00,00,00,SAT_TAL:11
GPS_SNR:41,30,24,26,33,20,37,00,37,26,23,39,00,00,00,SNR_AVG:30.55
GLO_PRN:00,00,00,00,00,00,00,00,00,00,00,00,00,00,00,SAT_TAL:00
GLO_SNR:00,00,00,00,00,00,00,00,00,00,00,00,00,00,00,SNR_AVG:0.00
GAL_PRN:05,25,09,24,04,00,00,00,00,00,00,00,00,00,00,SAT_TAL:05
GAL_SNR:21,16,19,25,34,00,00,00,00,00,00,00,00,00,00,SNR_AVG:23.00
BEI_PRN:00,00,00,00,00,00,00,00,00,00,00,00,00,00,00,SAT_TAL:00
BEI_SNR:00,00,00,00,00,00,00,00,00,00,00,00,00,00,00,SNR_AVG:0.00
QZS_PRN:00,00,00,00,00,SAT_TAL:00
QZS_SNR:00,00,00,00,00,SNR_AVG:0.00
SatInView:17 GDOP:117
Roll:44.988262 Pitch:35.205242
X_AVG:-19.604118 Y_AVG:19.613695 Z_AVG:19.604118
X_SD:0.000000 Y_SD:0.000000 Z_SD:0.000000
$MXCM10033,2,67,20240104,031701,12,0E70FF82,47EFA153,00C0,0000,1309,0C,A202*6B
GPS_PRN:19526,28,31,16,29,10,03,25,19419632,00,00,00,SAT_TAL:10
GPS_SNR:41,27,26,28,28,28,38,00,26,20,00,33,00,00,00,SNR_AVG:29.50
GLO_PRN:00,00,00,00,00,00,00,00,00,00,00,00,00,00,00,SAT_TAL:00
GLO_SNR:00,00,00,00,00,00,00,00,00,00,00,00,00,00,00,SNR_AVG:0.00
GAL_PRN:05,25,09,24,04,00,00,00,00,00,00,00,00,00,00,SAT_TAL:03
GAL_SNR:00,21,00,18,33,00,00,00,00,00,00,00,00,00,00,SNR_AVG:24.00
BEI_PRN:00,00,00,00,00,00,00,00,00,00,00,00,00,00,00,SAT_TAL:00
BEI_SNR:00,00,00,00,00,00,00,00,00,00,00,00,00,00,00,SNR_AVG:0.00
QZS_PRN:00,00,00,00,00,SAT_TAL:00
QZS_SNR:00,00,00,00,00,SNR_AVG:0.00
SatInView:17 GDOP:129
Roll:44.603966 Pitch:35.020180
X_AVG:-19.604118 Y_AVG:19.613695 Z_AVG:19.604118
X_SD:0.000000 Y_SD:0.000000 Z_SD:0.000000
$MXCM10033,2,68,20240104,031717,12,0E70FC82,47EF9BA4,00C0,0000,1309,0E,A202*18
GPS_PRN:32,26,28,31,16,29,10,25,19419619500,00,00,00,SAT_TAL:11
GPS_SNR:38,32,25,25,27,24,37,26,18,25,41,00,00,00,00,SNR_AVG:28.91
GLO_PRN:00,00,00,00,00,00,00,00,00,00,00,00,00,00,00,SAT_TAL:00
GLO_SNR:00,00,00,00,00,00,00,00,00,00,00,00,00,00,00,SNR_AVG:0.00
GAL_PRN:05,25,09,24,04,00,00,00,00,00,00,00,00,00,00,SAT_TAL:04
GAL_SNR:00,16,23,17,33,00,00,00,00,00,00,00,00,00,00,SNR_AVG:22.25
BEI_PRN:00,00,00,00,00,00,00,00,00,00,00,00,00,00,00,SAT_TAL:00
BEI_SNR:00,00,00,00,00,00,00,00,00,00,00,00,00,00,00,SNR_AVG:0.00
QZS_PRN:00,00,00,00,00,SAT_TAL:00
QZS_SNR:00,00,00,00,00,SNR_AVG:0.00
SatInView:16 GDOP:126
Roll:44.988262 Pitch:35.205242
X_AVG:-19.604118 Y_AVG:19.613695 Z_AVG:19.604118
X_SD:0.000000 Y_SD:0.000000 Z_SD:0.000000
$MXCM10033,2,69,20240104,031933,12,0E70FF8F,47EF9EBD,00C0,0000,712E,0F,A202*6D
GPS_PRN:19526,28,31,16,29,03,10,25,19419632,00,00,00,SAT_TAL:11
GPS_SNR:39,25,27,30,25,36,00,37,29,32,32,38,00,00,00,SNR_AVG:31.82
GLO_PRN:00,00,00,00,00,00,00,00,00,00,00,00,00,00,00,SAT_TAL:00
GLO_SNR:00,00,00,00,00,00,00,00,00,00,00,00,00,00,00,SNR_AVG:0.00
GAL_PRN:05,25,09,24,04,00,00,00,00,00,00,00,00,00,00,SAT_TAL:04
GAL_SNR:26,00,23,17,34,00,00,00,00,00,00,00,00,00,00,SNR_AVG:25.00
BEI_PRN:00,00,00,00,00,00,00,00,00,00,00,00,00,00,00,SAT_TAL:00
BEI_SNR:00,00,00,00,00,00,00,00,00,00,00,00,00,00,00,SNR_AVG:0.00
QZS_PRN:00,00,00,00,00,SAT_TAL:00
QZS_SNR:00,00,00,00,00,SNR_AVG:0.00
SatInView:17 GDOP:120
Roll:44.603966 Pitch:35.020180
X_AVG:-19.604118 Y_AVG:19.613695 Z_AVG:19.604118
X_SD:0.000000 Y_SD:0.000000 Z_SD:0.000000
$MXCM10033,2,70,20240104,031948,12,0E70FFA0,47EF9D7B,00C0,0000,712E,0F,A202*14
GPS_PRN:32,26,28,31,16,29,10,25,19419619500,00,00,00,SAT_TAL:11
GPS_SNR:37,25,26,26,20,40,37,27,32,32,41,00,00,00,00,SNR_AVG:31.18
GLO_PRN:00,00,00,00,00,00,00,00,00,00,00,00,00,00,00,SAT_TAL:00
GLO_SNR:00,00,00,00,00,00,00,00,00,00,00,00,00,00,00,SNR_AVG:0.00
GAL_PRN:05,25,09,24,04,00,00,00,00,00,00,00,00,00,00,SAT_TAL:05
GAL_SNR:24,24,19,21,27,00,00,00,00,00,00,00,00,00,00,SNR_AVG:23.00
BEI_PRN:00,00,00,00,00,00,00,00,00,00,00,00,00,00,00,SAT_TAL:00
BEI_SNR:00,00,00,00,00,00,00,00,00,00,00,00,00,00,00,SNR_AVG:0.00
QZS_PRN:00,00,00,00,00,SAT_TAL:00
QZS_SNR:00,00,00,00,00,SNR_AVG:0.00
SatInView:16 GDOP:116
Roll:44.988262 Pitch:35.205242
X_AVG:-19.604118 Y_AVG:19.613695 Z_AVG:19.604118
X_SD:0.000000 Y_SD:0.000000 Z_SD:0.000000
$MXCM10033,2,71,20240104,032203,00,0E70FF91,47EF9D72,00C0,0000,0000,00,A201*1C
GPS_PRN:19526,28,31,16,29,03,10,25,19419632,00,00,00,SAT_TAL:03
GPS_SNR:00,00,00,16,00,00,00,00,00,00,18,15,00,00,00,SNR_AVG:16.33
GLO_PRN:00,00,00,00,00,00,00,00,00,00,00,00,00,00,00,SAT_TAL:00
GLO_SNR:00,00,00,00,00,00,00,00,00,00,00,00,00,00,00,SNR_AVG:0.00
GAL_PRN:05,25,09,24,04,00,00,00,00,00,00,00,00,00,00,SAT_TAL:00
GAL_SNR:00,00,00,00,00,00,00,00,00,00,00,00,00,00,00,SNR_AVG:0.00
BEI_PRN:00,00,00,00,00,00,00,00,00,00,00,00,00,00,00,SAT_TAL:00
BEI_SNR:00,00,00,00,00,00,00,00,00,00,00,00,00,00,00,SNR_AVG:0.00
QZS_PRN:00,00,00,00,00,SAT_TAL:00
QZS_SNR:00,00,00,00,00,SNR_AVG:0.00
SatInView:17 GDOP:15364
Roll:69.076584 Pitch:40.417244
X_AVG:-17.397051 Y_AVG:19.613695 Z_AVG:8.099891
X_SD:0.382468 Y_SD:0.000000 Z_SD:0.742199
$MXCM10033,2,72,20240104,032218,12,0E70FAE8,47EF7C7D,00C0,0000,16ED,0D,A201*69
GPS_PRN:19526,28,31,16,29,03,10,25,19419632,00,00,00,SAT_TAL:12
GPS_SNR:24,20,17,19,23,17,19,20,18,16,18,20,00,00,00,SNR_AVG:19.25
GLO_PRN:00,00,00,00,00,00,00,00,00,00,00,00,00,00,00,SAT_TAL:00
GLO_SNR:00,00,00,00,00,00,00,00,00,00,00,00,00,00,00,SNR_AVG:0.00
GAL_PRN:05,25,09,24,04,00,00,00,00,00,00,00,00,00,00,SAT_TAL:01
GAL_SNR:00,19,00,00,00,00,00,00,00,00,00,00,00,00,00,SNR_AVG:19.00
BEI_PRN:00,00,00,00,00,00,00,00,00,00,00,00,00,00,00,SAT_TAL:00
BEI_SNR:00,00,00,00,00,00,00,00,00,00,00,00,00,00,00,SNR_AVG:0.00
QZS_PRN:00,00,00,00,00,SAT_TAL:00
QZS_SNR:00,00,00,00,00,SNR_AVG:0.00
SatInView:17 GDOP:116
Roll:45.035835 Pitch:12.348452
X_AVG:-5.657996 Y_AVG:19.613695 Z_AVG:19.603687
X_SD:0.744223 Y_SD:0.000000 Z_SD:0.005443
$MXCM10033,2,73,20240104,032433,00,0E70FABE,47EF7D00,00C0,0000,0000,00,A202*1B
GPS_PRN:31,16,29,00,00,00,00,00,00,00,00,00,00,00,00,SAT_TAL:00
GPS_SNR:00,00,00,00,00,00,00,00,00,00,00,00,00,00,00,SNR_AVG:0.00
GLO_PRN:00,00,00,00,00,00,00,00,00,00,00,00,00,00,00,SAT_TAL:00
GLO_SNR:00,00,00,00,00,00,00,00,00,00,00,00,00,00,00,SNR_AVG:0.00
GAL_PRN:00,00,00,00,00,00,00,00,00,00,00,00,00,00,00,SAT_TAL:00
GAL_SNR:00,00,00,00,00,00,00,00,00,00,00,00,00,00,00,SNR_AVG:0.00
BEI_PRN:00,00,00,00,00,00,00,00,00,00,00,00,00,00,00,SAT_TAL:00
BEI_SNR:00,00,00,00,00,00,00,00,00,00,00,00,00,00,00,SNR_AVG:0.00
QZS_PRN:00,00,00,00,00,SAT_TAL:00
QZS_SNR:00,00,00,00,00,SNR_AVG:0.00
SatInView:3 GDOP:17319
Roll:180.000015 Pitch:19.735239
X_AVG:-1.803972 Y_AVG:-0.481388 Z_AVG:-19.613695
X_SD:0.077279 Y_SD:0.060003 Z_SD:0.000000
$MXCM10033,2,74,20240104,032448,00,0E70FABE,47EF7D00,00C0,0000,0000,00,A202*10
GPS_PRN:26,32,19400,00,00,00,00,00,00,00,00,00,00,00,SAT_TAL:00
GPS_SNR:00,00,00,00,00,00,00,00,00,00,00,00,00,00,00,SNR_AVG:0.00
GLO_PRN:00,00,00,00,00,00,00,00,00,00,00,00,00,00,00,SAT_TAL:00
GLO_SNR:00,00,00,00,00,00,00,00,00,00,00,00,00,00,00,SNR_AVG:0.00
GAL_PRN:00,00,00,00,00,00,00,00,00,00,00,00,00,00,00,SAT_TAL:00
GAL_SNR:00,00,00,00,00,00,00,00,00,00,00,00,00,00,00,SNR_AVG:0.00
BEI_PRN:00,00,00,00,00,00,00,00,00,00,00,00,00,00,00,SAT_TAL:00
BEI_SNR:00,00,00,00,00,00,00,00,00,00,00,00,00,00,00,SNR_AVG:0.00
QZS_PRN:00,00,00,00,00,SAT_TAL:00
QZS_SNR:00,00,00,00,00,SNR_AVG:0.00
SatInView:3 GDOP:17319
Roll:180.000015 Pitch:90.000000
X_AVG:-10.046416 Y_AVG:-0.183160 Z_AVG:-1.243190
X_SD:0.078277 Y_SD:0.062990 Z_SD:0.129326
$MXCM10033,2,75,20240104,032703,12,0E710E4B,47EF75E7,00C0,0000,17AC,05,A202*1E
GPS_PRN:26,32,28,31,16,29,10,25,19419619500,00,00,00,SAT_TAL:05
GPS_SNR:00,25,20,00,00,19,26,00,00,19,00,00,00,00,00,SNR_AVG:21.80
GLO_PRN:00,00,00,00,00,00,00,00,00,00,00,00,00,00,00,SAT_TAL:00
GLO_SNR:00,00,00,00,00,00,00,00,00,00,00,00,00,00,00,SNR_AVG:0.00
GAL_PRN:05,25,09,24,04,00,00,00,00,00,00,00,00,00,00,SAT_TAL:00
GAL_SNR:00,00,00,00,00,00,00,00,00,00,00,00,00,00,00,SNR_AVG:0.00
BEI_PRN:00,00,00,00,00,00,00,00,00,00,00,00,00,00,00,SAT_TAL:00
BEI_SNR:00,00,00,00,00,00,00,00,00,00,00,00,00,00,00,SNR_AVG:0.00
QZS_PRN:00,00,00,00,00,SAT_TAL:00
QZS_SNR:00,00,00,00,00,SNR_AVG:0.00
SatInView:16 GDOP:231
Roll:-44.108540 Pitch:90.000000
X_AVG:-9.702219 Y_AVG:-1.022536 Z_AVG:1.426590
X_SD:0.093359 Y_SD:0.077902 Z_SD:0.216741
$MXCM10033,2,76,20240104,032719,12,0E710C5A,47EF7618,00C0,0000,2433,0B,A202*1F
GPS_PRN:26,32,28,31,16,29,10,25,19419619500,00,00,00,SAT_TAL:09
GPS_SNR:00,24,24,16,15,22,26,16,00,17,19,00,00,00,00,SNR_AVG:19.89
GLO_PRN:00,00,00,00,00,00,00,00,00,00,00,00,00,00,00,SAT_TAL:00
GLO_SNR:00,00,00,00,00,00,00,00,00,00,00,00,00,00,00,SNR_AVG:0.00
GAL_PRN:05,25,09,24,04,00,00,00,00,00,00,00,00,00,00,SAT_TAL:02
GAL_SNR:00,00,15,00,10,00,00,00,00,00,00,00,00,00,00,SNR_AVG:12.50
BEI_PRN:00,00,00,00,00,00,00,00,00,00,00,00,00,00,00,SAT_TAL:00
BEI_SNR:00,00,00,00,00,00,00,00,00,00,00,00,00,00,00,SNR_AVG:0.00
QZS_PRN:00,00,00,00,00,SAT_TAL:00
QZS_SNR:00,00,00,00,00,SNR_AVG:0.00
SatInView:16 GDOP:137
Roll:-23.908918 Pitch:90.000000
X_AVG:-9.698149 Y_AVG:-1.005058 Z_AVG:1.415624
X_SD:0.073060 Y_SD:0.066339 Z_SD:0.150371
$MXCM10033,3*35
$MXCM001,10033,0*2B
======== Tracker Setting ========
[System]
COMPort:COM29
SerialNumber:MX231218CW000008
FirmwareVersion:231220163813_v1.0.CN
[Periodic]
Enable:1
Stage:2
WorkMode:0
T0:15
T1:270
T2:120
T3:30
T4:120
FirstFixStage:2
TraceFixStage:30
PeriodicCycle:31
[Dynamic]
Enable:0
PrecisionChk:0
T5:45
T6:175
[Geofencing]
Enable:0
T7:20
T8:60
DistanceThreshold:1000
DestinationLongitude:121.2237164
DestinationLatitude:24.9698319
DestinationAltitude:154
[MotionDetection]
Enable:1
Angle:45
DataRate:200
SampleFrequency:50
[GPS_EPO]
EpoDataNumber:12
FWN:2295
FTOW:259200
LWN:2295
LTOW:518400
[GLO_EPO]
EpoDataNumber:12
FWN:2295
FTOW:259200
LWN:2295
LTOW:518400
[GAL_EPO]
EpoDataNumber:0
FWN:0
FTOW:0
LWN:0
LTOW:0
[BEI_EPO]
EpoDataNumber:0
FWN:0
FTOW:0
LWN:0
LTOW:0
