$MXCM10033,0*36
$MXCM10033,1,92,212*0D
$MXCM10033,2,1,19800105,235956,00,35A4E8F5,00000000,0089,0000,0000,00,8101*57
GPS_PRN:28,16,18,09,00,00,00,00,00,00,00,00,00,00,00,SAT_TAL:04
GPS_SNR:35,27,36,28,00,00,00,00,00,00,00,00,00,00,00,SNR_AVG:31.50
GLO_PRN:00,00,00,00,00,00,00,00,00,00,00,00,00,00,00,SAT_TAL:00
GLO_SNR:00,00,00,00,00,00,00,00,00,00,00,00,00,00,00,SNR_AVG:0.00
GAL_PRN:00,00,00,00,00,00,00,00,00,00,00,00,00,00,00,SAT_TAL:00
GAL_SNR:00,00,00,00,00,00,00,00,00,00,00,00,00,00,00,SNR_AVG:0.00
BEI_PRN:00,00,00,00,00,00,00,00,00,00,00,00,00,00,00,SAT_TAL:00
BEI_SNR:00,00,00,00,00,00,00,00,00,00,00,00,00,00,00,SNR_AVG:0.00
QZS_PRN:00,00,00,00,00,SAT_TAL:00
QZS_SNR:00,00,00,00,00,SNR_AVG:0.00
SatInView:4 GDOP:19998
Roll:117.344612 Pitch:40.356792
X_AVG:-7.663036 Y_AVG:6.375217 Z_AVG:-4.760056
X_SD:10.439177 Y_SD:9.939552 Z_SD:6.407884
$MXCM10033,2,2,19800106,000010,00,35A4E8F5,00000000,0089,0000,0000,00,8102*5B
GPS_PRN:18,08,27,31,19419600,00,00,00,00,00,00,00,00,SAT_TAL:06
GPS_SNR:18,30,36,32,30,24,00,00,00,00,00,00,00,00,00,SNR_AVG:28.33
GLO_PRN:00,00,00,00,00,00,00,00,00,00,00,00,00,00,00,SAT_TAL:00
GLO_SNR:00,00,00,00,00,00,00,00,00,00,00,00,00,00,00,SNR_AVG:0.00
GAL_PRN:00,00,00,00,00,00,00,00,00,00,00,00,00,00,00,SAT_TAL:00
GAL_SNR:00,00,00,00,00,00,00,00,00,00,00,00,00,00,00,SNR_AVG:0.00
BEI_PRN:00,00,00,00,00,00,00,00,00,00,00,00,00,00,00,SAT_TAL:00
BEI_SNR:00,00,00,00,00,00,00,00,00,00,00,00,00,00,00,SNR_AVG:0.00
QZS_PRN:00,00,00,00,00,SAT_TAL:00
QZS_SNR:00,00,00,00,00,SNR_AVG:0.00
SatInView:6 GDOP:19998
Roll:124.922554 Pitch:61.959316
X_AVG:-8.886546 Y_AVG:6.566709 Z_AVG:-6.820212
X_SD:11.219044 Y_SD:9.690145 Z_SD:7.327210
$MXCM10033,2,3,19800106,000025,00,35A4E8F5,00000000,0089,0000,0000,00,8101*5F
GPS_PRN:04,08,26,27,31,19500,00,00,00,00,00,00,00,00,SAT_TAL:06
GPS_SNR:19,35,26,34,36,29,00,00,00,00,00,00,00,00,00,SNR_AVG:29.83
GLO_PRN:00,00,00,00,00,00,00,00,00,00,00,00,00,00,00,SAT_TAL:00
GLO_SNR:00,00,00,00,00,00,00,00,00,00,00,00,00,00,00,SNR_AVG:0.00
GAL_PRN:00,00,00,00,00,00,00,00,00,00,00,00,00,00,00,SAT_TAL:00
GAL_SNR:00,00,00,00,00,00,00,00,00,00,00,00,00,00,00,SNR_AVG:0.00
BEI_PRN:00,00,00,00,00,00,00,00,00,00,00,00,00,00,00,SAT_TAL:00
BEI_SNR:00,00,00,00,00,00,00,00,00,00,00,00,00,00,00,SNR_AVG:0.00
QZS_PRN:00,00,00,00,00,SAT_TAL:00
QZS_SNR:00,00,00,00,00,SNR_AVG:0.00
SatInView:6 GDOP:19998
Roll:113.549118 Pitch:32.854454
X_AVG:-8.902492 Y_AVG:9.395755 Z_AVG:-5.648371
X_SD:9.153498 Y_SD:7.953169 Z_SD:7.849956
$MXCM10033,2,4,19800108,062059,00,35A4E8F5,00000000,0089,0000,0000,00,8101*59
GPS_PRN:19531,09,03,16,18,28,26,08,19419627,00,00,00,SAT_TAL:12
GPS_SNR:34,34,34,27,31,23,33,27,31,24,33,35,00,00,00,SNR_AVG:30.50
GLO_PRN:00,00,00,00,00,00,00,00,00,00,00,00,00,00,00,SAT_TAL:00
GLO_SNR:00,00,00,00,00,00,00,00,00,00,00,00,00,00,00,SNR_AVG:0.00
GAL_PRN:00,00,00,00,00,00,00,00,00,00,00,00,00,00,00,SAT_TAL:00
GAL_SNR:00,00,00,00,00,00,00,00,00,00,00,00,00,00,00,SNR_AVG:0.00
BEI_PRN:00,00,00,00,00,00,00,00,00,00,00,00,00,00,00,SAT_TAL:00
BEI_SNR:00,00,00,00,00,00,00,00,00,00,00,00,00,00,00,SNR_AVG:0.00
QZS_PRN:00,00,00,00,00,SAT_TAL:00
QZS_SNR:00,00,00,00,00,SNR_AVG:0.00
SatInView:12 GDOP:19998
Roll:112.080940 Pitch:39.953033
X_AVG:-7.531161 Y_AVG:6.026614 Z_AVG:-4.266745
X_SD:9.738746 Y_SD:8.535259 Z_SD:5.035578
$MXCM10033,2,5,19800108,062112,00,35A4E8F5,00000000,0089,0000,0000,00,8101*56
GPS_PRN:19503,08,04,16,18,28,26,27,31,21,19419609,00,SAT_TAL:14
GPS_SNR:32,24,34,33,33,31,30,34,34,26,30,31,33,30,00,SNR_AVG:31.07
GLO_PRN:00,00,00,00,00,00,00,00,00,00,00,00,00,00,00,SAT_TAL:00
GLO_SNR:00,00,00,00,00,00,00,00,00,00,00,00,00,00,00,SNR_AVG:0.00
GAL_PRN:00,00,00,00,00,00,00,00,00,00,00,00,00,00,00,SAT_TAL:00
GAL_SNR:00,00,00,00,00,00,00,00,00,00,00,00,00,00,00,SNR_AVG:0.00
BEI_PRN:00,00,00,00,00,00,00,00,00,00,00,00,00,00,00,SAT_TAL:00
BEI_SNR:00,00,00,00,00,00,00,00,00,00,00,00,00,00,00,SNR_AVG:0.00
QZS_PRN:00,00,00,00,00,SAT_TAL:00
QZS_SNR:00,00,00,00,00,SNR_AVG:0.00
SatInView:14 GDOP:19998
Roll:109.381424 Pitch:42.838776
X_AVG:-6.909518 Y_AVG:5.701858 Z_AVG:-7.132375
X_SD:9.203967 Y_SD:8.198917 Z_SD:8.386942
$MXCM10033,2,6,19800108,062124,00,35A4E8F5,00000000,0089,0000,0000,00,8101*50
GPS_PRN:19509,03,08,16,18,28,26,27,04,19419631,00,00,SAT_TAL:13
GPS_SNR:32,33,33,33,32,33,33,36,35,35,34,20,37,00,00,SNR_AVG:32.77
GLO_PRN:00,00,00,00,00,00,00,00,00,00,00,00,00,00,00,SAT_TAL:00
GLO_SNR:00,00,00,00,00,00,00,00,00,00,00,00,00,00,00,SNR_AVG:0.00
GAL_PRN:00,00,00,00,00,00,00,00,00,00,00,00,00,00,00,SAT_TAL:00
GAL_SNR:00,00,00,00,00,00,00,00,00,00,00,00,00,00,00,SNR_AVG:0.00
BEI_PRN:00,00,00,00,00,00,00,00,00,00,00,00,00,00,00,SAT_TAL:00
BEI_SNR:00,00,00,00,00,00,00,00,00,00,00,00,00,00,00,SNR_AVG:0.00
QZS_PRN:00,00,00,00,00,SAT_TAL:00
QZS_SNR:00,00,00,00,00,SNR_AVG:0.00
SatInView:13 GDOP:19998
Roll:11.722013 Pitch:31.347303
X_AVG:-6.909518 Y_AVG:5.701858 Z_AVG:-7.132375
X_SD:9.203967 Y_SD:8.198917 Z_SD:8.386942
$MXCM10033,2,7,19800108,062137,00,35A4E8F5,00000000,0089,0000,0000,00,8102*50
GPS_PRN:19509,03,08,16,18,28,26,21,04,19419631,00,00,SAT_TAL:13
GPS_SNR:34,34,29,34,26,35,35,24,33,33,27,33,36,00,00,SNR_AVG:31.77
GLO_PRN:00,00,00,00,00,00,00,00,00,00,00,00,00,00,00,SAT_TAL:00
GLO_SNR:00,00,00,00,00,00,00,00,00,00,00,00,00,00,00,SNR_AVG:0.00
GAL_PRN:00,00,00,00,00,00,00,00,00,00,00,00,00,00,00,SAT_TAL:00
GAL_SNR:00,00,00,00,00,00,00,00,00,00,00,00,00,00,00,SNR_AVG:0.00
BEI_PRN:00,00,00,00,00,00,00,00,00,00,00,00,00,00,00,SAT_TAL:00
BEI_SNR:00,00,00,00,00,00,00,00,00,00,00,00,00,00,00,SNR_AVG:0.00
QZS_PRN:00,00,00,00,00,SAT_TAL:00
QZS_SNR:00,00,00,00,00,SNR_AVG:0.00
SatInView:13 GDOP:19998
Roll:114.276871 Pitch:56.777077
X_AVG:-8.287552 Y_AVG:4.958539 Z_AVG:-2.436676
X_SD:8.232877 Y_SD:7.983623 Z_SD:5.797835
$MXCM10033,2,8,19800108,062150,00,35A4E8F5,00000000,0089,0000,0000,00,8102*5E
GPS_PRN:19508,04,16,18,28,26,21,31,09,19919419603,00,SAT_TAL:14
GPS_SNR:34,33,34,36,38,34,34,25,32,33,24,30,32,33,00,SNR_AVG:32.29
GLO_PRN:00,00,00,00,00,00,00,00,00,00,00,00,00,00,00,SAT_TAL:00
GLO_SNR:00,00,00,00,00,00,00,00,00,00,00,00,00,00,00,SNR_AVG:0.00
GAL_PRN:00,00,00,00,00,00,00,00,00,00,00,00,00,00,00,SAT_TAL:00
GAL_SNR:00,00,00,00,00,00,00,00,00,00,00,00,00,00,00,SNR_AVG:0.00
BEI_PRN:00,00,00,00,00,00,00,00,00,00,00,00,00,00,00,SAT_TAL:00
BEI_SNR:00,00,00,00,00,00,00,00,00,00,00,00,00,00,00,SNR_AVG:0.00
QZS_PRN:00,00,00,00,00,SAT_TAL:00
QZS_SNR:00,00,00,00,00,SNR_AVG:0.00
SatInView:14 GDOP:19998
Roll:125.757851 Pitch:57.905029
X_AVG:-7.781935 Y_AVG:4.503440 Z_AVG:-3.630641
X_SD:8.884344 Y_SD:8.289404 Z_SD:4.493938
$MXCM10033,2,9,20240102,062205,12,0E9882EF,47EED07C,0071,0013,3511,09,8102*58
GPS_PRN:19904,31,26,08,28,09,18,03,21,19519419616,00,SAT_TAL:14
GPS_SNR:21,35,31,34,35,34,35,37,33,29,32,29,33,34,00,SNR_AVG:32.29
GLO_PRN:00,00,00,00,00,00,00,00,00,00,00,00,00,00,00,SAT_TAL:00
GLO_SNR:00,00,00,00,00,00,00,00,00,00,00,00,00,00,00,SNR_AVG:0.00
GAL_PRN:00,00,00,00,00,00,00,00,00,00,00,00,00,00,00,SAT_TAL:00
GAL_SNR:00,00,00,00,00,00,00,00,00,00,00,00,00,00,00,SNR_AVG:0.00
BEI_PRN:00,00,00,00,00,00,00,00,00,00,00,00,00,00,00,SAT_TAL:00
BEI_SNR:00,00,00,00,00,00,00,00,00,00,00,00,00,00,00,SNR_AVG:0.00
QZS_PRN:00,00,00,00,00,SAT_TAL:00
QZS_SNR:00,00,00,00,00,SNR_AVG:0.00
SatInView:14 GDOP:233
Roll:104.047951 Pitch:48.297565
X_AVG:-7.171353 Y_AVG:5.349185 Z_AVG:-3.181910
X_SD:8.679256 Y_SD:8.277657 Z_SD:5.248349
$MXCM10033,2,10,20240102,062220,12,0E981D76,47EF0C68,008C,0011,44E5,09,8102*6D
GPS_PRN:19404,31,26,08,28,09,18,03,21,19919519616,00,SAT_TAL:14
GPS_SNR:31,25,38,34,36,36,34,30,34,33,29,36,35,32,00,SNR_AVG:33.07
GLO_PRN:00,00,00,00,00,00,00,00,00,00,00,00,00,00,00,SAT_TAL:00
GLO_SNR:00,00,00,00,00,00,00,00,00,00,00,00,00,00,00,SNR_AVG:0.00
GAL_PRN:00,00,00,00,00,00,00,00,00,00,00,00,00,00,00,SAT_TAL:00
GAL_SNR:00,00,00,00,00,00,00,00,00,00,00,00,00,00,00,SNR_AVG:0.00
BEI_PRN:00,00,00,00,00,00,00,00,00,00,00,00,00,00,00,SAT_TAL:00
BEI_SNR:00,00,00,00,00,00,00,00,00,00,00,00,00,00,00,SNR_AVG:0.00
QZS_PRN:00,00,00,00,00,SAT_TAL:00
QZS_SNR:00,00,00,00,00,SNR_AVG:0.00
SatInView:14 GDOP:141
Roll:115.837502 Pitch:50.144386
X_AVG:-11.271650 Y_AVG:7.525846 Z_AVG:-4.144016
X_SD:7.086727 Y_SD:7.962794 Z_SD:2.510214
$MXCM10033,2,11,20240102,062235,12,0E97F033,47EF252A,00A0,0019,3560,0A,8102*66
GPS_PRN:19404,31,26,08,28,09,18,03,21,19919519616,00,SAT_TAL:14
GPS_SNR:31,34,31,25,34,33,33,26,21,25,26,34,33,35,00,SNR_AVG:30.07
GLO_PRN:00,00,00,00,00,00,00,00,00,00,00,00,00,00,00,SAT_TAL:00
GLO_SNR:00,00,00,00,00,00,00,00,00,00,00,00,00,00,00,SNR_AVG:0.00
GAL_PRN:00,00,00,00,00,00,00,00,00,00,00,00,00,00,00,SAT_TAL:00
GAL_SNR:00,00,00,00,00,00,00,00,00,00,00,00,00,00,00,SNR_AVG:0.00
BEI_PRN:00,00,00,00,00,00,00,00,00,00,00,00,00,00,00,SAT_TAL:00
BEI_SNR:00,00,00,00,00,00,00,00,00,00,00,00,00,00,00,SNR_AVG:0.00
QZS_PRN:00,00,00,00,00,SAT_TAL:00
QZS_SNR:00,00,00,00,00,SNR_AVG:0.00
SatInView:14 GDOP:223
Roll:113.132446 Pitch:61.493660
X_AVG:-8.395054 Y_AVG:5.287940 Z_AVG:-2.878894
X_SD:8.605792 Y_SD:7.728001 Z_SD:4.679334
$MXCM10033,2,12,20240102,062250,12,0E977788,47EF3793,00A5,001A,4593,0A,8102*1C
GPS_PRN:19404,31,26,08,28,09,18,03,21,19919519616,00,SAT_TAL:14
GPS_SNR:32,34,29,35,35,27,33,34,33,33,24,27,35,35,00,SNR_AVG:31.86
GLO_PRN:00,00,00,00,00,00,00,00,00,00,00,00,00,00,00,SAT_TAL:00
GLO_SNR:00,00,00,00,00,00,00,00,00,00,00,00,00,00,00,SNR_AVG:0.00
GAL_PRN:00,00,00,00,00,00,00,00,00,00,00,00,00,00,00,SAT_TAL:00
GAL_SNR:00,00,00,00,00,00,00,00,00,00,00,00,00,00,00,SNR_AVG:0.00
BEI_PRN:00,00,00,00,00,00,00,00,00,00,00,00,00,00,00,SAT_TAL:00
BEI_SNR:00,00,00,00,00,00,00,00,00,00,00,00,00,00,00,SNR_AVG:0.00
QZS_PRN:00,00,00,00,00,SAT_TAL:00
QZS_SNR:00,00,00,00,00,SNR_AVG:0.00
SatInView:14 GDOP:223
Roll:94.292274 Pitch:66.237122
X_AVG:-7.624633 Y_AVG:4.845722 Z_AVG:-2.638320
X_SD:9.222997 Y_SD:8.328508 Z_SD:4.629581
$MXCM10033,2,13,20240102,062305,12,0E96E8EF,47EF374B,00A7,001A,3BBC,0B,8102*65
GPS_PRN:19604,31,26,08,28,09,18,03,21,19419919516,00,SAT_TAL:14
GPS_SNR:34,34,29,34,35,29,34,32,24,33,32,25,34,35,00,SNR_AVG:31.71
GLO_PRN:00,00,00,00,00,00,00,00,00,00,00,00,00,00,00,SAT_TAL:00
GLO_SNR:00,00,00,00,00,00,00,00,00,00,00,00,00,00,00,SNR_AVG:0.00
GAL_PRN:00,00,00,00,00,00,00,00,00,00,00,00,00,00,00,SAT_TAL:00
GAL_SNR:00,00,00,00,00,00,00,00,00,00,00,00,00,00,00,SNR_AVG:0.00
BEI_PRN:00,00,00,00,00,00,00,00,00,00,00,00,00,00,00,SAT_TAL:00
BEI_SNR:00,00,00,00,00,00,00,00,00,00,00,00,00,00,00,SNR_AVG:0.00
QZS_PRN:00,00,00,00,00,SAT_TAL:00
QZS_SNR:00,00,00,00,00,SNR_AVG:0.00
SatInView:14 GDOP:201
Roll:122.994095 Pitch:59.006775
X_AVG:-8.566483 Y_AVG:5.182402 Z_AVG:-3.601239
X_SD:9.316076 Y_SD:7.890298 Z_SD:4.939697
$MXCM10033,2,14,20240102,062320,12,0E969C58,47EFA23E,00BF,0017,33C3,0B,8102*1F
GPS_PRN:19604,31,26,08,28,09,18,03,21,19419919516,00,SAT_TAL:14
GPS_SNR:34,35,27,30,35,36,34,32,29,32,24,25,35,32,00,SNR_AVG:31.43
GLO_PRN:00,00,00,00,00,00,00,00,00,00,00,00,00,00,00,SAT_TAL:00
GLO_SNR:00,00,00,00,00,00,00,00,00,00,00,00,00,00,00,SNR_AVG:0.00
GAL_PRN:00,00,00,00,00,00,00,00,00,00,00,00,00,00,00,SAT_TAL:00
GAL_SNR:00,00,00,00,00,00,00,00,00,00,00,00,00,00,00,SNR_AVG:0.00
BEI_PRN:00,00,00,00,00,00,00,00,00,00,00,00,00,00,00,SAT_TAL:00
BEI_SNR:00,00,00,00,00,00,00,00,00,00,00,00,00,00,00,SNR_AVG:0.00
QZS_PRN:00,00,00,00,00,SAT_TAL:00
QZS_SNR:00,00,00,00,00,SNR_AVG:0.00
SatInView:14 GDOP:201
Roll:107.195633 Pitch:65.931259
X_AVG:-8.039700 Y_AVG:4.978124 Z_AVG:-1.937188
X_SD:9.794360 Y_SD:8.080475 Z_SD:5.369741
$MXCM10033,2,15,20240102,062335,12,0E96242B,47EF9F9B,00CC,0013,5566,0B,8102*6A
GPS_PRN:19604,31,26,08,28,09,18,03,21,19419919516,00,SAT_TAL:14
GPS_SNR:35,29,35,35,35,36,33,34,35,31,31,28,36,32,00,SNR_AVG:33.21
GLO_PRN:00,00,00,00,00,00,00,00,00,00,00,00,00,00,00,SAT_TAL:00
GLO_SNR:00,00,00,00,00,00,00,00,00,00,00,00,00,00,00,SNR_AVG:0.00
GAL_PRN:00,00,00,00,00,00,00,00,00,00,00,00,00,00,00,SAT_TAL:00
GAL_SNR:00,00,00,00,00,00,00,00,00,00,00,00,00,00,00,SNR_AVG:0.00
BEI_PRN:00,00,00,00,00,00,00,00,00,00,00,00,00,00,00,SAT_TAL:00
BEI_SNR:00,00,00,00,00,00,00,00,00,00,00,00,00,00,00,SNR_AVG:0.00
QZS_PRN:00,00,00,00,00,SAT_TAL:00
QZS_SNR:00,00,00,00,00,SNR_AVG:0.00
SatInView:14 GDOP:201
Roll:126.971138 Pitch:55.150131
X_AVG:-9.239889 Y_AVG:6.348928 Z_AVG:-4.559897
X_SD:8.689892 Y_SD:9.219828 Z_SD:4.465346
$MXCM10033,2,16,20240102,062350,12,0E96245E,47EFA770,00D3,0018,3812,0B,8102*6B
GPS_PRN:19604,31,26,08,28,09,18,03,21,19419919516,00,SAT_TAL:14
GPS_SNR:32,35,24,32,36,32,34,35,31,29,24,23,35,33,00,SNR_AVG:31.07
GLO_PRN:00,00,00,00,00,00,00,00,00,00,00,00,00,00,00,SAT_TAL:00
GLO_SNR:00,00,00,00,00,00,00,00,00,00,00,00,00,00,00,SNR_AVG:0.00
GAL_PRN:00,00,00,00,00,00,00,00,00,00,00,00,00,00,00,SAT_TAL:00
GAL_SNR:00,00,00,00,00,00,00,00,00,00,00,00,00,00,00,SNR_AVG:0.00
BEI_PRN:00,00,00,00,00,00,00,00,00,00,00,00,00,00,00,SAT_TAL:00
BEI_SNR:00,00,00,00,00,00,00,00,00,00,00,00,00,00,00,SNR_AVG:0.00
QZS_PRN:00,00,00,00,00,SAT_TAL:00
QZS_SNR:00,00,00,00,00,SNR_AVG:0.00
SatInView:14 GDOP:201
Roll:115.481010 Pitch:62.217289
X_AVG:-7.259749 Y_AVG:4.523648 Z_AVG:-2.724704
X_SD:8.789713 Y_SD:7.990842 Z_SD:3.901141
$MXCM10033,2,17,20240102,062405,12,0E959F80,47EFC0AE,00E8,001A,4B80,0B,8102*6C
GPS_PRN:19604,31,26,08,28,09,18,03,21,19419919516,00,SAT_TAL:14
GPS_SNR:33,35,32,34,35,34,34,35,33,32,31,22,27,35,00,SNR_AVG:32.29
GLO_PRN:00,00,00,00,00,00,00,00,00,00,00,00,00,00,00,SAT_TAL:00
GLO_SNR:00,00,00,00,00,00,00,00,00,00,00,00,00,00,00,SNR_AVG:0.00
GAL_PRN:00,00,00,00,00,00,00,00,00,00,00,00,00,00,00,SAT_TAL:00
GAL_SNR:00,00,00,00,00,00,00,00,00,00,00,00,00,00,00,SNR_AVG:0.00
BEI_PRN:00,00,00,00,00,00,00,00,00,00,00,00,00,00,00,SAT_TAL:00
BEI_SNR:00,00,00,00,00,00,00,00,00,00,00,00,00,00,00,SNR_AVG:0.00
QZS_PRN:00,00,00,00,00,SAT_TAL:00
QZS_SNR:00,00,00,00,00,SNR_AVG:0.00
SatInView:14 GDOP:201
Roll:98.414452 Pitch:70.092293
X_AVG:-8.141455 Y_AVG:4.960742 Z_AVG:-2.730738
X_SD:8.630709 Y_SD:7.804488 Z_SD:3.991006
$MXCM10033,2,18,20240102,062420,12,0E95149F,47EFC5FA,0101,001B,43A1,0B,8102*18
GPS_PRN:19604,31,26,08,28,09,18,03,21,19419919516,00,SAT_TAL:14
GPS_SNR:35,35,27,33,34,28,32,34,31,30,30,24,27,35,00,SNR_AVG:31.07
GLO_PRN:00,00,00,00,00,00,00,00,00,00,00,00,00,00,00,SAT_TAL:00
GLO_SNR:00,00,00,00,00,00,00,00,00,00,00,00,00,00,00,SNR_AVG:0.00
GAL_PRN:00,00,00,00,00,00,00,00,00,00,00,00,00,00,00,SAT_TAL:00
GAL_SNR:00,00,00,00,00,00,00,00,00,00,00,00,00,00,00,SNR_AVG:0.00
BEI_PRN:00,00,00,00,00,00,00,00,00,00,00,00,00,00,00,SAT_TAL:00
BEI_SNR:00,00,00,00,00,00,00,00,00,00,00,00,00,00,00,SNR_AVG:0.00
QZS_PRN:00,00,00,00,00,SAT_TAL:00
QZS_SNR:00,00,00,00,00,SNR_AVG:0.00
SatInView:14 GDOP:201
Roll:90.204803 Pitch:71.345749
X_AVG:-7.353125 Y_AVG:4.446840 Z_AVG:-2.535654
X_SD:8.874912 Y_SD:7.528768 Z_SD:3.777588
$MXCM10033,2,19,20240102,062636,12,0E90269F,47EFC391,011A,001B,4171,0B,8202*17
GPS_PRN:19616,31,08,26,28,09,18,03,21,19419919504,00,SAT_TAL:14
GPS_SNR:35,35,26,34,33,24,32,35,30,33,30,24,31,35,00,SNR_AVG:31.21
GLO_PRN:00,00,00,00,00,00,00,00,00,00,00,00,00,00,00,SAT_TAL:00
GLO_SNR:00,00,00,00,00,00,00,00,00,00,00,00,00,00,00,SNR_AVG:0.00
GAL_PRN:00,00,00,00,00,00,00,00,00,00,00,00,00,00,00,SAT_TAL:00
GAL_SNR:00,00,00,00,00,00,00,00,00,00,00,00,00,00,00,SNR_AVG:0.00
BEI_PRN:00,00,00,00,00,00,00,00,00,00,00,00,00,00,00,SAT_TAL:00
BEI_SNR:00,00,00,00,00,00,00,00,00,00,00,00,00,00,00,SNR_AVG:0.00
QZS_PRN:00,00,00,00,00,SAT_TAL:00
QZS_SNR:00,00,00,00,00,SNR_AVG:0.00
SatInView:14 GDOP:202
Roll:111.806038 Pitch:58.201855
X_AVG:-8.484695 Y_AVG:4.958922 Z_AVG:-2.819325
X_SD:8.717824 Y_SD:7.722073 Z_SD:3.371331
$MXCM10033,2,20,20240102,062651,12,0E8F9BCC,47EFF429,0120,001C,4177,0B,8202*1F
GPS_PRN:19616,31,08,26,28,09,18,03,21,19419919504,00,SAT_TAL:14
GPS_SNR:35,34,34,33,34,36,32,36,30,31,29,22,22,35,00,SNR_AVG:31.64
GLO_PRN:00,00,00,00,00,00,00,00,00,00,00,00,00,00,00,SAT_TAL:00
GLO_SNR:00,00,00,00,00,00,00,00,00,00,00,00,00,00,00,SNR_AVG:0.00
GAL_PRN:00,00,00,00,00,00,00,00,00,00,00,00,00,00,00,SAT_TAL:00
GAL_SNR:00,00,00,00,00,00,00,00,00,00,00,00,00,00,00,SNR_AVG:0.00
BEI_PRN:00,00,00,00,00,00,00,00,00,00,00,00,00,00,00,SAT_TAL:00
BEI_SNR:00,00,00,00,00,00,00,00,00,00,00,00,00,00,00,SNR_AVG:0.00
QZS_PRN:00,00,00,00,00,SAT_TAL:00
QZS_SNR:00,00,00,00,00,SNR_AVG:0.00
SatInView:14 GDOP:202
Roll:118.915115 Pitch:69.038528
X_AVG:-8.280082 Y_AVG:4.838635 Z_AVG:-2.907433
X_SD:8.309691 Y_SD:7.632874 Z_SD:3.770789
$MXCM10033,2,21,20240102,062907,12,0E8A81A9,47F0550E,0164,001B,405C,0B,8202*10
GPS_PRN:19616,31,08,26,09,28,18,21,03,19419919504,00,SAT_TAL:14
GPS_SNR:35,35,27,34,33,32,20,34,35,29,30,25,32,34,00,SNR_AVG:31.07
GLO_PRN:00,00,00,00,00,00,00,00,00,00,00,00,00,00,00,SAT_TAL:00
GLO_SNR:00,00,00,00,00,00,00,00,00,00,00,00,00,00,00,SNR_AVG:0.00
GAL_PRN:00,00,00,00,00,00,00,00,00,00,00,00,00,00,00,SAT_TAL:00
GAL_SNR:00,00,00,00,00,00,00,00,00,00,00,00,00,00,00,SNR_AVG:0.00
BEI_PRN:00,00,00,00,00,00,00,00,00,00,00,00,00,00,00,SAT_TAL:00
BEI_SNR:00,00,00,00,00,00,00,00,00,00,00,00,00,00,00,SNR_AVG:0.00
QZS_PRN:00,00,00,00,00,SAT_TAL:00
QZS_SNR:00,00,00,00,00,SNR_AVG:0.00
SatInView:14 GDOP:202
Roll:85.698013 Pitch:65.924805
X_AVG:-6.907938 Y_AVG:5.043344 Z_AVG:-3.171519
X_SD:9.102329 Y_SD:8.065127 Z_SD:4.453742
$MXCM10033,2,22,20240102,062922,12,0E89F9DA,47F0796C,0176,001B,4216,0B,8202*19
GPS_PRN:19616,31,08,26,09,28,18,21,03,19419919504,00,SAT_TAL:14
GPS_SNR:35,35,25,35,33,32,20,34,35,32,30,24,30,34,00,SNR_AVG:31.00
GLO_PRN:00,00,00,00,00,00,00,00,00,00,00,00,00,00,00,SAT_TAL:00
GLO_SNR:00,00,00,00,00,00,00,00,00,00,00,00,00,00,00,SNR_AVG:0.00
GAL_PRN:00,00,00,00,00,00,00,00,00,00,00,00,00,00,00,SAT_TAL:00
GAL_SNR:00,00,00,00,00,00,00,00,00,00,00,00,00,00,00,SNR_AVG:0.00
BEI_PRN:00,00,00,00,00,00,00,00,00,00,00,00,00,00,00,SAT_TAL:00
BEI_SNR:00,00,00,00,00,00,00,00,00,00,00,00,00,00,00,SNR_AVG:0.00
QZS_PRN:00,00,00,00,00,SAT_TAL:00
QZS_SNR:00,00,00,00,00,SNR_AVG:0.00
SatInView:14 GDOP:202
Roll:93.198990 Pitch:68.303452
X_AVG:-7.444968 Y_AVG:4.747462 Z_AVG:-3.033754
X_SD:9.388009 Y_SD:8.643211 Z_SD:3.333036
$MXCM10033,2,23,20240102,063137,12,0E8524A5,47F1B355,01A5,001D,3DFF,0B,8202*1F
GPS_PRN:19616,31,08,26,09,28,18,21,03,19419919504,00,SAT_TAL:14
GPS_SNR:36,35,26,35,33,31,25,34,34,31,30,22,29,34,00,SNR_AVG:31.07
GLO_PRN:00,00,00,00,00,00,00,00,00,00,00,00,00,00,00,SAT_TAL:00
GLO_SNR:00,00,00,00,00,00,00,00,00,00,00,00,00,00,00,SNR_AVG:0.00
GAL_PRN:00,00,00,00,00,00,00,00,00,00,00,00,00,00,00,SAT_TAL:00
GAL_SNR:00,00,00,00,00,00,00,00,00,00,00,00,00,00,00,SNR_AVG:0.00
BEI_PRN:00,00,00,00,00,00,00,00,00,00,00,00,00,00,00,SAT_TAL:00
BEI_SNR:00,00,00,00,00,00,00,00,00,00,00,00,00,00,00,SNR_AVG:0.00
QZS_PRN:00,00,00,00,00,SAT_TAL:00
QZS_SNR:00,00,00,00,00,SNR_AVG:0.00
SatInView:14 GDOP:202
Roll:144.959000 Pitch:65.184303
X_AVG:-6.413860 Y_AVG:3.161942 Z_AVG:-2.932956
X_SD:8.370638 Y_SD:6.842032 Z_SD:3.762321
$MXCM10033,2,24,20240102,063153,12,0E848DF1,47F1E73D,019D,001B,40B3,0B,8202*1B
GPS_PRN:19616,31,08,26,09,28,18,21,03,19419919504,00,SAT_TAL:14
GPS_SNR:35,35,27,34,34,33,25,36,34,31,31,23,30,35,00,SNR_AVG:31.64
GLO_PRN:00,00,00,00,00,00,00,00,00,00,00,00,00,00,00,SAT_TAL:00
GLO_SNR:00,00,00,00,00,00,00,00,00,00,00,00,00,00,00,SNR_AVG:0.00
GAL_PRN:00,00,00,00,00,00,00,00,00,00,00,00,00,00,00,SAT_TAL:00
GAL_SNR:00,00,00,00,00,00,00,00,00,00,00,00,00,00,00,SNR_AVG:0.00
BEI_PRN:00,00,00,00,00,00,00,00,00,00,00,00,00,00,00,SAT_TAL:00
BEI_SNR:00,00,00,00,00,00,00,00,00,00,00,00,00,00,00,SNR_AVG:0.00
QZS_PRN:00,00,00,00,00,SAT_TAL:00
QZS_SNR:00,00,00,00,00,SNR_AVG:0.00
SatInView:14 GDOP:202
Roll:130.585236 Pitch:64.903183
X_AVG:-8.539571 Y_AVG:5.225881 Z_AVG:-3.004448
X_SD:8.639851 Y_SD:7.975470 Z_SD:3.381339
$MXCM10033,2,25,20240102,063409,12,0E7FC1CE,47F3D9BA,0184,001A,3E5F,0C,8202*68
GPS_PRN:19616,08,31,26,09,28,18,21,03,19419919504,00,SAT_TAL:14
GPS_SNR:35,35,34,33,34,33,34,35,31,31,29,23,20,35,00,SNR_AVG:31.57
GLO_PRN:00,00,00,00,00,00,00,00,00,00,00,00,00,00,00,SAT_TAL:00
GLO_SNR:00,00,00,00,00,00,00,00,00,00,00,00,00,00,00,SNR_AVG:0.00
GAL_PRN:00,00,00,00,00,00,00,00,00,00,00,00,00,00,00,SAT_TAL:00
GAL_SNR:00,00,00,00,00,00,00,00,00,00,00,00,00,00,00,SNR_AVG:0.00
BEI_PRN:00,00,00,00,00,00,00,00,00,00,00,00,00,00,00,SAT_TAL:00
BEI_SNR:00,00,00,00,00,00,00,00,00,00,00,00,00,00,00,SNR_AVG:0.00
QZS_PRN:00,00,00,00,00,SAT_TAL:00
QZS_SNR:00,00,00,00,00,SNR_AVG:0.00
SatInView:14 GDOP:169
Roll:100.832161 Pitch:67.383720
X_AVG:-7.599876 Y_AVG:4.854054 Z_AVG:-2.863619
X_SD:8.728994 Y_SD:7.629134 Z_SD:3.523349
$MXCM10033,2,26,20240102,063424,12,0E7F3803,47F3E4BA,017F,001A,4886,0C,8202*6E
GPS_PRN:19616,08,31,26,09,28,18,21,03,19419919504,00,SAT_TAL:14
GPS_SNR:33,35,33,31,35,34,32,35,32,32,32,20,23,35,00,SNR_AVG:31.57
GLO_PRN:00,00,00,00,00,00,00,00,00,00,00,00,00,00,00,SAT_TAL:00
GLO_SNR:00,00,00,00,00,00,00,00,00,00,00,00,00,00,00,SNR_AVG:0.00
GAL_PRN:00,00,00,00,00,00,00,00,00,00,00,00,00,00,00,SAT_TAL:00
GAL_SNR:00,00,00,00,00,00,00,00,00,00,00,00,00,00,00,SNR_AVG:0.00
BEI_PRN:00,00,00,00,00,00,00,00,00,00,00,00,00,00,00,SAT_TAL:00
BEI_SNR:00,00,00,00,00,00,00,00,00,00,00,00,00,00,00,SNR_AVG:0.00
QZS_PRN:00,00,00,00,00,SAT_TAL:00
QZS_SNR:00,00,00,00,00,SNR_AVG:0.00
SatInView:14 GDOP:169
Roll:139.814926 Pitch:64.902412
X_AVG:-8.585541 Y_AVG:4.825946 Z_AVG:-2.934776
X_SD:7.856961 Y_SD:7.141098 Z_SD:2.744404
$MXCM10033,2,27,20240102,063640,12,0E7A4595,47F428C7,016D,001B,4B5D,0C,8202*63
GPS_PRN:19616,08,31,26,09,28,18,21,03,19419919504,00,SAT_TAL:14
GPS_SNR:30,34,33,32,34,30,31,34,30,31,32,18,25,33,00,SNR_AVG:30.50
GLO_PRN:00,00,00,00,00,00,00,00,00,00,00,00,00,00,00,SAT_TAL:00
GLO_SNR:00,00,00,00,00,00,00,00,00,00,00,00,00,00,00,SNR_AVG:0.00
GAL_PRN:00,00,00,00,00,00,00,00,00,00,00,00,00,00,00,SAT_TAL:00
GAL_SNR:00,00,00,00,00,00,00,00,00,00,00,00,00,00,00,SNR_AVG:0.00
BEI_PRN:00,00,00,00,00,00,00,00,00,00,00,00,00,00,00,SAT_TAL:00
BEI_SNR:00,00,00,00,00,00,00,00,00,00,00,00,00,00,00,SNR_AVG:0.00
QZS_PRN:00,00,00,00,00,SAT_TAL:00
QZS_SNR:00,00,00,00,00,SNR_AVG:0.00
SatInView:14 GDOP:169
Roll:103.797646 Pitch:62.534302
X_AVG:-7.120020 Y_AVG:3.722292 Z_AVG:-1.454267
X_SD:9.824188 Y_SD:7.789608 Z_SD:4.178300
$MXCM10033,2,28,20240102,063655,12,0E79B9E1,47F3FC2F,016D,001A,4BF9,0C,8202*17
GPS_PRN:19616,08,31,26,09,28,18,21,03,19419919504,00,SAT_TAL:14
GPS_SNR:30,34,34,32,34,30,30,34,29,31,33,21,25,33,00,SNR_AVG:30.71
GLO_PRN:00,00,00,00,00,00,00,00,00,00,00,00,00,00,00,SAT_TAL:00
GLO_SNR:00,00,00,00,00,00,00,00,00,00,00,00,00,00,00,SNR_AVG:0.00
GAL_PRN:00,00,00,00,00,00,00,00,00,00,00,00,00,00,00,SAT_TAL:00
GAL_SNR:00,00,00,00,00,00,00,00,00,00,00,00,00,00,00,SNR_AVG:0.00
BEI_PRN:00,00,00,00,00,00,00,00,00,00,00,00,00,00,00,SAT_TAL:00
BEI_SNR:00,00,00,00,00,00,00,00,00,00,00,00,00,00,00,SNR_AVG:0.00
QZS_PRN:00,00,00,00,00,SAT_TAL:00
QZS_SNR:00,00,00,00,00,SNR_AVG:0.00
SatInView:14 GDOP:169
Roll:91.654472 Pitch:64.955849
X_AVG:-7.082239 Y_AVG:3.770848 Z_AVG:-0.639456
X_SD:9.376592 Y_SD:7.484821 Z_SD:4.049762
$MXCM10033,2,29,20240102,063911,12,0E74E9A8,47F341C4,0176,001B,4812,0C,8202*6B
GPS_PRN:19616,08,31,26,09,28,18,21,03,19419919504,00,SAT_TAL:14
GPS_SNR:32,35,34,31,34,33,30,36,31,33,33,18,23,34,00,SNR_AVG:31.21
GLO_PRN:00,00,00,00,00,00,00,00,00,00,00,00,00,00,00,SAT_TAL:00
GLO_SNR:00,00,00,00,00,00,00,00,00,00,00,00,00,00,00,SNR_AVG:0.00
GAL_PRN:00,00,00,00,00,00,00,00,00,00,00,00,00,00,00,SAT_TAL:00
GAL_SNR:00,00,00,00,00,00,00,00,00,00,00,00,00,00,00,SNR_AVG:0.00
BEI_PRN:00,00,00,00,00,00,00,00,00,00,00,00,00,00,00,SAT_TAL:00
BEI_SNR:00,00,00,00,00,00,00,00,00,00,00,00,00,00,00,SNR_AVG:0.00
QZS_PRN:00,00,00,00,00,SAT_TAL:00
QZS_SNR:00,00,00,00,00,SNR_AVG:0.00
SatInView:14 GDOP:170
Roll:124.047935 Pitch:69.079460
X_AVG:-8.580704 Y_AVG:3.399883 Z_AVG:-3.520361
X_SD:7.787651 Y_SD:4.393716 Z_SD:4.788183
$MXCM10033,2,30,20240102,063926,12,0E745C3D,47F31B8D,0166,001A,4F94,0C,8202*6C
GPS_PRN:19616,08,31,26,09,28,18,21,03,19419919504,00,SAT_TAL:14
GPS_SNR:28,35,34,35,35,33,33,35,32,31,33,20,34,32,00,SNR_AVG:32.14
GLO_PRN:00,00,00,00,00,00,00,00,00,00,00,00,00,00,00,SAT_TAL:00
GLO_SNR:00,00,00,00,00,00,00,00,00,00,00,00,00,00,00,SNR_AVG:0.00
GAL_PRN:00,00,00,00,00,00,00,00,00,00,00,00,00,00,00,SAT_TAL:00
GAL_SNR:00,00,00,00,00,00,00,00,00,00,00,00,00,00,00,SNR_AVG:0.00
BEI_PRN:00,00,00,00,00,00,00,00,00,00,00,00,00,00,00,SAT_TAL:00
BEI_SNR:00,00,00,00,00,00,00,00,00,00,00,00,00,00,00,SNR_AVG:0.00
QZS_PRN:00,00,00,00,00,SAT_TAL:00
QZS_SNR:00,00,00,00,00,SNR_AVG:0.00
SatInView:14 GDOP:170
Roll:104.983040 Pitch:65.772835
X_AVG:-9.197942 Y_AVG:5.853893 Z_AVG:-2.464832
X_SD:8.407802 Y_SD:7.356498 Z_SD:3.703881
$MXCM10033,2,31,20240102,064142,12,0E6FFB62,47F1333F,0112,0015,5EB0,0C,8202*60
GPS_PRN:19616,08,31,26,09,28,18,21,02,03,19419919504,SAT_TAL:15
GPS_SNR:27,34,32,35,32,34,34,32,28,33,27,34,22,32,31,SNR_AVG:31.13
GLO_PRN:00,00,00,00,00,00,00,00,00,00,00,00,00,00,00,SAT_TAL:00
GLO_SNR:00,00,00,00,00,00,00,00,00,00,00,00,00,00,00,SNR_AVG:0.00
GAL_PRN:00,00,00,00,00,00,00,00,00,00,00,00,00,00,00,SAT_TAL:00
GAL_SNR:00,00,00,00,00,00,00,00,00,00,00,00,00,00,00,SNR_AVG:0.00
BEI_PRN:00,00,00,00,00,00,00,00,00,00,00,00,00,00,00,SAT_TAL:00
BEI_SNR:00,00,00,00,00,00,00,00,00,00,00,00,00,00,00,SNR_AVG:0.00
QZS_PRN:00,00,00,00,00,SAT_TAL:00
QZS_SNR:00,00,00,00,00,SNR_AVG:0.00
SatInView:15 GDOP:171
Roll:120.052948 Pitch:55.953465
X_AVG:-10.356424 Y_AVG:5.492840 Z_AVG:-1.899789
X_SD:9.175878 Y_SD:6.636713 Z_SD:6.028561
$MXCM10033,2,32,20240102,064157,12,0E6FAD10,47F0D120,010B,0016,5626,0C,8202*17
GPS_PRN:19608,16,31,26,09,28,18,21,02,03,19419919504,SAT_TAL:15
GPS_SNR:23,33,34,34,32,34,33,33,28,26,31,33,21,31,32,SNR_AVG:30.53
GLO_PRN:00,00,00,00,00,00,00,00,00,00,00,00,00,00,00,SAT_TAL:00
GLO_SNR:00,00,00,00,00,00,00,00,00,00,00,00,00,00,00,SNR_AVG:0.00
GAL_PRN:00,00,00,00,00,00,00,00,00,00,00,00,00,00,00,SAT_TAL:00
GAL_SNR:00,00,00,00,00,00,00,00,00,00,00,00,00,00,00,SNR_AVG:0.00
BEI_PRN:00,00,00,00,00,00,00,00,00,00,00,00,00,00,00,SAT_TAL:00
BEI_SNR:00,00,00,00,00,00,00,00,00,00,00,00,00,00,00,SNR_AVG:0.00
QZS_PRN:00,00,00,00,00,SAT_TAL:00
QZS_SNR:00,00,00,00,00,SNR_AVG:0.00
SatInView:15 GDOP:122
Roll:91.141060 Pitch:64.980133
X_AVG:-9.325843 Y_AVG:5.202561 Z_AVG:-1.155609
X_SD:8.437828 Y_SD:7.889489 Z_SD:7.875220
$MXCM10033,2,33,20240102,064413,12,0E6E10B8,47EE31F4,00D6,0012,7BFD,0C,8202*6B
GPS_PRN:19608,16,31,26,09,28,18,21,02,03,19419919504,SAT_TAL:15
GPS_SNR:34,33,34,35,33,32,30,27,34,33,25,32,28,34,26,SNR_AVG:31.33
GLO_PRN:00,00,00,00,00,00,00,00,00,00,00,00,00,00,00,SAT_TAL:00
GLO_SNR:00,00,00,00,00,00,00,00,00,00,00,00,00,00,00,SNR_AVG:0.00
GAL_PRN:00,00,00,00,00,00,00,00,00,00,00,00,00,00,00,SAT_TAL:00
GAL_SNR:00,00,00,00,00,00,00,00,00,00,00,00,00,00,00,SNR_AVG:0.00
BEI_PRN:00,00,00,00,00,00,00,00,00,00,00,00,00,00,00,SAT_TAL:00
BEI_SNR:00,00,00,00,00,00,00,00,00,00,00,00,00,00,00,SNR_AVG:0.00
QZS_PRN:00,00,00,00,00,SAT_TAL:00
QZS_SNR:00,00,00,00,00,SNR_AVG:0.00
SatInView:15 GDOP:123
Roll:100.182098 Pitch:65.709740
X_AVG:-9.528684 Y_AVG:5.226408 Z_AVG:-0.319632
X_SD:7.563026 Y_SD:6.448649 Z_SD:2.649356
$MXCM10033,2,34,20240102,064428,12,0E6E40B2,47EE5A00,00D2,0017,25E0,0C,8202*6B
GPS_PRN:19608,16,31,26,09,28,18,21,02,03,19419919504,SAT_TAL:15
GPS_SNR:30,35,27,35,27,35,33,29,21,23,25,26,27,33,35,SNR_AVG:29.40
GLO_PRN:00,00,00,00,00,00,00,00,00,00,00,00,00,00,00,SAT_TAL:00
GLO_SNR:00,00,00,00,00,00,00,00,00,00,00,00,00,00,00,SNR_AVG:0.00
GAL_PRN:00,00,00,00,00,00,00,00,00,00,00,00,00,00,00,SAT_TAL:00
GAL_SNR:00,00,00,00,00,00,00,00,00,00,00,00,00,00,00,SNR_AVG:0.00
BEI_PRN:00,00,00,00,00,00,00,00,00,00,00,00,00,00,00,SAT_TAL:00
BEI_SNR:00,00,00,00,00,00,00,00,00,00,00,00,00,00,00,SNR_AVG:0.00
QZS_PRN:00,00,00,00,00,SAT_TAL:00
QZS_SNR:00,00,00,00,00,SNR_AVG:0.00
SatInView:15 GDOP:123
Roll:97.411255 Pitch:62.305515
X_AVG:-9.050600 Y_AVG:5.113735 Z_AVG:-2.286269
X_SD:8.218056 Y_SD:7.575351 Z_SD:2.449988
$MXCM10033,2,35,20240102,064643,12,0E713A6C,47EF3A9E,00DA,000E,07DA,0C,8202*6A
GPS_PRN:19608,16,31,26,09,28,21,18,02,19419919504,00,SAT_TAL:14
GPS_SNR:31,36,32,35,34,36,31,31,33,32,28,28,33,32,00,SNR_AVG:32.29
GLO_PRN:00,00,00,00,00,00,00,00,00,00,00,00,00,00,00,SAT_TAL:00
GLO_SNR:00,00,00,00,00,00,00,00,00,00,00,00,00,00,00,SNR_AVG:0.00
GAL_PRN:00,00,00,00,00,00,00,00,00,00,00,00,00,00,00,SAT_TAL:00
GAL_SNR:00,00,00,00,00,00,00,00,00,00,00,00,00,00,00,SNR_AVG:0.00
BEI_PRN:00,00,00,00,00,00,00,00,00,00,00,00,00,00,00,SAT_TAL:00
BEI_SNR:00,00,00,00,00,00,00,00,00,00,00,00,00,00,00,SNR_AVG:0.00
QZS_PRN:00,00,00,00,00,SAT_TAL:00
QZS_SNR:00,00,00,00,00,SNR_AVG:0.00
SatInView:14 GDOP:173
Roll:93.624245 Pitch:48.678917
X_AVG:-7.300355 Y_AVG:6.100309 Z_AVG:-2.770865
X_SD:7.073327 Y_SD:8.022546 Z_SD:4.363297
$MXCM10033,2,36,20240102,064659,12,0E713F31,47EF9DEB,00E1,0014,336A,0C,8202*12
GPS_PRN:19608,16,31,26,09,28,21,18,02,19419919504,00,SAT_TAL:14
GPS_SNR:31,36,34,32,27,32,33,32,34,34,27,25,35,35,00,SNR_AVG:31.93
GLO_PRN:00,00,00,00,00,00,00,00,00,00,00,00,00,00,00,SAT_TAL:00
GLO_SNR:00,00,00,00,00,00,00,00,00,00,00,00,00,00,00,SNR_AVG:0.00
GAL_PRN:00,00,00,00,00,00,00,00,00,00,00,00,00,00,00,SAT_TAL:00
GAL_SNR:00,00,00,00,00,00,00,00,00,00,00,00,00,00,00,SNR_AVG:0.00
BEI_PRN:00,00,00,00,00,00,00,00,00,00,00,00,00,00,00,SAT_TAL:00
BEI_SNR:00,00,00,00,00,00,00,00,00,00,00,00,00,00,00,SNR_AVG:0.00
QZS_PRN:00,00,00,00,00,SAT_TAL:00
QZS_SNR:00,00,00,00,00,SNR_AVG:0.00
SatInView:14 GDOP:123
Roll:112.980087 Pitch:49.817600
X_AVG:-10.192513 Y_AVG:8.113969 Z_AVG:-3.725022
X_SD:5.865127 Y_SD:6.814149 Z_SD:2.780736
$MXCM10033,2,37,20240102,064915,12,0E70FFBE,47EF9F0B,00E1,0000,877C,08,8201*63
GPS_PRN:19608,16,31,26,09,28,21,18,02,19419919504,00,SAT_TAL:09
GPS_SNR:24,00,18,29,16,00,29,18,00,15,16,00,24,00,00,SNR_AVG:21.00
GLO_PRN:00,00,00,00,00,00,00,00,00,00,00,00,00,00,00,SAT_TAL:00
GLO_SNR:00,00,00,00,00,00,00,00,00,00,00,00,00,00,00,SNR_AVG:0.00
GAL_PRN:00,00,00,00,00,00,00,00,00,00,00,00,00,00,00,SAT_TAL:00
GAL_SNR:00,00,00,00,00,00,00,00,00,00,00,00,00,00,00,SNR_AVG:0.00
BEI_PRN:00,00,00,00,00,00,00,00,00,00,00,00,00,00,00,SAT_TAL:00
BEI_SNR:00,00,00,00,00,00,00,00,00,00,00,00,00,00,00,SNR_AVG:0.00
QZS_PRN:00,00,00,00,00,SAT_TAL:00
QZS_SNR:00,00,00,00,00,SNR_AVG:0.00
SatInView:14 GDOP:188
Roll:108.474564 Pitch:6.405815
X_AVG:-1.935799 Y_AVG:9.413568 Z_AVG:-3.272892
X_SD:0.143653 Y_SD:0.158499 Z_SD:0.155419
$MXCM10033,2,38,20240102,064930,12,0E710280,47EFA31A,00E1,0000,1F7C,0B,8201*6A
GPS_PRN:19608,16,31,26,09,28,21,18,02,19419919504,00,SAT_TAL:12
GPS_SNR:20,17,17,38,24,00,35,25,16,31,16,00,22,15,00,SNR_AVG:23.00
GLO_PRN:00,00,00,00,00,00,00,00,00,00,00,00,00,00,00,SAT_TAL:00
GLO_SNR:00,00,00,00,00,00,00,00,00,00,00,00,00,00,00,SNR_AVG:0.00
GAL_PRN:00,00,00,00,00,00,00,00,00,00,00,00,00,00,00,SAT_TAL:00
GAL_SNR:00,00,00,00,00,00,00,00,00,00,00,00,00,00,00,SNR_AVG:0.00
BEI_PRN:00,00,00,00,00,00,00,00,00,00,00,00,00,00,00,SAT_TAL:00
BEI_SNR:00,00,00,00,00,00,00,00,00,00,00,00,00,00,00,SNR_AVG:0.00
QZS_PRN:00,00,00,00,00,SAT_TAL:00
QZS_SNR:00,00,00,00,00,SNR_AVG:0.00
SatInView:14 GDOP:140
Roll:131.752640 Pitch:35.204967
X_AVG:-5.064796 Y_AVG:4.758284 Z_AVG:-6.240564
X_SD:5.715008 Y_SD:7.200451 Z_SD:5.134131
$MXCM10033,2,39,20240102,065146,12,0E7101D2,47EF9BA2,00E1,0000,7893,07,8201*67
GPS_PRN:19608,16,31,26,09,28,21,18,02,19419919504,00,SAT_TAL:08
GPS_SNR:00,17,21,25,19,00,29,28,00,20,00,00,21,00,00,SNR_AVG:22.50
GLO_PRN:00,00,00,00,00,00,00,00,00,00,00,00,00,00,00,SAT_TAL:00
GLO_SNR:00,00,00,00,00,00,00,00,00,00,00,00,00,00,00,SNR_AVG:0.00
GAL_PRN:00,00,00,00,00,00,00,00,00,00,00,00,00,00,00,SAT_TAL:00
GAL_SNR:00,00,00,00,00,00,00,00,00,00,00,00,00,00,00,SNR_AVG:0.00
BEI_PRN:00,00,00,00,00,00,00,00,00,00,00,00,00,00,00,SAT_TAL:00
BEI_SNR:00,00,00,00,00,00,00,00,00,00,00,00,00,00,00,SNR_AVG:0.00
QZS_PRN:00,00,00,00,00,SAT_TAL:00
QZS_SNR:00,00,00,00,00,SNR_AVG:0.00
SatInView:14 GDOP:172
Roll:97.009575 Pitch:31.623962
X_AVG:-5.324620 Y_AVG:8.138822 Z_AVG:-1.783046
X_SD:0.094040 Y_SD:0.090861 Z_SD:0.137128
$MXCM10033,2,40,20240102,065201,12,0E71017A,47EF9E40,00E1,0000,7893,0A,8201*6F
GPS_PRN:19608,16,31,26,09,28,21,18,02,19419919504,00,SAT_TAL:11
GPS_SNR:16,16,19,27,21,00,19,20,00,20,17,00,24,13,00,SNR_AVG:19.27
GLO_PRN:00,00,00,00,00,00,00,00,00,00,00,00,00,00,00,SAT_TAL:00
GLO_SNR:00,00,00,00,00,00,00,00,00,00,00,00,00,00,00,SNR_AVG:0.00
GAL_PRN:00,00,00,00,00,00,00,00,00,00,00,00,00,00,00,SAT_TAL:00
GAL_SNR:00,00,00,00,00,00,00,00,00,00,00,00,00,00,00,SNR_AVG:0.00
BEI_PRN:00,00,00,00,00,00,00,00,00,00,00,00,00,00,00,SAT_TAL:00
BEI_SNR:00,00,00,00,00,00,00,00,00,00,00,00,00,00,00,SNR_AVG:0.00
QZS_PRN:00,00,00,00,00,SAT_TAL:00
QZS_SNR:00,00,00,00,00,SNR_AVG:0.00
SatInView:14 GDOP:152
Roll:94.159302 Pitch:33.941605
X_AVG:-5.471723 Y_AVG:7.400962 Z_AVG:-2.193324
X_SD:4.130290 Y_SD:5.541934 Z_SD:3.837564
$MXCM10033,2,41,20240102,065416,00,0E70FE4D,47EF9D00,00E1,0000,4C99,00,8202*6D
GPS_PRN:19604,31,26,09,28,21,18,02,07,19419919508,00,SAT_TAL:03
GPS_SNR:00,00,00,00,00,00,16,00,18,00,14,00,00,00,00,SNR_AVG:16.00
GLO_PRN:00,00,00,00,00,00,00,00,00,00,00,00,00,00,00,SAT_TAL:00
GLO_SNR:00,00,00,00,00,00,00,00,00,00,00,00,00,00,00,SNR_AVG:0.00
GAL_PRN:00,00,00,00,00,00,00,00,00,00,00,00,00,00,00,SAT_TAL:00
GAL_SNR:00,00,00,00,00,00,00,00,00,00,00,00,00,00,00,SNR_AVG:0.00
BEI_PRN:00,00,00,00,00,00,00,00,00,00,00,00,00,00,00,SAT_TAL:00
BEI_SNR:00,00,00,00,00,00,00,00,00,00,00,00,00,00,00,SNR_AVG:0.00
QZS_PRN:00,00,00,00,00,SAT_TAL:00
QZS_SNR:00,00,00,00,00,SNR_AVG:0.00
SatInView:14 GDOP:11182
Roll:142.749176 Pitch:57.832157
X_AVG:-8.625620 Y_AVG:3.283426 Z_AVG:-4.276035
X_SD:0.078616 Y_SD:0.066889 Z_SD:0.104556
$MXCM10033,2,42,20240102,065431,00,0E7101D7,47EFA2B3,00E1,0000,4C8B,00,8202*6E
GPS_PRN:19604,16,31,26,09,28,21,18,02,07,19419919508,SAT_TAL:02
GPS_SNR:00,00,00,00,00,00,00,17,00,16,00,00,00,00,00,SNR_AVG:16.50
GLO_PRN:00,00,00,00,00,00,00,00,00,00,00,00,00,00,00,SAT_TAL:00
GLO_SNR:00,00,00,00,00,00,00,00,00,00,00,00,00,00,00,SNR_AVG:0.00
GAL_PRN:00,00,00,00,00,00,00,00,00,00,00,00,00,00,00,SAT_TAL:00
GAL_SNR:00,00,00,00,00,00,00,00,00,00,00,00,00,00,00,SNR_AVG:0.00
BEI_PRN:00,00,00,00,00,00,00,00,00,00,00,00,00,00,00,SAT_TAL:00
BEI_SNR:00,00,00,00,00,00,00,00,00,00,00,00,00,00,00,SNR_AVG:0.00
QZS_PRN:00,00,00,00,00,SAT_TAL:00
QZS_SNR:00,00,00,00,00,SNR_AVG:0.00
SatInView:15 GDOP:14116
Roll:153.770279 Pitch:90.000000
X_AVG:-9.377559 Y_AVG:1.592463 Z_AVG:-3.236499
X_SD:0.423179 Y_SD:0.470832 Z_SD:0.885747
$MXCM10033,2,43,20240102,065646,00,0E71089E,47EF9D57,00E1,0000,0000,00,8201*18
GPS_PRN:19604,16,31,26,09,28,21,18,02,07,19419919508,SAT_TAL:02
GPS_SNR:00,00,00,00,22,00,18,00,00,00,00,00,00,00,00,SNR_AVG:20.00
GLO_PRN:00,00,00,00,00,00,00,00,00,00,00,00,00,00,00,SAT_TAL:00
GLO_SNR:00,00,00,00,00,00,00,00,00,00,00,00,00,00,00,SNR_AVG:0.00
GAL_PRN:00,00,00,00,00,00,00,00,00,00,00,00,00,00,00,SAT_TAL:00
GAL_SNR:00,00,00,00,00,00,00,00,00,00,00,00,00,00,00,SNR_AVG:0.00
BEI_PRN:00,00,00,00,00,00,00,00,00,00,00,00,00,00,00,SAT_TAL:00
BEI_SNR:00,00,00,00,00,00,00,00,00,00,00,00,00,00,00,SNR_AVG:0.00
QZS_PRN:00,00,00,00,00,SAT_TAL:00
QZS_SNR:00,00,00,00,00,SNR_AVG:0.00
SatInView:15 GDOP:13084
Roll:122.203392 Pitch:25.636389
X_AVG:-4.720743 Y_AVG:7.715183 Z_AVG:-4.940726
X_SD:0.216808 Y_SD:0.131958 Z_SD:0.252456
$MXCM10033,2,44,20240102,065701,00,0E7106A3,47EF9C7C,00E1,0000,8063,00,8201*61
GPS_PRN:19604,16,31,26,09,28,21,18,02,07,19419919508,SAT_TAL:06
GPS_SNR:00,00,00,20,17,00,18,17,00,18,00,16,00,00,00,SNR_AVG:17.67
GLO_PRN:00,00,00,00,00,00,00,00,00,00,00,00,00,00,00,SAT_TAL:00
GLO_SNR:00,00,00,00,00,00,00,00,00,00,00,00,00,00,00,SNR_AVG:0.00
GAL_PRN:00,00,00,00,00,00,00,00,00,00,00,00,00,00,00,SAT_TAL:00
GAL_SNR:00,00,00,00,00,00,00,00,00,00,00,00,00,00,00,SNR_AVG:0.00
BEI_PRN:00,00,00,00,00,00,00,00,00,00,00,00,00,00,00,SAT_TAL:00
BEI_SNR:00,00,00,00,00,00,00,00,00,00,00,00,00,00,00,SNR_AVG:0.00
QZS_PRN:00,00,00,00,00,SAT_TAL:00
QZS_SNR:00,00,00,00,00,SNR_AVG:0.00
SatInView:15 GDOP:212
Roll:129.870255 Pitch:37.316620
X_AVG:-6.262639 Y_AVG:6.187508 Z_AVG:-5.436432
X_SD:0.094337 Y_SD:0.076935 Z_SD:0.106204
$MXCM10033,2,45,20240102,065916,00,0E710C64,47EFA8BE,00E1,0000,0000,00,8201*10
GPS_PRN:19604,16,31,26,09,21,18,02,19419919508,00,00,SAT_TAL:05
GPS_SNR:19,00,00,28,20,00,20,00,24,00,00,00,00,00,00,SNR_AVG:22.20
GLO_PRN:00,00,00,00,00,00,00,00,00,00,00,00,00,00,00,SAT_TAL:00
GLO_SNR:00,00,00,00,00,00,00,00,00,00,00,00,00,00,00,SNR_AVG:0.00
GAL_PRN:00,00,00,00,00,00,00,00,00,00,00,00,00,00,00,SAT_TAL:00
GAL_SNR:00,00,00,00,00,00,00,00,00,00,00,00,00,00,00,SNR_AVG:0.00
BEI_PRN:00,00,00,00,00,00,00,00,00,00,00,00,00,00,00,SAT_TAL:00
BEI_SNR:00,00,00,00,00,00,00,00,00,00,00,00,00,00,00,SNR_AVG:0.00
QZS_PRN:00,00,00,00,00,SAT_TAL:00
QZS_SNR:00,00,00,00,00,SNR_AVG:0.00
SatInView:13 GDOP:348
Roll:90.283089 Pitch:40.641804
X_AVG:-6.522128 Y_AVG:7.112311 Z_AVG:-0.297749
X_SD:0.087214 Y_SD:0.083154 Z_SD:0.148580
$MXCM10033,2,46,20240102,065931,12,0E7107C7,47EFA1F9,00E1,0000,0000,0B,8201*14
GPS_PRN:19604,16,31,26,09,28,21,18,02,07,19419919508,SAT_TAL:11
GPS_SNR:18,16,19,30,21,00,26,24,14,25,00,16,00,23,00,SNR_AVG:21.09
GLO_PRN:00,00,00,00,00,00,00,00,00,00,00,00,00,00,00,SAT_TAL:00
GLO_SNR:00,00,00,00,00,00,00,00,00,00,00,00,00,00,00,SNR_AVG:0.00
GAL_PRN:00,00,00,00,00,00,00,00,00,00,00,00,00,00,00,SAT_TAL:00
GAL_SNR:00,00,00,00,00,00,00,00,00,00,00,00,00,00,00,SNR_AVG:0.00
BEI_PRN:00,00,00,00,00,00,00,00,00,00,00,00,00,00,00,SAT_TAL:00
BEI_SNR:00,00,00,00,00,00,00,00,00,00,00,00,00,00,00,SNR_AVG:0.00
QZS_PRN:00,00,00,00,00,SAT_TAL:00
QZS_SNR:00,00,00,00,00,SNR_AVG:0.00
SatInView:15 GDOP:141
Roll:89.141136 Pitch:44.652241
X_AVG:-6.785448 Y_AVG:6.824666 Z_AVG:-0.120574
X_SD:0.080384 Y_SD:0.068953 Z_SD:0.110523
$MXCM10033,2,47,20240102,070147,12,0E710324,47EFA50A,00E1,0000,73F7,09,8201*6A
GPS_PRN:19604,16,31,26,09,21,28,02,18,07,19419919508,SAT_TAL:09
GPS_SNR:18,00,00,24,18,00,26,22,23,14,00,17,00,26,00,SNR_AVG:20.89
GLO_PRN:00,00,00,00,00,00,00,00,00,00,00,00,00,00,00,SAT_TAL:00
GLO_SNR:00,00,00,00,00,00,00,00,00,00,00,00,00,00,00,SNR_AVG:0.00
GAL_PRN:00,00,00,00,00,00,00,00,00,00,00,00,00,00,00,SAT_TAL:00
GAL_SNR:00,00,00,00,00,00,00,00,00,00,00,00,00,00,00,SNR_AVG:0.00
BEI_PRN:00,00,00,00,00,00,00,00,00,00,00,00,00,00,00,SAT_TAL:00
BEI_SNR:00,00,00,00,00,00,00,00,00,00,00,00,00,00,00,SNR_AVG:0.00
QZS_PRN:00,00,00,00,00,SAT_TAL:00
QZS_SNR:00,00,00,00,00,SNR_AVG:0.00
SatInView:15 GDOP:191
Roll:89.297546 Pitch:27.169165
X_AVG:-4.893416 Y_AVG:8.239380 Z_AVG:0.376903
X_SD:0.086179 Y_SD:0.069022 Z_SD:0.117769
$MXCM10033,2,48,20240102,070202,12,0E70FD1B,47EFA8B3,00E1,0000,73F7,0A,8201*67
GPS_PRN:19604,16,31,26,09,21,28,02,18,07,19419919508,SAT_TAL:12
GPS_SNR:19,00,15,22,23,00,26,13,24,00,13,18,15,26,18,SNR_AVG:19.33
GLO_PRN:00,00,00,00,00,00,00,00,00,00,00,00,00,00,00,SAT_TAL:00
GLO_SNR:00,00,00,00,00,00,00,00,00,00,00,00,00,00,00,SNR_AVG:0.00
GAL_PRN:00,00,00,00,00,00,00,00,00,00,00,00,00,00,00,SAT_TAL:00
GAL_SNR:00,00,00,00,00,00,00,00,00,00,00,00,00,00,00,SNR_AVG:0.00
BEI_PRN:00,00,00,00,00,00,00,00,00,00,00,00,00,00,00,SAT_TAL:00
BEI_SNR:00,00,00,00,00,00,00,00,00,00,00,00,00,00,00,SNR_AVG:0.00
QZS_PRN:00,00,00,00,00,SAT_TAL:00
QZS_SNR:00,00,00,00,00,SNR_AVG:0.00
SatInView:15 GDOP:162
Roll:90.210861 Pitch:30.804264
X_AVG:-5.091133 Y_AVG:8.069340 Z_AVG:0.557142
X_SD:0.089651 Y_SD:0.070216 Z_SD:0.114698
$MXCM10033,2,49,20240102,070417,00,0E70F9C7,47EF79DC,00E1,0000,3599,00,8201*1E
GPS_PRN:19604,16,31,09,26,21,28,02,18,07,19419919508,SAT_TAL:06
GPS_SNR:15,00,17,00,00,00,19,23,23,00,00,00,00,26,00,SNR_AVG:20.50
GLO_PRN:00,00,00,00,00,00,00,00,00,00,00,00,00,00,00,SAT_TAL:00
GLO_SNR:00,00,00,00,00,00,00,00,00,00,00,00,00,00,00,SNR_AVG:0.00
GAL_PRN:00,00,00,00,00,00,00,00,00,00,00,00,00,00,00,SAT_TAL:00
GAL_SNR:00,00,00,00,00,00,00,00,00,00,00,00,00,00,00,SNR_AVG:0.00
BEI_PRN:00,00,00,00,00,00,00,00,00,00,00,00,00,00,00,SAT_TAL:00
BEI_SNR:00,00,00,00,00,00,00,00,00,00,00,00,00,00,00,SNR_AVG:0.00
QZS_PRN:00,00,00,00,00,SAT_TAL:00
QZS_SNR:00,00,00,00,00,SNR_AVG:0.00
SatInView:15 GDOP:215
Roll:53.947617 Pitch:-36.552208
X_AVG:5.119098 Y_AVG:5.993669 Z_AVG:4.552044
X_SD:0.082562 Y_SD:0.068924 Z_SD:0.104856
$MXCM10033,2,50,20240102,070433,12,0E70FE7E,47EFA362,00E1,0000,3337,08,8201*1C
GPS_PRN:19604,16,31,09,26,21,28,02,18,19419919508,00,SAT_TAL:08
GPS_SNR:16,00,17,17,00,00,13,23,24,00,00,00,26,12,00,SNR_AVG:18.50
GLO_PRN:00,00,00,00,00,00,00,00,00,00,00,00,00,00,00,SAT_TAL:00
GLO_SNR:00,00,00,00,00,00,00,00,00,00,00,00,00,00,00,SNR_AVG:0.00
GAL_PRN:00,00,00,00,00,00,00,00,00,00,00,00,00,00,00,SAT_TAL:00
GAL_SNR:00,00,00,00,00,00,00,00,00,00,00,00,00,00,00,SNR_AVG:0.00
BEI_PRN:00,00,00,00,00,00,00,00,00,00,00,00,00,00,00,SAT_TAL:00
BEI_SNR:00,00,00,00,00,00,00,00,00,00,00,00,00,00,00,SNR_AVG:0.00
QZS_PRN:00,00,00,00,00,SAT_TAL:00
QZS_SNR:00,00,00,00,00,SNR_AVG:0.00
SatInView:14 GDOP:175
Roll:56.356476 Pitch:-30.972860
X_AVG:5.002833 Y_AVG:6.261059 Z_AVG:4.392012
X_SD:0.081846 Y_SD:0.071336 Z_SD:0.115588
$MXCM10033,2,51,20240102,070648,12,0E7102D9,47EFA06B,00E1,0000,1DF7,07,8202*63
GPS_PRN:19604,16,31,09,26,21,28,02,18,07,19419919508,SAT_TAL:07
GPS_SNR:00,00,20,22,00,22,00,28,24,00,00,00,00,18,17,SNR_AVG:21.57
GLO_PRN:00,00,00,00,00,00,00,00,00,00,00,00,00,00,00,SAT_TAL:00
GLO_SNR:00,00,00,00,00,00,00,00,00,00,00,00,00,00,00,SNR_AVG:0.00
GAL_PRN:00,00,00,00,00,00,00,00,00,00,00,00,00,00,00,SAT_TAL:00
GAL_SNR:00,00,00,00,00,00,00,00,00,00,00,00,00,00,00,SNR_AVG:0.00
BEI_PRN:00,00,00,00,00,00,00,00,00,00,00,00,00,00,00,SAT_TAL:00
BEI_SNR:00,00,00,00,00,00,00,00,00,00,00,00,00,00,00,SNR_AVG:0.00
QZS_PRN:00,00,00,00,00,SAT_TAL:00
QZS_SNR:00,00,00,00,00,SNR_AVG:0.00
SatInView:15 GDOP:172
Roll:-148.428299 Pitch:-24.256584
X_AVG:5.654835 Y_AVG:-5.454915 Z_AVG:-7.081329
X_SD:2.985168 Y_SD:3.046309 Z_SD:1.701091
$MXCM10033,2,52,20240102,070703,12,0E7102D6,47EF9B6B,00E1,0000,1DF7,0B,8202*1E
GPS_PRN:19604,16,31,09,26,21,28,02,18,19419919508,00,SAT_TAL:11
GPS_SNR:18,00,22,21,00,27,16,17,28,24,21,00,19,13,00,SNR_AVG:20.55
GLO_PRN:00,00,00,00,00,00,00,00,00,00,00,00,00,00,00,SAT_TAL:00
GLO_SNR:00,00,00,00,00,00,00,00,00,00,00,00,00,00,00,SNR_AVG:0.00
GAL_PRN:00,00,00,00,00,00,00,00,00,00,00,00,00,00,00,SAT_TAL:00
GAL_SNR:00,00,00,00,00,00,00,00,00,00,00,00,00,00,00,SNR_AVG:0.00
BEI_PRN:00,00,00,00,00,00,00,00,00,00,00,00,00,00,00,SAT_TAL:00
BEI_SNR:00,00,00,00,00,00,00,00,00,00,00,00,00,00,00,SNR_AVG:0.00
QZS_PRN:00,00,00,00,00,SAT_TAL:00
QZS_SNR:00,00,00,00,00,SNR_AVG:0.00
SatInView:14 GDOP:152
Roll:-144.543671 Pitch:-30.040558
X_AVG:5.728674 Y_AVG:-5.396974 Z_AVG:-7.390810
X_SD:0.155661 Y_SD:0.140918 Z_SD:0.148860
$MXCM10033,2,53,20240102,070919,12,0E70F874,47EFA089,00E0,0000,0000,0D,8202*6A
GPS_PRN:19604,16,31,09,26,21,28,02,18,07,19419919508,SAT_TAL:13
GPS_SNR:32,00,12,46,21,25,29,34,36,24,21,15,00,42,21,SNR_AVG:27.54
GLO_PRN:00,00,00,00,00,00,00,00,00,00,00,00,00,00,00,SAT_TAL:00
GLO_SNR:00,00,00,00,00,00,00,00,00,00,00,00,00,00,00,SNR_AVG:0.00
GAL_PRN:00,00,00,00,00,00,00,00,00,00,00,00,00,00,00,SAT_TAL:00
GAL_SNR:00,00,00,00,00,00,00,00,00,00,00,00,00,00,00,SNR_AVG:0.00
BEI_PRN:00,00,00,00,00,00,00,00,00,00,00,00,00,00,00,SAT_TAL:00
BEI_SNR:00,00,00,00,00,00,00,00,00,00,00,00,00,00,00,SNR_AVG:0.00
QZS_PRN:00,00,00,00,00,SAT_TAL:00
QZS_SNR:00,00,00,00,00,SNR_AVG:0.00
SatInView:15 GDOP:110
Roll:-153.217194 Pitch:-28.933008
X_AVG:5.505721 Y_AVG:-4.821780 Z_AVG:-8.647169
X_SD:0.124146 Y_SD:0.142482 Z_SD:0.105748
$MXCM10033,2,54,20240102,070934,12,0E70F6DC,47EF9EE6,00E1,0000,0000,0E,8202*17
GPS_PRN:19604,16,31,09,26,21,02,28,18,07,19419919508,SAT_TAL:14
GPS_SNR:31,14,19,46,21,19,25,34,34,26,20,16,00,42,17,SNR_AVG:26.00
GLO_PRN:00,00,00,00,00,00,00,00,00,00,00,00,00,00,00,SAT_TAL:00
GLO_SNR:00,00,00,00,00,00,00,00,00,00,00,00,00,00,00,SNR_AVG:0.00
GAL_PRN:00,00,00,00,00,00,00,00,00,00,00,00,00,00,00,SAT_TAL:00
GAL_SNR:00,00,00,00,00,00,00,00,00,00,00,00,00,00,00,SNR_AVG:0.00
BEI_PRN:00,00,00,00,00,00,00,00,00,00,00,00,00,00,00,SAT_TAL:00
BEI_SNR:00,00,00,00,00,00,00,00,00,00,00,00,00,00,00,SNR_AVG:0.00
QZS_PRN:00,00,00,00,00,SAT_TAL:00
QZS_SNR:00,00,00,00,00,SNR_AVG:0.00
SatInView:15 GDOP:107
Roll:-153.511200 Pitch:-28.975233
X_AVG:5.502800 Y_AVG:-4.834278 Z_AVG:-8.654878
X_SD:0.074579 Y_SD:0.070728 Z_SD:0.114582
$MXCM10033,2,55,20240102,071149,12,0E70FA03,47EF9FA1,00E1,0000,7A72,0B,8202*12
GPS_PRN:19604,16,31,09,26,21,02,28,07,18,19419919508,SAT_TAL:12
GPS_SNR:28,00,25,48,16,20,31,37,39,00,16,17,00,38,19,SNR_AVG:27.83
GLO_PRN:00,00,00,00,00,00,00,00,00,00,00,00,00,00,00,SAT_TAL:00
GLO_SNR:00,00,00,00,00,00,00,00,00,00,00,00,00,00,00,SNR_AVG:0.00
GAL_PRN:00,00,00,00,00,00,00,00,00,00,00,00,00,00,00,SAT_TAL:00
GAL_SNR:00,00,00,00,00,00,00,00,00,00,00,00,00,00,00,SNR_AVG:0.00
BEI_PRN:00,00,00,00,00,00,00,00,00,00,00,00,00,00,00,SAT_TAL:00
BEI_SNR:00,00,00,00,00,00,00,00,00,00,00,00,00,00,00,SNR_AVG:0.00
QZS_PRN:00,00,00,00,00,SAT_TAL:00
QZS_SNR:00,00,00,00,00,SNR_AVG:0.00
SatInView:15 GDOP:126
Roll:-153.510941 Pitch:-28.975225
X_AVG:5.499305 Y_AVG:-4.818955 Z_AVG:-8.633761
X_SD:0.079062 Y_SD:0.067528 Z_SD:0.118975
$MXCM10033,2,56,20240102,071205,12,0E70FA03,47EF9F17,00E1,0000,7A72,0D,8202*6A
GPS_PRN:19604,16,31,09,26,21,02,28,18,19419919508,00,SAT_TAL:13
GPS_SNR:28,16,24,48,18,25,33,39,40,21,15,00,39,21,00,SNR_AVG:28.23
GLO_PRN:00,00,00,00,00,00,00,00,00,00,00,00,00,00,00,SAT_TAL:00
GLO_SNR:00,00,00,00,00,00,00,00,00,00,00,00,00,00,00,SNR_AVG:0.00
GAL_PRN:00,00,00,00,00,00,00,00,00,00,00,00,00,00,00,SAT_TAL:00
GAL_SNR:00,00,00,00,00,00,00,00,00,00,00,00,00,00,00,SNR_AVG:0.00
BEI_PRN:00,00,00,00,00,00,00,00,00,00,00,00,00,00,00,SAT_TAL:00
BEI_SNR:00,00,00,00,00,00,00,00,00,00,00,00,00,00,00,SNR_AVG:0.00
QZS_PRN:00,00,00,00,00,SAT_TAL:00
QZS_SNR:00,00,00,00,00,SNR_AVG:0.00
SatInView:14 GDOP:121
Roll:-153.510941 Pitch:-28.975256
X_AVG:5.497533 Y_AVG:-4.815459 Z_AVG:-8.628254
X_SD:0.070775 Y_SD:0.057924 Z_SD:0.118361
$MXCM10033,2,57,20240102,071421,12,0E70F680,47EFA1C7,00DF,0000,834F,0B,8202*10
GPS_PRN:19604,16,09,31,26,21,02,28,07,18,19419919508,SAT_TAL:11
GPS_SNR:29,00,22,00,48,27,36,35,39,00,18,20,00,44,22,SNR_AVG:30.91
GLO_PRN:00,00,00,00,00,00,00,00,00,00,00,00,00,00,00,SAT_TAL:00
GLO_SNR:00,00,00,00,00,00,00,00,00,00,00,00,00,00,00,SNR_AVG:0.00
GAL_PRN:00,00,00,00,00,00,00,00,00,00,00,00,00,00,00,SAT_TAL:00
GAL_SNR:00,00,00,00,00,00,00,00,00,00,00,00,00,00,00,SNR_AVG:0.00
BEI_PRN:00,00,00,00,00,00,00,00,00,00,00,00,00,00,00,SAT_TAL:00
BEI_SNR:00,00,00,00,00,00,00,00,00,00,00,00,00,00,00,SNR_AVG:0.00
QZS_PRN:00,00,00,00,00,SAT_TAL:00
QZS_SNR:00,00,00,00,00,SNR_AVG:0.00
SatInView:15 GDOP:153
Roll:-153.511993 Pitch:-28.975372
X_AVG:5.474692 Y_AVG:-4.851325 Z_AVG:-8.631031
X_SD:0.079712 Y_SD:0.071441 Z_SD:0.106716
$MXCM10033,2,58,20240102,071436,12,0E70F4B6,47EFA27C,00DF,0000,84A2,0B,8202*62
GPS_PRN:19604,16,09,31,26,21,02,28,18,19419919508,00,SAT_TAL:12
GPS_SNR:30,00,18,00,48,23,36,34,41,18,20,14,44,27,00,SNR_AVG:29.42
GLO_PRN:00,00,00,00,00,00,00,00,00,00,00,00,00,00,00,SAT_TAL:00
GLO_SNR:00,00,00,00,00,00,00,00,00,00,00,00,00,00,00,SNR_AVG:0.00
GAL_PRN:00,00,00,00,00,00,00,00,00,00,00,00,00,00,00,SAT_TAL:00
GAL_SNR:00,00,00,00,00,00,00,00,00,00,00,00,00,00,00,SNR_AVG:0.00
BEI_PRN:00,00,00,00,00,00,00,00,00,00,00,00,00,00,00,SAT_TAL:00
BEI_SNR:00,00,00,00,00,00,00,00,00,00,00,00,00,00,00,SNR_AVG:0.00
QZS_PRN:00,00,00,00,00,SAT_TAL:00
QZS_SNR:00,00,00,00,00,SNR_AVG:0.00
SatInView:14 GDOP:153
Roll:-153.510925 Pitch:-28.975164
X_AVG:5.467030 Y_AVG:-4.844094 Z_AVG:-8.620593
X_SD:0.079925 Y_SD:0.065801 Z_SD:0.105132
$MXCM10033,2,59,20240102,071652,12,0E70F8DF,47EFA4AF,00DE,0000,38EA,09,8202*64
GPS_PRN:19604,16,09,31,26,21,02,28,18,19419919508,00,SAT_TAL:10
GPS_SNR:33,00,00,00,45,29,38,27,45,27,19,00,42,16,00,SNR_AVG:32.10
GLO_PRN:00,00,00,00,00,00,00,00,00,00,00,00,00,00,00,SAT_TAL:00
GLO_SNR:00,00,00,00,00,00,00,00,00,00,00,00,00,00,00,SNR_AVG:0.00
GAL_PRN:00,00,00,00,00,00,00,00,00,00,00,00,00,00,00,SAT_TAL:00
GAL_SNR:00,00,00,00,00,00,00,00,00,00,00,00,00,00,00,SNR_AVG:0.00
BEI_PRN:00,00,00,00,00,00,00,00,00,00,00,00,00,00,00,SAT_TAL:00
BEI_SNR:00,00,00,00,00,00,00,00,00,00,00,00,00,00,00,SNR_AVG:0.00
QZS_PRN:00,00,00,00,00,SAT_TAL:00
QZS_SNR:00,00,00,00,00,SNR_AVG:0.00
SatInView:14 GDOP:181
Roll:-153.479385 Pitch:-28.974245
X_AVG:5.525833 Y_AVG:-4.827047 Z_AVG:-8.459651
X_SD:0.164217 Y_SD:0.143886 Z_SD:0.132696
$MXCM10033,2,60,20240102,071707,12,0E70F887,47EFA541,00DE,0000,38EA,0A,8202*19
GPS_PRN:19604,16,09,31,26,21,02,28,18,19419919508,00,SAT_TAL:11
GPS_SNR:32,17,00,00,45,26,38,30,45,30,18,00,42,22,00,SNR_AVG:31.36
GLO_PRN:00,00,00,00,00,00,00,00,00,00,00,00,00,00,00,SAT_TAL:00
GLO_SNR:00,00,00,00,00,00,00,00,00,00,00,00,00,00,00,SNR_AVG:0.00
GAL_PRN:00,00,00,00,00,00,00,00,00,00,00,00,00,00,00,SAT_TAL:00
GAL_SNR:00,00,00,00,00,00,00,00,00,00,00,00,00,00,00,SNR_AVG:0.00
BEI_PRN:00,00,00,00,00,00,00,00,00,00,00,00,00,00,00,SAT_TAL:00
BEI_SNR:00,00,00,00,00,00,00,00,00,00,00,00,00,00,00,SNR_AVG:0.00
QZS_PRN:00,00,00,00,00,SAT_TAL:00
QZS_SNR:00,00,00,00,00,SNR_AVG:0.00
SatInView:14 GDOP:164
Roll:-152.514923 Pitch:-28.334906
X_AVG:5.530765 Y_AVG:-4.804158 Z_AVG:-8.435230
X_SD:0.242948 Y_SD:0.208093 Z_SD:0.143901
$MXCM10033,2,61,20240102,071923,12,0E70F92F,47EF9DEE,00DE,0000,36FF,0A,8202*6C
GPS_PRN:19604,16,09,31,26,21,02,07,28,18,19419919508,SAT_TAL:13
GPS_SNR:31,00,30,17,49,29,26,25,00,45,20,18,16,38,18,SNR_AVG:27.85
GLO_PRN:00,00,00,00,00,00,00,00,00,00,00,00,00,00,00,SAT_TAL:00
GLO_SNR:00,00,00,00,00,00,00,00,00,00,00,00,00,00,00,SNR_AVG:0.00
GAL_PRN:00,00,00,00,00,00,00,00,00,00,00,00,00,00,00,SAT_TAL:00
GAL_SNR:00,00,00,00,00,00,00,00,00,00,00,00,00,00,00,SNR_AVG:0.00
BEI_PRN:00,00,00,00,00,00,00,00,00,00,00,00,00,00,00,SAT_TAL:00
BEI_SNR:00,00,00,00,00,00,00,00,00,00,00,00,00,00,00,SNR_AVG:0.00
QZS_PRN:00,00,00,00,00,SAT_TAL:00
QZS_SNR:00,00,00,00,00,SNR_AVG:0.00
SatInView:15 GDOP:142
Roll:-153.510941 Pitch:-28.975225
X_AVG:5.555282 Y_AVG:-4.763552 Z_AVG:-8.386387
X_SD:0.078736 Y_SD:0.069951 Z_SD:0.117765
$MXCM10033,2,62,20240102,071938,12,0E70F626,47EFA00F,00DE,0000,35F4,0A,8202*11
GPS_PRN:19604,16,09,31,26,21,02,28,18,19419919508,00,SAT_TAL:13
GPS_SNR:32,00,26,18,49,23,29,30,45,25,18,16,38,24,00,SNR_AVG:28.69
GLO_PRN:00,00,00,00,00,00,00,00,00,00,00,00,00,00,00,SAT_TAL:00
GLO_SNR:00,00,00,00,00,00,00,00,00,00,00,00,00,00,00,SNR_AVG:0.00
GAL_PRN:00,00,00,00,00,00,00,00,00,00,00,00,00,00,00,SAT_TAL:00
GAL_SNR:00,00,00,00,00,00,00,00,00,00,00,00,00,00,00,SNR_AVG:0.00
BEI_PRN:00,00,00,00,00,00,00,00,00,00,00,00,00,00,00,SAT_TAL:00
BEI_SNR:00,00,00,00,00,00,00,00,00,00,00,00,00,00,00,SNR_AVG:0.00
QZS_PRN:00,00,00,00,00,SAT_TAL:00
QZS_SNR:00,00,00,00,00,SNR_AVG:0.00
SatInView:14 GDOP:142
Roll:-153.510941 Pitch:-28.975256
X_AVG:5.554229 Y_AVG:-4.764605 Z_AVG:-8.392708
X_SD:0.089566 Y_SD:0.069220 Z_SD:0.106802
$MXCM10033,2,63,20240102,072153,12,0E70FD30,47EF9287,00DE,0005,7FBE,0A,8202*67
GPS_PRN:19604,16,09,31,26,21,02,07,28,18,19419919508,SAT_TAL:10
GPS_SNR:17,18,17,00,19,16,21,19,00,21,00,00,00,17,17,SNR_AVG:18.20
GLO_PRN:00,00,00,00,00,00,00,00,00,00,00,00,00,00,00,SAT_TAL:00
GLO_SNR:00,00,00,00,00,00,00,00,00,00,00,00,00,00,00,SNR_AVG:0.00
GAL_PRN:00,00,00,00,00,00,00,00,00,00,00,00,00,00,00,SAT_TAL:00
GAL_SNR:00,00,00,00,00,00,00,00,00,00,00,00,00,00,00,SNR_AVG:0.00
BEI_PRN:00,00,00,00,00,00,00,00,00,00,00,00,00,00,00,SAT_TAL:00
BEI_SNR:00,00,00,00,00,00,00,00,00,00,00,00,00,00,00,SNR_AVG:0.00
QZS_PRN:00,00,00,00,00,SAT_TAL:00
QZS_SNR:00,00,00,00,00,SNR_AVG:0.00
SatInView:15 GDOP:158
Roll:-152.866089 Pitch:-29.594255
X_AVG:6.200820 Y_AVG:-4.185005 Z_AVG:-8.384807
X_SD:0.745339 Y_SD:0.614792 Z_SD:0.618266
$MXCM10033,2,64,20240102,072208,12,0E70FCB6,47EF904C,00DE,0000,7BA8,0D,8202*1D
GPS_PRN:19604,16,09,31,26,21,02,07,28,18,19419919508,SAT_TAL:13
GPS_SNR:15,16,15,16,17,20,25,17,16,19,00,21,00,21,17,SNR_AVG:18.08
GLO_PRN:00,00,00,00,00,00,00,00,00,00,00,00,00,00,00,SAT_TAL:00
GLO_SNR:00,00,00,00,00,00,00,00,00,00,00,00,00,00,00,SNR_AVG:0.00
GAL_PRN:00,00,00,00,00,00,00,00,00,00,00,00,00,00,00,SAT_TAL:00
GAL_SNR:00,00,00,00,00,00,00,00,00,00,00,00,00,00,00,SNR_AVG:0.00
BEI_PRN:00,00,00,00,00,00,00,00,00,00,00,00,00,00,00,SAT_TAL:00
BEI_SNR:00,00,00,00,00,00,00,00,00,00,00,00,00,00,00,SNR_AVG:0.00
QZS_PRN:00,00,00,00,00,SAT_TAL:00
QZS_SNR:00,00,00,00,00,SNR_AVG:0.00
SatInView:15 GDOP:117
Roll:-153.739349 Pitch:-32.529350
X_AVG:6.077899 Y_AVG:-4.171502 Z_AVG:-8.444807
X_SD:0.076137 Y_SD:0.059226 Z_SD:0.107583
$MXCM10033,2,65,20240102,072424,12,0E70F5DA,47EF860F,00DE,0000,6AD7,0B,8202*1B
GPS_PRN:19604,16,09,31,26,21,02,07,28,18,19419919508,SAT_TAL:12
GPS_SNR:24,29,23,17,23,00,25,17,20,19,00,00,22,16,17,SNR_AVG:21.00
GLO_PRN:00,00,00,00,00,00,00,00,00,00,00,00,00,00,00,SAT_TAL:00
GLO_SNR:00,00,00,00,00,00,00,00,00,00,00,00,00,00,00,SNR_AVG:0.00
GAL_PRN:00,00,00,00,00,00,00,00,00,00,00,00,00,00,00,SAT_TAL:00
GAL_SNR:00,00,00,00,00,00,00,00,00,00,00,00,00,00,00,SNR_AVG:0.00
BEI_PRN:00,00,00,00,00,00,00,00,00,00,00,00,00,00,00,SAT_TAL:00
BEI_SNR:00,00,00,00,00,00,00,00,00,00,00,00,00,00,00,SNR_AVG:0.00
QZS_PRN:00,00,00,00,00,SAT_TAL:00
QZS_SNR:00,00,00,00,00,SNR_AVG:0.00
SatInView:15 GDOP:127
Roll:-153.871841 Pitch:-31.537878
X_AVG:6.057404 Y_AVG:-4.863727 Z_AVG:-8.905843
X_SD:0.078654 Y_SD:0.070111 Z_SD:0.089294
$MXCM10033,2,66,20240102,072439,12,0E70F6DC,47EF88A3,00DE,0000,6E56,0C,8202*6A
GPS_PRN:19604,16,09,31,26,21,02,07,28,18,19419919508,SAT_TAL:13
GPS_SNR:24,29,21,17,28,00,25,15,21,14,00,15,20,16,17,SNR_AVG:20.15
GLO_PRN:00,00,00,00,00,00,00,00,00,00,00,00,00,00,00,SAT_TAL:00
GLO_SNR:00,00,00,00,00,00,00,00,00,00,00,00,00,00,00,SNR_AVG:0.00
GAL_PRN:00,00,00,00,00,00,00,00,00,00,00,00,00,00,00,SAT_TAL:00
GAL_SNR:00,00,00,00,00,00,00,00,00,00,00,00,00,00,00,SNR_AVG:0.00
BEI_PRN:00,00,00,00,00,00,00,00,00,00,00,00,00,00,00,SAT_TAL:00
BEI_SNR:00,00,00,00,00,00,00,00,00,00,00,00,00,00,00,SNR_AVG:0.00
QZS_PRN:00,00,00,00,00,SAT_TAL:00
QZS_SNR:00,00,00,00,00,SNR_AVG:0.00
SatInView:15 GDOP:122
Roll:-154.152512 Pitch:-31.856848
X_AVG:6.055728 Y_AVG:-4.861381 Z_AVG:-8.919108
X_SD:0.077501 Y_SD:0.068513 Z_SD:0.108581
$MXCM10033,2,67,20240102,072654,00,0E70F6EC,47EF88D9,00DE,0000,0000,00,8202*6C
GPS_PRN:07,28,19600,00,00,00,00,00,00,00,00,00,00,00,SAT_TAL:00
GPS_SNR:00,00,00,00,00,00,00,00,00,00,00,00,00,00,00,SNR_AVG:0.00
GLO_PRN:00,00,00,00,00,00,00,00,00,00,00,00,00,00,00,SAT_TAL:00
GLO_SNR:00,00,00,00,00,00,00,00,00,00,00,00,00,00,00,SNR_AVG:0.00
GAL_PRN:00,00,00,00,00,00,00,00,00,00,00,00,00,00,00,SAT_TAL:00
GAL_SNR:00,00,00,00,00,00,00,00,00,00,00,00,00,00,00,SNR_AVG:0.00
BEI_PRN:00,00,00,00,00,00,00,00,00,00,00,00,00,00,00,SAT_TAL:00
BEI_SNR:00,00,00,00,00,00,00,00,00,00,00,00,00,00,00,SNR_AVG:0.00
QZS_PRN:00,00,00,00,00,SAT_TAL:00
QZS_SNR:00,00,00,00,00,SNR_AVG:0.00
SatInView:3 GDOP:17319
Roll:0.557786 Pitch:0.242935
X_AVG:-0.189625 Y_AVG:0.473822 Z_AVG:8.436092
X_SD:1.391809 Y_SD:1.937886 Z_SD:0.371171
$MXCM10033,2,68,20240102,072709,00,0E70F6EC,47EF88D9,00DE,0000,0000,00,8202*6A
GPS_PRN:02,07,28,18,00,00,00,00,00,00,00,00,00,00,00,SAT_TAL:00
GPS_SNR:00,00,00,00,00,00,00,00,00,00,00,00,00,00,00,SNR_AVG:0.00
GLO_PRN:00,00,00,00,00,00,00,00,00,00,00,00,00,00,00,SAT_TAL:00
GLO_SNR:00,00,00,00,00,00,00,00,00,00,00,00,00,00,00,SNR_AVG:0.00
GAL_PRN:00,00,00,00,00,00,00,00,00,00,00,00,00,00,00,SAT_TAL:00
GAL_SNR:00,00,00,00,00,00,00,00,00,00,00,00,00,00,00,SNR_AVG:0.00
BEI_PRN:00,00,00,00,00,00,00,00,00,00,00,00,00,00,00,SAT_TAL:00
BEI_SNR:00,00,00,00,00,00,00,00,00,00,00,00,00,00,00,SNR_AVG:0.00
QZS_PRN:00,00,00,00,00,SAT_TAL:00
QZS_SNR:00,00,00,00,00,SNR_AVG:0.00
SatInView:4 GDOP:17319
Roll:-0.005417 Pitch:-0.002720
X_AVG:-0.031748 Y_AVG:0.167597 Z_AVG:8.377433
X_SD:0.074051 Y_SD:0.066648 Z_SD:0.101602
$MXCM10033,2,69,20240102,072924,00,0E70F6EC,47EF88D9,00DE,0000,0000,00,8202*6A
GPS_PRN:19604,16,09,21,31,26,07,28,19419919508,00,00,SAT_TAL:01
GPS_SNR:00,00,00,00,00,22,00,00,00,00,00,00,00,00,00,SNR_AVG:22.00
GLO_PRN:00,00,00,00,00,00,00,00,00,00,00,00,00,00,00,SAT_TAL:00
GLO_SNR:00,00,00,00,00,00,00,00,00,00,00,00,00,00,00,SNR_AVG:0.00
GAL_PRN:00,00,00,00,00,00,00,00,00,00,00,00,00,00,00,SAT_TAL:00
GAL_SNR:00,00,00,00,00,00,00,00,00,00,00,00,00,00,00,SNR_AVG:0.00
BEI_PRN:00,00,00,00,00,00,00,00,00,00,00,00,00,00,00,SAT_TAL:00
BEI_SNR:00,00,00,00,00,00,00,00,00,00,00,00,00,00,00,SNR_AVG:0.00
QZS_PRN:00,00,00,00,00,SAT_TAL:00
QZS_SNR:00,00,00,00,00,SNR_AVG:0.00
SatInView:13 GDOP:17002
Roll:0.000000 Pitch:90.000000
X_AVG:-9.596776 Y_AVG:0.169896 Z_AVG:-0.012929
X_SD:0.079189 Y_SD:0.059426 Z_SD:0.115305
$MXCM10033,2,70,20240102,072939,00,0E70F839,47EF8864,00DE,0000,0000,00,8202*13
GPS_PRN:19604,16,09,21,31,26,02,19419919508,00,00,00,SAT_TAL:06
GPS_SNR:19,00,00,00,19,19,18,20,00,00,21,00,00,00,00,SNR_AVG:19.33
GLO_PRN:00,00,00,00,00,00,00,00,00,00,00,00,00,00,00,SAT_TAL:00
GLO_SNR:00,00,00,00,00,00,00,00,00,00,00,00,00,00,00,SNR_AVG:0.00
GAL_PRN:00,00,00,00,00,00,00,00,00,00,00,00,00,00,00,SAT_TAL:00
GAL_SNR:00,00,00,00,00,00,00,00,00,00,00,00,00,00,00,SNR_AVG:0.00
BEI_PRN:00,00,00,00,00,00,00,00,00,00,00,00,00,00,00,SAT_TAL:00
BEI_SNR:00,00,00,00,00,00,00,00,00,00,00,00,00,00,00,SNR_AVG:0.00
QZS_PRN:00,00,00,00,00,SAT_TAL:00
QZS_SNR:00,00,00,00,00,SNR_AVG:0.00
SatInView:12 GDOP:12027
Roll:-53.370255 Pitch:46.381958
X_AVG:-8.218119 Y_AVG:-2.700474 Z_AVG:2.205248
X_SD:3.322589 Y_SD:1.327949 Z_SD:2.064305
$MXCM10033,2,71,20240102,073154,00,0E710767,47EF78B5,00DE,0000,0000,00,8202*19
GPS_PRN:02,21,26,04,07,28,19600,00,00,00,00,00,00,00,SAT_TAL:01
GPS_SNR:00,21,00,00,00,00,00,00,00,00,00,00,00,00,00,SNR_AVG:21.00
GLO_PRN:00,00,00,00,00,00,00,00,00,00,00,00,00,00,00,SAT_TAL:00
GLO_SNR:00,00,00,00,00,00,00,00,00,00,00,00,00,00,00,SNR_AVG:0.00
GAL_PRN:00,00,00,00,00,00,00,00,00,00,00,00,00,00,00,SAT_TAL:00
GAL_SNR:00,00,00,00,00,00,00,00,00,00,00,00,00,00,00,SNR_AVG:0.00
BEI_PRN:00,00,00,00,00,00,00,00,00,00,00,00,00,00,00,SAT_TAL:00
BEI_SNR:00,00,00,00,00,00,00,00,00,00,00,00,00,00,00,SNR_AVG:0.00
QZS_PRN:00,00,00,00,00,SAT_TAL:00
QZS_SNR:00,00,00,00,00,SNR_AVG:0.00
SatInView:7 GDOP:16964
Roll:0.000000 Pitch:90.000000
X_AVG:-9.446226 Y_AVG:-0.497573 Z_AVG:0.720813
X_SD:0.072378 Y_SD:0.061943 Z_SD:0.117842
$MXCM10033,2,72,20240102,073209,12,0E7108FD,47EF8E1B,00DE,0000,4CB5,09,8202*61
GPS_PRN:19604,16,09,21,31,26,02,07,28,18,19419919508,SAT_TAL:09
GPS_SNR:00,19,14,00,20,17,22,18,16,00,00,17,00,18,00,SNR_AVG:17.89
GLO_PRN:00,00,00,00,00,00,00,00,00,00,00,00,00,00,00,SAT_TAL:00
GLO_SNR:00,00,00,00,00,00,00,00,00,00,00,00,00,00,00,SNR_AVG:0.00
GAL_PRN:00,00,00,00,00,00,00,00,00,00,00,00,00,00,00,SAT_TAL:00
GAL_SNR:00,00,00,00,00,00,00,00,00,00,00,00,00,00,00,SNR_AVG:0.00
BEI_PRN:00,00,00,00,00,00,00,00,00,00,00,00,00,00,00,SAT_TAL:00
BEI_SNR:00,00,00,00,00,00,00,00,00,00,00,00,00,00,00,SNR_AVG:0.00
QZS_PRN:00,00,00,00,00,SAT_TAL:00
QZS_SNR:00,00,00,00,00,SNR_AVG:0.00
SatInView:15 GDOP:135
Roll:0.000000 Pitch:90.000000
X_AVG:-9.441341 Y_AVG:-0.498579 Z_AVG:0.701276
X_SD:0.077252 Y_SD:0.060907 Z_SD:0.113407
$MXCM10033,2,73,20240102,073424,00,0E7103A7,47EF8B49,00DE,0000,0000,00,8202*65
GPS_PRN:19604,16,09,21,31,26,02,07,28,19419919508,00,SAT_TAL:04
GPS_SNR:00,00,00,00,19,00,20,25,00,00,18,00,00,00,00,SNR_AVG:20.50
GLO_PRN:00,00,00,00,00,00,00,00,00,00,00,00,00,00,00,SAT_TAL:00
GLO_SNR:00,00,00,00,00,00,00,00,00,00,00,00,00,00,00,SNR_AVG:0.00
GAL_PRN:00,00,00,00,00,00,00,00,00,00,00,00,00,00,00,SAT_TAL:00
GAL_SNR:00,00,00,00,00,00,00,00,00,00,00,00,00,00,00,SNR_AVG:0.00
BEI_PRN:00,00,00,00,00,00,00,00,00,00,00,00,00,00,00,SAT_TAL:00
BEI_SNR:00,00,00,00,00,00,00,00,00,00,00,00,00,00,00,SNR_AVG:0.00
QZS_PRN:00,00,00,00,00,SAT_TAL:00
QZS_SNR:00,00,00,00,00,SNR_AVG:0.00
SatInView:14 GDOP:2265
Roll:0.000000 Pitch:90.000000
X_AVG:-9.434733 Y_AVG:-0.497094 Z_AVG:0.697445
X_SD:0.070717 Y_SD:0.066079 Z_SD:0.116633
$MXCM10033,2,74,20240102,073440,12,0E710666,47EF85F8,00DD,0000,6AAF,0A,8202*14
GPS_PRN:19604,16,09,21,31,26,02,07,28,19419919508,00,SAT_TAL:10
GPS_SNR:21,00,23,00,21,20,21,26,17,00,20,00,16,15,00,SNR_AVG:20.00
GLO_PRN:00,00,00,00,00,00,00,00,00,00,00,00,00,00,00,SAT_TAL:00
GLO_SNR:00,00,00,00,00,00,00,00,00,00,00,00,00,00,00,SNR_AVG:0.00
GAL_PRN:00,00,00,00,00,00,00,00,00,00,00,00,00,00,00,SAT_TAL:00
GAL_SNR:00,00,00,00,00,00,00,00,00,00,00,00,00,00,00,SNR_AVG:0.00
BEI_PRN:00,00,00,00,00,00,00,00,00,00,00,00,00,00,00,SAT_TAL:00
BEI_SNR:00,00,00,00,00,00,00,00,00,00,00,00,00,00,00,SNR_AVG:0.00
QZS_PRN:00,00,00,00,00,SAT_TAL:00
QZS_SNR:00,00,00,00,00,SNR_AVG:0.00
SatInView:14 GDOP:134
Roll:0.000000 Pitch:90.000000
X_AVG:-9.439043 Y_AVG:-0.494413 Z_AVG:0.702425
X_SD:0.072861 Y_SD:0.061401 Z_SD:0.112613
$MXCM10033,2,75,20240102,073655,00,0E70F925,47EF7433,00DD,0000,0000,00,8202*1E
GPS_PRN:19604,16,09,21,31,26,02,07,28,19419919508,00,SAT_TAL:05
GPS_SNR:00,15,25,00,00,00,19,25,17,00,00,00,00,00,00,SNR_AVG:20.20
GLO_PRN:00,00,00,00,00,00,00,00,00,00,00,00,00,00,00,SAT_TAL:00
GLO_SNR:00,00,00,00,00,00,00,00,00,00,00,00,00,00,00,SNR_AVG:0.00
GAL_PRN:00,00,00,00,00,00,00,00,00,00,00,00,00,00,00,SAT_TAL:00
GAL_SNR:00,00,00,00,00,00,00,00,00,00,00,00,00,00,00,SNR_AVG:0.00
BEI_PRN:00,00,00,00,00,00,00,00,00,00,00,00,00,00,00,SAT_TAL:00
BEI_SNR:00,00,00,00,00,00,00,00,00,00,00,00,00,00,00,SNR_AVG:0.00
QZS_PRN:00,00,00,00,00,SAT_TAL:00
QZS_SNR:00,00,00,00,00,SNR_AVG:0.00
SatInView:14 GDOP:167
Roll:0.000000 Pitch:90.000000
X_AVG:-9.447950 Y_AVG:-0.488858 Z_AVG:0.692178
X_SD:0.069649 Y_SD:0.065161 Z_SD:0.122394
$MXCM10033,2,76,20240102,073711,12,0E7100A1,47EF83DF,00DD,0000,2237,07,8202*1F
GPS_PRN:19604,16,09,21,31,26,02,07,28,19419919508,00,SAT_TAL:07
GPS_SNR:17,16,21,00,00,20,24,25,16,00,00,00,00,00,00,SNR_AVG:19.86
GLO_PRN:00,00,00,00,00,00,00,00,00,00,00,00,00,00,00,SAT_TAL:00
GLO_SNR:00,00,00,00,00,00,00,00,00,00,00,00,00,00,00,SNR_AVG:0.00
GAL_PRN:00,00,00,00,00,00,00,00,00,00,00,00,00,00,00,SAT_TAL:00
GAL_SNR:00,00,00,00,00,00,00,00,00,00,00,00,00,00,00,SNR_AVG:0.00
BEI_PRN:00,00,00,00,00,00,00,00,00,00,00,00,00,00,00,SAT_TAL:00
BEI_SNR:00,00,00,00,00,00,00,00,00,00,00,00,00,00,00,SNR_AVG:0.00
QZS_PRN:00,00,00,00,00,SAT_TAL:00
QZS_SNR:00,00,00,00,00,SNR_AVG:0.00
SatInView:14 GDOP:142
Roll:0.000000 Pitch:90.000000
X_AVG:-9.445699 Y_AVG:-0.501452 Z_AVG:0.709704
X_SD:0.067152 Y_SD:0.062066 Z_SD:0.113270
$MXCM10033,2,77,20240102,073926,12,0E71119C,47EFA84A,00DD,0000,0000,06,8202*1E
GPS_PRN:19604,16,09,21,31,26,02,07,19419919508,00,00,SAT_TAL:06
GPS_SNR:00,15,19,00,18,00,00,20,24,00,00,17,00,00,00,SNR_AVG:18.83
GLO_PRN:00,00,00,00,00,00,00,00,00,00,00,00,00,00,00,SAT_TAL:00
GLO_SNR:00,00,00,00,00,00,00,00,00,00,00,00,00,00,00,SNR_AVG:0.00
GAL_PRN:00,00,00,00,00,00,00,00,00,00,00,00,00,00,00,SAT_TAL:00
GAL_SNR:00,00,00,00,00,00,00,00,00,00,00,00,00,00,00,SNR_AVG:0.00
BEI_PRN:00,00,00,00,00,00,00,00,00,00,00,00,00,00,00,SAT_TAL:00
BEI_SNR:00,00,00,00,00,00,00,00,00,00,00,00,00,00,00,SNR_AVG:0.00
QZS_PRN:00,00,00,00,00,SAT_TAL:00
QZS_SNR:00,00,00,00,00,SNR_AVG:0.00
SatInView:13 GDOP:160
Roll:0.000000 Pitch:90.000000
X_AVG:-9.446992 Y_AVG:-0.491683 Z_AVG:0.695482
X_SD:0.073683 Y_SD:0.056443 Z_SD:0.110996
$MXCM10033,2,78,20240102,073942,12,0E710B7B,47EF96B8,00DD,0000,7729,0A,8202*6B
GPS_PRN:19604,16,09,21,31,26,02,07,19419919508,00,00,SAT_TAL:10
GPS_SNR:21,12,22,00,10,22,17,23,23,15,00,14,00,00,00,SNR_AVG:17.90
GLO_PRN:00,00,00,00,00,00,00,00,00,00,00,00,00,00,00,SAT_TAL:00
GLO_SNR:00,00,00,00,00,00,00,00,00,00,00,00,00,00,00,SNR_AVG:0.00
GAL_PRN:00,00,00,00,00,00,00,00,00,00,00,00,00,00,00,SAT_TAL:00
GAL_SNR:00,00,00,00,00,00,00,00,00,00,00,00,00,00,00,SNR_AVG:0.00
BEI_PRN:00,00,00,00,00,00,00,00,00,00,00,00,00,00,00,SAT_TAL:00
BEI_SNR:00,00,00,00,00,00,00,00,00,00,00,00,00,00,00,SNR_AVG:0.00
QZS_PRN:00,00,00,00,00,SAT_TAL:00
QZS_SNR:00,00,00,00,00,SNR_AVG:0.00
SatInView:13 GDOP:134
Roll:0.000000 Pitch:90.000000
X_AVG:-9.434254 Y_AVG:-0.500686 Z_AVG:0.690885
X_SD:0.075759 Y_SD:0.065357 Z_SD:0.118341
$MXCM10033,2,79,20240102,074157,00,0E710B59,47EF964A,00DD,0000,0000,00,8202*6E
GPS_PRN:31,07,19600,00,00,00,00,00,00,00,00,00,00,00,SAT_TAL:00
GPS_SNR:00,00,00,00,00,00,00,00,00,00,00,00,00,00,00,SNR_AVG:0.00
GLO_PRN:00,00,00,00,00,00,00,00,00,00,00,00,00,00,00,SAT_TAL:00
GLO_SNR:00,00,00,00,00,00,00,00,00,00,00,00,00,00,00,SNR_AVG:0.00
GAL_PRN:00,00,00,00,00,00,00,00,00,00,00,00,00,00,00,SAT_TAL:00
GAL_SNR:00,00,00,00,00,00,00,00,00,00,00,00,00,00,00,SNR_AVG:0.00
BEI_PRN:00,00,00,00,00,00,00,00,00,00,00,00,00,00,00,SAT_TAL:00
BEI_SNR:00,00,00,00,00,00,00,00,00,00,00,00,00,00,00,SNR_AVG:0.00
QZS_PRN:00,00,00,00,00,SAT_TAL:00
QZS_SNR:00,00,00,00,00,SNR_AVG:0.00
SatInView:3 GDOP:17319
Roll:0.000000 Pitch:90.000000
X_AVG:-9.437080 Y_AVG:-0.500063 Z_AVG:0.694668
X_SD:0.079822 Y_SD:0.058151 Z_SD:0.123439
$MXCM10033,2,80,20240102,074212,00,0E710B59,47EF964A,00DD,0000,0000,00,8202*6A
GPS_PRN:08,19400,00,00,00,00,00,00,00,00,00,00,00,00,SAT_TAL:00
GPS_SNR:00,00,00,00,00,00,00,00,00,00,00,00,00,00,00,SNR_AVG:0.00
GLO_PRN:00,00,00,00,00,00,00,00,00,00,00,00,00,00,00,SAT_TAL:00
GLO_SNR:00,00,00,00,00,00,00,00,00,00,00,00,00,00,00,SNR_AVG:0.00
GAL_PRN:00,00,00,00,00,00,00,00,00,00,00,00,00,00,00,SAT_TAL:00
GAL_SNR:00,00,00,00,00,00,00,00,00,00,00,00,00,00,00,SNR_AVG:0.00
BEI_PRN:00,00,00,00,00,00,00,00,00,00,00,00,00,00,00,SAT_TAL:00
BEI_SNR:00,00,00,00,00,00,00,00,00,00,00,00,00,00,00,SNR_AVG:0.00
QZS_PRN:00,00,00,00,00,SAT_TAL:00
QZS_SNR:00,00,00,00,00,SNR_AVG:0.00
SatInView:2 GDOP:17319
Roll:0.000000 Pitch:90.000000
X_AVG:-9.442155 Y_AVG:-0.497956 Z_AVG:0.698546
X_SD:0.073764 Y_SD:0.059512 Z_SD:0.114703
$MXCM10033,2,81,20240102,074427,00,0E710B59,47EF964A,00DD,0000,0000,00,8202*6B
GPS_PRN:19604,16,21,09,02,26,31,19919508,00,00,00,00,SAT_TAL:01
GPS_SNR:00,00,00,00,00,19,00,00,00,00,00,00,00,00,00,SNR_AVG:19.00
GLO_PRN:00,00,00,00,00,00,00,00,00,00,00,00,00,00,00,SAT_TAL:00
GLO_SNR:00,00,00,00,00,00,00,00,00,00,00,00,00,00,00,SNR_AVG:0.00
GAL_PRN:00,00,00,00,00,00,00,00,00,00,00,00,00,00,00,SAT_TAL:00
GAL_SNR:00,00,00,00,00,00,00,00,00,00,00,00,00,00,00,SNR_AVG:0.00
BEI_PRN:00,00,00,00,00,00,00,00,00,00,00,00,00,00,00,SAT_TAL:00
BEI_SNR:00,00,00,00,00,00,00,00,00,00,00,00,00,00,00,SNR_AVG:0.00
QZS_PRN:00,00,00,00,00,SAT_TAL:00
QZS_SNR:00,00,00,00,00,SNR_AVG:0.00
SatInView:11 GDOP:17036
Roll:0.000000 Pitch:90.000000
X_AVG:-9.435930 Y_AVG:-0.489528 Z_AVG:0.711906
X_SD:0.071364 Y_SD:0.056991 Z_SD:0.126895
$MXCM10033,2,82,20240102,074442,12,0E710088,47EF9C49,00DD,0000,7843,06,8202*15
GPS_PRN:19604,16,21,09,02,26,31,07,19419919508,00,00,SAT_TAL:06
GPS_SNR:18,18,18,00,00,18,00,00,19,00,00,15,00,00,00,SNR_AVG:17.67
GLO_PRN:00,00,00,00,00,00,00,00,00,00,00,00,00,00,00,SAT_TAL:00
GLO_SNR:00,00,00,00,00,00,00,00,00,00,00,00,00,00,00,SNR_AVG:0.00
GAL_PRN:00,00,00,00,00,00,00,00,00,00,00,00,00,00,00,SAT_TAL:00
GAL_SNR:00,00,00,00,00,00,00,00,00,00,00,00,00,00,00,SNR_AVG:0.00
BEI_PRN:00,00,00,00,00,00,00,00,00,00,00,00,00,00,00,SAT_TAL:00
BEI_SNR:00,00,00,00,00,00,00,00,00,00,00,00,00,00,00,SNR_AVG:0.00
QZS_PRN:00,00,00,00,00,SAT_TAL:00
QZS_SNR:00,00,00,00,00,SNR_AVG:0.00
SatInView:13 GDOP:159
Roll:0.000000 Pitch:90.000000
X_AVG:-9.437032 Y_AVG:-0.490055 Z_AVG:0.690310
X_SD:0.076043 Y_SD:0.059409 Z_SD:0.124627
$MXCM10033,2,83,20240102,074657,00,0E7101B9,47EF9B0A,00DD,0000,0000,00,8202*18
GPS_PRN:19604,16,21,09,02,26,31,07,19419919508,00,00,SAT_TAL:02
GPS_SNR:00,00,18,00,00,17,00,00,00,00,00,00,00,00,00,SNR_AVG:17.50
GLO_PRN:00,00,00,00,00,00,00,00,00,00,00,00,00,00,00,SAT_TAL:00
GLO_SNR:00,00,00,00,00,00,00,00,00,00,00,00,00,00,00,SNR_AVG:0.00
GAL_PRN:00,00,00,00,00,00,00,00,00,00,00,00,00,00,00,SAT_TAL:00
GAL_SNR:00,00,00,00,00,00,00,00,00,00,00,00,00,00,00,SNR_AVG:0.00
BEI_PRN:00,00,00,00,00,00,00,00,00,00,00,00,00,00,00,SAT_TAL:00
BEI_SNR:00,00,00,00,00,00,00,00,00,00,00,00,00,00,00,SNR_AVG:0.00
QZS_PRN:00,00,00,00,00,SAT_TAL:00
QZS_SNR:00,00,00,00,00,SNR_AVG:0.00
SatInView:13 GDOP:16731
Roll:0.000000 Pitch:90.000000
X_AVG:-9.435404 Y_AVG:-0.508491 Z_AVG:0.685761
X_SD:0.075354 Y_SD:0.059752 Z_SD:0.120905
$MXCM10033,2,84,20240102,074712,00,0E710A72,47EF745E,00DD,0000,758E,00,8202*17
GPS_PRN:19604,16,21,09,02,26,31,07,19419919508,00,00,SAT_TAL:05
GPS_SNR:17,00,19,00,00,16,18,18,00,00,00,00,00,00,00,SNR_AVG:17.60
GLO_PRN:00,00,00,00,00,00,00,00,00,00,00,00,00,00,00,SAT_TAL:00
GLO_SNR:00,00,00,00,00,00,00,00,00,00,00,00,00,00,00,SNR_AVG:0.00
GAL_PRN:00,00,00,00,00,00,00,00,00,00,00,00,00,00,00,SAT_TAL:00
GAL_SNR:00,00,00,00,00,00,00,00,00,00,00,00,00,00,00,SNR_AVG:0.00
BEI_PRN:00,00,00,00,00,00,00,00,00,00,00,00,00,00,00,SAT_TAL:00
BEI_SNR:00,00,00,00,00,00,00,00,00,00,00,00,00,00,00,SNR_AVG:0.00
QZS_PRN:00,00,00,00,00,SAT_TAL:00
QZS_SNR:00,00,00,00,00,SNR_AVG:0.00
SatInView:13 GDOP:286
Roll:0.000000 Pitch:90.000000
X_AVG:-9.423049 Y_AVG:-0.505666 Z_AVG:0.675466
X_SD:0.070908 Y_SD:0.059732 Z_SD:0.107689
$MXCM10033,2,85,20240102,074927,00,0E710D1F,47EF7114,00DD,0000,0000,00,8202*66
GPS_PRN:08,26,19600,00,00,00,00,00,00,00,00,00,00,00,SAT_TAL:00
GPS_SNR:00,00,00,00,00,00,00,00,00,00,00,00,00,00,00,SNR_AVG:0.00
GLO_PRN:00,00,00,00,00,00,00,00,00,00,00,00,00,00,00,SAT_TAL:00
GLO_SNR:00,00,00,00,00,00,00,00,00,00,00,00,00,00,00,SNR_AVG:0.00
GAL_PRN:00,00,00,00,00,00,00,00,00,00,00,00,00,00,00,SAT_TAL:00
GAL_SNR:00,00,00,00,00,00,00,00,00,00,00,00,00,00,00,SNR_AVG:0.00
BEI_PRN:00,00,00,00,00,00,00,00,00,00,00,00,00,00,00,SAT_TAL:00
BEI_SNR:00,00,00,00,00,00,00,00,00,00,00,00,00,00,00,SNR_AVG:0.00
QZS_PRN:00,00,00,00,00,SAT_TAL:00
QZS_SNR:00,00,00,00,00,SNR_AVG:0.00
SatInView:3 GDOP:17319
Roll:0.000000 Pitch:90.000000
X_AVG:-9.426114 Y_AVG:-0.592433 Z_AVG:0.645011
X_SD:0.075352 Y_SD:0.058089 Z_SD:0.116638
$MXCM10033,2,86,20240102,074942,00,0E70FD01,47EF9460,00DD,0000,0000,00,8202*6F
GPS_PRN:19604,21,16,09,02,26,31,07,19419919508,00,00,SAT_TAL:03
GPS_SNR:19,00,00,17,00,00,00,18,00,00,00,00,00,00,00,SNR_AVG:18.00
GLO_PRN:00,00,00,00,00,00,00,00,00,00,00,00,00,00,00,SAT_TAL:00
GLO_SNR:00,00,00,00,00,00,00,00,00,00,00,00,00,00,00,SNR_AVG:0.00
GAL_PRN:00,00,00,00,00,00,00,00,00,00,00,00,00,00,00,SAT_TAL:00
GAL_SNR:00,00,00,00,00,00,00,00,00,00,00,00,00,00,00,SNR_AVG:0.00
BEI_PRN:00,00,00,00,00,00,00,00,00,00,00,00,00,00,00,SAT_TAL:00
BEI_SNR:00,00,00,00,00,00,00,00,00,00,00,00,00,00,00,SNR_AVG:0.00
QZS_PRN:00,00,00,00,00,SAT_TAL:00
QZS_SNR:00,00,00,00,00,SNR_AVG:0.00
SatInView:13 GDOP:355
Roll:0.000000 Pitch:90.000000
X_AVG:-9.417734 Y_AVG:-0.595546 Z_AVG:0.614173
X_SD:0.073950 Y_SD:0.062655 Z_SD:0.113383
$MXCM10033,2,87,20240102,075157,00,0E710D1F,47EF7114,00DD,0000,0000,00,8202*6A
GPS_PRN:08,31,19600,00,00,00,00,00,00,00,00,00,00,00,SAT_TAL:01
GPS_SNR:00,00,18,00,00,00,00,00,00,00,00,00,00,00,00,SNR_AVG:18.00
GLO_PRN:00,00,00,00,00,00,00,00,00,00,00,00,00,00,00,SAT_TAL:00
GLO_SNR:00,00,00,00,00,00,00,00,00,00,00,00,00,00,00,SNR_AVG:0.00
GAL_PRN:00,00,00,00,00,00,00,00,00,00,00,00,00,00,00,SAT_TAL:00
GAL_SNR:00,00,00,00,00,00,00,00,00,00,00,00,00,00,00,SNR_AVG:0.00
BEI_PRN:00,00,00,00,00,00,00,00,00,00,00,00,00,00,00,SAT_TAL:00
BEI_SNR:00,00,00,00,00,00,00,00,00,00,00,00,00,00,00,SNR_AVG:0.00
QZS_PRN:00,00,00,00,00,SAT_TAL:00
QZS_SNR:00,00,00,00,00,SNR_AVG:0.00
SatInView:3 GDOP:17319
Roll:0.000000 Pitch:90.000000
X_AVG:-9.453361 Y_AVG:-0.473822 Z_AVG:0.535354
X_SD:0.074511 Y_SD:0.060608 Z_SD:0.115640
$MXCM10033,2,88,20240102,075212,12,0E70F39C,47EF9159,00DD,0000,6CF5,07,8202*6F
GPS_PRN:19604,21,16,09,02,07,26,31,19419919508,00,00,SAT_TAL:07
GPS_SNR:22,16,18,00,18,15,00,00,18,00,00,00,17,00,00,SNR_AVG:17.71
GLO_PRN:00,00,00,00,00,00,00,00,00,00,00,00,00,00,00,SAT_TAL:00
GLO_SNR:00,00,00,00,00,00,00,00,00,00,00,00,00,00,00,SNR_AVG:0.00
GAL_PRN:00,00,00,00,00,00,00,00,00,00,00,00,00,00,00,SAT_TAL:00
GAL_SNR:00,00,00,00,00,00,00,00,00,00,00,00,00,00,00,SNR_AVG:0.00
BEI_PRN:00,00,00,00,00,00,00,00,00,00,00,00,00,00,00,SAT_TAL:00
BEI_SNR:00,00,00,00,00,00,00,00,00,00,00,00,00,00,00,SNR_AVG:0.00
QZS_PRN:00,00,00,00,00,SAT_TAL:00
QZS_SNR:00,00,00,00,00,SNR_AVG:0.00
SatInView:13 GDOP:221
Roll:0.000000 Pitch:90.000000
X_AVG:-9.447519 Y_AVG:-0.476791 Z_AVG:0.539329
X_SD:0.075670 Y_SD:0.062705 Z_SD:0.108582
$MXCM10033,2,89,20240102,075427,00,0E70F3B3,47EF8FDB,00DD,0000,0000,00,8202*1B
GPS_PRN:08,07,31,00,00,00,00,00,00,00,00,00,00,00,00,SAT_TAL:01
GPS_SNR:00,19,00,00,00,00,00,00,00,00,00,00,00,00,00,SNR_AVG:19.00
GLO_PRN:00,00,00,00,00,00,00,00,00,00,00,00,00,00,00,SAT_TAL:00
GLO_SNR:00,00,00,00,00,00,00,00,00,00,00,00,00,00,00,SNR_AVG:0.00
GAL_PRN:00,00,00,00,00,00,00,00,00,00,00,00,00,00,00,SAT_TAL:00
GAL_SNR:00,00,00,00,00,00,00,00,00,00,00,00,00,00,00,SNR_AVG:0.00
BEI_PRN:00,00,00,00,00,00,00,00,00,00,00,00,00,00,00,SAT_TAL:00
BEI_SNR:00,00,00,00,00,00,00,00,00,00,00,00,00,00,00,SNR_AVG:0.00
QZS_PRN:00,00,00,00,00,SAT_TAL:00
QZS_SNR:00,00,00,00,00,SNR_AVG:0.00
SatInView:3 GDOP:17319
Roll:0.000000 Pitch:90.000000
X_AVG:-9.451541 Y_AVG:-0.472194 Z_AVG:0.536073
X_SD:0.078759 Y_SD:0.061764 Z_SD:0.113928
$MXCM10033,2,90,20240102,075442,12,0E7109AE,47EF8D25,00DE,0000,5EB6,09,8202*14
GPS_PRN:19621,04,16,09,02,07,26,31,19419919508,00,00,SAT_TAL:09
GPS_SNR:00,22,13,00,17,20,18,16,16,19,00,16,00,00,00,SNR_AVG:17.44
GLO_PRN:00,00,00,00,00,00,00,00,00,00,00,00,00,00,00,SAT_TAL:00
GLO_SNR:00,00,00,00,00,00,00,00,00,00,00,00,00,00,00,SNR_AVG:0.00
GAL_PRN:00,00,00,00,00,00,00,00,00,00,00,00,00,00,00,SAT_TAL:00
GAL_SNR:00,00,00,00,00,00,00,00,00,00,00,00,00,00,00,SNR_AVG:0.00
BEI_PRN:00,00,00,00,00,00,00,00,00,00,00,00,00,00,00,SAT_TAL:00
BEI_SNR:00,00,00,00,00,00,00,00,00,00,00,00,00,00,00,SNR_AVG:0.00
QZS_PRN:00,00,00,00,00,SAT_TAL:00
QZS_SNR:00,00,00,00,00,SNR_AVG:0.00
SatInView:13 GDOP:136
Roll:0.000000 Pitch:90.000000
X_AVG:-9.457479 Y_AVG:-0.478946 Z_AVG:0.542776
X_SD:0.279575 Y_SD:0.075652 Z_SD:0.126789
$MXCM10033,2,91,20240102,075657,00,0E7108FC,47EF8B1A,00DD,0000,0000,00,8202*6D
GPS_PRN:19621,04,16,09,02,07,26,31,19419919508,00,00,SAT_TAL:02
GPS_SNR:00,00,00,19,00,00,00,00,22,00,00,00,00,00,00,SNR_AVG:20.50
GLO_PRN:00,00,00,00,00,00,00,00,00,00,00,00,00,00,00,SAT_TAL:00
GLO_SNR:00,00,00,00,00,00,00,00,00,00,00,00,00,00,00,SNR_AVG:0.00
GAL_PRN:00,00,00,00,00,00,00,00,00,00,00,00,00,00,00,SAT_TAL:00
GAL_SNR:00,00,00,00,00,00,00,00,00,00,00,00,00,00,00,SNR_AVG:0.00
BEI_PRN:00,00,00,00,00,00,00,00,00,00,00,00,00,00,00,SAT_TAL:00
BEI_SNR:00,00,00,00,00,00,00,00,00,00,00,00,00,00,00,SNR_AVG:0.00
QZS_PRN:00,00,00,00,00,SAT_TAL:00
QZS_SNR:00,00,00,00,00,SNR_AVG:0.00
SatInView:13 GDOP:16795
Roll:0.000000 Pitch:90.000000
X_AVG:-9.461022 Y_AVG:-0.468363 Z_AVG:0.555035
X_SD:0.075505 Y_SD:0.064598 Z_SD:0.115180
$MXCM10033,2,92,20240102,075712,12,0E71033D,47EF90A9,00DE,0000,6B08,08,8202*1A
GPS_PRN:19621,04,16,09,02,07,26,31,19419919508,00,00,SAT_TAL:08
GPS_SNR:17,13,15,20,15,00,00,18,24,00,00,14,00,00,00,SNR_AVG:17.00
GLO_PRN:00,00,00,00,00,00,00,00,00,00,00,00,00,00,00,SAT_TAL:00
GLO_SNR:00,00,00,00,00,00,00,00,00,00,00,00,00,00,00,SNR_AVG:0.00
GAL_PRN:00,00,00,00,00,00,00,00,00,00,00,00,00,00,00,SAT_TAL:00
GAL_SNR:00,00,00,00,00,00,00,00,00,00,00,00,00,00,00,SNR_AVG:0.00
BEI_PRN:00,00,00,00,00,00,00,00,00,00,00,00,00,00,00,SAT_TAL:00
BEI_SNR:00,00,00,00,00,00,00,00,00,00,00,00,00,00,00,SNR_AVG:0.00
QZS_PRN:00,00,00,00,00,SAT_TAL:00
QZS_SNR:00,00,00,00,00,SNR_AVG:0.00
SatInView:13 GDOP:153
Roll:0.000000 Pitch:90.000000
X_AVG:-9.461693 Y_AVG:-0.462282 Z_AVG:0.555131
X_SD:0.071378 Y_SD:0.067078 Z_SD:0.113140
$MXCM10033,3*35
$MXCM001,10033,0*2B
======== Tracker Setting ========
[System]
COMPort:COM31
SerialNumber:MX231218CW000007
FirmwareVersion:231220163813_v1.0.CN
[Periodic]
Enable:1
Stage:2
WorkMode:0
T0:15
T1:270
T2:120
T3:30
T4:120
FirstFixStage:2
TraceFixStage:36
PeriodicCycle:39
[Dynamic]
Enable:0
PrecisionChk:0
T5:45
T6:175
[Geofencing]
Enable:0
T7:20
T8:60
DistanceThreshold:1000
DestinationLongitude:121.2237164
DestinationLatitude:24.9698319
DestinationAltitude:154
[MotionDetection]
Enable:1
Angle:45
DataRate:200
SampleFrequency:50
[GPS_EPO]
EpoDataNumber:12
FWN:2295
FTOW:172800
LWN:2295
LTOW:432000
[GLO_EPO]
EpoDataNumber:12
FWN:2295
FTOW:172800
LWN:2295
LTOW:432000
[GAL_EPO]
EpoDataNumber:0
FWN:0
FTOW:0
LWN:0
LTOW:0
[BEI_EPO]
EpoDataNumber:0
FWN:0
FTOW:0
LWN:0
LTOW:0
