$MXCM10033,0*36
$MXCM10033,1,70,212*01
$MXCM10033,2,1,19800105,235956,00,35A4E8F5,00000000,0089,0000,0000,00,9102*55
GPS_PRN:29,23,00,00,00,00,00,00,00,00,00,00,00,00,00,SAT_TAL:02
GPS_SNR:25,35,00,00,00,00,00,00,00,00,00,00,00,00,00,SNR_AVG:30.00
GLO_PRN:00,00,00,00,00,00,00,00,00,00,00,00,00,00,00,SAT_TAL:00
GLO_SNR:00,00,00,00,00,00,00,00,00,00,00,00,00,00,00,SNR_AVG:0.00
GAL_PRN:00,00,00,00,00,00,00,00,00,00,00,00,00,00,00,SAT_TAL:00
GAL_SNR:00,00,00,00,00,00,00,00,00,00,00,00,00,00,00,SNR_AVG:0.00
BEI_PRN:48,32,56,40,38,32,37,38,40,37,00,00,00,00,00,SAT_TAL:10
BEI_SNR:28,35,36,36,36,29,34,37,36,35,00,00,00,00,00,SNR_AVG:34.20
QZS_PRN:00,00,00,00,00,SAT_TAL:00
QZS_SNR:00,00,00,00,00,SNR_AVG:0.00
SatInView:12 GDOP:19998
Roll:126.631592 Pitch:46.757008
X_AVG:-8.884439 Y_AVG:7.670123 Z_AVG:-7.030140
X_SD:11.841294 Y_SD:10.423451 Z_SD:8.873342
$MXCM10033,2,2,19800109,021028,00,35A4E8F5,00000000,0089,0000,0000,00,9102*5D
GPS_PRN:23,16,28,00,00,00,00,00,00,00,00,00,00,00,00,SAT_TAL:03
GPS_SNR:32,36,26,00,00,00,00,00,00,00,00,00,00,00,00,SNR_AVG:31.33
GLO_PRN:00,00,00,00,00,00,00,00,00,00,00,00,00,00,00,SAT_TAL:00
GLO_SNR:00,00,00,00,00,00,00,00,00,00,00,00,00,00,00,SNR_AVG:0.00
GAL_PRN:00,00,00,00,00,00,00,00,00,00,00,00,00,00,00,SAT_TAL:00
GAL_SNR:00,00,00,00,00,00,00,00,00,00,00,00,00,00,00,SNR_AVG:0.00
BEI_PRN:56,07,40,01,02,03,38,48,32,37,38,40,37,32,00,SAT_TAL:14
BEI_SNR:32,28,28,30,24,29,32,25,29,32,29,29,32,35,00,SNR_AVG:29.57
QZS_PRN:00,00,00,00,00,SAT_TAL:00
QZS_SNR:00,00,00,00,00,SNR_AVG:0.00
SatInView:17 GDOP:19998
Roll:136.063934 Pitch:50.806648
X_AVG:-11.288984 Y_AVG:4.937518 Z_AVG:-7.321425
X_SD:9.095252 Y_SD:9.167614 Z_SD:6.116513
$MXCM10033,2,3,19800109,021043,00,35A4E8F5,00000000,0089,0000,0000,00,9102*51
GPS_PRN:26,28,31,23,10,00,00,00,00,00,00,00,00,00,00,SAT_TAL:05
GPS_SNR:32,33,35,33,37,00,00,00,00,00,00,00,00,00,00,SNR_AVG:34.00
GLO_PRN:00,00,00,00,00,00,00,00,00,00,00,00,00,00,00,SAT_TAL:00
GLO_SNR:00,00,00,00,00,00,00,00,00,00,00,00,00,00,00,SNR_AVG:0.00
GAL_PRN:00,00,00,00,00,00,00,00,00,00,00,00,00,00,00,SAT_TAL:00
GAL_SNR:00,00,00,00,00,00,00,00,00,00,00,00,00,00,00,SNR_AVG:0.00
BEI_PRN:07,40,01,02,03,38,32,37,38,40,37,48,32,56,00,SAT_TAL:14
BEI_SNR:31,32,30,28,28,34,29,35,33,34,34,34,34,32,00,SNR_AVG:32.00
QZS_PRN:00,00,00,00,00,SAT_TAL:00
QZS_SNR:00,00,00,00,00,SNR_AVG:0.00
SatInView:19 GDOP:19998
Roll:119.933868 Pitch:64.411522
X_AVG:-10.127055 Y_AVG:5.266248 Z_AVG:-5.264285
X_SD:8.639574 Y_SD:9.119462 Z_SD:5.303533
$MXCM10033,2,4,19800109,021057,00,35A4E8F5,00000000,0089,0000,0000,00,9102*53
GPS_PRN:32,19519619919428,23,31,10,26,00,00,00,00,00,SAT_TAL:10
GPS_SNR:23,34,26,26,30,36,34,37,36,34,00,00,00,00,00,SNR_AVG:31.60
GLO_PRN:00,00,00,00,00,00,00,00,00,00,00,00,00,00,00,SAT_TAL:00
GLO_SNR:00,00,00,00,00,00,00,00,00,00,00,00,00,00,00,SNR_AVG:0.00
GAL_PRN:00,00,00,00,00,00,00,00,00,00,00,00,00,00,00,SAT_TAL:00
GAL_SNR:00,00,00,00,00,00,00,00,00,00,00,00,00,00,00,SNR_AVG:0.00
BEI_PRN:32,07,32,37,38,40,20,56,40,01,02,03,20,38,37,SAT_TAL:15
BEI_SNR:34,30,28,32,32,31,34,31,31,29,28,27,37,33,36,SNR_AVG:31.53
QZS_PRN:00,00,00,00,00,SAT_TAL:00
QZS_SNR:00,00,00,00,00,SNR_AVG:0.00
SatInView:26 GDOP:19998
Roll:124.652420 Pitch:58.213135
X_AVG:-8.978437 Y_AVG:5.579943 Z_AVG:-4.185005
X_SD:7.904691 Y_SD:8.910727 Z_SD:4.979588
$MXCM10033,2,5,19800109,021110,00,35A4E8F5,00000000,0089,0000,0000,00,9102*50
GPS_PRN:26,19619919410,28,23,31,19500,00,00,00,00,00,SAT_TAL:09
GPS_SNR:33,33,28,31,37,33,32,37,29,00,00,00,00,00,00,SNR_AVG:32.56
GLO_PRN:00,00,00,00,00,00,00,00,00,00,00,00,00,00,00,SAT_TAL:00
GLO_SNR:00,00,00,00,00,00,00,00,00,00,00,00,00,00,00,SNR_AVG:0.00
GAL_PRN:00,00,00,00,00,00,00,00,00,00,00,00,00,00,00,SAT_TAL:00
GAL_SNR:00,00,00,00,00,00,00,00,00,00,00,00,00,00,00,SNR_AVG:0.00
BEI_PRN:37,48,56,32,37,38,40,20,32,07,40,01,02,03,20,SAT_TAL:15
BEI_SNR:31,27,31,31,31,31,27,30,36,29,31,31,29,29,34,SNR_AVG:30.53
QZS_PRN:00,00,00,00,00,SAT_TAL:00
QZS_SNR:00,00,00,00,00,SNR_AVG:0.00
SatInView:25 GDOP:19998
Roll:135.940842 Pitch:90.000000
X_AVG:-6.699351 Y_AVG:2.853802 Z_AVG:-2.998846
X_SD:8.371910 Y_SD:7.338270 Z_SD:4.937446
$MXCM10033,2,6,20240103,021125,12,0E993CAB,47EDF473,005A,0009,611A,0A,9102*2D
GPS_PRN:32,29,12,19619919519410,28,25,31,26,23,00,00,SAT_TAL:13
GPS_SNR:38,34,33,30,25,36,27,37,36,31,35,35,36,00,00,SNR_AVG:33.31
GLO_PRN:00,00,00,00,00,00,00,00,00,00,00,00,00,00,00,SAT_TAL:00
GLO_SNR:00,00,00,00,00,00,00,00,00,00,00,00,00,00,00,SNR_AVG:0.00
GAL_PRN:00,00,00,00,00,00,00,00,00,00,00,00,00,00,00,SAT_TAL:00
GAL_SNR:00,00,00,00,00,00,00,00,00,00,00,00,00,00,00,SNR_AVG:0.00
BEI_PRN:40,32,48,38,37,20,32,38,40,39,20,37,03,16,06,SAT_TAL:13
BEI_SNR:35,34,36,34,34,36,29,33,32,34,37,36,29,00,00,SNR_AVG:33.77
QZS_PRN:00,00,00,00,00,SAT_TAL:00
QZS_SNR:00,00,00,00,00,SNR_AVG:0.00
SatInView:35 GDOP:210
Roll:133.425369 Pitch:68.817909
X_AVG:-9.133345 Y_AVG:4.333113 Z_AVG:-2.689365
X_SD:8.240948 Y_SD:7.212100 Z_SD:4.682292
$MXCM10033,2,7,20240103,021140,12,0E991B53,47EE275D,004F,000D,6E63,0B,9102*53
GPS_PRN:32,29,12,19619919519410,28,25,31,26,23,00,00,SAT_TAL:13
GPS_SNR:38,33,34,34,30,33,33,38,36,35,35,32,34,00,00,SNR_AVG:34.23
GLO_PRN:00,00,00,00,00,00,00,00,00,00,00,00,00,00,00,SAT_TAL:00
GLO_SNR:00,00,00,00,00,00,00,00,00,00,00,00,00,00,00,SNR_AVG:0.00
GAL_PRN:00,00,00,00,00,00,00,00,00,00,00,00,00,00,00,SAT_TAL:00
GAL_SNR:00,00,00,00,00,00,00,00,00,00,00,00,00,00,00,SNR_AVG:0.00
BEI_PRN:40,32,48,38,37,20,32,38,40,39,20,37,03,16,06,SAT_TAL:13
BEI_SNR:34,36,34,34,35,33,29,31,32,31,34,34,29,00,00,SNR_AVG:32.77
QZS_PRN:00,00,00,00,00,SAT_TAL:00
QZS_SNR:00,00,00,00,00,SNR_AVG:0.00
SatInView:35 GDOP:132
Roll:135.843536 Pitch:53.641548
X_AVG:-8.431926 Y_AVG:4.099195 Z_AVG:-3.571215
X_SD:7.621461 Y_SD:7.119870 Z_SD:4.878020
$MXCM10033,2,8,20240103,021155,12,0E98DCA1,47EE562E,0050,000E,20B2,0B,9102*29
GPS_PRN:32,23,12,19619919419510,28,25,31,26,29,00,00,SAT_TAL:13
GPS_SNR:37,29,36,32,27,34,28,37,29,34,35,32,24,00,00,SNR_AVG:31.85
GLO_PRN:00,00,00,00,00,00,00,00,00,00,00,00,00,00,00,SAT_TAL:00
GLO_SNR:00,00,00,00,00,00,00,00,00,00,00,00,00,00,00,SNR_AVG:0.00
GAL_PRN:00,00,00,00,00,00,00,00,00,00,00,00,00,00,00,SAT_TAL:00
GAL_SNR:00,00,00,00,00,00,00,00,00,00,00,00,00,00,00,SNR_AVG:0.00
BEI_PRN:39,48,40,56,37,20,32,38,40,39,20,37,03,16,06,SAT_TAL:13
BEI_SNR:31,29,28,29,34,33,28,31,25,30,31,32,30,00,00,SNR_AVG:30.08
QZS_PRN:00,00,00,00,00,SAT_TAL:00
QZS_SNR:00,00,00,00,00,SNR_AVG:0.00
SatInView:35 GDOP:187
Roll:133.252213 Pitch:72.401398
X_AVG:-9.118597 Y_AVG:4.475907 Z_AVG:-2.597809
X_SD:8.075871 Y_SD:7.973289 Z_SD:4.908532
$MXCM10033,2,9,20240103,021210,12,0E98CBF6,47EE1059,0068,001B,48F7,0C,9102*56
GPS_PRN:32,23,12,19619419919510,28,25,31,26,29,00,00,SAT_TAL:13
GPS_SNR:39,35,35,28,31,22,31,36,35,36,38,35,34,00,00,SNR_AVG:33.46
GLO_PRN:00,00,00,00,00,00,00,00,00,00,00,00,00,00,00,SAT_TAL:00
GLO_SNR:00,00,00,00,00,00,00,00,00,00,00,00,00,00,00,SNR_AVG:0.00
GAL_PRN:00,00,00,00,00,00,00,00,00,00,00,00,00,00,00,SAT_TAL:00
GAL_SNR:00,00,00,00,00,00,00,00,00,00,00,00,00,00,00,SNR_AVG:0.00
BEI_PRN:38,40,39,48,37,20,32,38,40,39,20,37,03,06,01,SAT_TAL:14
BEI_SNR:35,33,34,34,33,33,25,34,29,32,36,35,27,00,27,SNR_AVG:31.93
QZS_PRN:00,00,00,00,00,SAT_TAL:00
QZS_SNR:00,00,00,00,00,SNR_AVG:0.00
SatInView:35 GDOP:175
Roll:126.235672 Pitch:60.873985
X_AVG:-7.488495 Y_AVG:4.324446 Z_AVG:-3.272940
X_SD:8.910682 Y_SD:8.402018 Z_SD:4.589006
$MXCM10033,2,10,20240103,021225,12,0E984A84,47EDCD0A,0076,001B,58F0,0C,9102*13
GPS_PRN:32,23,12,19619419919510,28,25,31,26,29,00,00,SAT_TAL:13
GPS_SNR:39,35,34,28,33,23,38,35,33,37,36,36,38,00,00,SNR_AVG:34.23
GLO_PRN:00,00,00,00,00,00,00,00,00,00,00,00,00,00,00,SAT_TAL:00
GLO_SNR:00,00,00,00,00,00,00,00,00,00,00,00,00,00,00,SNR_AVG:0.00
GAL_PRN:00,00,00,00,00,00,00,00,00,00,00,00,00,00,00,SAT_TAL:00
GAL_SNR:00,00,00,00,00,00,00,00,00,00,00,00,00,00,00,SNR_AVG:0.00
BEI_PRN:39,48,40,56,37,20,32,38,40,39,20,37,03,06,16,SAT_TAL:13
BEI_SNR:33,31,37,33,32,24,33,34,35,30,26,35,25,00,00,SNR_AVG:31.38
QZS_PRN:00,00,00,00,00,SAT_TAL:00
QZS_SNR:00,00,00,00,00,SNR_AVG:0.00
SatInView:35 GDOP:175
Roll:116.953629 Pitch:55.533901
X_AVG:-8.243546 Y_AVG:4.584031 Z_AVG:-3.731630
X_SD:7.852848 Y_SD:8.030939 Z_SD:3.946195
$MXCM10033,2,11,20240103,021240,12,0E984F4B,47EDF529,006B,000F,0EED,0C,9102*1D
GPS_PRN:32,23,12,19619419919510,28,25,31,26,29,00,00,SAT_TAL:13
GPS_SNR:37,29,37,33,33,28,27,37,29,34,35,34,26,00,00,SNR_AVG:32.23
GLO_PRN:00,00,00,00,00,00,00,00,00,00,00,00,00,00,00,SAT_TAL:00
GLO_SNR:00,00,00,00,00,00,00,00,00,00,00,00,00,00,00,SNR_AVG:0.00
GAL_PRN:00,00,00,00,00,00,00,00,00,00,00,00,00,00,00,SAT_TAL:00
GAL_SNR:00,00,00,00,00,00,00,00,00,00,00,00,00,00,00,SNR_AVG:0.00
BEI_PRN:39,48,40,56,37,20,32,38,40,39,20,37,03,06,16,SAT_TAL:13
BEI_SNR:27,26,28,29,32,33,28,30,28,26,35,31,29,00,00,SNR_AVG:29.38
QZS_PRN:00,00,00,00,00,SAT_TAL:00
QZS_SNR:00,00,00,00,00,SNR_AVG:0.00
SatInView:35 GDOP:175
Roll:123.124130 Pitch:65.754875
X_AVG:-7.679557 Y_AVG:2.984528 Z_AVG:-2.744624
X_SD:8.464433 Y_SD:6.725433 Z_SD:3.993107
$MXCM10033,2,12,20240103,021255,12,0E98A736,47EE190A,0060,0011,897A,0D,9102*6D
GPS_PRN:32,23,12,19619419919510,28,25,31,26,29,00,00,SAT_TAL:13
GPS_SNR:35,31,36,34,34,29,31,40,30,34,32,35,29,00,00,SNR_AVG:33.08
GLO_PRN:00,00,00,00,00,00,00,00,00,00,00,00,00,00,00,SAT_TAL:00
GLO_SNR:00,00,00,00,00,00,00,00,00,00,00,00,00,00,00,SNR_AVG:0.00
GAL_PRN:00,00,00,00,00,00,00,00,00,00,00,00,00,00,00,SAT_TAL:00
GAL_SNR:00,00,00,00,00,00,00,00,00,00,00,00,00,00,00,SNR_AVG:0.00
BEI_PRN:39,48,40,56,37,20,32,38,40,39,20,37,03,06,16,SAT_TAL:13
BEI_SNR:30,29,30,32,30,27,32,34,29,29,28,31,31,00,00,SNR_AVG:30.15
QZS_PRN:00,00,00,00,00,SAT_TAL:00
QZS_SNR:00,00,00,00,00,SNR_AVG:0.00
SatInView:35 GDOP:170
Roll:115.149567 Pitch:90.000000
X_AVG:-7.975534 Y_AVG:3.386810 Z_AVG:-3.007417
X_SD:9.399939 Y_SD:6.829312 Z_SD:5.697714
$MXCM10033,2,13,20240103,021310,12,0E990ACF,47EE0CED,004E,0014,0896,0D,9102*63
GPS_PRN:32,31,26,29,19619419919523,12,16,10,28,25,00,SAT_TAL:13
GPS_SNR:33,35,34,32,35,35,29,28,30,37,00,39,30,34,00,SNR_AVG:33.15
GLO_PRN:00,00,00,00,00,00,00,00,00,00,00,00,00,00,00,SAT_TAL:00
GLO_SNR:00,00,00,00,00,00,00,00,00,00,00,00,00,00,00,SNR_AVG:0.00
GAL_PRN:00,00,00,00,00,00,00,00,00,00,00,00,00,00,00,SAT_TAL:00
GAL_SNR:00,00,00,00,00,00,00,00,00,00,00,00,00,00,00,SNR_AVG:0.00
BEI_PRN:48,32,37,20,32,38,40,39,20,37,03,06,16,01,08,SAT_TAL:13
BEI_SNR:29,36,32,29,27,31,28,30,32,31,30,00,00,30,31,SNR_AVG:30.46
QZS_PRN:00,00,00,00,00,SAT_TAL:00
QZS_SNR:00,00,00,00,00,SNR_AVG:0.00
SatInView:35 GDOP:170
Roll:106.956909 Pitch:63.812016
X_AVG:-9.567279 Y_AVG:4.248070 Z_AVG:-1.967499
X_SD:8.616914 Y_SD:6.774426 Z_SD:3.799746
$MXCM10033,2,14,20240103,021325,12,0E992F5C,47EE582A,0056,000D,222F,0F,9102*6A
GPS_PRN:32,23,12,19619419919510,28,25,31,26,29,00,00,SAT_TAL:13
GPS_SNR:36,33,38,29,24,25,34,37,36,35,38,36,35,00,00,SNR_AVG:33.54
GLO_PRN:00,00,00,00,00,00,00,00,00,00,00,00,00,00,00,SAT_TAL:00
GLO_SNR:00,00,00,00,00,00,00,00,00,00,00,00,00,00,00,SNR_AVG:0.00
GAL_PRN:00,00,00,00,00,00,00,00,00,00,00,00,00,00,00,SAT_TAL:00
GAL_SNR:00,00,00,00,00,00,00,00,00,00,00,00,00,00,00,SNR_AVG:0.00
BEI_PRN:39,40,56,48,37,32,38,20,40,39,20,37,03,16,06,SAT_TAL:14
BEI_SNR:32,31,33,35,34,24,32,35,31,34,35,32,28,35,00,SNR_AVG:32.21
QZS_PRN:00,00,00,00,00,SAT_TAL:00
QZS_SNR:00,00,00,00,00,SNR_AVG:0.00
SatInView:35 GDOP:163
Roll:92.097046 Pitch:90.000000
X_AVG:-7.377259 Y_AVG:3.429524 Z_AVG:-2.184945
X_SD:8.129122 Y_SD:8.694490 Z_SD:6.024499
$MXCM10033,2,15,20240103,021340,12,0E98FC96,47EE4572,0072,000B,064A,0F,9102*1C
GPS_PRN:32,23,12,19619419919510,28,25,31,26,29,00,00,SAT_TAL:13
GPS_SNR:32,35,37,32,31,25,34,39,34,31,38,37,35,00,00,SNR_AVG:33.85
GLO_PRN:00,00,00,00,00,00,00,00,00,00,00,00,00,00,00,SAT_TAL:00
GLO_SNR:00,00,00,00,00,00,00,00,00,00,00,00,00,00,00,SNR_AVG:0.00
GAL_PRN:00,00,00,00,00,00,00,00,00,00,00,00,00,00,00,SAT_TAL:00
GAL_SNR:00,00,00,00,00,00,00,00,00,00,00,00,00,00,00,SNR_AVG:0.00
BEI_PRN:39,40,56,48,37,32,38,20,40,39,20,37,03,16,06,SAT_TAL:14
BEI_SNR:34,34,34,34,29,28,32,34,34,32,32,27,29,35,00,SNR_AVG:32.00
QZS_PRN:00,00,00,00,00,SAT_TAL:00
QZS_SNR:00,00,00,00,00,SNR_AVG:0.00
SatInView:35 GDOP:163
Roll:131.879883 Pitch:70.375290
X_AVG:-8.630888 Y_AVG:4.500136 Z_AVG:-3.261782
X_SD:7.468382 Y_SD:7.129481 Z_SD:4.150297
$MXCM10033,2,16,20240103,021355,12,0E98C084,47EE3E7A,0076,0010,6AA0,10,9102*1F
GPS_PRN:32,23,12,19619419919510,28,25,31,26,29,00,00,SAT_TAL:13
GPS_SNR:28,36,34,34,34,29,34,38,29,28,36,38,36,00,00,SNR_AVG:33.38
GLO_PRN:00,00,00,00,00,00,00,00,00,00,00,00,00,00,00,SAT_TAL:00
GLO_SNR:00,00,00,00,00,00,00,00,00,00,00,00,00,00,00,SNR_AVG:0.00
GAL_PRN:00,00,00,00,00,00,00,00,00,00,00,00,00,00,00,SAT_TAL:00
GAL_SNR:00,00,00,00,00,00,00,00,00,00,00,00,00,00,00,SNR_AVG:0.00
BEI_PRN:48,39,56,40,37,32,38,20,40,39,20,37,03,16,06,SAT_TAL:14
BEI_SNR:26,26,34,35,26,32,32,29,30,23,31,30,31,23,00,SNR_AVG:29.14
QZS_PRN:00,00,00,00,00,SAT_TAL:00
QZS_SNR:00,00,00,00,00,SNR_AVG:0.00
SatInView:35 GDOP:154
Roll:129.865646 Pitch:61.690750
X_AVG:-11.546701 Y_AVG:6.601569 Z_AVG:-3.685182
X_SD:6.079221 Y_SD:8.444166 Z_SD:5.885890
$MXCM10033,2,17,20240103,021410,12,0E98AF6E,47EE6805,007F,0018,43BB,10,9102*61
GPS_PRN:32,23,12,19619419919510,28,25,31,26,29,00,00,SAT_TAL:13
GPS_SNR:38,36,36,28,31,26,36,37,36,35,37,35,32,00,00,SNR_AVG:34.08
GLO_PRN:00,00,00,00,00,00,00,00,00,00,00,00,00,00,00,SAT_TAL:00
GLO_SNR:00,00,00,00,00,00,00,00,00,00,00,00,00,00,00,SNR_AVG:0.00
GAL_PRN:00,00,00,00,00,00,00,00,00,00,00,00,00,00,00,SAT_TAL:00
GAL_SNR:00,00,00,00,00,00,00,00,00,00,00,00,00,00,00,SNR_AVG:0.00
BEI_PRN:48,39,56,40,37,32,38,20,40,39,20,37,03,16,06,SAT_TAL:14
BEI_SNR:35,35,34,35,36,26,33,34,35,36,36,36,27,35,00,SNR_AVG:33.79
QZS_PRN:00,00,00,00,00,SAT_TAL:00
QZS_SNR:00,00,00,00,00,SNR_AVG:0.00
SatInView:35 GDOP:154
Roll:121.710976 Pitch:61.895500
X_AVG:-9.619521 Y_AVG:5.891196 Z_AVG:-2.955462
X_SD:7.613742 Y_SD:8.461177 Z_SD:3.981075
$MXCM10033,2,18,20240103,021425,12,0E9831BF,47EE4971,007C,000E,730B,13,9102*11
GPS_PRN:32,23,12,19619419919528,10,25,31,26,29,00,00,SAT_TAL:13
GPS_SNR:37,36,33,36,33,30,35,33,39,27,39,37,36,00,00,SNR_AVG:34.69
GLO_PRN:00,00,00,00,00,00,00,00,00,00,00,00,00,00,00,SAT_TAL:00
GLO_SNR:00,00,00,00,00,00,00,00,00,00,00,00,00,00,00,SNR_AVG:0.00
GAL_PRN:00,00,00,00,00,00,00,00,00,00,00,00,00,00,00,SAT_TAL:00
GAL_SNR:00,00,00,00,00,00,00,00,00,00,00,00,00,00,00,SNR_AVG:0.00
BEI_PRN:07,56,40,48,20,37,39,32,38,40,20,37,03,39,16,SAT_TAL:15
BEI_SNR:32,34,32,29,31,26,24,31,32,29,34,27,30,30,27,SNR_AVG:29.87
QZS_PRN:00,00,00,00,00,SAT_TAL:00
QZS_SNR:00,00,00,00,00,SNR_AVG:0.00
SatInView:35 GDOP:150
Roll:116.411079 Pitch:57.097050
X_AVG:-12.690626 Y_AVG:6.007460 Z_AVG:-3.166826
X_SD:6.158676 Y_SD:9.504788 Z_SD:4.918384
$MXCM10033,2,19,20240103,021641,12,0E9894A7,47EE34A9,0077,001C,462C,13,9202*6C
GPS_PRN:32,23,12,28,19619419919510,25,31,26,29,00,00,SAT_TAL:13
GPS_SNR:39,37,36,36,29,30,25,35,37,36,35,35,32,00,00,SNR_AVG:34.00
GLO_PRN:00,00,00,00,00,00,00,00,00,00,00,00,00,00,00,SAT_TAL:00
GLO_SNR:00,00,00,00,00,00,00,00,00,00,00,00,00,00,00,SNR_AVG:0.00
GAL_PRN:00,00,00,00,00,00,00,00,00,00,00,00,00,00,00,SAT_TAL:00
GAL_SNR:00,00,00,00,00,00,00,00,00,00,00,00,00,00,00,SNR_AVG:0.00
BEI_PRN:10,19,05,23,27,20,37,39,32,38,20,37,03,39,06,SAT_TAL:11
BEI_SNR:00,00,26,00,28,32,35,34,34,33,37,36,27,35,00,SNR_AVG:32.45
QZS_PRN:00,00,00,00,00,SAT_TAL:00
QZS_SNR:00,00,00,00,00,SNR_AVG:0.00
SatInView:35 GDOP:150
Roll:94.766350 Pitch:63.532963
X_AVG:-8.086004 Y_AVG:3.802117 Z_AVG:-2.322422
X_SD:8.276984 Y_SD:7.392444 Z_SD:3.845140
$MXCM10033,2,20,20240103,021656,12,0E98AB8A,47EE5A1C,0055,0012,01DE,13,9202*1A
GPS_PRN:32,31,26,29,23,19619419919512,16,28,10,25,00,SAT_TAL:13
GPS_SNR:34,35,36,33,32,35,34,30,30,37,00,29,39,34,00,SNR_AVG:33.69
GLO_PRN:00,00,00,00,00,00,00,00,00,00,00,00,00,00,00,SAT_TAL:00
GLO_SNR:00,00,00,00,00,00,00,00,00,00,00,00,00,00,00,SNR_AVG:0.00
GAL_PRN:00,00,00,00,00,00,00,00,00,00,00,00,00,00,00,SAT_TAL:00
GAL_SNR:00,00,00,00,00,00,00,00,00,00,00,00,00,00,00,SNR_AVG:0.00
BEI_PRN:19,05,23,20,37,39,32,38,20,03,37,39,06,16,32,SAT_TAL:12
BEI_SNR:00,31,00,27,31,25,35,33,31,31,32,30,00,28,37,SNR_AVG:30.92
QZS_PRN:00,00,00,00,00,SAT_TAL:00
QZS_SNR:00,00,00,00,00,SNR_AVG:0.00
SatInView:35 GDOP:149
Roll:116.639709 Pitch:60.129997
X_AVG:-11.523238 Y_AVG:6.092025 Z_AVG:-2.792126
X_SD:7.879290 Y_SD:10.096418 Z_SD:4.756894
$MXCM10033,2,21,20240103,021912,12,0E97CAF5,47EEC860,007E,0014,5D02,13,9202*6C
GPS_PRN:32,31,26,29,23,19619419919512,03,28,10,25,00,SAT_TAL:14
GPS_SNR:38,36,36,33,28,33,35,27,30,36,18,34,33,34,00,SNR_AVG:32.21
GLO_PRN:00,00,00,00,00,00,00,00,00,00,00,00,00,00,00,SAT_TAL:00
GLO_SNR:00,00,00,00,00,00,00,00,00,00,00,00,00,00,00,SNR_AVG:0.00
GAL_PRN:00,00,00,00,00,00,00,00,00,00,00,00,00,00,00,SAT_TAL:00
GAL_SNR:00,00,00,00,00,00,00,00,00,00,00,00,00,00,00,SNR_AVG:0.00
BEI_PRN:10,19,23,20,37,39,32,38,20,37,39,06,16,32,13,SAT_TAL:12
BEI_SNR:00,00,28,35,36,32,27,31,36,36,34,00,32,28,32,SNR_AVG:32.25
QZS_PRN:00,00,00,00,00,SAT_TAL:00
QZS_SNR:00,00,00,00,00,SNR_AVG:0.00
SatInView:35 GDOP:116
Roll:114.463745 Pitch:57.325214
X_AVG:-10.461436 Y_AVG:5.638171 Z_AVG:-3.560441
X_SD:7.045134 Y_SD:7.893272 Z_SD:4.468134
$MXCM10033,2,22,20240103,021927,12,0E973D49,47EE7AB0,0088,001C,5626,13,9202*6A
GPS_PRN:32,31,26,29,23,19619419919512,03,28,10,25,00,SAT_TAL:14
GPS_SNR:39,36,35,37,36,27,32,23,33,33,23,36,30,37,00,SNR_AVG:32.64
GLO_PRN:00,00,00,00,00,00,00,00,00,00,00,00,00,00,00,SAT_TAL:00
GLO_SNR:00,00,00,00,00,00,00,00,00,00,00,00,00,00,00,SNR_AVG:0.00
GAL_PRN:00,00,00,00,00,00,00,00,00,00,00,00,00,00,00,SAT_TAL:00
GAL_SNR:00,00,00,00,00,00,00,00,00,00,00,00,00,00,00,SNR_AVG:0.00
BEI_PRN:10,19,23,20,37,39,32,38,20,37,39,06,16,32,13,SAT_TAL:13
BEI_SNR:28,00,33,34,36,34,31,23,35,36,35,00,34,30,33,SNR_AVG:32.46
QZS_PRN:00,00,00,00,00,SAT_TAL:00
QZS_SNR:00,00,00,00,00,SNR_AVG:0.00
SatInView:35 GDOP:149
Roll:116.417992 Pitch:63.812187
X_AVG:-8.104727 Y_AVG:3.974168 Z_AVG:-2.414697
X_SD:8.667889 Y_SD:7.786101 Z_SD:4.941227
$MXCM10033,2,23,20240103,022143,12,0E94A5EC,47EE8FDA,00DC,001E,47F1,13,9202*64
GPS_PRN:32,31,26,29,23,19619419919512,16,28,10,25,00,SAT_TAL:13
GPS_SNR:38,29,33,30,36,28,30,23,36,36,00,36,37,36,00,SNR_AVG:32.92
GLO_PRN:00,00,00,00,00,00,00,00,00,00,00,00,00,00,00,SAT_TAL:00
GLO_SNR:00,00,00,00,00,00,00,00,00,00,00,00,00,00,00,SNR_AVG:0.00
GAL_PRN:00,00,00,00,00,00,00,00,00,00,00,00,00,00,00,SAT_TAL:00
GAL_SNR:00,00,00,00,00,00,00,00,00,00,00,00,00,00,00,SNR_AVG:0.00
BEI_PRN:10,05,23,20,37,39,32,38,20,03,37,39,06,16,32,SAT_TAL:13
BEI_SNR:00,27,34,33,35,34,34,33,35,27,35,35,00,34,36,SNR_AVG:33.23
QZS_PRN:00,00,00,00,00,SAT_TAL:00
QZS_SNR:00,00,00,00,00,SNR_AVG:0.00
SatInView:35 GDOP:148
Roll:71.736588 Pitch:60.477718
X_AVG:-6.963532 Y_AVG:3.807432 Z_AVG:1.193198
X_SD:7.700724 Y_SD:6.213341 Z_SD:3.353683
$MXCM10033,2,24,20240103,022158,12,0E93FCEE,47EE6DC1,00CE,0022,4916,14,9202*6E
GPS_PRN:32,31,26,29,23,19619419919512,16,28,10,25,00,SAT_TAL:14
GPS_SNR:40,35,34,30,36,30,32,24,35,35,36,36,38,36,00,SNR_AVG:34.07
GLO_PRN:00,00,00,00,00,00,00,00,00,00,00,00,00,00,00,SAT_TAL:00
GLO_SNR:00,00,00,00,00,00,00,00,00,00,00,00,00,00,00,SNR_AVG:0.00
GAL_PRN:00,00,00,00,00,00,00,00,00,00,00,00,00,00,00,SAT_TAL:00
GAL_SNR:00,00,00,00,00,00,00,00,00,00,00,00,00,00,00,SNR_AVG:0.00
BEI_PRN:10,05,23,20,37,39,32,38,20,03,37,39,06,16,32,SAT_TAL:14
BEI_SNR:31,27,33,33,36,31,31,34,36,28,37,34,00,32,32,SNR_AVG:32.50
QZS_PRN:00,00,00,00,00,SAT_TAL:00
QZS_SNR:00,00,00,00,00,SNR_AVG:0.00
SatInView:35 GDOP:133
Roll:97.122215 Pitch:90.000000
X_AVG:-8.247377 Y_AVG:3.599898 Z_AVG:-0.592816
X_SD:8.418781 Y_SD:7.432024 Z_SD:3.861791
$MXCM10033,2,25,20240103,022414,12,0E8ED48F,47EE95EE,00E3,001E,41BC,14,9202*18
GPS_PRN:32,31,26,29,19619419919523,16,12,28,10,25,00,SAT_TAL:14
GPS_SNR:37,35,34,29,31,31,25,36,36,34,35,36,37,35,00,SNR_AVG:33.64
GLO_PRN:00,00,00,00,00,00,00,00,00,00,00,00,00,00,00,SAT_TAL:00
GLO_SNR:00,00,00,00,00,00,00,00,00,00,00,00,00,00,00,SNR_AVG:0.00
GAL_PRN:00,00,00,00,00,00,00,00,00,00,00,00,00,00,00,SAT_TAL:00
GAL_SNR:00,00,00,00,00,00,00,00,00,00,00,00,00,00,00,SNR_AVG:0.00
BEI_PRN:23,27,20,37,39,32,38,19,20,37,39,06,16,32,09,SAT_TAL:13
BEI_SNR:33,37,34,34,34,34,30,30,37,36,35,00,33,36,00,SNR_AVG:34.08
QZS_PRN:00,00,00,00,00,SAT_TAL:00
QZS_SNR:00,00,00,00,00,SNR_AVG:0.00
SatInView:35 GDOP:132
Roll:92.786476 Pitch:61.303055
X_AVG:-7.595806 Y_AVG:3.317904 Z_AVG:-1.282456
X_SD:9.720251 Y_SD:9.481862 Z_SD:6.159090
$MXCM10033,2,26,20240103,022429,12,0E8E3001,47EEA2B0,00E6,001F,47A3,14,9202*67
GPS_PRN:32,31,26,29,19619419919523,16,12,28,10,25,00,SAT_TAL:14
GPS_SNR:38,36,34,32,27,30,24,34,35,33,36,36,37,36,00,SNR_AVG:33.43
GLO_PRN:00,00,00,00,00,00,00,00,00,00,00,00,00,00,00,SAT_TAL:00
GLO_SNR:00,00,00,00,00,00,00,00,00,00,00,00,00,00,00,SNR_AVG:0.00
GAL_PRN:00,00,00,00,00,00,00,00,00,00,00,00,00,00,00,SAT_TAL:00
GAL_SNR:00,00,00,00,00,00,00,00,00,00,00,00,00,00,00,SNR_AVG:0.00
BEI_PRN:23,27,20,37,39,32,38,19,20,37,39,06,16,32,09,SAT_TAL:13
BEI_SNR:34,32,36,35,33,27,33,27,37,37,35,00,33,32,00,SNR_AVG:33.15
QZS_PRN:00,00,00,00,00,SAT_TAL:00
QZS_SNR:00,00,00,00,00,SNR_AVG:0.00
SatInView:35 GDOP:132
Roll:120.589882 Pitch:71.245209
X_AVG:-7.552709 Y_AVG:4.356338 Z_AVG:-1.220541
X_SD:8.848360 Y_SD:7.573293 Z_SD:3.818802
$MXCM10033,2,27,20240103,022645,12,0E887BAD,47ED0DAE,013C,0021,43F9,14,9202*6E
GPS_PRN:32,28,10,25,31,26,19619419919529,23,16,12,03,SAT_TAL:15
GPS_SNR:37,35,34,34,35,33,27,30,23,33,27,36,32,33,27,SNR_AVG:31.73
GLO_PRN:00,00,00,00,00,00,00,00,00,00,00,00,00,00,00,SAT_TAL:00
GLO_SNR:00,00,00,00,00,00,00,00,00,00,00,00,00,00,00,SNR_AVG:0.00
GAL_PRN:00,00,00,00,00,00,00,00,00,00,00,00,00,00,00,SAT_TAL:00
GAL_SNR:00,00,00,00,00,00,00,00,00,00,00,00,00,00,00,SNR_AVG:0.00
BEI_PRN:00,00,00,00,00,00,00,00,00,00,00,00,00,00,00,SAT_TAL:00
BEI_SNR:00,00,00,00,00,00,00,00,00,00,00,00,00,00,00,SNR_AVG:0.00
QZS_PRN:00,00,00,00,00,SAT_TAL:00
QZS_SNR:00,00,00,00,00,SNR_AVG:0.00
SatInView:35 GDOP:133
Roll:80.521011 Pitch:61.087852
X_AVG:-7.823355 Y_AVG:4.151198 Z_AVG:-0.135371
X_SD:8.444424 Y_SD:8.166275 Z_SD:4.701951
$MXCM10033,2,28,20240103,022700,12,0E87D376,47ED1804,0140,001F,441E,14,9202*19
GPS_PRN:32,28,10,25,31,26,19619419919529,23,16,12,03,SAT_TAL:15
GPS_SNR:38,35,37,35,32,33,29,31,24,33,28,34,33,34,27,SNR_AVG:32.20
GLO_PRN:00,00,00,00,00,00,00,00,00,00,00,00,00,00,00,SAT_TAL:00
GLO_SNR:00,00,00,00,00,00,00,00,00,00,00,00,00,00,00,SNR_AVG:0.00
GAL_PRN:00,00,00,00,00,00,00,00,00,00,00,00,00,00,00,SAT_TAL:00
GAL_SNR:00,00,00,00,00,00,00,00,00,00,00,00,00,00,00,SNR_AVG:0.00
BEI_PRN:00,00,00,00,00,00,00,00,00,00,00,00,00,00,00,SAT_TAL:00
BEI_SNR:00,00,00,00,00,00,00,00,00,00,00,00,00,00,00,SNR_AVG:0.00
QZS_PRN:00,00,00,00,00,SAT_TAL:00
QZS_SNR:00,00,00,00,00,SNR_AVG:0.00
SatInView:35 GDOP:133
Roll:72.677757 Pitch:66.000053
X_AVG:-6.783389 Y_AVG:3.454855 Z_AVG:-1.007644
X_SD:8.711607 Y_SD:7.818875 Z_SD:4.489744
$MXCM10033,2,29,20240103,022916,12,0E81B058,47ED6E0F,017B,0021,44CA,13,9202*62
GPS_PRN:32,31,26,29,19619419919523,16,03,28,10,25,00,SAT_TAL:14
GPS_SNR:38,36,34,30,28,28,23,37,36,32,28,37,38,36,00,SNR_AVG:32.93
GLO_PRN:00,00,00,00,00,00,00,00,00,00,00,00,00,00,00,SAT_TAL:00
GLO_SNR:00,00,00,00,00,00,00,00,00,00,00,00,00,00,00,SNR_AVG:0.00
GAL_PRN:00,00,00,00,00,00,00,00,00,00,00,00,00,00,00,SAT_TAL:00
GAL_SNR:00,00,00,00,00,00,00,00,00,00,00,00,00,00,00,SNR_AVG:0.00
BEI_PRN:23,28,20,37,39,32,38,19,20,39,37,06,16,32,09,SAT_TAL:15
BEI_SNR:34,32,34,35,35,33,32,30,36,35,37,32,34,35,31,SNR_AVG:33.67
QZS_PRN:00,00,00,00,00,SAT_TAL:00
QZS_SNR:00,00,00,00,00,SNR_AVG:0.00
SatInView:35 GDOP:167
Roll:67.399628 Pitch:90.000000
X_AVG:-6.861489 Y_AVG:3.390641 Z_AVG:-1.511538
X_SD:8.830251 Y_SD:8.126028 Z_SD:5.081086
$MXCM10033,2,30,20240103,022931,12,0E8113C3,47ED9C84,0198,001F,40A4,13,9202*62
GPS_PRN:32,31,26,29,19619419919523,16,03,28,10,25,00,SAT_TAL:14
GPS_SNR:37,36,35,25,29,29,25,36,37,34,30,37,37,35,00,SNR_AVG:33.00
GLO_PRN:00,00,00,00,00,00,00,00,00,00,00,00,00,00,00,SAT_TAL:00
GLO_SNR:00,00,00,00,00,00,00,00,00,00,00,00,00,00,00,SNR_AVG:0.00
GAL_PRN:00,00,00,00,00,00,00,00,00,00,00,00,00,00,00,SAT_TAL:00
GAL_SNR:00,00,00,00,00,00,00,00,00,00,00,00,00,00,00,SNR_AVG:0.00
BEI_PRN:23,28,20,37,39,32,38,19,20,39,37,06,16,32,09,SAT_TAL:15
BEI_SNR:34,30,36,35,34,34,30,29,37,35,35,33,34,36,31,SNR_AVG:33.53
QZS_PRN:00,00,00,00,00,SAT_TAL:00
QZS_SNR:00,00,00,00,00,SNR_AVG:0.00
SatInView:35 GDOP:167
Roll:74.433968 Pitch:64.453934
X_AVG:-6.945240 Y_AVG:3.829076 Z_AVG:-0.887213
X_SD:8.690400 Y_SD:8.698600 Z_SD:5.106109
$MXCM10033,2,31,20240103,023147,12,0E7AE1F1,47EE4BCF,01AD,0024,46BB,13,9202*67
GPS_PRN:32,16,23,19619419919528,10,31,26,25,29,00,00,SAT_TAL:13
GPS_SNR:37,33,33,29,30,22,32,35,38,34,33,34,29,00,00,SNR_AVG:32.23
GLO_PRN:00,00,00,00,00,00,00,00,00,00,00,00,00,00,00,SAT_TAL:00
GLO_SNR:00,00,00,00,00,00,00,00,00,00,00,00,00,00,00,SNR_AVG:0.00
GAL_PRN:00,00,00,00,00,00,00,00,00,00,00,00,00,00,00,SAT_TAL:00
GAL_SNR:00,00,00,00,00,00,00,00,00,00,00,00,00,00,00,SNR_AVG:0.00
BEI_PRN:04,38,10,27,20,39,37,32,38,27,20,03,39,06,37,SAT_TAL:15
BEI_SNR:28,36,33,30,34,33,36,34,32,27,37,28,35,32,37,SNR_AVG:32.80
QZS_PRN:00,00,00,00,00,SAT_TAL:00
QZS_SNR:00,00,00,00,00,SNR_AVG:0.00
SatInView:35 GDOP:166
Roll:75.682739 Pitch:67.097198
X_AVG:-9.784773 Y_AVG:5.865050 Z_AVG:-0.029976
X_SD:8.415931 Y_SD:9.290421 Z_SD:4.605456
$MXCM10033,2,32,20240103,023202,12,0E7A28C8,47EE343B,01A8,0024,474C,13,9202*1B
GPS_PRN:32,16,23,19619419919528,10,31,26,25,29,00,00,SAT_TAL:13
GPS_SNR:38,34,33,28,31,23,32,35,38,34,33,34,30,00,00,SNR_AVG:32.54
GLO_PRN:00,00,00,00,00,00,00,00,00,00,00,00,00,00,00,SAT_TAL:00
GLO_SNR:00,00,00,00,00,00,00,00,00,00,00,00,00,00,00,SNR_AVG:0.00
GAL_PRN:00,00,00,00,00,00,00,00,00,00,00,00,00,00,00,SAT_TAL:00
GAL_SNR:00,00,00,00,00,00,00,00,00,00,00,00,00,00,00,SNR_AVG:0.00
BEI_PRN:04,38,10,27,20,39,37,32,38,27,20,03,39,06,37,SAT_TAL:15
BEI_SNR:28,36,33,29,34,34,35,32,31,27,37,28,36,32,37,SNR_AVG:32.60
QZS_PRN:00,00,00,00,00,SAT_TAL:00
QZS_SNR:00,00,00,00,00,SNR_AVG:0.00
SatInView:35 GDOP:165
Roll:84.450226 Pitch:61.609123
X_AVG:-7.106900 Y_AVG:3.964112 Z_AVG:-0.697493
X_SD:8.956813 Y_SD:8.251256 Z_SD:5.247424
$MXCM10033,2,33,20240103,023418,12,0E733721,47EDF3B7,0141,0024,4654,14,9202*68
GPS_PRN:32,28,10,26,31,25,19419619919529,16,23,03,12,SAT_TAL:15
GPS_SNR:39,37,38,35,34,36,32,30,24,34,30,35,34,23,36,SNR_AVG:33.13
GLO_PRN:00,00,00,00,00,00,00,00,00,00,00,00,00,00,00,SAT_TAL:00
GLO_SNR:00,00,00,00,00,00,00,00,00,00,00,00,00,00,00,SNR_AVG:0.00
GAL_PRN:00,00,00,00,00,00,00,00,00,00,00,00,00,00,00,SAT_TAL:00
GAL_SNR:00,00,00,00,00,00,00,00,00,00,00,00,00,00,00,SNR_AVG:0.00
BEI_PRN:00,00,00,00,00,00,00,00,00,00,00,00,00,00,00,SAT_TAL:00
BEI_SNR:00,00,00,00,00,00,00,00,00,00,00,00,00,00,00,SNR_AVG:0.00
QZS_PRN:00,00,00,00,00,SAT_TAL:00
QZS_SNR:00,00,00,00,00,SNR_AVG:0.00
SatInView:35 GDOP:131
Roll:69.301033 Pitch:61.546490
X_AVG:-7.970458 Y_AVG:3.942132 Z_AVG:0.047741
X_SD:8.097825 Y_SD:6.599027 Z_SD:3.980525
$MXCM10033,2,34,20240103,023433,12,0E727744,47EDE34E,012F,0023,491D,14,9202*6A
GPS_PRN:32,28,10,26,31,19419619919525,29,16,23,03,12,SAT_TAL:15
GPS_SNR:39,36,38,35,34,33,30,25,31,36,33,35,36,24,36,SNR_AVG:33.40
GLO_PRN:00,00,00,00,00,00,00,00,00,00,00,00,00,00,00,SAT_TAL:00
GLO_SNR:00,00,00,00,00,00,00,00,00,00,00,00,00,00,00,SNR_AVG:0.00
GAL_PRN:00,00,00,00,00,00,00,00,00,00,00,00,00,00,00,SAT_TAL:00
GAL_SNR:00,00,00,00,00,00,00,00,00,00,00,00,00,00,00,SNR_AVG:0.00
BEI_PRN:00,00,00,00,00,00,00,00,00,00,00,00,00,00,00,SAT_TAL:00
BEI_SNR:00,00,00,00,00,00,00,00,00,00,00,00,00,00,00,SNR_AVG:0.00
QZS_PRN:00,00,00,00,00,SAT_TAL:00
QZS_SNR:00,00,00,00,00,SNR_AVG:0.00
SatInView:35 GDOP:131
Roll:100.260475 Pitch:71.147713
X_AVG:-9.132004 Y_AVG:4.418205 Z_AVG:-0.482681
X_SD:7.996166 Y_SD:6.779077 Z_SD:3.936316
$MXCM10033,2,35,20240103,023649,12,0E70FECC,47EFA007,00BE,0000,8093,0F,9201*6F
GPS_PRN:32,10,25,29,16,23,19419619919512,28,26,31,00,SAT_TAL:12
GPS_SNR:29,35,31,32,00,27,26,33,27,33,00,20,15,14,00,SNR_AVG:26.83
GLO_PRN:00,00,00,00,00,00,00,00,00,00,00,00,00,00,00,SAT_TAL:00
GLO_SNR:00,00,00,00,00,00,00,00,00,00,00,00,00,00,00,SNR_AVG:0.00
GAL_PRN:00,00,00,00,00,00,00,00,00,00,00,00,00,00,00,SAT_TAL:00
GAL_SNR:00,00,00,00,00,00,00,00,00,00,00,00,00,00,00,SNR_AVG:0.00
BEI_PRN:19,10,28,27,20,39,32,27,20,39,06,16,37,01,32,SAT_TAL:09
BEI_SNR:00,00,21,25,00,20,36,28,24,27,00,00,00,30,39,SNR_AVG:27.78
QZS_PRN:00,00,00,00,00,SAT_TAL:00
QZS_SNR:00,00,00,00,00,SNR_AVG:0.00
SatInView:35 GDOP:132
Roll:96.183678 Pitch:13.490913
X_AVG:-2.885837 Y_AVG:9.383831 Z_AVG:-1.509718
X_SD:0.133196 Y_SD:0.138854 Z_SD:0.141169
$MXCM10033,2,36,20240103,023704,12,0E71015E,47EF9AB3,00BD,0000,8093,12,9201*1C
GPS_PRN:32,16,23,28,19419619919526,31,10,25,29,00,00,SAT_TAL:13
GPS_SNR:33,15,26,17,31,31,23,30,11,18,30,33,35,00,00,SNR_AVG:25.62
GLO_PRN:00,00,00,00,00,00,00,00,00,00,00,00,00,00,00,SAT_TAL:00
GLO_SNR:00,00,00,00,00,00,00,00,00,00,00,00,00,00,00,SNR_AVG:0.00
GAL_PRN:00,00,00,00,00,00,00,00,00,00,00,00,00,00,00,SAT_TAL:00
GAL_SNR:00,00,00,00,00,00,00,00,00,00,00,00,00,00,00,SNR_AVG:0.00
BEI_PRN:38,19,10,28,27,20,39,37,32,27,20,39,06,16,37,SAT_TAL:12
BEI_SNR:14,00,00,23,31,21,14,27,36,25,29,20,18,00,35,SNR_AVG:24.42
QZS_PRN:00,00,00,00,00,SAT_TAL:00
QZS_SNR:00,00,00,00,00,SNR_AVG:0.00
SatInView:35 GDOP:122
Roll:112.181023 Pitch:19.051453
X_AVG:-3.792300 Y_AVG:8.758789 Z_AVG:-3.725166
X_SD:0.675062 Y_SD:0.514090 Z_SD:0.918841
$MXCM10033,2,37,20240103,023920,12,0E7101C6,47EF9C92,00BE,0000,2642,0F,9201*1C
GPS_PRN:32,28,26,31,10,25,19419619919529,16,23,12,00,SAT_TAL:11
GPS_SNR:41,23,00,18,30,31,37,33,26,27,30,00,24,00,00,SNR_AVG:29.09
GLO_PRN:00,00,00,00,00,00,00,00,00,00,00,00,00,00,00,SAT_TAL:00
GLO_SNR:00,00,00,00,00,00,00,00,00,00,00,00,00,00,00,SNR_AVG:0.00
GAL_PRN:00,00,00,00,00,00,00,00,00,00,00,00,00,00,00,SAT_TAL:00
GAL_SNR:00,00,00,00,00,00,00,00,00,00,00,00,00,00,00,SNR_AVG:0.00
BEI_PRN:28,20,39,37,32,20,03,39,06,16,01,37,32,04,38,SAT_TAL:08
BEI_SNR:00,27,00,30,29,27,00,35,00,00,00,37,35,29,00,SNR_AVG:31.12
QZS_PRN:00,00,00,00,00,SAT_TAL:00
QZS_SNR:00,00,00,00,00,SNR_AVG:0.00
SatInView:32 GDOP:135
Roll:119.207275 Pitch:27.354591
X_AVG:-3.573610 Y_AVG:7.960546 Z_AVG:-4.455412
X_SD:4.375520 Y_SD:4.014540 Z_SD:2.391293
$MXCM10033,2,38,20240103,023935,12,0E710380,47EF9B71,00BE,0000,2642,11,9201*12
GPS_PRN:32,10,25,29,16,19419619919523,03,28,26,31,00,SAT_TAL:11
GPS_SNR:34,33,27,23,00,18,28,22,24,26,00,17,00,16,00,SNR_AVG:24.36
GLO_PRN:00,00,00,00,00,00,00,00,00,00,00,00,00,00,00,SAT_TAL:00
GLO_SNR:00,00,00,00,00,00,00,00,00,00,00,00,00,00,00,SNR_AVG:0.00
GAL_PRN:00,00,00,00,00,00,00,00,00,00,00,00,00,00,00,SAT_TAL:00
GAL_SNR:00,00,00,00,00,00,00,00,00,00,00,00,00,00,00,SNR_AVG:0.00
BEI_PRN:27,23,28,20,39,37,32,38,20,39,06,16,37,09,32,SAT_TAL:10
BEI_SNR:25,00,00,18,15,32,30,00,20,21,00,18,30,00,37,SNR_AVG:24.60
QZS_PRN:00,00,00,00,00,SAT_TAL:00
QZS_SNR:00,00,00,00,00,SNR_AVG:0.00
SatInView:35 GDOP:129
Roll:109.407463 Pitch:18.567297
X_AVG:-3.295589 Y_AVG:9.003002 Z_AVG:-3.288454
X_SD:0.146538 Y_SD:0.084939 Z_SD:0.148984
$MXCM10033,2,39,20240103,024151,12,0E71024F,47EF9BCB,00BE,0000,1719,04,9201*6A
GPS_PRN:32,28,26,31,10,25,29,16,03,23,12,194196199195SAT_TAL:04
GPS_SNR:26,00,00,00,00,00,30,00,00,00,00,15,00,00,23,SNR_AVG:23.50
GLO_PRN:00,00,00,00,00,00,00,00,00,00,00,00,00,00,00,SAT_TAL:00
GLO_SNR:00,00,00,00,00,00,00,00,00,00,00,00,00,00,00,SNR_AVG:0.00
GAL_PRN:00,00,00,00,00,00,00,00,00,00,00,00,00,00,00,SAT_TAL:00
GAL_SNR:00,00,00,00,00,00,00,00,00,00,00,00,00,00,00,SNR_AVG:0.00
BEI_PRN:00,00,00,00,00,00,00,00,00,00,00,00,00,00,00,SAT_TAL:00
BEI_SNR:00,00,00,00,00,00,00,00,00,00,00,00,00,00,00,SNR_AVG:0.00
QZS_PRN:00,00,00,00,00,SAT_TAL:00
QZS_SNR:00,00,00,00,00,SNR_AVG:0.00
SatInView:31 GDOP:316
Roll:103.921005 Pitch:23.358007
X_AVG:-4.045085 Y_AVG:8.841773 Z_AVG:-2.410148
X_SD:0.378637 Y_SD:0.345524 Z_SD:0.311045
$MXCM10033,2,40,20240103,024206,12,0E710319,47EF9996,00BE,0000,1719,0A,9201*1E
GPS_PRN:32,23,12,28,26,31,10,25,19419619919529,16,03,SAT_TAL:08
GPS_SNR:21,26,00,00,00,00,17,21,18,16,00,25,22,00,00,SNR_AVG:20.75
GLO_PRN:00,00,00,00,00,00,00,00,00,00,00,00,00,00,00,SAT_TAL:00
GLO_SNR:00,00,00,00,00,00,00,00,00,00,00,00,00,00,00,SNR_AVG:0.00
GAL_PRN:00,00,00,00,00,00,00,00,00,00,00,00,00,00,00,SAT_TAL:00
GAL_SNR:00,00,00,00,00,00,00,00,00,00,00,00,00,00,00,SNR_AVG:0.00
BEI_PRN:00,00,00,00,00,00,00,00,00,00,00,00,00,00,00,SAT_TAL:00
BEI_SNR:00,00,00,00,00,00,00,00,00,00,00,00,00,00,00,SNR_AVG:0.00
QZS_PRN:00,00,00,00,00,SAT_TAL:00
QZS_SNR:00,00,00,00,00,SNR_AVG:0.00
SatInView:33 GDOP:202
Roll:106.963158 Pitch:41.178528
X_AVG:-6.625943 Y_AVG:4.774565 Z_AVG:-3.734407
X_SD:9.274923 Y_SD:12.623861 Z_SD:7.470349
$MXCM10033,2,41,20240103,024420,00,0E7105AC,47EF66D1,00BE,0000,0000,00,9201*17
GPS_PRN:32,28,26,31,10,25,29,16,03,23,19419619919500,SAT_TAL:04
GPS_SNR:25,00,00,00,00,00,00,00,00,31,20,00,00,20,00,SNR_AVG:24.00
GLO_PRN:00,00,00,00,00,00,00,00,00,00,00,00,00,00,00,SAT_TAL:00
GLO_SNR:00,00,00,00,00,00,00,00,00,00,00,00,00,00,00,SNR_AVG:0.00
GAL_PRN:00,00,00,00,00,00,00,00,00,00,00,00,00,00,00,SAT_TAL:00
GAL_SNR:00,00,00,00,00,00,00,00,00,00,00,00,00,00,00,SNR_AVG:0.00
BEI_PRN:37,07,19,10,39,06,16,04,00,00,00,00,00,00,00,SAT_TAL:00
BEI_SNR:00,00,00,00,00,00,00,00,00,00,00,00,00,00,00,SNR_AVG:0.00
QZS_PRN:00,00,00,00,00,SAT_TAL:00
QZS_SNR:00,00,00,00,00,SNR_AVG:0.00
SatInView:22 GDOP:1710
Roll:110.645889 Pitch:19.370070
X_AVG:-3.476834 Y_AVG:8.778278 Z_AVG:-3.870066
X_SD:0.135787 Y_SD:0.110431 Z_SD:0.126876
$MXCM10033,2,42,20240103,024436,12,0E71027A,47EFC1AF,00BE,0000,06F6,06,9201*13
GPS_PRN:32,28,26,31,10,25,29,16,19419619919503,23,00,SAT_TAL:05
GPS_SNR:24,00,14,00,00,00,00,00,22,00,00,21,00,17,00,SNR_AVG:19.60
GLO_PRN:00,00,00,00,00,00,00,00,00,00,00,00,00,00,00,SAT_TAL:00
GLO_SNR:00,00,00,00,00,00,00,00,00,00,00,00,00,00,00,SNR_AVG:0.00
GAL_PRN:00,00,00,00,00,00,00,00,00,00,00,00,00,00,00,SAT_TAL:00
GAL_SNR:00,00,00,00,00,00,00,00,00,00,00,00,00,00,00,SNR_AVG:0.00
BEI_PRN:05,27,28,32,27,20,03,39,06,16,01,37,02,32,04,SAT_TAL:05
BEI_SNR:00,27,22,27,23,00,00,00,00,00,00,00,00,21,00,SNR_AVG:24.00
QZS_PRN:00,00,00,00,00,SAT_TAL:00
QZS_SNR:00,00,00,00,00,SNR_AVG:0.00
SatInView:32 GDOP:230
Roll:117.856361 Pitch:31.120623
X_AVG:-5.234357 Y_AVG:7.761679 Z_AVG:-4.117727
X_SD:0.170036 Y_SD:0.128349 Z_SD:0.139531
$MXCM10033,2,43,20240103,024652,12,0E71015F,47EF9379,00BE,0000,3046,09,9202*1E
GPS_PRN:32,23,28,26,31,10,25,29,16,19419619919503,00,SAT_TAL:08
GPS_SNR:36,27,19,00,00,17,00,23,00,24,24,00,27,00,00,SNR_AVG:24.62
GLO_PRN:00,00,00,00,00,00,00,00,00,00,00,00,00,00,00,SAT_TAL:00
GLO_SNR:00,00,00,00,00,00,00,00,00,00,00,00,00,00,00,SNR_AVG:0.00
GAL_PRN:00,00,00,00,00,00,00,00,00,00,00,00,00,00,00,SAT_TAL:00
GAL_SNR:00,00,00,00,00,00,00,00,00,00,00,00,00,00,00,SNR_AVG:0.00
BEI_PRN:05,27,28,20,20,03,39,06,16,01,37,02,32,04,07,SAT_TAL:01
BEI_SNR:00,00,00,00,20,00,00,00,00,00,00,00,00,00,00,SNR_AVG:20.00
QZS_PRN:00,00,00,00,00,SAT_TAL:00
QZS_SNR:00,00,00,00,00,SNR_AVG:0.00
SatInView:31 GDOP:175
Roll:0.000000 Pitch:90.000000
X_AVG:-9.565459 Y_AVG:-0.010200 Z_AVG:0.392753
X_SD:0.344057 Y_SD:0.158609 Z_SD:0.144505
$MXCM10033,2,44,20240103,024707,12,0E71013E,47EF96C5,00BF,0000,386A,11,9202*17
GPS_PRN:32,03,23,28,26,31,10,25,29,19419619919516,00,SAT_TAL:12
GPS_SNR:34,00,27,18,00,17,19,13,26,26,24,17,21,16,00,SNR_AVG:21.50
GLO_PRN:00,00,00,00,00,00,00,00,00,00,00,00,00,00,00,SAT_TAL:00
GLO_SNR:00,00,00,00,00,00,00,00,00,00,00,00,00,00,00,SNR_AVG:0.00
GAL_PRN:00,00,00,00,00,00,00,00,00,00,00,00,00,00,00,SAT_TAL:00
GAL_SNR:00,00,00,00,00,00,00,00,00,00,00,00,00,00,00,SNR_AVG:0.00
BEI_PRN:28,27,20,20,39,06,16,01,37,02,32,04,07,38,10,SAT_TAL:07
BEI_SNR:26,28,00,19,17,00,00,00,18,00,20,00,00,15,00,SNR_AVG:20.43
QZS_PRN:00,00,00,00,00,SAT_TAL:00
QZS_SNR:00,00,00,00,00,SNR_AVG:0.00
SatInView:30 GDOP:123
Roll:0.000000 Pitch:90.000000
X_AVG:-9.575994 Y_AVG:0.016616 Z_AVG:0.384038
X_SD:0.650638 Y_SD:0.331586 Z_SD:0.174643
$MXCM10033,2,45,20240103,024922,12,0E7105B7,47EF9E9A,00BE,0000,0000,08,9202*12
GPS_PRN:32,31,10,25,29,16,23,19419619919528,26,00,00,SAT_TAL:09
GPS_SNR:24,00,23,25,28,00,23,20,20,00,27,00,17,00,00,SNR_AVG:23.00
GLO_PRN:00,00,00,00,00,00,00,00,00,00,00,00,00,00,00,SAT_TAL:00
GLO_SNR:00,00,00,00,00,00,00,00,00,00,00,00,00,00,00,SNR_AVG:0.00
GAL_PRN:00,00,00,00,00,00,00,00,00,00,00,00,00,00,00,SAT_TAL:00
GAL_SNR:00,00,00,00,00,00,00,00,00,00,00,00,00,00,00,SNR_AVG:0.00
BEI_PRN:10,05,27,28,32,27,20,03,39,06,16,01,37,02,32,SAT_TAL:02
BEI_SNR:00,00,30,00,00,27,00,00,00,00,00,00,00,00,00,SNR_AVG:28.50
QZS_PRN:00,00,00,00,00,SAT_TAL:00
QZS_SNR:00,00,00,00,00,SNR_AVG:0.00
SatInView:31 GDOP:185
Roll:-179.874832 Pitch:90.000000
X_AVG:-9.391876 Y_AVG:-0.558962 Z_AVG:-0.686958
X_SD:0.755722 Y_SD:0.603472 Z_SD:0.854036
$MXCM10033,2,46,20240103,024938,12,0E70FF8A,47EF9E8A,00BE,0000,0000,0E,9202*6E
GPS_PRN:32,26,31,10,25,29,16,19419619919503,23,28,00,SAT_TAL:11
GPS_SNR:20,19,00,23,22,35,00,23,19,17,25,00,21,18,00,SNR_AVG:22.00
GLO_PRN:00,00,00,00,00,00,00,00,00,00,00,00,00,00,00,SAT_TAL:00
GLO_SNR:00,00,00,00,00,00,00,00,00,00,00,00,00,00,00,SNR_AVG:0.00
GAL_PRN:00,00,00,00,00,00,00,00,00,00,00,00,00,00,00,SAT_TAL:00
GAL_SNR:00,00,00,00,00,00,00,00,00,00,00,00,00,00,00,SNR_AVG:0.00
BEI_PRN:05,27,28,37,32,27,20,03,39,06,16,01,37,02,32,SAT_TAL:09
BEI_SNR:00,26,20,23,32,24,13,00,00,00,00,24,19,00,31,SNR_AVG:23.56
QZS_PRN:00,00,00,00,00,SAT_TAL:00
QZS_SNR:00,00,00,00,00,SNR_AVG:0.00
SatInView:33 GDOP:144
Roll:89.779083 Pitch:51.413559
X_AVG:-8.413107 Y_AVG:4.330863 Z_AVG:-1.034699
X_SD:0.817701 Y_SD:0.982389 Z_SD:0.678145
$MXCM10033,2,47,20240103,025154,12,0E710301,47EF9F12,00BE,0000,0000,0F,9202*6C
GPS_PRN:32,28,26,31,10,25,29,16,19419619919503,23,00,SAT_TAL:10
GPS_SNR:29,00,00,25,29,24,36,00,19,21,18,28,17,00,00,SNR_AVG:24.60
GLO_PRN:00,00,00,00,00,00,00,00,00,00,00,00,00,00,00,SAT_TAL:00
GLO_SNR:00,00,00,00,00,00,00,00,00,00,00,00,00,00,00,SNR_AVG:0.00
GAL_PRN:00,00,00,00,00,00,00,00,00,00,00,00,00,00,00,SAT_TAL:00
GAL_SNR:00,00,00,00,00,00,00,00,00,00,00,00,00,00,00,SNR_AVG:0.00
BEI_PRN:05,27,28,27,28,20,03,39,06,16,01,37,02,04,32,SAT_TAL:11
BEI_SNR:00,43,35,31,18,26,00,19,00,26,28,35,00,33,29,SNR_AVG:29.36
QZS_PRN:00,00,00,00,00,SAT_TAL:00
QZS_SNR:00,00,00,00,00,SNR_AVG:0.00
SatInView:32 GDOP:124
Roll:0.000000 Pitch:90.000000
X_AVG:-9.288109 Y_AVG:0.615274 Z_AVG:1.443828
X_SD:0.071094 Y_SD:0.060718 Z_SD:0.109493
$MXCM10033,2,48,20240103,025209,12,0E7102AF,47EF9DAF,00BE,0000,0000,13,9202*1D
GPS_PRN:32,16,19419619919503,28,26,31,10,25,29,00,00,SAT_TAL:13
GPS_SNR:27,17,18,19,17,23,16,16,18,24,28,27,37,00,00,SNR_AVG:22.08
GLO_PRN:00,00,00,00,00,00,00,00,00,00,00,00,00,00,00,SAT_TAL:00
GLO_SNR:00,00,00,00,00,00,00,00,00,00,00,00,00,00,00,SNR_AVG:0.00
GAL_PRN:00,00,00,00,00,00,00,00,00,00,00,00,00,00,00,SAT_TAL:00
GAL_SNR:00,00,00,00,00,00,00,00,00,00,00,00,00,00,00,SNR_AVG:0.00
BEI_PRN:38,27,28,20,39,37,32,38,27,28,20,39,06,16,01,SAT_TAL:13
BEI_SNR:25,43,38,22,00,19,24,00,31,23,26,21,23,15,29,SNR_AVG:26.08
QZS_PRN:00,00,00,00,00,SAT_TAL:00
QZS_SNR:00,00,00,00,00,SNR_AVG:0.00
SatInView:35 GDOP:111
Roll:0.000000 Pitch:90.000000
X_AVG:-9.289977 Y_AVG:0.614412 Z_AVG:1.452544
X_SD:0.087003 Y_SD:0.062954 Z_SD:0.126754
$MXCM10033,2,49,20240103,025425,12,0E710380,47EF9F2B,00BF,0000,2AF2,0F,9202*1F
GPS_PRN:32,10,25,29,16,03,19419619919523,28,26,31,00,SAT_TAL:12
GPS_SNR:35,31,35,34,17,00,27,20,21,20,00,19,20,18,00,SNR_AVG:24.75
GLO_PRN:00,00,00,00,00,00,00,00,00,00,00,00,00,00,00,SAT_TAL:00
GLO_SNR:00,00,00,00,00,00,00,00,00,00,00,00,00,00,00,SNR_AVG:0.00
GAL_PRN:00,00,00,00,00,00,00,00,00,00,00,00,00,00,00,SAT_TAL:00
GAL_SNR:00,00,00,00,00,00,00,00,00,00,00,00,00,00,00,SNR_AVG:0.00
BEI_PRN:10,38,28,27,20,37,32,27,20,39,06,16,01,37,09,SAT_TAL:08
BEI_SNR:00,00,36,41,00,20,34,34,26,00,00,00,32,33,00,SNR_AVG:32.00
QZS_PRN:00,00,00,00,00,SAT_TAL:00
QZS_SNR:00,00,00,00,00,SNR_AVG:0.00
SatInView:35 GDOP:129
Roll:0.000000 Pitch:90.000000
X_AVG:-9.301709 Y_AVG:0.654923 Z_AVG:1.408920
X_SD:0.079932 Y_SD:0.063640 Z_SD:0.100701
$MXCM10033,2,50,20240103,025440,12,0E7100A4,47EF9EC3,00BE,0000,4A80,11,9202*66
GPS_PRN:32,16,03,19419619919528,26,31,10,25,29,00,00,SAT_TAL:11
GPS_SNR:19,15,00,16,14,00,21,17,18,16,18,20,24,00,00,SNR_AVG:18.00
GLO_PRN:00,00,00,00,00,00,00,00,00,00,00,00,00,00,00,SAT_TAL:00
GLO_SNR:00,00,00,00,00,00,00,00,00,00,00,00,00,00,00,SNR_AVG:0.00
GAL_PRN:00,00,00,00,00,00,00,00,00,00,00,00,00,00,00,SAT_TAL:00
GAL_SNR:00,00,00,00,00,00,00,00,00,00,00,00,00,00,00,SNR_AVG:0.00
BEI_PRN:38,10,27,28,20,39,37,32,38,27,20,03,39,06,16,SAT_TAL:11
BEI_SNR:16,15,17,16,16,00,14,17,00,16,13,00,13,00,16,SNR_AVG:15.36
QZS_PRN:00,00,00,00,00,SAT_TAL:00
QZS_SNR:00,00,00,00,00,SNR_AVG:0.00
SatInView:35 GDOP:125
Roll:-67.938774 Pitch:90.000000
X_AVG:-9.277048 Y_AVG:-2.031856 Z_AVG:1.647723
X_SD:0.398260 Y_SD:0.983646 Z_SD:0.849725
$MXCM10033,2,51,20240103,025655,12,0E70FBF8,47EF8366,00BF,0000,8192,09,9202*1D
GPS_PRN:32,28,26,31,10,29,25,16,03,23,19419619919500,SAT_TAL:09
GPS_SNR:00,18,27,19,00,00,20,17,00,00,18,28,17,18,00,SNR_AVG:20.22
GLO_PRN:00,00,00,00,00,00,00,00,00,00,00,00,00,00,00,SAT_TAL:00
GLO_SNR:00,00,00,00,00,00,00,00,00,00,00,00,00,00,00,SNR_AVG:0.00
GAL_PRN:00,00,00,00,00,00,00,00,00,00,00,00,00,00,00,SAT_TAL:00
GAL_SNR:00,00,00,00,00,00,00,00,00,00,00,00,00,00,00,SNR_AVG:0.00
BEI_PRN:16,37,09,02,04,13,32,07,08,10,05,27,28,20,03,SAT_TAL:01
BEI_SNR:00,00,00,26,00,00,00,00,00,00,00,00,00,00,00,SNR_AVG:26.00
QZS_PRN:00,00,00,00,00,SAT_TAL:00
QZS_SNR:00,00,00,00,00,SNR_AVG:0.00
SatInView:31 GDOP:148
Roll:0.000000 Pitch:90.000000
X_AVG:-9.605012 Y_AVG:0.095722 Z_AVG:0.108890
X_SD:0.079362 Y_SD:0.061072 Z_SD:0.114770
$MXCM10033,2,52,20240103,025711,12,0E70FD11,47EF86E7,00BF,0000,7CF7,0C,9202*6D
GPS_PRN:32,28,26,31,10,29,25,16,03,23,19419619919500,SAT_TAL:08
GPS_SNR:00,00,27,21,00,00,20,17,00,00,17,28,18,20,00,SNR_AVG:21.00
GLO_PRN:00,00,00,00,00,00,00,00,00,00,00,00,00,00,00,SAT_TAL:00
GLO_SNR:00,00,00,00,00,00,00,00,00,00,00,00,00,00,00,SNR_AVG:0.00
GAL_PRN:00,00,00,00,00,00,00,00,00,00,00,00,00,00,00,SAT_TAL:00
GAL_SNR:00,00,00,00,00,00,00,00,00,00,00,00,00,00,00,SNR_AVG:0.00
BEI_PRN:06,01,37,02,04,13,32,07,08,10,38,05,27,28,20,SAT_TAL:09
BEI_SNR:16,26,16,27,00,30,18,16,00,00,23,00,00,19,00,SNR_AVG:21.22
QZS_PRN:00,00,00,00,00,SAT_TAL:00
QZS_SNR:00,00,00,00,00,SNR_AVG:0.00
SatInView:32 GDOP:137
Roll:0.000000 Pitch:90.000000
X_AVG:-9.599506 Y_AVG:0.103815 Z_AVG:0.104677
X_SD:0.075560 Y_SD:0.069593 Z_SD:0.120478
$MXCM10033,2,53,20240103,025926,00,0E70FCF2,47EF8703,00BF,0000,0000,00,9202*10
GPS_PRN:10,25,00,00,00,00,00,00,00,00,00,00,00,00,00,SAT_TAL:00
GPS_SNR:00,00,00,00,00,00,00,00,00,00,00,00,00,00,00,SNR_AVG:0.00
GLO_PRN:00,00,00,00,00,00,00,00,00,00,00,00,00,00,00,SAT_TAL:00
GLO_SNR:00,00,00,00,00,00,00,00,00,00,00,00,00,00,00,SNR_AVG:0.00
GAL_PRN:00,00,00,00,00,00,00,00,00,00,00,00,00,00,00,SAT_TAL:00
GAL_SNR:00,00,00,00,00,00,00,00,00,00,00,00,00,00,00,SNR_AVG:0.00
BEI_PRN:00,00,00,00,00,00,00,00,00,00,00,00,00,00,00,SAT_TAL:00
BEI_SNR:00,00,00,00,00,00,00,00,00,00,00,00,00,00,00,SNR_AVG:0.00
QZS_PRN:00,00,00,00,00,SAT_TAL:00
QZS_SNR:00,00,00,00,00,SNR_AVG:0.00
SatInView:2 GDOP:17319
Roll:180.000015 Pitch:-65.389977
X_AVG:9.273074 Y_AVG:-0.157733 Z_AVG:-4.732762
X_SD:0.077571 Y_SD:0.067549 Z_SD:0.105119
$MXCM10033,2,54,20240103,025941,00,0E70FCF2,47EF8703,00BF,0000,0000,00,9202*16
GPS_PRN:00,00,00,00,00,00,00,00,00,00,00,00,00,00,00,SAT_TAL:00
GPS_SNR:00,00,00,00,00,00,00,00,00,00,00,00,00,00,00,SNR_AVG:0.00
GLO_PRN:00,00,00,00,00,00,00,00,00,00,00,00,00,00,00,SAT_TAL:00
GLO_SNR:00,00,00,00,00,00,00,00,00,00,00,00,00,00,00,SNR_AVG:0.00
GAL_PRN:00,00,00,00,00,00,00,00,00,00,00,00,00,00,00,SAT_TAL:00
GAL_SNR:00,00,00,00,00,00,00,00,00,00,00,00,00,00,00,SNR_AVG:0.00
BEI_PRN:09,07,13,19,00,00,00,00,00,00,00,00,00,00,00,SAT_TAL:00
BEI_SNR:00,00,00,00,00,00,00,00,00,00,00,00,00,00,00,SNR_AVG:0.00
QZS_PRN:00,00,00,00,00,SAT_TAL:00
QZS_SNR:00,00,00,00,00,SNR_AVG:0.00
SatInView:4 GDOP:17319
Roll:180.000015 Pitch:-65.497169
X_AVG:9.281358 Y_AVG:-0.162953 Z_AVG:-4.729841
X_SD:0.073564 Y_SD:0.062848 Z_SD:0.105212
$MXCM10033,2,55,20240103,030156,00,0E70FCF2,47EF8703,00BF,0000,0000,00,9202*1D
GPS_PRN:10,25,00,00,00,00,00,00,00,00,00,00,00,00,00,SAT_TAL:00
GPS_SNR:00,00,00,00,00,00,00,00,00,00,00,00,00,00,00,SNR_AVG:0.00
GLO_PRN:00,00,00,00,00,00,00,00,00,00,00,00,00,00,00,SAT_TAL:00
GLO_SNR:00,00,00,00,00,00,00,00,00,00,00,00,00,00,00,SNR_AVG:0.00
GAL_PRN:00,00,00,00,00,00,00,00,00,00,00,00,00,00,00,SAT_TAL:00
GAL_SNR:00,00,00,00,00,00,00,00,00,00,00,00,00,00,00,SNR_AVG:0.00
BEI_PRN:00,00,00,00,00,00,00,00,00,00,00,00,00,00,00,SAT_TAL:00
BEI_SNR:00,00,00,00,00,00,00,00,00,00,00,00,00,00,00,SNR_AVG:0.00
QZS_PRN:00,00,00,00,00,SAT_TAL:00
QZS_SNR:00,00,00,00,00,SNR_AVG:0.00
SatInView:2 GDOP:17319
Roll:180.000015 Pitch:52.646526
X_AVG:-8.282477 Y_AVG:0.337446 Z_AVG:-6.442448
X_SD:0.086013 Y_SD:0.063295 Z_SD:0.112826
$MXCM10033,2,56,20240103,030211,00,0E70FCF2,47EF8703,00BF,0000,0000,00,9202*1E
GPS_PRN:00,00,00,00,00,00,00,00,00,00,00,00,00,00,00,SAT_TAL:00
GPS_SNR:00,00,00,00,00,00,00,00,00,00,00,00,00,00,00,SNR_AVG:0.00
GLO_PRN:00,00,00,00,00,00,00,00,00,00,00,00,00,00,00,SAT_TAL:00
GLO_SNR:00,00,00,00,00,00,00,00,00,00,00,00,00,00,00,SNR_AVG:0.00
GAL_PRN:00,00,00,00,00,00,00,00,00,00,00,00,00,00,00,SAT_TAL:00
GAL_SNR:00,00,00,00,00,00,00,00,00,00,00,00,00,00,00,SNR_AVG:0.00
BEI_PRN:09,07,19,13,00,00,00,00,00,00,00,00,00,00,00,SAT_TAL:00
BEI_SNR:00,00,00,00,00,00,00,00,00,00,00,00,00,00,00,SNR_AVG:0.00
QZS_PRN:00,00,00,00,00,SAT_TAL:00
QZS_SNR:00,00,00,00,00,SNR_AVG:0.00
SatInView:4 GDOP:17319
Roll:180.000015 Pitch:52.646118
X_AVG:-8.285589 Y_AVG:0.339313 Z_AVG:-6.437851
X_SD:0.072521 Y_SD:0.062504 Z_SD:0.108403
$MXCM10033,2,57,20240103,030426,00,0E70FCF2,47EF8703,00BF,0000,0000,00,9202*1D
GPS_PRN:31,10,16,00,00,00,00,00,00,00,00,00,00,00,00,SAT_TAL:00
GPS_SNR:00,00,00,00,00,00,00,00,00,00,00,00,00,00,00,SNR_AVG:0.00
GLO_PRN:00,00,00,00,00,00,00,00,00,00,00,00,00,00,00,SAT_TAL:00
GLO_SNR:00,00,00,00,00,00,00,00,00,00,00,00,00,00,00,SNR_AVG:0.00
GAL_PRN:00,00,00,00,00,00,00,00,00,00,00,00,00,00,00,SAT_TAL:00
GAL_SNR:00,00,00,00,00,00,00,00,00,00,00,00,00,00,00,SNR_AVG:0.00
BEI_PRN:00,00,00,00,00,00,00,00,00,00,00,00,00,00,00,SAT_TAL:00
BEI_SNR:00,00,00,00,00,00,00,00,00,00,00,00,00,00,00,SNR_AVG:0.00
QZS_PRN:00,00,00,00,00,SAT_TAL:00
QZS_SNR:00,00,00,00,00,SNR_AVG:0.00
SatInView:3 GDOP:19998
Roll:180.000015 Pitch:52.646526
X_AVG:-8.297943 Y_AVG:0.324373 Z_AVG:-6.422432
X_SD:0.080667 Y_SD:0.057080 Z_SD:0.110368
$MXCM10033,2,58,20240103,030441,00,0E70FCF2,47EF8703,00BF,0000,0000,00,9202*13
GPS_PRN:00,00,00,00,00,00,00,00,00,00,00,00,00,00,00,SAT_TAL:00
GPS_SNR:00,00,00,00,00,00,00,00,00,00,00,00,00,00,00,SNR_AVG:0.00
GLO_PRN:00,00,00,00,00,00,00,00,00,00,00,00,00,00,00,SAT_TAL:00
GLO_SNR:00,00,00,00,00,00,00,00,00,00,00,00,00,00,00,SNR_AVG:0.00
GAL_PRN:00,00,00,00,00,00,00,00,00,00,00,00,00,00,00,SAT_TAL:00
GAL_SNR:00,00,00,00,00,00,00,00,00,00,00,00,00,00,00,SNR_AVG:0.00
BEI_PRN:09,07,13,00,00,00,00,00,00,00,00,00,00,00,00,SAT_TAL:00
BEI_SNR:00,00,00,00,00,00,00,00,00,00,00,00,00,00,00,SNR_AVG:0.00
QZS_PRN:00,00,00,00,00,SAT_TAL:00
QZS_SNR:00,00,00,00,00,SNR_AVG:0.00
SatInView:3 GDOP:19998
Roll:180.000015 Pitch:52.646118
X_AVG:-8.289564 Y_AVG:0.328826 Z_AVG:-6.424874
X_SD:0.078136 Y_SD:0.062730 Z_SD:0.102231
$MXCM10033,2,59,20240103,030656,00,0E70FCF2,47EF8703,00BF,0000,0000,00,9202*16
GPS_PRN:16,10,00,00,00,00,00,00,00,00,00,00,00,00,00,SAT_TAL:00
GPS_SNR:00,00,00,00,00,00,00,00,00,00,00,00,00,00,00,SNR_AVG:0.00
GLO_PRN:00,00,00,00,00,00,00,00,00,00,00,00,00,00,00,SAT_TAL:00
GLO_SNR:00,00,00,00,00,00,00,00,00,00,00,00,00,00,00,SNR_AVG:0.00
GAL_PRN:00,00,00,00,00,00,00,00,00,00,00,00,00,00,00,SAT_TAL:00
GAL_SNR:00,00,00,00,00,00,00,00,00,00,00,00,00,00,00,SNR_AVG:0.00
BEI_PRN:00,00,00,00,00,00,00,00,00,00,00,00,00,00,00,SAT_TAL:00
BEI_SNR:00,00,00,00,00,00,00,00,00,00,00,00,00,00,00,SNR_AVG:0.00
QZS_PRN:00,00,00,00,00,SAT_TAL:00
QZS_SNR:00,00,00,00,00,SNR_AVG:0.00
SatInView:2 GDOP:19998
Roll:180.000015 Pitch:52.682373
X_AVG:-8.298326 Y_AVG:0.328204 Z_AVG:-6.427555
X_SD:0.105517 Y_SD:0.108240 Z_SD:0.121146
$MXCM10033,2,60,20240103,030711,00,0E70FCF2,47EF8703,00BF,0000,0000,00,9202*1E
GPS_PRN:00,00,00,00,00,00,00,00,00,00,00,00,00,00,00,SAT_TAL:00
GPS_SNR:00,00,00,00,00,00,00,00,00,00,00,00,00,00,00,SNR_AVG:0.00
GLO_PRN:00,00,00,00,00,00,00,00,00,00,00,00,00,00,00,SAT_TAL:00
GLO_SNR:00,00,00,00,00,00,00,00,00,00,00,00,00,00,00,SNR_AVG:0.00
GAL_PRN:00,00,00,00,00,00,00,00,00,00,00,00,00,00,00,SAT_TAL:00
GAL_SNR:00,00,00,00,00,00,00,00,00,00,00,00,00,00,00,SNR_AVG:0.00
BEI_PRN:09,19,07,13,00,00,00,00,00,00,00,00,00,00,00,SAT_TAL:00
BEI_SNR:00,00,00,00,00,00,00,00,00,00,00,00,00,00,00,SNR_AVG:0.00
QZS_PRN:00,00,00,00,00,SAT_TAL:00
QZS_SNR:00,00,00,00,00,SNR_AVG:0.00
SatInView:4 GDOP:19998
Roll:180.000015 Pitch:52.646378
X_AVG:-8.286355 Y_AVG:0.324229 Z_AVG:-6.424730
X_SD:0.074645 Y_SD:0.062847 Z_SD:0.105776
$MXCM10033,2,61,20240103,030926,00,0E70FCF2,47EF8703,00BF,0000,0000,00,9202*15
GPS_PRN:16,25,00,00,00,00,00,00,00,00,00,00,00,00,00,SAT_TAL:00
GPS_SNR:00,00,00,00,00,00,00,00,00,00,00,00,00,00,00,SNR_AVG:0.00
GLO_PRN:00,00,00,00,00,00,00,00,00,00,00,00,00,00,00,SAT_TAL:00
GLO_SNR:00,00,00,00,00,00,00,00,00,00,00,00,00,00,00,SNR_AVG:0.00
GAL_PRN:00,00,00,00,00,00,00,00,00,00,00,00,00,00,00,SAT_TAL:00
GAL_SNR:00,00,00,00,00,00,00,00,00,00,00,00,00,00,00,SNR_AVG:0.00
BEI_PRN:00,00,00,00,00,00,00,00,00,00,00,00,00,00,00,SAT_TAL:00
BEI_SNR:00,00,00,00,00,00,00,00,00,00,00,00,00,00,00,SNR_AVG:0.00
QZS_PRN:00,00,00,00,00,SAT_TAL:00
QZS_SNR:00,00,00,00,00,SNR_AVG:0.00
SatInView:2 GDOP:19998
Roll:180.000015 Pitch:52.647419
X_AVG:-8.345876 Y_AVG:0.318100 Z_AVG:-6.353094
X_SD:0.073555 Y_SD:0.061895 Z_SD:0.114253
$MXCM10033,2,62,20240103,030941,00,0E70FCF2,47EF8703,00BF,0000,0000,00,9202*17
GPS_PRN:00,00,00,00,00,00,00,00,00,00,00,00,00,00,00,SAT_TAL:00
GPS_SNR:00,00,00,00,00,00,00,00,00,00,00,00,00,00,00,SNR_AVG:0.00
GLO_PRN:00,00,00,00,00,00,00,00,00,00,00,00,00,00,00,SAT_TAL:00
GLO_SNR:00,00,00,00,00,00,00,00,00,00,00,00,00,00,00,SNR_AVG:0.00
GAL_PRN:00,00,00,00,00,00,00,00,00,00,00,00,00,00,00,SAT_TAL:00
GAL_SNR:00,00,00,00,00,00,00,00,00,00,00,00,00,00,00,SNR_AVG:0.00
BEI_PRN:09,19,07,13,00,00,00,00,00,00,00,00,00,00,00,SAT_TAL:00
BEI_SNR:00,00,00,00,00,00,00,00,00,00,00,00,00,00,00,SNR_AVG:0.00
QZS_PRN:00,00,00,00,00,SAT_TAL:00
QZS_SNR:00,00,00,00,00,SNR_AVG:0.00
SatInView:4 GDOP:19998
Roll:180.000015 Pitch:52.646698
X_AVG:-8.353729 Y_AVG:0.298132 Z_AVG:-6.331977
X_SD:0.079135 Y_SD:0.073496 Z_SD:0.104984
$MXCM10033,2,63,20240103,031156,00,0E70FCF2,47EF8703,00BF,0000,0000,00,9202*19
GPS_PRN:16,25,00,00,00,00,00,00,00,00,00,00,00,00,00,SAT_TAL:00
GPS_SNR:00,00,00,00,00,00,00,00,00,00,00,00,00,00,00,SNR_AVG:0.00
GLO_PRN:00,00,00,00,00,00,00,00,00,00,00,00,00,00,00,SAT_TAL:00
GLO_SNR:00,00,00,00,00,00,00,00,00,00,00,00,00,00,00,SNR_AVG:0.00
GAL_PRN:00,00,00,00,00,00,00,00,00,00,00,00,00,00,00,SAT_TAL:00
GAL_SNR:00,00,00,00,00,00,00,00,00,00,00,00,00,00,00,SNR_AVG:0.00
BEI_PRN:00,00,00,00,00,00,00,00,00,00,00,00,00,00,00,SAT_TAL:00
BEI_SNR:00,00,00,00,00,00,00,00,00,00,00,00,00,00,00,SNR_AVG:0.00
QZS_PRN:00,00,00,00,00,SAT_TAL:00
QZS_SNR:00,00,00,00,00,SNR_AVG:0.00
SatInView:2 GDOP:19998
Roll:180.000015 Pitch:52.693153
X_AVG:-8.353825 Y_AVG:0.299090 Z_AVG:-6.350939
X_SD:0.076689 Y_SD:0.063329 Z_SD:0.120489
$MXCM10033,2,64,20240103,031211,00,0E70FCF2,47EF8703,00BF,0000,0000,00,9202*1E
GPS_PRN:00,00,00,00,00,00,00,00,00,00,00,00,00,00,00,SAT_TAL:00
GPS_SNR:00,00,00,00,00,00,00,00,00,00,00,00,00,00,00,SNR_AVG:0.00
GLO_PRN:00,00,00,00,00,00,00,00,00,00,00,00,00,00,00,SAT_TAL:00
GLO_SNR:00,00,00,00,00,00,00,00,00,00,00,00,00,00,00,SNR_AVG:0.00
GAL_PRN:00,00,00,00,00,00,00,00,00,00,00,00,00,00,00,SAT_TAL:00
GAL_SNR:00,00,00,00,00,00,00,00,00,00,00,00,00,00,00,SNR_AVG:0.00
BEI_PRN:09,19,07,13,00,00,00,00,00,00,00,00,00,00,00,SAT_TAL:00
BEI_SNR:00,00,00,00,00,00,00,00,00,00,00,00,00,00,00,SNR_AVG:0.00
QZS_PRN:00,00,00,00,00,SAT_TAL:00
QZS_SNR:00,00,00,00,00,SNR_AVG:0.00
SatInView:4 GDOP:19998
Roll:180.000015 Pitch:52.646603
X_AVG:-8.346930 Y_AVG:0.297509 Z_AVG:-6.343517
X_SD:0.079343 Y_SD:0.061970 Z_SD:0.116033
$MXCM10033,2,65,20240103,031426,00,0E70FCF2,47EF8703,00BF,0000,0000,00,9202*1D
GPS_PRN:16,10,25,03,00,00,00,00,00,00,00,00,00,00,00,SAT_TAL:00
GPS_SNR:00,00,00,00,00,00,00,00,00,00,00,00,00,00,00,SNR_AVG:0.00
GLO_PRN:00,00,00,00,00,00,00,00,00,00,00,00,00,00,00,SAT_TAL:00
GLO_SNR:00,00,00,00,00,00,00,00,00,00,00,00,00,00,00,SNR_AVG:0.00
GAL_PRN:00,00,00,00,00,00,00,00,00,00,00,00,00,00,00,SAT_TAL:00
GAL_SNR:00,00,00,00,00,00,00,00,00,00,00,00,00,00,00,SNR_AVG:0.00
BEI_PRN:00,00,00,00,00,00,00,00,00,00,00,00,00,00,00,SAT_TAL:00
BEI_SNR:00,00,00,00,00,00,00,00,00,00,00,00,00,00,00,SNR_AVG:0.00
QZS_PRN:00,00,00,00,00,SAT_TAL:00
QZS_SNR:00,00,00,00,00,SNR_AVG:0.00
SatInView:4 GDOP:19998
Roll:180.000015 Pitch:52.646526
X_AVG:-8.371782 Y_AVG:0.302873 Z_AVG:-6.340548
X_SD:0.076491 Y_SD:0.060785 Z_SD:0.110209
$MXCM10033,2,66,20240103,031441,00,0E70FCF2,47EF8703,00BF,0000,0000,00,9202*1F
GPS_PRN:00,00,00,00,00,00,00,00,00,00,00,00,00,00,00,SAT_TAL:00
GPS_SNR:00,00,00,00,00,00,00,00,00,00,00,00,00,00,00,SNR_AVG:0.00
GLO_PRN:00,00,00,00,00,00,00,00,00,00,00,00,00,00,00,SAT_TAL:00
GLO_SNR:00,00,00,00,00,00,00,00,00,00,00,00,00,00,00,SNR_AVG:0.00
GAL_PRN:00,00,00,00,00,00,00,00,00,00,00,00,00,00,00,SAT_TAL:00
GAL_SNR:00,00,00,00,00,00,00,00,00,00,00,00,00,00,00,SNR_AVG:0.00
BEI_PRN:09,13,10,08,00,00,00,00,00,00,00,00,00,00,00,SAT_TAL:00
BEI_SNR:00,00,00,00,00,00,00,00,00,00,00,00,00,00,00,SNR_AVG:0.00
QZS_PRN:00,00,00,00,00,SAT_TAL:00
QZS_SNR:00,00,00,00,00,SNR_AVG:0.00
SatInView:4 GDOP:19998
Roll:180.000015 Pitch:52.646118
X_AVG:-8.362636 Y_AVG:0.299425 Z_AVG:-6.319144
X_SD:0.080521 Y_SD:0.064894 Z_SD:0.108607
$MXCM10033,2,67,20240103,031656,00,0E70FCF2,47EF8703,00BF,0000,0000,00,9202*1A
GPS_PRN:29,16,10,25,03,00,00,00,00,00,00,00,00,00,00,SAT_TAL:01
GPS_SNR:17,00,00,00,00,00,00,00,00,00,00,00,00,00,00,SNR_AVG:17.00
GLO_PRN:00,00,00,00,00,00,00,00,00,00,00,00,00,00,00,SAT_TAL:00
GLO_SNR:00,00,00,00,00,00,00,00,00,00,00,00,00,00,00,SNR_AVG:0.00
GAL_PRN:00,00,00,00,00,00,00,00,00,00,00,00,00,00,00,SAT_TAL:00
GAL_SNR:00,00,00,00,00,00,00,00,00,00,00,00,00,00,00,SNR_AVG:0.00
BEI_PRN:00,00,00,00,00,00,00,00,00,00,00,00,00,00,00,SAT_TAL:00
BEI_SNR:00,00,00,00,00,00,00,00,00,00,00,00,00,00,00,SNR_AVG:0.00
QZS_PRN:00,00,00,00,00,SAT_TAL:00
QZS_SNR:00,00,00,00,00,SNR_AVG:0.00
SatInView:5 GDOP:19998
Roll:180.000015 Pitch:52.619595
X_AVG:-8.365892 Y_AVG:0.297988 Z_AVG:-6.321490
X_SD:0.074219 Y_SD:0.058984 Z_SD:0.108116
$MXCM10033,2,68,20240103,031711,00,0E70F906,47EF84DB,00BF,0000,0000,00,9202*19
GPS_PRN:29,19500,00,00,00,00,00,00,00,00,00,00,00,00,SAT_TAL:02
GPS_SNR:14,22,00,00,00,00,00,00,00,00,00,00,00,00,00,SNR_AVG:18.00
GLO_PRN:00,00,00,00,00,00,00,00,00,00,00,00,00,00,00,SAT_TAL:00
GLO_SNR:00,00,00,00,00,00,00,00,00,00,00,00,00,00,00,SNR_AVG:0.00
GAL_PRN:00,00,00,00,00,00,00,00,00,00,00,00,00,00,00,SAT_TAL:00
GAL_SNR:00,00,00,00,00,00,00,00,00,00,00,00,00,00,00,SNR_AVG:0.00
BEI_PRN:00,00,00,00,00,00,00,00,00,00,00,00,00,00,00,SAT_TAL:00
BEI_SNR:00,00,00,00,00,00,00,00,00,00,00,00,00,00,00,SNR_AVG:0.00
QZS_PRN:00,00,00,00,00,SAT_TAL:00
QZS_SNR:00,00,00,00,00,SNR_AVG:0.00
SatInView:2 GDOP:13987
Roll:180.000015 Pitch:52.646553
X_AVG:-8.360433 Y_AVG:0.300287 Z_AVG:-6.324315
X_SD:0.074201 Y_SD:0.062036 Z_SD:0.111839
$MXCM10033,2,69,20240103,031926,00,0E70FCF2,47EF8703,00BF,0000,0000,00,9202*1C
GPS_PRN:16,10,25,03,00,00,00,00,00,00,00,00,00,00,00,SAT_TAL:00
GPS_SNR:00,00,00,00,00,00,00,00,00,00,00,00,00,00,00,SNR_AVG:0.00
GLO_PRN:00,00,00,00,00,00,00,00,00,00,00,00,00,00,00,SAT_TAL:00
GLO_SNR:00,00,00,00,00,00,00,00,00,00,00,00,00,00,00,SNR_AVG:0.00
GAL_PRN:00,00,00,00,00,00,00,00,00,00,00,00,00,00,00,SAT_TAL:00
GAL_SNR:00,00,00,00,00,00,00,00,00,00,00,00,00,00,00,SNR_AVG:0.00
BEI_PRN:00,00,00,00,00,00,00,00,00,00,00,00,00,00,00,SAT_TAL:00
BEI_SNR:00,00,00,00,00,00,00,00,00,00,00,00,00,00,00,SNR_AVG:0.00
QZS_PRN:00,00,00,00,00,SAT_TAL:00
QZS_SNR:00,00,00,00,00,SNR_AVG:0.00
SatInView:4 GDOP:19998
Roll:180.000015 Pitch:52.672779
X_AVG:-8.435661 Y_AVG:0.280175 Z_AVG:-6.206470
X_SD:0.078030 Y_SD:0.070669 Z_SD:0.108473
$MXCM10033,2,70,20240103,031941,00,0E70FEB7,47EF9EE1,00BF,0000,0000,00,9202*16
GPS_PRN:16,10,19500,00,00,00,00,00,00,00,00,00,00,00,SAT_TAL:03
GPS_SNR:17,18,22,00,00,00,00,00,00,00,00,00,00,00,00,SNR_AVG:19.00
GLO_PRN:00,00,00,00,00,00,00,00,00,00,00,00,00,00,00,SAT_TAL:00
GLO_SNR:00,00,00,00,00,00,00,00,00,00,00,00,00,00,00,SNR_AVG:0.00
GAL_PRN:00,00,00,00,00,00,00,00,00,00,00,00,00,00,00,SAT_TAL:00
GAL_SNR:00,00,00,00,00,00,00,00,00,00,00,00,00,00,00,SNR_AVG:0.00
BEI_PRN:00,00,00,00,00,00,00,00,00,00,00,00,00,00,00,SAT_TAL:00
BEI_SNR:00,00,00,00,00,00,00,00,00,00,00,00,00,00,00,SNR_AVG:0.00
QZS_PRN:00,00,00,00,00,SAT_TAL:00
QZS_SNR:00,00,00,00,00,SNR_AVG:0.00
SatInView:3 GDOP:1012
Roll:180.000015 Pitch:52.660259
X_AVG:-8.430393 Y_AVG:0.274668 Z_AVG:-6.209870
X_SD:0.076902 Y_SD:0.062535 Z_SD:0.104903
$MXCM10033,3*35
$MXCM001,10033,0*2B
======== Tracker Setting ========
[System]
COMPort:COM9
SerialNumber:MX231218CW000007
FirmwareVersion:231220163813_v1.0.CN
[Periodic]
Enable:1
Stage:2
WorkMode:0
T0:15
T1:270
T2:120
T3:30
T4:120
FirstFixStage:2
TraceFixStage:0
PeriodicCycle:28
[Dynamic]
Enable:0
PrecisionChk:0
T5:45
T6:175
[Geofencing]
Enable:0
T7:20
T8:60
DistanceThreshold:1000
DestinationLongitude:121.2237164
DestinationLatitude:24.9698319
DestinationAltitude:154
[MotionDetection]
Enable:1
Angle:45
DataRate:200
SampleFrequency:50
[GPS_EPO]
EpoDataNumber:12
FWN:2295
FTOW:172800
LWN:2295
LTOW:432000
[GLO_EPO]
EpoDataNumber:12
FWN:2295
FTOW:172800
LWN:2295
LTOW:432000
[GAL_EPO]
EpoDataNumber:0
FWN:0
FTOW:0
LWN:0
LTOW:0
[BEI_EPO]
EpoDataNumber:0
FWN:0
FTOW:0
LWN:0
LTOW:0
