$MXCM10033,0*36
$MXCM10033,1,104,212*33
$MXCM10033,2,1,19800105,235956,00,35A4E8F5,00000000,0089,0000,0000,00,C101*2C
GPS_PRN:08,00,00,00,00,00,00,00,00,00,00,00,00,00,00,SAT_TAL:01
GPS_SNR:28,00,00,00,00,00,00,00,00,00,00,00,00,00,00,SNR_AVG:28.00
GLO_PRN:00,00,00,00,00,00,00,00,00,00,00,00,00,00,00,SAT_TAL:00
GLO_SNR:00,00,00,00,00,00,00,00,00,00,00,00,00,00,00,SNR_AVG:0.00
GAL_PRN:00,00,00,00,00,00,00,00,00,00,00,00,00,00,00,SAT_TAL:00
GAL_SNR:00,00,00,00,00,00,00,00,00,00,00,00,00,00,00,SNR_AVG:0.00
BEI_PRN:00,00,00,00,00,00,00,00,00,00,00,00,00,00,00,SAT_TAL:00
BEI_SNR:00,00,00,00,00,00,00,00,00,00,00,00,00,00,00,SNR_AVG:0.00
QZS_PRN:00,00,00,00,00,SAT_TAL:00
QZS_SNR:00,00,00,00,00,SNR_AVG:0.00
SatInView:1 GDOP:19998
Roll:101.022163 Pitch:22.816006
X_AVG:-5.574819 Y_AVG:7.367442 Z_AVG:-1.070038
X_SD:6.141412 Y_SD:5.952579 Z_SD:5.093317
$MXCM10033,2,2,19800106,000011,00,35A4E8F5,00000000,0089,0000,0000,00,C102*21
GPS_PRN:08,16,19400,00,00,00,00,00,00,00,00,00,00,00,SAT_TAL:03
GPS_SNR:33,32,31,00,00,00,00,00,00,00,00,00,00,00,00,SNR_AVG:32.00
GLO_PRN:00,00,00,00,00,00,00,00,00,00,00,00,00,00,00,SAT_TAL:00
GLO_SNR:00,00,00,00,00,00,00,00,00,00,00,00,00,00,00,SNR_AVG:0.00
GAL_PRN:00,00,00,00,00,00,00,00,00,00,00,00,00,00,00,SAT_TAL:00
GAL_SNR:00,00,00,00,00,00,00,00,00,00,00,00,00,00,00,SNR_AVG:0.00
BEI_PRN:00,00,00,00,00,00,00,00,00,00,00,00,00,00,00,SAT_TAL:00
BEI_SNR:00,00,00,00,00,00,00,00,00,00,00,00,00,00,00,SNR_AVG:0.00
QZS_PRN:00,00,00,00,00,SAT_TAL:00
QZS_SNR:00,00,00,00,00,SNR_AVG:0.00
SatInView:3 GDOP:19998
Roll:15.442385 Pitch:-18.539051
X_AVG:1.844051 Y_AVG:3.782963 Z_AVG:4.903328
X_SD:8.526800 Y_SD:9.149849 Z_SD:10.430845
$MXCM10033,2,3,19800106,000024,00,35A4E8F5,00000000,0089,0000,0000,00,C102*26
GPS_PRN:19518,03,27,26,31,16,28,08,04,19419600,00,00,SAT_TAL:12
GPS_SNR:36,31,32,37,35,36,31,33,35,25,30,37,00,00,00,SNR_AVG:33.17
GLO_PRN:75,00,00,00,00,00,00,00,00,00,00,00,00,00,00,SAT_TAL:01
GLO_SNR:34,00,00,00,00,00,00,00,00,00,00,00,00,00,00,SNR_AVG:34.00
GAL_PRN:00,00,00,00,00,00,00,00,00,00,00,00,00,00,00,SAT_TAL:00
GAL_SNR:00,00,00,00,00,00,00,00,00,00,00,00,00,00,00,SNR_AVG:0.00
BEI_PRN:00,00,00,00,00,00,00,00,00,00,00,00,00,00,00,SAT_TAL:00
BEI_SNR:00,00,00,00,00,00,00,00,00,00,00,00,00,00,00,SNR_AVG:0.00
QZS_PRN:00,00,00,00,00,SAT_TAL:00
QZS_SNR:00,00,00,00,00,SNR_AVG:0.00
SatInView:13 GDOP:19998
Roll:26.174097 Pitch:-23.027697
X_AVG:4.924541 Y_AVG:6.668944 Z_AVG:9.314781
X_SD:5.730896 Y_SD:7.697674 Z_SD:7.560183
$MXCM10033,2,4,19800109,061054,00,35A4E8F5,00000000,0089,0000,0000,00,C102*2E
GPS_PRN:19618,03,27,26,31,16,28,09,08,04,19419500,00,SAT_TAL:13
GPS_SNR:33,35,32,25,33,35,32,35,32,34,28,31,34,00,00,SNR_AVG:32.23
GLO_PRN:75,00,00,00,00,00,00,00,00,00,00,00,00,00,00,SAT_TAL:01
GLO_SNR:35,00,00,00,00,00,00,00,00,00,00,00,00,00,00,SNR_AVG:35.00
GAL_PRN:00,00,00,00,00,00,00,00,00,00,00,00,00,00,00,SAT_TAL:00
GAL_SNR:00,00,00,00,00,00,00,00,00,00,00,00,00,00,00,SNR_AVG:0.00
BEI_PRN:00,00,00,00,00,00,00,00,00,00,00,00,00,00,00,SAT_TAL:00
BEI_SNR:00,00,00,00,00,00,00,00,00,00,00,00,00,00,00,SNR_AVG:0.00
QZS_PRN:00,00,00,00,00,SAT_TAL:00
QZS_SNR:00,00,00,00,00,SNR_AVG:0.00
SatInView:14 GDOP:19998
Roll:24.783718 Pitch:-19.145191
X_AVG:4.924541 Y_AVG:6.668944 Z_AVG:9.314781
X_SD:5.730896 Y_SD:7.697674 Z_SD:7.560183
$MXCM10033,2,5,19800109,061107,00,35A4E8F5,00000000,0089,0000,0000,00,C102*28
GPS_PRN:19918,04,03,27,26,31,16,28,08,09,19419619500,SAT_TAL:14
GPS_SNR:27,30,27,31,34,34,36,30,34,34,25,33,34,35,00,SNR_AVG:31.71
GLO_PRN:75,00,00,00,00,00,00,00,00,00,00,00,00,00,00,SAT_TAL:01
GLO_SNR:35,00,00,00,00,00,00,00,00,00,00,00,00,00,00,SNR_AVG:35.00
GAL_PRN:00,00,00,00,00,00,00,00,00,00,00,00,00,00,00,SAT_TAL:00
GAL_SNR:00,00,00,00,00,00,00,00,00,00,00,00,00,00,00,SNR_AVG:0.00
BEI_PRN:00,00,00,00,00,00,00,00,00,00,00,00,00,00,00,SAT_TAL:00
BEI_SNR:00,00,00,00,00,00,00,00,00,00,00,00,00,00,00,SNR_AVG:0.00
QZS_PRN:00,00,00,00,00,SAT_TAL:00
QZS_SNR:00,00,00,00,00,SNR_AVG:0.00
SatInView:15 GDOP:19998
Roll:33.451351 Pitch:-22.745050
X_AVG:4.978891 Y_AVG:8.574144 Z_AVG:10.578754
X_SD:8.401672 Y_SD:8.401233 Z_SD:8.272169
$MXCM10033,2,6,19800109,061120,00,35A4E8F5,00000000,0089,0000,0000,00,C102*2E
GPS_PRN:19518,09,04,03,27,26,31,16,08,19628,19419900,SAT_TAL:14
GPS_SNR:33,29,34,33,31,34,30,32,29,33,33,34,26,23,00,SNR_AVG:31.00
GLO_PRN:85,75,00,00,00,00,00,00,00,00,00,00,00,00,00,SAT_TAL:02
GLO_SNR:34,26,00,00,00,00,00,00,00,00,00,00,00,00,00,SNR_AVG:30.00
GAL_PRN:00,00,00,00,00,00,00,00,00,00,00,00,00,00,00,SAT_TAL:00
GAL_SNR:00,00,00,00,00,00,00,00,00,00,00,00,00,00,00,SNR_AVG:0.00
BEI_PRN:00,00,00,00,00,00,00,00,00,00,00,00,00,00,00,SAT_TAL:00
BEI_SNR:00,00,00,00,00,00,00,00,00,00,00,00,00,00,00,SNR_AVG:0.00
QZS_PRN:00,00,00,00,00,SAT_TAL:00
QZS_SNR:00,00,00,00,00,SNR_AVG:0.00
SatInView:16 GDOP:19998
Roll:33.561142 Pitch:-12.480696
X_AVG:3.324129 Y_AVG:5.224636 Z_AVG:6.927571
X_SD:6.114554 Y_SD:8.512130 Z_SD:8.409321
$MXCM10033,2,7,20240103,061133,12,0E99443E,47EDD0C4,009F,0005,14C7,0D,C102*21
GPS_PRN:27,16,04,31,26,08,28,09,18,03,19419919519600,SAT_TAL:14
GPS_SNR:25,26,31,33,32,34,35,33,33,36,23,23,33,32,00,SNR_AVG:30.64
GLO_PRN:72,84,65,66,76,74,00,00,00,00,00,00,00,00,00,SAT_TAL:04
GLO_SNR:35,00,33,36,35,00,00,00,00,00,00,00,00,00,00,SNR_AVG:34.75
GAL_PRN:00,00,00,00,00,00,00,00,00,00,00,00,00,00,00,SAT_TAL:00
GAL_SNR:00,00,00,00,00,00,00,00,00,00,00,00,00,00,00,SNR_AVG:0.00
BEI_PRN:00,00,00,00,00,00,00,00,00,00,00,00,00,00,00,SAT_TAL:00
BEI_SNR:00,00,00,00,00,00,00,00,00,00,00,00,00,00,00,SNR_AVG:0.00
QZS_PRN:00,00,00,00,00,SAT_TAL:00
QZS_SNR:00,00,00,00,00,SNR_AVG:0.00
SatInView:20 GDOP:115
Roll:28.013998 Pitch:-21.561981
X_AVG:3.705868 Y_AVG:4.602562 Z_AVG:7.040627
X_SD:4.175511 Y_SD:6.736323 Z_SD:7.446132
$MXCM10033,2,8,20200101,061148,00,0E992AB3,47EE08A9,00A6,0000,2ECF,00,C102*5B
GPS_PRN:31,18,28,16,19919400,00,00,00,00,00,00,00,00,SAT_TAL:06
GPS_SNR:35,29,32,32,28,34,00,00,00,00,00,00,00,00,00,SNR_AVG:31.67
GLO_PRN:65,66,76,72,66,00,00,00,00,00,00,00,00,00,00,SAT_TAL:05
GLO_SNR:29,19,18,36,19,00,00,00,00,00,00,00,00,00,00,SNR_AVG:24.20
GAL_PRN:00,00,00,00,00,00,00,00,00,00,00,00,00,00,00,SAT_TAL:00
GAL_SNR:00,00,00,00,00,00,00,00,00,00,00,00,00,00,00,SNR_AVG:0.00
BEI_PRN:00,00,00,00,00,00,00,00,00,00,00,00,00,00,00,SAT_TAL:00
BEI_SNR:00,00,00,00,00,00,00,00,00,00,00,00,00,00,00,SNR_AVG:0.00
QZS_PRN:00,00,00,00,00,SAT_TAL:00
QZS_SNR:00,00,00,00,00,SNR_AVG:0.00
SatInView:11 GDOP:19998
Roll:22.248447 Pitch:-30.530142
X_AVG:5.789967 Y_AVG:6.458585 Z_AVG:10.042059
X_SD:5.550361 Y_SD:8.165075 Z_SD:8.020081
$MXCM10033,2,9,20200101,061203,00,0E990D87,47EE403E,00A8,0000,2ECF,00,C102*23
GPS_PRN:19918,16,09,08,03,04,28,19431,00,00,00,00,00,SAT_TAL:10
GPS_SNR:21,29,30,35,30,28,33,33,28,31,00,00,00,00,00,SNR_AVG:29.80
GLO_PRN:65,72,76,66,66,00,00,00,00,00,00,00,00,00,00,SAT_TAL:05
GLO_SNR:28,33,35,35,35,00,00,00,00,00,00,00,00,00,00,SNR_AVG:33.20
GAL_PRN:00,00,00,00,00,00,00,00,00,00,00,00,00,00,00,SAT_TAL:00
GAL_SNR:00,00,00,00,00,00,00,00,00,00,00,00,00,00,00,SNR_AVG:0.00
BEI_PRN:00,00,00,00,00,00,00,00,00,00,00,00,00,00,00,SAT_TAL:00
BEI_SNR:00,00,00,00,00,00,00,00,00,00,00,00,00,00,00,SNR_AVG:0.00
QZS_PRN:00,00,00,00,00,SAT_TAL:00
QZS_SNR:00,00,00,00,00,SNR_AVG:0.00
SatInView:15 GDOP:19998
Roll:23.578363 Pitch:-36.515022
X_AVG:4.150959 Y_AVG:3.895828 Z_AVG:6.229407
X_SD:5.403976 Y_SD:7.003412 Z_SD:7.163395
$MXCM10033,2,10,20200101,061218,00,0E98F05B,47EE77D3,00AA,0000,2ECF,00,C102*16
GPS_PRN:31,18,16,09,08,03,04,27,26,28,19519419619900,SAT_TAL:14
GPS_SNR:34,29,30,25,34,31,34,35,34,34,34,30,29,28,00,SNR_AVG:31.50
GLO_PRN:72,66,65,76,66,75,00,00,00,00,00,00,00,00,00,SAT_TAL:06
GLO_SNR:19,24,33,32,24,28,00,00,00,00,00,00,00,00,00,SNR_AVG:26.67
GAL_PRN:00,00,00,00,00,00,00,00,00,00,00,00,00,00,00,SAT_TAL:00
GAL_SNR:00,00,00,00,00,00,00,00,00,00,00,00,00,00,00,SNR_AVG:0.00
BEI_PRN:00,00,00,00,00,00,00,00,00,00,00,00,00,00,00,SAT_TAL:00
BEI_SNR:00,00,00,00,00,00,00,00,00,00,00,00,00,00,00,SNR_AVG:0.00
QZS_PRN:00,00,00,00,00,SAT_TAL:00
QZS_SNR:00,00,00,00,00,SNR_AVG:0.00
SatInView:20 GDOP:19998
Roll:25.055573 Pitch:-9.972828
X_AVG:4.087703 Y_AVG:6.425209 Z_AVG:9.240847
X_SD:8.056777 Y_SD:9.723889 Z_SD:9.263762
$MXCM10033,2,11,20200101,061233,00,0E98D330,47EEAF68,00AC,0000,2ECF,00,C102*17
GPS_PRN:19918,16,09,08,03,04,27,26,28,19419519631,00,SAT_TAL:14
GPS_SNR:19,33,29,32,34,34,30,22,34,32,26,29,32,32,00,SNR_AVG:29.86
GLO_PRN:65,85,76,66,75,00,00,00,00,00,00,00,00,00,00,SAT_TAL:05
GLO_SNR:30,30,34,33,33,00,00,00,00,00,00,00,00,00,00,SNR_AVG:32.00
GAL_PRN:00,00,00,00,00,00,00,00,00,00,00,00,00,00,00,SAT_TAL:00
GAL_SNR:00,00,00,00,00,00,00,00,00,00,00,00,00,00,00,SNR_AVG:0.00
BEI_PRN:00,00,00,00,00,00,00,00,00,00,00,00,00,00,00,SAT_TAL:00
BEI_SNR:00,00,00,00,00,00,00,00,00,00,00,00,00,00,00,SNR_AVG:0.00
QZS_PRN:00,00,00,00,00,SAT_TAL:00
QZS_SNR:00,00,00,00,00,SNR_AVG:0.00
SatInView:19 GDOP:19998
Roll:22.458220 Pitch:-16.419611
X_AVG:3.618382 Y_AVG:5.031229 Z_AVG:7.195631
X_SD:6.073978 Y_SD:8.635859 Z_SD:9.149416
$MXCM10033,2,12,20200101,061248,00,0E98B60A,47EEE6F9,00AE,0000,2ECF,00,C102*6A
GPS_PRN:31,18,16,09,08,03,04,27,26,28,19519619419900,SAT_TAL:14
GPS_SNR:34,32,30,34,34,32,30,19,33,34,33,33,27,25,00,SNR_AVG:30.71
GLO_PRN:75,86,76,85,72,66,65,00,00,00,00,00,00,00,00,SAT_TAL:07
GLO_SNR:35,36,35,34,33,35,32,00,00,00,00,00,00,00,00,SNR_AVG:34.29
GAL_PRN:00,00,00,00,00,00,00,00,00,00,00,00,00,00,00,SAT_TAL:00
GAL_SNR:00,00,00,00,00,00,00,00,00,00,00,00,00,00,00,SNR_AVG:0.00
BEI_PRN:00,00,00,00,00,00,00,00,00,00,00,00,00,00,00,SAT_TAL:00
BEI_SNR:00,00,00,00,00,00,00,00,00,00,00,00,00,00,00,SNR_AVG:0.00
QZS_PRN:00,00,00,00,00,SAT_TAL:00
QZS_SNR:00,00,00,00,00,SNR_AVG:0.00
SatInView:21 GDOP:19998
Roll:36.839653 Pitch:-17.248568
X_AVG:3.711183 Y_AVG:4.661557 Z_AVG:7.528240
X_SD:5.711065 Y_SD:8.053278 Z_SD:8.425587
$MXCM10033,2,13,20240103,061303,00,0E987797,47EF01F4,00A5,0000,3F4F,00,C102*11
GPS_PRN:08,28,18,16,09,03,04,27,26,31,21,196195199194SAT_TAL:15
GPS_SNR:35,30,30,35,35,30,35,37,29,29,27,33,33,26,31,SNR_AVG:31.67
GLO_PRN:00,00,00,00,00,00,00,00,00,00,00,00,00,00,00,SAT_TAL:00
GLO_SNR:00,00,00,00,00,00,00,00,00,00,00,00,00,00,00,SNR_AVG:0.00
GAL_PRN:00,00,00,00,00,00,00,00,00,00,00,00,00,00,00,SAT_TAL:00
GAL_SNR:00,00,00,00,00,00,00,00,00,00,00,00,00,00,00,SNR_AVG:0.00
BEI_PRN:00,00,00,00,00,00,00,00,00,00,00,00,00,00,00,SAT_TAL:00
BEI_SNR:00,00,00,00,00,00,00,00,00,00,00,00,00,00,00,SNR_AVG:0.00
QZS_PRN:00,00,00,00,00,SAT_TAL:00
QZS_SNR:00,00,00,00,00,SNR_AVG:0.00
SatInView:22 GDOP:16683
Roll:24.977575 Pitch:-22.320076
X_AVG:3.822372 Y_AVG:5.442800 Z_AVG:7.790985
X_SD:5.013689 Y_SD:8.098321 Z_SD:8.520720
$MXCM10033,2,14,20240103,061318,00,0E985D3A,47EF42CF,00A4,0000,238D,00,C102*1A
GPS_PRN:08,28,18,21,16,09,03,04,27,26,31,195196194199SAT_TAL:15
GPS_SNR:34,34,31,29,31,34,34,33,25,32,29,30,33,24,21,SNR_AVG:30.27
GLO_PRN:00,00,00,00,00,00,00,00,00,00,00,00,00,00,00,SAT_TAL:00
GLO_SNR:00,00,00,00,00,00,00,00,00,00,00,00,00,00,00,SNR_AVG:0.00
GAL_PRN:00,00,00,00,00,00,00,00,00,00,00,00,00,00,00,SAT_TAL:00
GAL_SNR:00,00,00,00,00,00,00,00,00,00,00,00,00,00,00,SNR_AVG:0.00
BEI_PRN:00,00,00,00,00,00,00,00,00,00,00,00,00,00,00,SAT_TAL:00
BEI_SNR:00,00,00,00,00,00,00,00,00,00,00,00,00,00,00,SNR_AVG:0.00
QZS_PRN:00,00,00,00,00,SAT_TAL:00
QZS_SNR:00,00,00,00,00,SNR_AVG:0.00
SatInView:23 GDOP:16679
Roll:19.565113 Pitch:-24.762775
X_AVG:4.704222 Y_AVG:6.095664 Z_AVG:8.998357
X_SD:6.667173 Y_SD:9.070102 Z_SD:8.095174
$MXCM10033,2,15,20240103,061333,12,0E97E8F9,47EF0C40,00A8,0018,3C2A,06,C102*16
GPS_PRN:04,08,28,09,03,31,21,18,16,27,26,195196194199SAT_TAL:15
GPS_SNR:34,35,32,34,32,29,27,27,30,37,29,34,34,24,25,SNR_AVG:30.87
GLO_PRN:00,00,00,00,00,00,00,00,00,00,00,00,00,00,00,SAT_TAL:00
GLO_SNR:00,00,00,00,00,00,00,00,00,00,00,00,00,00,00,SNR_AVG:0.00
GAL_PRN:00,00,00,00,00,00,00,00,00,00,00,00,00,00,00,SAT_TAL:00
GAL_SNR:00,00,00,00,00,00,00,00,00,00,00,00,00,00,00,SNR_AVG:0.00
BEI_PRN:00,00,00,00,00,00,00,00,00,00,00,00,00,00,00,SAT_TAL:00
BEI_SNR:00,00,00,00,00,00,00,00,00,00,00,00,00,00,00,SNR_AVG:0.00
QZS_PRN:00,00,00,00,00,SAT_TAL:00
QZS_SNR:00,00,00,00,00,SNR_AVG:0.00
SatInView:23 GDOP:247
Roll:29.598484 Pitch:-31.986107
X_AVG:4.047815 Y_AVG:4.397136 Z_AVG:6.941888
X_SD:5.948621 Y_SD:7.474469 Z_SD:7.751136
$MXCM10033,2,16,20240103,061348,12,0E974313,47EF2048,008F,0026,4B72,08,C102*13
GPS_PRN:04,08,28,09,03,31,21,18,16,27,26,195199196194SAT_TAL:15
GPS_SNR:34,35,29,36,33,28,28,33,31,31,30,30,22,33,21,SNR_AVG:30.27
GLO_PRN:00,00,00,00,00,00,00,00,00,00,00,00,00,00,00,SAT_TAL:00
GLO_SNR:00,00,00,00,00,00,00,00,00,00,00,00,00,00,00,SNR_AVG:0.00
GAL_PRN:00,00,00,00,00,00,00,00,00,00,00,00,00,00,00,SAT_TAL:00
GAL_SNR:00,00,00,00,00,00,00,00,00,00,00,00,00,00,00,SNR_AVG:0.00
BEI_PRN:00,00,00,00,00,00,00,00,00,00,00,00,00,00,00,SAT_TAL:00
BEI_SNR:00,00,00,00,00,00,00,00,00,00,00,00,00,00,00,SNR_AVG:0.00
QZS_PRN:00,00,00,00,00,SAT_TAL:00
QZS_SNR:00,00,00,00,00,SNR_AVG:0.00
SatInView:23 GDOP:238
Roll:30.234442 Pitch:-25.942490
X_AVG:4.321430 Y_AVG:4.393544 Z_AVG:7.183612
X_SD:4.974544 Y_SD:7.729788 Z_SD:8.169221
$MXCM10033,2,17,20240103,061403,12,0E96A24A,47EF3496,00A5,001C,43D9,0B,C102*11
GPS_PRN:16,04,08,28,09,18,03,21,26,31,19519619419900,SAT_TAL:14
GPS_SNR:30,26,34,31,33,32,32,30,34,29,33,34,26,23,00,SNR_AVG:30.50
GLO_PRN:75,85,74,76,86,72,66,65,00,00,00,00,00,00,00,SAT_TAL:08
GLO_SNR:37,29,28,35,36,36,34,30,00,00,00,00,00,00,00,SNR_AVG:33.12
GAL_PRN:00,00,00,00,00,00,00,00,00,00,00,00,00,00,00,SAT_TAL:00
GAL_SNR:00,00,00,00,00,00,00,00,00,00,00,00,00,00,00,SNR_AVG:0.00
BEI_PRN:00,00,00,00,00,00,00,00,00,00,00,00,00,00,00,SAT_TAL:00
BEI_SNR:00,00,00,00,00,00,00,00,00,00,00,00,00,00,00,SNR_AVG:0.00
QZS_PRN:00,00,00,00,00,SAT_TAL:00
QZS_SNR:00,00,00,00,00,SNR_AVG:0.00
SatInView:22 GDOP:175
Roll:21.880516 Pitch:-26.936163
X_AVG:3.081687 Y_AVG:3.352812 Z_AVG:5.579129
X_SD:4.759952 Y_SD:7.099164 Z_SD:7.199490
$MXCM10033,2,18,20240103,061418,12,0E95EE13,47EF1C16,00A5,001E,5546,10,C102*63
GPS_PRN:16,04,08,28,09,18,03,31,26,21,19519619419900,SAT_TAL:14
GPS_SNR:28,32,34,33,30,33,30,34,22,32,32,32,23,28,00,SNR_AVG:30.21
GLO_PRN:86,76,72,74,85,65,75,66,00,00,00,00,00,00,00,SAT_TAL:08
GLO_SNR:33,33,36,28,33,30,31,32,00,00,00,00,00,00,00,SNR_AVG:32.00
GAL_PRN:00,00,00,00,00,00,00,00,00,00,00,00,00,00,00,SAT_TAL:00
GAL_SNR:00,00,00,00,00,00,00,00,00,00,00,00,00,00,00,SNR_AVG:0.00
BEI_PRN:00,00,00,00,00,00,00,00,00,00,00,00,00,00,00,SAT_TAL:00
BEI_SNR:00,00,00,00,00,00,00,00,00,00,00,00,00,00,00,SNR_AVG:0.00
QZS_PRN:00,00,00,00,00,SAT_TAL:00
QZS_SNR:00,00,00,00,00,SNR_AVG:0.00
SatInView:22 GDOP:156
Roll:41.167446 Pitch:-15.495872
X_AVG:5.751371 Y_AVG:10.664037 Z_AVG:12.827816
X_SD:7.082401 Y_SD:8.171601 Z_SD:8.014445
$MXCM10033,2,19,20240103,061634,12,0E935E76,47EEE352,0111,000F,70F8,13,C202*10
GPS_PRN:16,04,31,26,08,28,09,18,03,21,19519619419900,SAT_TAL:14
GPS_SNR:28,33,31,32,35,34,33,35,34,32,31,33,23,21,00,SNR_AVG:31.07
GLO_PRN:86,76,72,84,85,65,75,66,00,00,00,00,00,00,00,SAT_TAL:08
GLO_SNR:31,29,37,19,31,30,32,31,00,00,00,00,00,00,00,SNR_AVG:30.00
GAL_PRN:00,00,00,00,00,00,00,00,00,00,00,00,00,00,00,SAT_TAL:00
GAL_SNR:00,00,00,00,00,00,00,00,00,00,00,00,00,00,00,SNR_AVG:0.00
BEI_PRN:00,00,00,00,00,00,00,00,00,00,00,00,00,00,00,SAT_TAL:00
BEI_SNR:00,00,00,00,00,00,00,00,00,00,00,00,00,00,00,SNR_AVG:0.00
QZS_PRN:00,00,00,00,00,SAT_TAL:00
QZS_SNR:00,00,00,00,00,SNR_AVG:0.00
SatInView:22 GDOP:140
Roll:16.099293 Pitch:-28.545715
X_AVG:3.242341 Y_AVG:3.171184 Z_AVG:6.900037
X_SD:3.844535 Y_SD:6.485731 Z_SD:7.040139
$MXCM10033,2,20,20240103,061649,12,0E92DACD,47EF0E94,00EE,0021,4294,13,C202*6E
GPS_PRN:16,04,31,26,08,28,09,18,03,21,19519619419900,SAT_TAL:14
GPS_SNR:28,34,27,19,35,32,35,31,32,31,34,34,23,26,00,SNR_AVG:30.07
GLO_PRN:86,76,72,84,85,65,75,66,00,00,00,00,00,00,00,SAT_TAL:08
GLO_SNR:35,34,36,20,27,32,29,35,00,00,00,00,00,00,00,SNR_AVG:31.00
GAL_PRN:00,00,00,00,00,00,00,00,00,00,00,00,00,00,00,SAT_TAL:00
GAL_SNR:00,00,00,00,00,00,00,00,00,00,00,00,00,00,00,SNR_AVG:0.00
BEI_PRN:00,00,00,00,00,00,00,00,00,00,00,00,00,00,00,SAT_TAL:00
BEI_SNR:00,00,00,00,00,00,00,00,00,00,00,00,00,00,00,SNR_AVG:0.00
QZS_PRN:00,00,00,00,00,SAT_TAL:00
QZS_SNR:00,00,00,00,00,SNR_AVG:0.00
SatInView:22 GDOP:140
Roll:12.558561 Pitch:-25.217115
X_AVG:3.090881 Y_AVG:3.097968 Z_AVG:6.281889
X_SD:4.899780 Y_SD:6.826630 Z_SD:7.852951
$MXCM10033,2,21,20240103,061905,12,0E8E9698,47EF2514,0106,0024,4CD8,0F,C202*1E
GPS_PRN:16,04,31,08,28,09,18,21,19519619419900,00,00,SAT_TAL:12
GPS_SNR:36,34,34,34,28,35,23,26,35,32,34,26,00,00,00,SNR_AVG:31.42
GLO_PRN:86,66,72,84,85,75,65,76,00,00,00,00,00,00,00,SAT_TAL:06
GLO_SNR:36,00,33,20,36,35,31,00,00,00,00,00,00,00,00,SNR_AVG:31.83
GAL_PRN:00,00,00,00,00,00,00,00,00,00,00,00,00,00,00,SAT_TAL:00
GAL_SNR:00,00,00,00,00,00,00,00,00,00,00,00,00,00,00,SNR_AVG:0.00
BEI_PRN:00,00,00,00,00,00,00,00,00,00,00,00,00,00,00,SAT_TAL:00
BEI_SNR:00,00,00,00,00,00,00,00,00,00,00,00,00,00,00,SNR_AVG:0.00
QZS_PRN:00,00,00,00,00,SAT_TAL:00
QZS_SNR:00,00,00,00,00,SNR_AVG:0.00
SatInView:20 GDOP:167
Roll:36.284565 Pitch:-11.227658
X_AVG:3.390737 Y_AVG:5.562417 Z_AVG:8.424982
X_SD:5.761712 Y_SD:8.367214 Z_SD:7.687466
$MXCM10033,2,22,20240103,061920,12,0E8E3745,47EF5B9E,0123,000B,32EA,12,C202*10
GPS_PRN:04,16,31,26,08,28,09,18,03,21,19519619419900,SAT_TAL:14
GPS_SNR:27,27,36,30,35,34,34,30,34,33,35,33,26,26,00,SNR_AVG:31.43
GLO_PRN:86,76,72,84,85,75,65,66,00,00,00,00,00,00,00,SAT_TAL:08
GLO_SNR:36,35,36,18,36,29,29,34,00,00,00,00,00,00,00,SNR_AVG:31.62
GAL_PRN:00,00,00,00,00,00,00,00,00,00,00,00,00,00,00,SAT_TAL:00
GAL_SNR:00,00,00,00,00,00,00,00,00,00,00,00,00,00,00,SNR_AVG:0.00
BEI_PRN:00,00,00,00,00,00,00,00,00,00,00,00,00,00,00,SAT_TAL:00
BEI_SNR:00,00,00,00,00,00,00,00,00,00,00,00,00,00,00,SNR_AVG:0.00
QZS_PRN:00,00,00,00,00,SAT_TAL:00
QZS_SNR:00,00,00,00,00,SNR_AVG:0.00
SatInView:22 GDOP:155
Roll:26.507494 Pitch:-5.204072
X_AVG:1.624690 Y_AVG:2.602550 Z_AVG:4.544669
X_SD:5.856785 Y_SD:7.744378 Z_SD:7.857933
$MXCM10033,2,23,20240103,062136,12,0E88CDA5,47EFFE79,01B1,0016,3806,11,C202*1C
GPS_PRN:04,16,31,08,26,28,09,18,03,21,19519619419900,SAT_TAL:14
GPS_SNR:29,29,33,34,30,34,34,30,34,32,34,32,27,23,00,SNR_AVG:31.07
GLO_PRN:86,76,72,84,85,75,65,66,00,00,00,00,00,00,00,SAT_TAL:07
GLO_SNR:32,34,36,00,32,31,28,33,00,00,00,00,00,00,00,SNR_AVG:32.29
GAL_PRN:00,00,00,00,00,00,00,00,00,00,00,00,00,00,00,SAT_TAL:00
GAL_SNR:00,00,00,00,00,00,00,00,00,00,00,00,00,00,00,SNR_AVG:0.00
BEI_PRN:00,00,00,00,00,00,00,00,00,00,00,00,00,00,00,SAT_TAL:00
BEI_SNR:00,00,00,00,00,00,00,00,00,00,00,00,00,00,00,SNR_AVG:0.00
QZS_PRN:00,00,00,00,00,SAT_TAL:00
QZS_SNR:00,00,00,00,00,SNR_AVG:0.00
SatInView:22 GDOP:167
Roll:22.034069 Pitch:-19.739599
X_AVG:2.680746 Y_AVG:4.286090 Z_AVG:6.633221
X_SD:4.617597 Y_SD:8.094711 Z_SD:8.672219
$MXCM10033,2,24,20240103,062151,12,0E883073,47F02A21,01AA,0025,4411,12,C202*1B
GPS_PRN:04,16,31,08,26,28,09,18,03,21,19519619419900,SAT_TAL:14
GPS_SNR:32,28,26,35,26,31,34,31,32,32,32,34,18,23,00,SNR_AVG:29.57
GLO_PRN:86,76,72,84,85,75,65,66,00,00,00,00,00,00,00,SAT_TAL:08
GLO_SNR:34,35,37,25,28,33,31,35,00,00,00,00,00,00,00,SNR_AVG:32.25
GAL_PRN:00,00,00,00,00,00,00,00,00,00,00,00,00,00,00,SAT_TAL:00
GAL_SNR:00,00,00,00,00,00,00,00,00,00,00,00,00,00,00,SNR_AVG:0.00
BEI_PRN:00,00,00,00,00,00,00,00,00,00,00,00,00,00,00,SAT_TAL:00
BEI_SNR:00,00,00,00,00,00,00,00,00,00,00,00,00,00,00,SNR_AVG:0.00
QZS_PRN:00,00,00,00,00,SAT_TAL:00
QZS_SNR:00,00,00,00,00,SNR_AVG:0.00
SatInView:22 GDOP:153
Roll:30.459787 Pitch:-16.638485
X_AVG:3.386379 Y_AVG:4.032683 Z_AVG:7.065336
X_SD:5.081536 Y_SD:8.177200 Z_SD:8.120257
$MXCM10033,2,25,20240103,062407,12,0E828CED,47F1E198,01FE,001F,391B,12,C202*65
GPS_PRN:04,16,31,08,26,28,09,18,21,03,19519619419900,SAT_TAL:14
GPS_SNR:33,26,33,35,30,33,33,29,31,30,34,33,27,25,00,SNR_AVG:30.86
GLO_PRN:86,76,72,84,85,75,65,66,00,00,00,00,00,00,00,SAT_TAL:08
GLO_SNR:34,34,37,22,30,34,32,32,00,00,00,00,00,00,00,SNR_AVG:31.88
GAL_PRN:00,00,00,00,00,00,00,00,00,00,00,00,00,00,00,SAT_TAL:00
GAL_SNR:00,00,00,00,00,00,00,00,00,00,00,00,00,00,00,SNR_AVG:0.00
BEI_PRN:00,00,00,00,00,00,00,00,00,00,00,00,00,00,00,SAT_TAL:00
BEI_SNR:00,00,00,00,00,00,00,00,00,00,00,00,00,00,00,SNR_AVG:0.00
QZS_PRN:00,00,00,00,00,SAT_TAL:00
QZS_SNR:00,00,00,00,00,SNR_AVG:0.00
SatInView:22 GDOP:153
Roll:27.012793 Pitch:-9.017731
X_AVG:1.760205 Y_AVG:3.307321 Z_AVG:5.421875
X_SD:5.373737 Y_SD:7.693456 Z_SD:10.132641
$MXCM10033,2,26,20240103,062422,12,0E81C8E7,47F1FE32,01FF,0024,4363,12,C202*6F
GPS_PRN:04,16,31,08,26,28,09,18,21,03,19519619419900,SAT_TAL:14
GPS_SNR:33,31,27,35,27,31,34,32,31,30,32,33,22,24,00,SNR_AVG:30.14
GLO_PRN:86,76,72,84,85,75,65,66,00,00,00,00,00,00,00,SAT_TAL:08
GLO_SNR:35,35,35,23,30,34,32,35,00,00,00,00,00,00,00,SNR_AVG:32.38
GAL_PRN:00,00,00,00,00,00,00,00,00,00,00,00,00,00,00,SAT_TAL:00
GAL_SNR:00,00,00,00,00,00,00,00,00,00,00,00,00,00,00,SNR_AVG:0.00
BEI_PRN:00,00,00,00,00,00,00,00,00,00,00,00,00,00,00,SAT_TAL:00
BEI_SNR:00,00,00,00,00,00,00,00,00,00,00,00,00,00,00,SNR_AVG:0.00
QZS_PRN:00,00,00,00,00,SAT_TAL:00
QZS_SNR:00,00,00,00,00,SNR_AVG:0.00
SatInView:22 GDOP:152
Roll:14.649367 Pitch:-16.247068
X_AVG:2.852605 Y_AVG:4.015205 Z_AVG:7.434098
X_SD:6.230861 Y_SD:8.079790 Z_SD:9.262453
$MXCM10033,2,27,20240103,062638,12,0E7AE6C1,47F21082,01D4,0026,4820,12,C202*64
GPS_PRN:04,16,31,08,26,09,28,18,21,03,19519619900,00,SAT_TAL:13
GPS_SNR:33,30,27,34,31,35,28,33,30,32,28,33,21,00,00,SNR_AVG:30.38
GLO_PRN:86,66,76,72,84,85,75,65,00,00,00,00,00,00,00,SAT_TAL:08
GLO_SNR:33,35,36,36,24,27,32,32,00,00,00,00,00,00,00,SNR_AVG:31.88
GAL_PRN:00,00,00,00,00,00,00,00,00,00,00,00,00,00,00,SAT_TAL:00
GAL_SNR:00,00,00,00,00,00,00,00,00,00,00,00,00,00,00,SNR_AVG:0.00
BEI_PRN:00,00,00,00,00,00,00,00,00,00,00,00,00,00,00,SAT_TAL:00
BEI_SNR:00,00,00,00,00,00,00,00,00,00,00,00,00,00,00,SNR_AVG:0.00
QZS_PRN:00,00,00,00,00,SAT_TAL:00
QZS_SNR:00,00,00,00,00,SNR_AVG:0.00
SatInView:21 GDOP:150
Roll:28.701891 Pitch:-12.990120
X_AVG:2.700235 Y_AVG:4.250847 Z_AVG:7.201664
X_SD:6.135178 Y_SD:8.988444 Z_SD:9.193257
$MXCM10033,2,28,20240103,062653,12,0E7A1DAA,47F1F6A5,01B2,0027,496D,12,C202*6E
GPS_PRN:04,16,31,08,26,09,28,18,21,03,19519619919400,SAT_TAL:14
GPS_SNR:34,31,30,35,32,36,30,34,30,33,26,32,21,19,00,SNR_AVG:30.21
GLO_PRN:65,76,72,84,85,75,86,66,00,00,00,00,00,00,00,SAT_TAL:08
GLO_SNR:32,37,35,23,28,33,31,36,00,00,00,00,00,00,00,SNR_AVG:31.88
GAL_PRN:00,00,00,00,00,00,00,00,00,00,00,00,00,00,00,SAT_TAL:00
GAL_SNR:00,00,00,00,00,00,00,00,00,00,00,00,00,00,00,SNR_AVG:0.00
BEI_PRN:00,00,00,00,00,00,00,00,00,00,00,00,00,00,00,SAT_TAL:00
BEI_SNR:00,00,00,00,00,00,00,00,00,00,00,00,00,00,00,SNR_AVG:0.00
QZS_PRN:00,00,00,00,00,SAT_TAL:00
QZS_SNR:00,00,00,00,00,SNR_AVG:0.00
SatInView:22 GDOP:150
Roll:10.317933 Pitch:-24.941641
X_AVG:2.862038 Y_AVG:3.664447 Z_AVG:6.685368
X_SD:4.605566 Y_SD:7.744321 Z_SD:8.696581
$MXCM10033,2,29,20240103,062909,12,0E733DC1,47F049A5,015A,0025,4CBB,13,C202*1E
GPS_PRN:04,16,08,31,26,09,28,18,21,03,19519619419900,SAT_TAL:14
GPS_SNR:32,31,34,31,33,35,31,35,30,33,27,31,24,19,00,SNR_AVG:30.43
GLO_PRN:65,76,72,84,85,75,86,66,00,00,00,00,00,00,00,SAT_TAL:08
GLO_SNR:30,35,35,21,30,32,26,33,00,00,00,00,00,00,00,SNR_AVG:30.25
GAL_PRN:00,00,00,00,00,00,00,00,00,00,00,00,00,00,00,SAT_TAL:00
GAL_SNR:00,00,00,00,00,00,00,00,00,00,00,00,00,00,00,SNR_AVG:0.00
BEI_PRN:00,00,00,00,00,00,00,00,00,00,00,00,00,00,00,SAT_TAL:00
BEI_SNR:00,00,00,00,00,00,00,00,00,00,00,00,00,00,00,SNR_AVG:0.00
QZS_PRN:00,00,00,00,00,SAT_TAL:00
QZS_SNR:00,00,00,00,00,SNR_AVG:0.00
SatInView:22 GDOP:133
Roll:24.124481 Pitch:-18.485264
X_AVG:2.288424 Y_AVG:2.675335 Z_AVG:5.304556
X_SD:4.553794 Y_SD:7.160688 Z_SD:8.552956
$MXCM10033,2,30,20240103,062924,12,0E7281FE,47F0026B,0141,0025,526D,13,C202*6B
GPS_PRN:04,16,08,31,26,09,28,18,21,03,19519619419900,SAT_TAL:14
GPS_SNR:32,32,34,32,32,35,32,35,28,30,28,29,26,20,00,SNR_AVG:30.36
GLO_PRN:65,76,72,84,85,75,86,66,00,00,00,00,00,00,00,SAT_TAL:08
GLO_SNR:31,35,33,22,28,31,29,34,00,00,00,00,00,00,00,SNR_AVG:30.38
GAL_PRN:00,00,00,00,00,00,00,00,00,00,00,00,00,00,00,SAT_TAL:00
GAL_SNR:00,00,00,00,00,00,00,00,00,00,00,00,00,00,00,SNR_AVG:0.00
BEI_PRN:00,00,00,00,00,00,00,00,00,00,00,00,00,00,00,SAT_TAL:00
BEI_SNR:00,00,00,00,00,00,00,00,00,00,00,00,00,00,00,SNR_AVG:0.00
QZS_PRN:00,00,00,00,00,SAT_TAL:00
QZS_SNR:00,00,00,00,00,SNR_AVG:0.00
SatInView:22 GDOP:133
Roll:22.090490 Pitch:-23.793892
X_AVG:3.408694 Y_AVG:4.735683 Z_AVG:7.875358
X_SD:4.495803 Y_SD:7.664123 Z_SD:7.395187
$MXCM10033,2,31,20240103,063140,12,0E710828,47EF99F1,00D6,0001,73F5,0A,C201*1C
GPS_PRN:16,31,26,28,18,21,19500,00,00,00,00,00,00,00,SAT_TAL:06
GPS_SNR:19,33,18,16,17,00,21,00,00,00,00,00,00,00,00,SNR_AVG:20.67
GLO_PRN:85,86,65,76,66,72,84,75,00,00,00,00,00,00,00,SAT_TAL:04
GLO_SNR:29,26,00,00,00,26,00,22,00,00,00,00,00,00,00,SNR_AVG:25.75
GAL_PRN:00,00,00,00,00,00,00,00,00,00,00,00,00,00,00,SAT_TAL:00
GAL_SNR:00,00,00,00,00,00,00,00,00,00,00,00,00,00,00,SNR_AVG:0.00
BEI_PRN:00,00,00,00,00,00,00,00,00,00,00,00,00,00,00,SAT_TAL:00
BEI_SNR:00,00,00,00,00,00,00,00,00,00,00,00,00,00,00,SNR_AVG:0.00
QZS_PRN:00,00,00,00,00,SAT_TAL:00
QZS_SNR:00,00,00,00,00,SNR_AVG:0.00
SatInView:15 GDOP:222
Roll:89.231339 Pitch:35.357048
X_AVG:-5.616144 Y_AVG:7.780690 Z_AVG:0.319824
X_SD:0.241876 Y_SD:0.099829 Z_SD:0.209751
$MXCM10033,2,32,20240103,063155,12,0E710892,47EF96AB,00CF,0000,6949,0D,C201*67
GPS_PRN:04,16,08,31,26,09,28,18,21,03,19519600,00,00,SAT_TAL:09
GPS_SNR:00,24,17,29,19,00,18,15,19,00,23,20,00,00,00,SNR_AVG:20.44
GLO_PRN:86,65,76,66,72,84,85,75,00,00,00,00,00,00,00,SAT_TAL:04
GLO_SNR:24,00,00,00,22,00,25,20,00,00,00,00,00,00,00,SNR_AVG:22.75
GAL_PRN:00,00,00,00,00,00,00,00,00,00,00,00,00,00,00,SAT_TAL:00
GAL_SNR:00,00,00,00,00,00,00,00,00,00,00,00,00,00,00,SNR_AVG:0.00
BEI_PRN:00,00,00,00,00,00,00,00,00,00,00,00,00,00,00,SAT_TAL:00
BEI_SNR:00,00,00,00,00,00,00,00,00,00,00,00,00,00,00,SNR_AVG:0.00
QZS_PRN:00,00,00,00,00,SAT_TAL:00
QZS_SNR:00,00,00,00,00,SNR_AVG:0.00
SatInView:20 GDOP:141
Roll:98.419937 Pitch:31.519440
X_AVG:-5.492553 Y_AVG:7.911942 Z_AVG:-1.077365
X_SD:0.446437 Y_SD:0.474567 Z_SD:0.456923
$MXCM10033,2,33,20240103,063409,12,0E70FAF4,47EF998B,00CF,0000,0000,08,C201*15
GPS_PRN:04,16,08,31,26,09,28,18,21,03,19519600,00,00,SAT_TAL:06
GPS_SNR:00,15,00,18,21,00,00,00,26,00,27,17,00,00,00,SNR_AVG:20.67
GLO_PRN:86,65,76,66,72,84,85,75,00,00,00,00,00,00,00,SAT_TAL:03
GLO_SNR:25,00,00,00,21,00,22,00,00,00,00,00,00,00,00,SNR_AVG:22.67
GAL_PRN:00,00,00,00,00,00,00,00,00,00,00,00,00,00,00,SAT_TAL:00
GAL_SNR:00,00,00,00,00,00,00,00,00,00,00,00,00,00,00,SNR_AVG:0.00
BEI_PRN:00,00,00,00,00,00,00,00,00,00,00,00,00,00,00,SAT_TAL:00
BEI_SNR:00,00,00,00,00,00,00,00,00,00,00,00,00,00,00,SNR_AVG:0.00
QZS_PRN:00,00,00,00,00,SAT_TAL:00
QZS_SNR:00,00,00,00,00,SNR_AVG:0.00
SatInView:20 GDOP:275
Roll:97.293694 Pitch:26.249359
X_AVG:-4.337950 Y_AVG:8.525828 Z_AVG:-1.110214
X_SD:0.345418 Y_SD:0.202662 Z_SD:0.197191
$MXCM10033,2,34,20240103,063425,12,0E70FD08,47EF9CDA,00CE,0000,6CDF,0D,C202*6D
GPS_PRN:04,16,08,31,26,09,28,18,21,03,19519600,00,00,SAT_TAL:09
GPS_SNR:00,16,17,12,19,00,19,15,23,00,19,15,00,00,00,SNR_AVG:17.22
GLO_PRN:86,65,76,66,72,84,85,75,00,00,00,00,00,00,00,SAT_TAL:04
GLO_SNR:27,00,00,00,20,00,16,17,00,00,00,00,00,00,00,SNR_AVG:20.00
GAL_PRN:00,00,00,00,00,00,00,00,00,00,00,00,00,00,00,SAT_TAL:00
GAL_SNR:00,00,00,00,00,00,00,00,00,00,00,00,00,00,00,SNR_AVG:0.00
BEI_PRN:00,00,00,00,00,00,00,00,00,00,00,00,00,00,00,SAT_TAL:00
BEI_SNR:00,00,00,00,00,00,00,00,00,00,00,00,00,00,00,SNR_AVG:0.00
QZS_PRN:00,00,00,00,00,SAT_TAL:00
QZS_SNR:00,00,00,00,00,SNR_AVG:0.00
SatInView:20 GDOP:141
Roll:87.170403 Pitch:48.118958
X_AVG:-7.206022 Y_AVG:6.294579 Z_AVG:0.894875
X_SD:0.162962 Y_SD:0.236366 Z_SD:0.191501
$MXCM10033,2,35,20240103,063640,12,0E710429,47EF98CE,00CE,0000,0000,05,C201*14
GPS_PRN:19616,08,31,26,09,28,18,21,02,03,19504,00,00,SAT_TAL:04
GPS_SNR:00,00,00,23,00,00,28,00,18,00,00,24,00,00,00,SNR_AVG:23.25
GLO_PRN:86,65,76,66,72,84,85,75,00,00,00,00,00,00,00,SAT_TAL:02
GLO_SNR:19,00,00,00,00,00,23,00,00,00,00,00,00,00,00,SNR_AVG:21.00
GAL_PRN:00,00,00,00,00,00,00,00,00,00,00,00,00,00,00,SAT_TAL:00
GAL_SNR:00,00,00,00,00,00,00,00,00,00,00,00,00,00,00,SNR_AVG:0.00
BEI_PRN:00,00,00,00,00,00,00,00,00,00,00,00,00,00,00,SAT_TAL:00
BEI_SNR:00,00,00,00,00,00,00,00,00,00,00,00,00,00,00,SNR_AVG:0.00
QZS_PRN:00,00,00,00,00,SAT_TAL:00
QZS_SNR:00,00,00,00,00,SNR_AVG:0.00
SatInView:21 GDOP:342
Roll:90.623039 Pitch:26.733438
X_AVG:-4.962131 Y_AVG:8.207824 Z_AVG:-0.677381
X_SD:0.099386 Y_SD:0.082952 Z_SD:0.135824
$MXCM10033,2,36,20240103,063656,12,0E7106BE,47EF9C88,00CD,0000,76D4,0A,C201*67
GPS_PRN:04,16,08,31,26,09,28,18,21,03,19519600,00,00,SAT_TAL:06
GPS_SNR:00,00,00,28,00,00,28,20,18,00,22,14,00,00,00,SNR_AVG:21.67
GLO_PRN:86,65,76,66,84,72,85,75,00,00,00,00,00,00,00,SAT_TAL:04
GLO_SNR:29,00,00,00,00,17,21,20,00,00,00,00,00,00,00,SNR_AVG:21.75
GAL_PRN:00,00,00,00,00,00,00,00,00,00,00,00,00,00,00,SAT_TAL:00
GAL_SNR:00,00,00,00,00,00,00,00,00,00,00,00,00,00,00,SNR_AVG:0.00
BEI_PRN:00,00,00,00,00,00,00,00,00,00,00,00,00,00,00,SAT_TAL:00
BEI_SNR:00,00,00,00,00,00,00,00,00,00,00,00,00,00,00,SNR_AVG:0.00
QZS_PRN:00,00,00,00,00,SAT_TAL:00
QZS_SNR:00,00,00,00,00,SNR_AVG:0.00
SatInView:20 GDOP:185
Roll:89.919075 Pitch:25.163080
X_AVG:-4.052843 Y_AVG:8.639220 Z_AVG:-0.664404
X_SD:0.082962 Y_SD:0.068857 Z_SD:0.148157
$MXCM10033,2,37,20240103,063912,12,0E7104E4,47EF92CA,00C4,0000,35B2,07,C201*6F
GPS_PRN:19608,16,31,26,09,28,18,21,02,03,19504,00,00,SAT_TAL:06
GPS_SNR:00,00,00,28,18,00,33,00,23,15,00,24,00,00,00,SNR_AVG:23.50
GLO_PRN:86,65,76,66,72,84,85,75,00,00,00,00,00,00,00,SAT_TAL:02
GLO_SNR:26,00,00,00,22,00,00,00,00,00,00,00,00,00,00,SNR_AVG:24.00
GAL_PRN:00,00,00,00,00,00,00,00,00,00,00,00,00,00,00,SAT_TAL:00
GAL_SNR:00,00,00,00,00,00,00,00,00,00,00,00,00,00,00,SNR_AVG:0.00
BEI_PRN:00,00,00,00,00,00,00,00,00,00,00,00,00,00,00,SAT_TAL:00
BEI_SNR:00,00,00,00,00,00,00,00,00,00,00,00,00,00,00,SNR_AVG:0.00
QZS_PRN:00,00,00,00,00,SAT_TAL:00
QZS_SNR:00,00,00,00,00,SNR_AVG:0.00
SatInView:21 GDOP:234
Roll:90.195862 Pitch:20.115410
X_AVG:-3.195701 Y_AVG:8.968238 Z_AVG:-0.610342
X_SD:0.082765 Y_SD:0.063241 Z_SD:0.127470
$MXCM10033,2,38,20240103,063927,12,0E70FDBD,47EF975D,00CC,0000,415E,0A,C201*62
GPS_PRN:19608,16,31,26,09,28,18,21,02,03,19504,00,00,SAT_TAL:08
GPS_SNR:00,00,00,27,19,00,32,21,23,15,00,21,16,00,00,SNR_AVG:21.75
GLO_PRN:86,65,76,66,72,84,85,75,00,00,00,00,00,00,00,SAT_TAL:03
GLO_SNR:26,00,00,00,23,00,17,00,00,00,00,00,00,00,00,SNR_AVG:22.00
GAL_PRN:00,00,00,00,00,00,00,00,00,00,00,00,00,00,00,SAT_TAL:00
GAL_SNR:00,00,00,00,00,00,00,00,00,00,00,00,00,00,00,SNR_AVG:0.00
BEI_PRN:00,00,00,00,00,00,00,00,00,00,00,00,00,00,00,SAT_TAL:00
BEI_SNR:00,00,00,00,00,00,00,00,00,00,00,00,00,00,00,SNR_AVG:0.00
QZS_PRN:00,00,00,00,00,SAT_TAL:00
QZS_SNR:00,00,00,00,00,SNR_AVG:0.00
SatInView:21 GDOP:144
Roll:90.028984 Pitch:14.455537
X_AVG:-3.005693 Y_AVG:9.018756 Z_AVG:-0.669911
X_SD:0.092724 Y_SD:0.075916 Z_SD:0.140537
$MXCM10033,2,39,20240103,064141,12,0E710AC4,47EF8A8A,00C8,0000,6D03,08,C202*15
GPS_PRN:04,08,16,31,26,09,28,21,18,02,19519600,00,00,SAT_TAL:07
GPS_SNR:00,00,00,25,10,00,25,18,13,00,17,21,00,00,00,SNR_AVG:18.43
GLO_PRN:86,65,76,66,84,72,85,75,00,00,00,00,00,00,00,SAT_TAL:01
GLO_SNR:00,00,00,00,00,00,20,00,00,00,00,00,00,00,00,SNR_AVG:20.00
GAL_PRN:00,00,00,00,00,00,00,00,00,00,00,00,00,00,00,SAT_TAL:00
GAL_SNR:00,00,00,00,00,00,00,00,00,00,00,00,00,00,00,SNR_AVG:0.00
BEI_PRN:00,00,00,00,00,00,00,00,00,00,00,00,00,00,00,SAT_TAL:00
BEI_SNR:00,00,00,00,00,00,00,00,00,00,00,00,00,00,00,SNR_AVG:0.00
QZS_PRN:00,00,00,00,00,SAT_TAL:00
QZS_SNR:00,00,00,00,00,SNR_AVG:0.00
SatInView:20 GDOP:231
Roll:1.234358 Pitch:20.470716
X_AVG:-3.498861 Y_AVG:0.337877 Z_AVG:8.220370
X_SD:0.341893 Y_SD:0.427699 Z_SD:0.357704
$MXCM10033,2,40,20240103,064158,12,0E7102ED,47EFA1FD,00D2,0000,7185,0D,C201*6C
GPS_PRN:04,08,16,31,26,09,28,21,18,19519600,00,00,00,SAT_TAL:09
GPS_SNR:00,22,21,27,23,00,23,19,20,25,19,00,00,00,00,SNR_AVG:22.11
GLO_PRN:86,65,76,66,72,84,85,75,00,00,00,00,00,00,00,SAT_TAL:04
GLO_SNR:27,00,00,00,29,00,34,18,00,00,00,00,00,00,00,SNR_AVG:27.00
GAL_PRN:00,00,00,00,00,00,00,00,00,00,00,00,00,00,00,SAT_TAL:00
GAL_SNR:00,00,00,00,00,00,00,00,00,00,00,00,00,00,00,SNR_AVG:0.00
BEI_PRN:00,00,00,00,00,00,00,00,00,00,00,00,00,00,00,SAT_TAL:00
BEI_SNR:00,00,00,00,00,00,00,00,00,00,00,00,00,00,00,SNR_AVG:0.00
QZS_PRN:00,00,00,00,00,SAT_TAL:00
QZS_SNR:00,00,00,00,00,SNR_AVG:0.00
SatInView:19 GDOP:143
Roll:90.271759 Pitch:27.531067
X_AVG:-5.197581 Y_AVG:7.285319 Z_AVG:-0.564277
X_SD:2.609285 Y_SD:4.897163 Z_SD:2.602875
$MXCM10033,2,41,20240103,064413,12,0E710539,47EF9845,00D3,0000,7371,09,C201*6C
GPS_PRN:04,08,16,31,26,09,28,21,18,02,19519600,00,00,SAT_TAL:07
GPS_SNR:00,00,00,34,19,00,17,22,00,16,29,17,00,00,00,SNR_AVG:22.00
GLO_PRN:86,65,76,66,84,72,85,75,00,00,00,00,00,00,00,SAT_TAL:04
GLO_SNR:20,00,00,00,00,20,29,22,00,00,00,00,00,00,00,SNR_AVG:22.75
GAL_PRN:00,00,00,00,00,00,00,00,00,00,00,00,00,00,00,SAT_TAL:00
GAL_SNR:00,00,00,00,00,00,00,00,00,00,00,00,00,00,00,SNR_AVG:0.00
BEI_PRN:00,00,00,00,00,00,00,00,00,00,00,00,00,00,00,SAT_TAL:00
BEI_SNR:00,00,00,00,00,00,00,00,00,00,00,00,00,00,00,SNR_AVG:0.00
QZS_PRN:00,00,00,00,00,SAT_TAL:00
QZS_SNR:00,00,00,00,00,SNR_AVG:0.00
SatInView:20 GDOP:211
Roll:98.906143 Pitch:33.678211
X_AVG:-4.715236 Y_AVG:8.252548 Z_AVG:-2.111393
X_SD:0.540461 Y_SD:0.264935 Z_SD:0.650785
$MXCM10033,2,42,20240103,064428,12,0E710265,47EF9845,00D3,0000,660A,08,C202*18
GPS_PRN:04,08,16,31,26,09,28,21,18,02,19519600,00,00,SAT_TAL:08
GPS_SNR:00,00,21,21,22,00,17,18,00,17,24,15,00,00,00,SNR_AVG:19.38
GLO_PRN:86,65,76,66,84,72,85,75,00,00,00,00,00,00,00,SAT_TAL:02
GLO_SNR:00,00,00,00,00,17,21,00,00,00,00,00,00,00,00,SNR_AVG:19.00
GAL_PRN:00,00,00,00,00,00,00,00,00,00,00,00,00,00,00,SAT_TAL:00
GAL_SNR:00,00,00,00,00,00,00,00,00,00,00,00,00,00,00,SNR_AVG:0.00
BEI_PRN:00,00,00,00,00,00,00,00,00,00,00,00,00,00,00,SAT_TAL:00
BEI_SNR:00,00,00,00,00,00,00,00,00,00,00,00,00,00,00,SNR_AVG:0.00
QZS_PRN:00,00,00,00,00,SAT_TAL:00
QZS_SNR:00,00,00,00,00,SNR_AVG:0.00
SatInView:20 GDOP:192
Roll:99.476555 Pitch:48.637108
X_AVG:-7.122989 Y_AVG:6.626949 Z_AVG:-1.361706
X_SD:0.112713 Y_SD:0.094809 Z_SD:0.181759
$MXCM10033,2,43,20240103,064643,12,0E70F068,47EF9B0B,00D3,0000,7E7C,08,C202*10
GPS_PRN:19608,16,31,26,09,28,21,18,02,19504,00,00,00,SAT_TAL:09
GPS_SNR:17,22,18,22,00,00,27,26,22,16,18,00,00,00,00,SNR_AVG:20.89
GLO_PRN:66,72,84,76,65,00,00,00,00,00,00,00,00,00,00,SAT_TAL:01
GLO_SNR:00,29,00,00,00,00,00,00,00,00,00,00,00,00,00,SNR_AVG:29.00
GAL_PRN:00,00,00,00,00,00,00,00,00,00,00,00,00,00,00,SAT_TAL:00
GAL_SNR:00,00,00,00,00,00,00,00,00,00,00,00,00,00,00,SNR_AVG:0.00
BEI_PRN:00,00,00,00,00,00,00,00,00,00,00,00,00,00,00,SAT_TAL:00
BEI_SNR:00,00,00,00,00,00,00,00,00,00,00,00,00,00,00,SNR_AVG:0.00
QZS_PRN:00,00,00,00,00,SAT_TAL:00
QZS_SNR:00,00,00,00,00,SNR_AVG:0.00
SatInView:17 GDOP:161
Roll:-175.511841 Pitch:-46.931469
X_AVG:6.664347 Y_AVG:-0.243591 Z_AVG:-8.019348
X_SD:1.452854 Y_SD:1.244855 Z_SD:0.883580
$MXCM10033,2,44,20240103,064659,12,0E70F936,47EFA2DB,00D3,0000,7202,0A,C201*19
GPS_PRN:19408,16,31,26,09,28,21,18,02,19519604,00,00,SAT_TAL:12
GPS_SNR:18,23,19,24,29,00,32,22,17,26,29,14,16,00,00,SNR_AVG:22.42
GLO_PRN:72,84,76,65,66,00,00,00,00,00,00,00,00,00,00,SAT_TAL:01
GLO_SNR:20,00,00,00,00,00,00,00,00,00,00,00,00,00,00,SNR_AVG:20.00
GAL_PRN:00,00,00,00,00,00,00,00,00,00,00,00,00,00,00,SAT_TAL:00
GAL_SNR:00,00,00,00,00,00,00,00,00,00,00,00,00,00,00,SNR_AVG:0.00
BEI_PRN:00,00,00,00,00,00,00,00,00,00,00,00,00,00,00,SAT_TAL:00
BEI_SNR:00,00,00,00,00,00,00,00,00,00,00,00,00,00,00,SNR_AVG:0.00
QZS_PRN:00,00,00,00,00,SAT_TAL:00
QZS_SNR:00,00,00,00,00,SNR_AVG:0.00
SatInView:18 GDOP:144
Roll:132.852066 Pitch:-6.048199
X_AVG:1.756661 Y_AVG:6.999350 Z_AVG:-7.161106
X_SD:0.164823 Y_SD:0.131141 Z_SD:0.165882
$MXCM10033,2,45,20240103,064915,12,0E70FB20,47EF9801,00D3,0000,37E6,0B,C202*66
GPS_PRN:19604,16,31,26,09,28,21,18,02,07,19508,00,00,SAT_TAL:11
GPS_SNR:16,16,24,31,22,17,32,27,20,20,00,26,00,00,00,SNR_AVG:22.82
GLO_PRN:66,72,84,76,65,00,00,00,00,00,00,00,00,00,00,SAT_TAL:00
GLO_SNR:00,00,00,00,00,00,00,00,00,00,00,00,00,00,00,SNR_AVG:0.00
GAL_PRN:00,00,00,00,00,00,00,00,00,00,00,00,00,00,00,SAT_TAL:00
GAL_SNR:00,00,00,00,00,00,00,00,00,00,00,00,00,00,00,SNR_AVG:0.00
BEI_PRN:00,00,00,00,00,00,00,00,00,00,00,00,00,00,00,SAT_TAL:00
BEI_SNR:00,00,00,00,00,00,00,00,00,00,00,00,00,00,00,SNR_AVG:0.00
QZS_PRN:00,00,00,00,00,SAT_TAL:00
QZS_SNR:00,00,00,00,00,SNR_AVG:0.00
SatInView:18 GDOP:124
Roll:170.164963 Pitch:-27.039558
X_AVG:4.875028 Y_AVG:1.950978 Z_AVG:-9.111270
X_SD:0.074105 Y_SD:0.061026 Z_SD:0.144019
$MXCM10033,2,46,20240103,064930,12,0E70F90C,47EF994A,00D3,0000,37E6,0B,C202*1D
GPS_PRN:19608,16,31,26,09,28,21,18,02,19504,00,00,00,SAT_TAL:11
GPS_SNR:18,00,21,33,26,17,29,27,19,22,29,20,00,00,00,SNR_AVG:23.73
GLO_PRN:66,72,84,76,65,00,00,00,00,00,00,00,00,00,00,SAT_TAL:01
GLO_SNR:00,28,00,00,00,00,00,00,00,00,00,00,00,00,00,SNR_AVG:28.00
GAL_PRN:00,00,00,00,00,00,00,00,00,00,00,00,00,00,00,SAT_TAL:00
GAL_SNR:00,00,00,00,00,00,00,00,00,00,00,00,00,00,00,SNR_AVG:0.00
BEI_PRN:00,00,00,00,00,00,00,00,00,00,00,00,00,00,00,SAT_TAL:00
BEI_SNR:00,00,00,00,00,00,00,00,00,00,00,00,00,00,00,SNR_AVG:0.00
QZS_PRN:00,00,00,00,00,SAT_TAL:00
QZS_SNR:00,00,00,00,00,SNR_AVG:0.00
SatInView:17 GDOP:124
Roll:166.710892 Pitch:-25.767550
X_AVG:4.513161 Y_AVG:2.036597 Z_AVG:-9.308604
X_SD:0.084905 Y_SD:0.080228 Z_SD:0.142946
$MXCM10033,2,47,20240103,065146,12,0E70F900,47EFA59D,00D3,0000,0000,0B,C202*6C
GPS_PRN:19604,16,31,26,09,28,21,18,02,07,19508,00,00,SAT_TAL:11
GPS_SNR:21,19,14,29,22,14,23,22,25,23,00,30,00,00,00,SNR_AVG:22.00
GLO_PRN:66,84,72,76,65,00,00,00,00,00,00,00,00,00,00,SAT_TAL:01
GLO_SNR:00,00,20,00,00,00,00,00,00,00,00,00,00,00,00,SNR_AVG:20.00
GAL_PRN:00,00,00,00,00,00,00,00,00,00,00,00,00,00,00,SAT_TAL:00
GAL_SNR:00,00,00,00,00,00,00,00,00,00,00,00,00,00,00,SNR_AVG:0.00
BEI_PRN:00,00,00,00,00,00,00,00,00,00,00,00,00,00,00,SAT_TAL:00
BEI_SNR:00,00,00,00,00,00,00,00,00,00,00,00,00,00,00,SNR_AVG:0.00
QZS_PRN:00,00,00,00,00,SAT_TAL:00
QZS_SNR:00,00,00,00,00,SNR_AVG:0.00
SatInView:18 GDOP:124
Roll:165.612686 Pitch:-27.724827
X_AVG:4.976017 Y_AVG:2.337937 Z_AVG:-8.922555
X_SD:0.086847 Y_SD:0.065437 Z_SD:0.135013
$MXCM10033,2,48,20240103,065201,12,0E70FCCF,47EFA2B3,00D3,0000,0000,0D,C202*11
GPS_PRN:19604,16,31,26,09,28,21,18,02,19508,00,00,00,SAT_TAL:11
GPS_SNR:19,17,17,28,21,00,27,17,19,18,31,16,00,00,00,SNR_AVG:20.91
GLO_PRN:66,72,84,76,65,00,00,00,00,00,00,00,00,00,00,SAT_TAL:03
GLO_SNR:00,23,00,19,14,00,00,00,00,00,00,00,00,00,00,SNR_AVG:18.67
GAL_PRN:00,00,00,00,00,00,00,00,00,00,00,00,00,00,00,SAT_TAL:00
GAL_SNR:00,00,00,00,00,00,00,00,00,00,00,00,00,00,00,SNR_AVG:0.00
BEI_PRN:00,00,00,00,00,00,00,00,00,00,00,00,00,00,00,SAT_TAL:00
BEI_SNR:00,00,00,00,00,00,00,00,00,00,00,00,00,00,00,SNR_AVG:0.00
QZS_PRN:00,00,00,00,00,SAT_TAL:00
QZS_SNR:00,00,00,00,00,SNR_AVG:0.00
SatInView:17 GDOP:118
Roll:165.903809 Pitch:-27.631231
X_AVG:4.975299 Y_AVG:2.379693 Z_AVG:-8.918533
X_SD:0.081399 Y_SD:0.058959 Z_SD:0.126647
$MXCM10033,2,49,20240103,065417,12,0E70F910,47EFA982,00D3,0000,7506,0B,C202*1D
GPS_PRN:19404,16,31,26,09,28,21,18,02,07,19519608,00,SAT_TAL:12
GPS_SNR:23,12,13,26,19,00,25,25,18,20,00,24,12,13,00,SNR_AVG:19.17
GLO_PRN:76,66,65,00,00,00,00,00,00,00,00,00,00,00,00,SAT_TAL:00
GLO_SNR:00,00,00,00,00,00,00,00,00,00,00,00,00,00,00,SNR_AVG:0.00
GAL_PRN:00,00,00,00,00,00,00,00,00,00,00,00,00,00,00,SAT_TAL:00
GAL_SNR:00,00,00,00,00,00,00,00,00,00,00,00,00,00,00,SNR_AVG:0.00
BEI_PRN:00,00,00,00,00,00,00,00,00,00,00,00,00,00,00,SAT_TAL:00
BEI_SNR:00,00,00,00,00,00,00,00,00,00,00,00,00,00,00,SNR_AVG:0.00
QZS_PRN:00,00,00,00,00,SAT_TAL:00
QZS_SNR:00,00,00,00,00,SNR_AVG:0.00
SatInView:17 GDOP:138
Roll:-165.691116 Pitch:-59.165058
X_AVG:8.659954 Y_AVG:-1.551522 Z_AVG:-5.089553
X_SD:0.414445 Y_SD:0.473375 Z_SD:0.223818
$MXCM10033,2,50,20240103,065432,12,0E70FAD4,47EFA2E1,00D3,0000,7AC7,0A,C202*6B
GPS_PRN:19404,16,31,26,09,21,28,18,02,19519608,00,00,SAT_TAL:10
GPS_SNR:24,00,18,29,26,00,32,28,15,16,23,00,18,00,00,SNR_AVG:22.90
GLO_PRN:76,66,65,00,00,00,00,00,00,00,00,00,00,00,00,SAT_TAL:01
GLO_SNR:18,00,00,00,00,00,00,00,00,00,00,00,00,00,00,SNR_AVG:18.00
GAL_PRN:00,00,00,00,00,00,00,00,00,00,00,00,00,00,00,SAT_TAL:00
GAL_SNR:00,00,00,00,00,00,00,00,00,00,00,00,00,00,00,SNR_AVG:0.00
BEI_PRN:00,00,00,00,00,00,00,00,00,00,00,00,00,00,00,SAT_TAL:00
BEI_SNR:00,00,00,00,00,00,00,00,00,00,00,00,00,00,00,SNR_AVG:0.00
QZS_PRN:00,00,00,00,00,SAT_TAL:00
QZS_SNR:00,00,00,00,00,SNR_AVG:0.00
SatInView:16 GDOP:129
Roll:-168.959106 Pitch:-59.343128
X_AVG:8.711047 Y_AVG:-1.338577 Z_AVG:-5.043871
X_SD:0.245037 Y_SD:0.372907 Z_SD:0.166643
$MXCM10033,2,51,20240103,065647,12,0E70FA56,47EFA27C,00D4,0001,3609,05,C202*65
GPS_PRN:19604,16,31,26,09,28,02,18,19508,00,00,00,00,SAT_TAL:05
GPS_SNR:00,00,00,30,00,00,31,24,15,34,00,00,00,00,00,SNR_AVG:26.80
GLO_PRN:65,76,66,00,00,00,00,00,00,00,00,00,00,00,00,SAT_TAL:01
GLO_SNR:00,23,00,00,00,00,00,00,00,00,00,00,00,00,00,SNR_AVG:23.00
GAL_PRN:00,00,00,00,00,00,00,00,00,00,00,00,00,00,00,SAT_TAL:00
GAL_SNR:00,00,00,00,00,00,00,00,00,00,00,00,00,00,00,SNR_AVG:0.00
BEI_PRN:00,00,00,00,00,00,00,00,00,00,00,00,00,00,00,SAT_TAL:00
BEI_SNR:00,00,00,00,00,00,00,00,00,00,00,00,00,00,00,SNR_AVG:0.00
QZS_PRN:00,00,00,00,00,SAT_TAL:00
QZS_SNR:00,00,00,00,00,SNR_AVG:0.00
SatInView:14 GDOP:183
Roll:138.323288 Pitch:0.000000
X_AVG:0.698642 Y_AVG:6.941984 Z_AVG:-7.523499
X_SD:0.089701 Y_SD:0.074473 Z_SD:0.147468
$MXCM10033,2,52,20240103,065703,12,0E70F78D,47EFA21B,00D3,0000,3958,0A,C202*10
GPS_PRN:19604,16,31,26,09,28,02,18,19508,00,00,00,00,SAT_TAL:09
GPS_SNR:12,00,19,32,22,17,33,29,17,33,00,00,00,00,00,SNR_AVG:23.78
GLO_PRN:65,76,66,00,00,00,00,00,00,00,00,00,00,00,00,SAT_TAL:01
GLO_SNR:00,21,00,00,00,00,00,00,00,00,00,00,00,00,00,SNR_AVG:21.00
GAL_PRN:00,00,00,00,00,00,00,00,00,00,00,00,00,00,00,SAT_TAL:00
GAL_SNR:00,00,00,00,00,00,00,00,00,00,00,00,00,00,00,SNR_AVG:0.00
BEI_PRN:00,00,00,00,00,00,00,00,00,00,00,00,00,00,00,SAT_TAL:00
BEI_SNR:00,00,00,00,00,00,00,00,00,00,00,00,00,00,00,SNR_AVG:0.00
QZS_PRN:00,00,00,00,00,SAT_TAL:00
QZS_SNR:00,00,00,00,00,SNR_AVG:0.00
SatInView:14 GDOP:126
Roll:140.312881 Pitch:0.000000
X_AVG:0.741786 Y_AVG:6.606502 Z_AVG:-7.871527
X_SD:0.077856 Y_SD:0.073301 Z_SD:0.134979
$MXCM10033,2,53,20240103,065918,12,0E70FBF9,47EF9E7D,00D3,0000,0000,0A,C201*68
GPS_PRN:19604,16,31,26,09,21,28,02,18,19508,00,00,00,SAT_TAL:10
GPS_SNR:13,00,15,24,33,00,14,28,21,17,19,14,00,00,00,SNR_AVG:19.80
GLO_PRN:65,67,76,66,00,00,00,00,00,00,00,00,00,00,00,SAT_TAL:00
GLO_SNR:00,00,00,00,00,00,00,00,00,00,00,00,00,00,00,SNR_AVG:0.00
GAL_PRN:00,00,00,00,00,00,00,00,00,00,00,00,00,00,00,SAT_TAL:00
GAL_SNR:00,00,00,00,00,00,00,00,00,00,00,00,00,00,00,SNR_AVG:0.00
BEI_PRN:00,00,00,00,00,00,00,00,00,00,00,00,00,00,00,SAT_TAL:00
BEI_SNR:00,00,00,00,00,00,00,00,00,00,00,00,00,00,00,SNR_AVG:0.00
QZS_PRN:00,00,00,00,00,SAT_TAL:00
QZS_SNR:00,00,00,00,00,SNR_AVG:0.00
SatInView:16 GDOP:154
Roll:109.907784 Pitch:7.448191
X_AVG:-1.858225 Y_AVG:8.944535 Z_AVG:-3.596068
X_SD:0.088544 Y_SD:0.107270 Z_SD:0.136633
$MXCM10033,2,54,20240103,065933,12,0E70FDBF,47EF9D1C,00D3,0000,5555,09,C201*63
GPS_PRN:19604,16,31,26,09,21,28,02,18,19508,00,00,00,SAT_TAL:10
GPS_SNR:21,00,22,33,32,00,24,27,21,13,17,11,00,00,00,SNR_AVG:22.10
GLO_PRN:65,67,76,66,00,00,00,00,00,00,00,00,00,00,00,SAT_TAL:00
GLO_SNR:00,00,00,00,00,00,00,00,00,00,00,00,00,00,00,SNR_AVG:0.00
GAL_PRN:00,00,00,00,00,00,00,00,00,00,00,00,00,00,00,SAT_TAL:00
GAL_SNR:00,00,00,00,00,00,00,00,00,00,00,00,00,00,00,SNR_AVG:0.00
BEI_PRN:00,00,00,00,00,00,00,00,00,00,00,00,00,00,00,SAT_TAL:00
BEI_SNR:00,00,00,00,00,00,00,00,00,00,00,00,00,00,00,SNR_AVG:0.00
QZS_PRN:00,00,00,00,00,SAT_TAL:00
QZS_SNR:00,00,00,00,00,SNR_AVG:0.00
SatInView:16 GDOP:166
Roll:89.946198 Pitch:15.441679
X_AVG:-3.269109 Y_AVG:8.609531 Z_AVG:-1.314012
X_SD:2.965856 Y_SD:4.699593 Z_SD:2.321743
$MXCM10033,2,55,20240103,070149,12,0E70FC08,47EFA3CC,00D3,0000,6515,08,C201*13
GPS_PRN:19604,16,31,09,26,21,28,02,18,19508,00,00,00,SAT_TAL:08
GPS_SNR:21,16,18,36,00,00,25,31,19,00,37,00,00,00,00,SNR_AVG:25.38
GLO_PRN:65,77,67,76,66,00,00,00,00,00,00,00,00,00,00,SAT_TAL:00
GLO_SNR:00,00,00,00,00,00,00,00,00,00,00,00,00,00,00,SNR_AVG:0.00
GAL_PRN:00,00,00,00,00,00,00,00,00,00,00,00,00,00,00,SAT_TAL:00
GAL_SNR:00,00,00,00,00,00,00,00,00,00,00,00,00,00,00,SNR_AVG:0.00
BEI_PRN:00,00,00,00,00,00,00,00,00,00,00,00,00,00,00,SAT_TAL:00
BEI_SNR:00,00,00,00,00,00,00,00,00,00,00,00,00,00,00,SNR_AVG:0.00
QZS_PRN:00,00,00,00,00,SAT_TAL:00
QZS_SNR:00,00,00,00,00,SNR_AVG:0.00
SatInView:17 GDOP:167
Roll:110.661415 Pitch:-18.886343
X_AVG:3.289747 Y_AVG:8.352532 Z_AVG:-3.701031
X_SD:0.135233 Y_SD:0.072472 Z_SD:0.154370
$MXCM10033,2,56,20240103,070204,12,0E70FC86,47EFA56D,00D3,0000,6515,09,C201*69
GPS_PRN:19604,16,31,09,26,21,28,02,18,19508,00,00,00,SAT_TAL:09
GPS_SNR:23,19,18,35,00,00,18,31,19,18,37,00,00,00,00,SNR_AVG:24.22
GLO_PRN:65,77,67,76,66,00,00,00,00,00,00,00,00,00,00,SAT_TAL:00
GLO_SNR:00,00,00,00,00,00,00,00,00,00,00,00,00,00,00,SNR_AVG:0.00
GAL_PRN:00,00,00,00,00,00,00,00,00,00,00,00,00,00,00,SAT_TAL:00
GAL_SNR:00,00,00,00,00,00,00,00,00,00,00,00,00,00,00,SNR_AVG:0.00
BEI_PRN:00,00,00,00,00,00,00,00,00,00,00,00,00,00,00,SAT_TAL:00
BEI_SNR:00,00,00,00,00,00,00,00,00,00,00,00,00,00,00,SNR_AVG:0.00
QZS_PRN:00,00,00,00,00,SAT_TAL:00
QZS_SNR:00,00,00,00,00,SNR_AVG:0.00
SatInView:17 GDOP:147
Roll:110.577782 Pitch:-13.378643
X_AVG:2.877553 Y_AVG:8.623897 Z_AVG:-3.290370
X_SD:0.167789 Y_SD:0.088124 Z_SD:0.152110
$MXCM10033,2,57,20240103,070418,12,0E70FB6C,47EF9BAC,00D3,0000,28FA,09,C201*6C
GPS_PRN:19604,16,31,09,26,21,28,02,18,07,19508,00,00,SAT_TAL:09
GPS_SNR:22,00,18,31,14,25,22,26,21,00,00,30,00,00,00,SNR_AVG:23.22
GLO_PRN:65,67,77,76,66,00,00,00,00,00,00,00,00,00,00,SAT_TAL:00
GLO_SNR:00,00,00,00,00,00,00,00,00,00,00,00,00,00,00,SNR_AVG:0.00
GAL_PRN:00,00,00,00,00,00,00,00,00,00,00,00,00,00,00,SAT_TAL:00
GAL_SNR:00,00,00,00,00,00,00,00,00,00,00,00,00,00,00,SNR_AVG:0.00
BEI_PRN:00,00,00,00,00,00,00,00,00,00,00,00,00,00,00,SAT_TAL:00
BEI_SNR:00,00,00,00,00,00,00,00,00,00,00,00,00,00,00,SNR_AVG:0.00
QZS_PRN:00,00,00,00,00,SAT_TAL:00
QZS_SNR:00,00,00,00,00,SNR_AVG:0.00
SatInView:18 GDOP:143
Roll:107.708954 Pitch:6.191808
X_AVG:-5.169664 Y_AVG:7.658487 Z_AVG:-0.781435
X_SD:3.768383 Y_SD:4.755394 Z_SD:2.744171
$MXCM10033,2,58,20240103,070434,12,0E70FD1E,47EF9B21,00D3,0000,8182,0A,C201*1D
GPS_PRN:19404,16,31,09,26,21,28,02,18,19519608,00,00,SAT_TAL:11
GPS_SNR:18,00,18,24,00,28,24,24,24,17,26,22,14,00,00,SNR_AVG:21.73
GLO_PRN:67,77,76,66,65,00,00,00,00,00,00,00,00,00,00,SAT_TAL:00
GLO_SNR:00,00,00,00,00,00,00,00,00,00,00,00,00,00,00,SNR_AVG:0.00
GAL_PRN:00,00,00,00,00,00,00,00,00,00,00,00,00,00,00,SAT_TAL:00
GAL_SNR:00,00,00,00,00,00,00,00,00,00,00,00,00,00,00,SNR_AVG:0.00
BEI_PRN:00,00,00,00,00,00,00,00,00,00,00,00,00,00,00,SAT_TAL:00
BEI_SNR:00,00,00,00,00,00,00,00,00,00,00,00,00,00,00,SNR_AVG:0.00
QZS_PRN:00,00,00,00,00,SAT_TAL:00
QZS_SNR:00,00,00,00,00,SNR_AVG:0.00
SatInView:18 GDOP:155
Roll:88.853088 Pitch:28.404129
X_AVG:-3.666315 Y_AVG:8.000817 Z_AVG:-0.566192
X_SD:6.527075 Y_SD:6.885972 Z_SD:2.948833
$MXCM10033,2,59,20240103,070649,12,0E710418,47EF9B24,00D3,0000,711F,09,C201*61
GPS_PRN:19604,16,09,31,26,21,02,28,07,18,19508,00,00,SAT_TAL:09
GPS_SNR:25,00,21,00,25,33,18,23,20,00,15,26,00,00,00,SNR_AVG:22.89
GLO_PRN:65,67,77,76,66,00,00,00,00,00,00,00,00,00,00,SAT_TAL:00
GLO_SNR:00,00,00,00,00,00,00,00,00,00,00,00,00,00,00,SNR_AVG:0.00
GAL_PRN:00,00,00,00,00,00,00,00,00,00,00,00,00,00,00,SAT_TAL:00
GAL_SNR:00,00,00,00,00,00,00,00,00,00,00,00,00,00,00,SNR_AVG:0.00
BEI_PRN:00,00,00,00,00,00,00,00,00,00,00,00,00,00,00,SAT_TAL:00
BEI_SNR:00,00,00,00,00,00,00,00,00,00,00,00,00,00,00,SNR_AVG:0.00
QZS_PRN:00,00,00,00,00,SAT_TAL:00
QZS_SNR:00,00,00,00,00,SNR_AVG:0.00
SatInView:18 GDOP:187
Roll:104.100288 Pitch:33.217461
X_AVG:-4.693496 Y_AVG:7.628846 Z_AVG:-0.718514
X_SD:6.038128 Y_SD:6.202624 Z_SD:5.058976
$MXCM10033,2,60,20240103,070705,12,0E70FEFD,47EF9E1F,00D3,0000,7258,0A,C201*18
GPS_PRN:19604,16,09,31,26,21,02,28,18,19508,00,00,00,SAT_TAL:10
GPS_SNR:21,16,22,00,20,28,17,19,34,00,24,17,00,00,00,SNR_AVG:21.80
GLO_PRN:65,77,67,76,66,00,00,00,00,00,00,00,00,00,00,SAT_TAL:00
GLO_SNR:00,00,00,00,00,00,00,00,00,00,00,00,00,00,00,SNR_AVG:0.00
GAL_PRN:00,00,00,00,00,00,00,00,00,00,00,00,00,00,00,SAT_TAL:00
GAL_SNR:00,00,00,00,00,00,00,00,00,00,00,00,00,00,00,SNR_AVG:0.00
BEI_PRN:00,00,00,00,00,00,00,00,00,00,00,00,00,00,00,SAT_TAL:00
BEI_SNR:00,00,00,00,00,00,00,00,00,00,00,00,00,00,00,SNR_AVG:0.00
QZS_PRN:00,00,00,00,00,SAT_TAL:00
QZS_SNR:00,00,00,00,00,SNR_AVG:0.00
SatInView:17 GDOP:154
Roll:89.582222 Pitch:15.756006
X_AVG:-2.940235 Y_AVG:9.072627 Z_AVG:-0.188811
X_SD:0.233883 Y_SD:0.197282 Z_SD:0.178028
$MXCM10033,2,61,20240103,070920,00,0E70FEF6,47EF9E52,00D3,0000,0000,00,C202*6B
GPS_PRN:19604,16,31,09,26,21,02,28,07,18,19508,00,00,SAT_TAL:02
GPS_SNR:00,00,00,18,00,00,24,00,00,00,00,00,00,00,00,SNR_AVG:21.00
GLO_PRN:76,66,00,00,00,00,00,00,00,00,00,00,00,00,00,SAT_TAL:00
GLO_SNR:00,00,00,00,00,00,00,00,00,00,00,00,00,00,00,SNR_AVG:0.00
GAL_PRN:00,00,00,00,00,00,00,00,00,00,00,00,00,00,00,SAT_TAL:00
GAL_SNR:00,00,00,00,00,00,00,00,00,00,00,00,00,00,00,SNR_AVG:0.00
BEI_PRN:00,00,00,00,00,00,00,00,00,00,00,00,00,00,00,SAT_TAL:00
BEI_SNR:00,00,00,00,00,00,00,00,00,00,00,00,00,00,00,SNR_AVG:0.00
QZS_PRN:00,00,00,00,00,SAT_TAL:00
QZS_SNR:00,00,00,00,00,SNR_AVG:0.00
SatInView:15 GDOP:17142
Roll:52.375935 Pitch:90.000000
X_AVG:-9.303289 Y_AVG:1.405377 Z_AVG:1.676166
X_SD:1.703244 Y_SD:1.375654 Z_SD:0.620950
$MXCM10033,2,62,20240103,070935,00,0E7104FB,47EF73D8,00D3,0000,2404,00,C201*1C
GPS_PRN:19604,16,31,09,26,21,02,28,07,18,08,19500,00,SAT_TAL:02
GPS_SNR:00,00,00,17,00,00,00,13,00,00,00,00,00,00,00,SNR_AVG:15.00
GLO_PRN:65,00,00,00,00,00,00,00,00,00,00,00,00,00,00,SAT_TAL:00
GLO_SNR:00,00,00,00,00,00,00,00,00,00,00,00,00,00,00,SNR_AVG:0.00
GAL_PRN:00,00,00,00,00,00,00,00,00,00,00,00,00,00,00,SAT_TAL:00
GAL_SNR:00,00,00,00,00,00,00,00,00,00,00,00,00,00,00,SNR_AVG:0.00
BEI_PRN:00,00,00,00,00,00,00,00,00,00,00,00,00,00,00,SAT_TAL:00
BEI_SNR:00,00,00,00,00,00,00,00,00,00,00,00,00,00,00,SNR_AVG:0.00
QZS_PRN:00,00,00,00,00,SAT_TAL:00
QZS_SNR:00,00,00,00,00,SNR_AVG:0.00
SatInView:14 GDOP:14143
Roll:102.289154 Pitch:2.856382
X_AVG:-2.350339 Y_AVG:8.049085 Z_AVG:-4.472219
X_SD:0.932342 Y_SD:0.681586 Z_SD:1.863896
$MXCM10033,2,63,20240103,071151,12,0E70FAE5,47EF9C09,00D3,0000,0000,09,C202*60
GPS_PRN:19604,16,09,31,26,21,02,28,07,18,19508,00,00,SAT_TAL:10
GPS_SNR:31,00,25,00,40,39,21,33,31,00,24,32,18,00,00,SNR_AVG:29.40
GLO_PRN:65,77,67,76,66,00,00,00,00,00,00,00,00,00,00,SAT_TAL:00
GLO_SNR:00,00,00,00,00,00,00,00,00,00,00,00,00,00,00,SNR_AVG:0.00
GAL_PRN:00,00,00,00,00,00,00,00,00,00,00,00,00,00,00,SAT_TAL:00
GAL_SNR:00,00,00,00,00,00,00,00,00,00,00,00,00,00,00,SNR_AVG:0.00
BEI_PRN:00,00,00,00,00,00,00,00,00,00,00,00,00,00,00,SAT_TAL:00
BEI_SNR:00,00,00,00,00,00,00,00,00,00,00,00,00,00,00,SNR_AVG:0.00
QZS_PRN:00,00,00,00,00,SAT_TAL:00
QZS_SNR:00,00,00,00,00,SNR_AVG:0.00
SatInView:18 GDOP:170
Roll:-164.921829 Pitch:21.176590
X_AVG:-3.358079 Y_AVG:-2.216644 Z_AVG:-10.152529
X_SD:0.078689 Y_SD:0.064932 Z_SD:0.129440
$MXCM10033,2,64,20240103,071206,12,0E70FA74,47EF9BCF,00D3,0000,0000,0C,C202*62
GPS_PRN:19604,16,09,31,26,21,02,28,18,19508,00,00,00,SAT_TAL:12
GPS_SNR:30,16,27,15,41,40,26,33,32,22,31,17,00,00,00,SNR_AVG:27.50
GLO_PRN:65,67,77,76,66,00,00,00,00,00,00,00,00,00,00,SAT_TAL:01
GLO_SNR:18,00,00,00,00,00,00,00,00,00,00,00,00,00,00,SNR_AVG:18.00
GAL_PRN:00,00,00,00,00,00,00,00,00,00,00,00,00,00,00,SAT_TAL:00
GAL_SNR:00,00,00,00,00,00,00,00,00,00,00,00,00,00,00,SNR_AVG:0.00
BEI_PRN:00,00,00,00,00,00,00,00,00,00,00,00,00,00,00,SAT_TAL:00
BEI_SNR:00,00,00,00,00,00,00,00,00,00,00,00,00,00,00,SNR_AVG:0.00
QZS_PRN:00,00,00,00,00,SAT_TAL:00
QZS_SNR:00,00,00,00,00,SNR_AVG:0.00
SatInView:17 GDOP:131
Roll:-164.932709 Pitch:21.163363
X_AVG:-3.373738 Y_AVG:-2.214968 Z_AVG:-10.153056
X_SD:0.083556 Y_SD:0.066096 Z_SD:0.125852
$MXCM10033,2,65,20240103,071422,12,0E70FCD4,47EF9F89,00D3,0000,71FF,0A,C202*16
GPS_PRN:19604,16,09,31,26,21,02,07,28,18,19508,00,00,SAT_TAL:10
GPS_SNR:28,00,31,00,39,22,37,34,00,37,19,35,26,00,00,SNR_AVG:30.80
GLO_PRN:65,77,67,76,66,00,00,00,00,00,00,00,00,00,00,SAT_TAL:01
GLO_SNR:00,00,00,27,00,00,00,00,00,00,00,00,00,00,00,SNR_AVG:27.00
GAL_PRN:00,00,00,00,00,00,00,00,00,00,00,00,00,00,00,SAT_TAL:00
GAL_SNR:00,00,00,00,00,00,00,00,00,00,00,00,00,00,00,SNR_AVG:0.00
BEI_PRN:00,00,00,00,00,00,00,00,00,00,00,00,00,00,00,SAT_TAL:00
BEI_SNR:00,00,00,00,00,00,00,00,00,00,00,00,00,00,00,SNR_AVG:0.00
QZS_PRN:00,00,00,00,00,SAT_TAL:00
QZS_SNR:00,00,00,00,00,SNR_AVG:0.00
SatInView:18 GDOP:144
Roll:-164.902588 Pitch:21.200790
X_AVG:-3.379388 Y_AVG:-2.202087 Z_AVG:-10.134764
X_SD:0.085765 Y_SD:0.062750 Z_SD:0.121542
$MXCM10033,2,66,20240103,071437,12,0E70FBCA,47EF9F39,00D3,0000,71FF,0B,C202*6A
GPS_PRN:19604,16,09,31,26,21,02,28,18,19508,00,00,00,SAT_TAL:11
GPS_SNR:29,22,33,00,39,29,35,34,37,24,37,26,00,00,00,SNR_AVG:31.36
GLO_PRN:65,67,77,76,66,00,00,00,00,00,00,00,00,00,00,SAT_TAL:01
GLO_SNR:00,00,00,27,00,00,00,00,00,00,00,00,00,00,00,SNR_AVG:27.00
GAL_PRN:00,00,00,00,00,00,00,00,00,00,00,00,00,00,00,SAT_TAL:00
GAL_SNR:00,00,00,00,00,00,00,00,00,00,00,00,00,00,00,SNR_AVG:0.00
BEI_PRN:00,00,00,00,00,00,00,00,00,00,00,00,00,00,00,SAT_TAL:00
BEI_SNR:00,00,00,00,00,00,00,00,00,00,00,00,00,00,00,SNR_AVG:0.00
QZS_PRN:00,00,00,00,00,SAT_TAL:00
QZS_SNR:00,00,00,00,00,SNR_AVG:0.00
SatInView:17 GDOP:136
Roll:-164.918930 Pitch:21.180428
X_AVG:-3.380633 Y_AVG:-2.210084 Z_AVG:-10.142713
X_SD:0.083811 Y_SD:0.063242 Z_SD:0.122871
$MXCM10033,2,67,20240103,071653,12,0E70FBA7,47EF9F33,00D2,0000,8320,0B,C202*1B
GPS_PRN:19604,16,09,31,26,21,02,07,28,18,19508,00,00,SAT_TAL:11
GPS_SNR:35,19,25,00,42,31,41,35,00,32,25,42,28,00,00,SNR_AVG:32.27
GLO_PRN:65,67,77,76,66,00,00,00,00,00,00,00,00,00,00,SAT_TAL:01
GLO_SNR:00,00,00,23,00,00,00,00,00,00,00,00,00,00,00,SNR_AVG:23.00
GAL_PRN:00,00,00,00,00,00,00,00,00,00,00,00,00,00,00,SAT_TAL:00
GAL_SNR:00,00,00,00,00,00,00,00,00,00,00,00,00,00,00,SNR_AVG:0.00
BEI_PRN:00,00,00,00,00,00,00,00,00,00,00,00,00,00,00,SAT_TAL:00
BEI_SNR:00,00,00,00,00,00,00,00,00,00,00,00,00,00,00,SNR_AVG:0.00
QZS_PRN:00,00,00,00,00,SAT_TAL:00
QZS_SNR:00,00,00,00,00,SNR_AVG:0.00
SatInView:18 GDOP:138
Roll:-164.909134 Pitch:21.203245
X_AVG:-3.376467 Y_AVG:-2.199166 Z_AVG:-10.129209
X_SD:0.083976 Y_SD:0.071137 Z_SD:0.123593
$MXCM10033,2,68,20240103,071708,12,0E70FAF5,47EFA047,00D2,0000,7CB8,0D,C202*11
GPS_PRN:19604,16,09,31,26,21,02,28,18,19508,00,00,00,SAT_TAL:11
GPS_SNR:36,18,17,00,41,31,41,35,32,26,43,25,00,00,00,SNR_AVG:31.36
GLO_PRN:65,67,77,76,66,00,00,00,00,00,00,00,00,00,00,SAT_TAL:04
GLO_SNR:14,18,00,28,17,00,00,00,00,00,00,00,00,00,00,SNR_AVG:19.25
GAL_PRN:00,00,00,00,00,00,00,00,00,00,00,00,00,00,00,SAT_TAL:00
GAL_SNR:00,00,00,00,00,00,00,00,00,00,00,00,00,00,00,SNR_AVG:0.00
BEI_PRN:00,00,00,00,00,00,00,00,00,00,00,00,00,00,00,SAT_TAL:00
BEI_SNR:00,00,00,00,00,00,00,00,00,00,00,00,00,00,00,SNR_AVG:0.00
QZS_PRN:00,00,00,00,00,SAT_TAL:00
QZS_SNR:00,00,00,00,00,SNR_AVG:0.00
SatInView:17 GDOP:121
Roll:-164.913422 Pitch:21.200117
X_AVG:-3.383027 Y_AVG:-2.204482 Z_AVG:-10.112737
X_SD:0.080706 Y_SD:0.065237 Z_SD:0.123735
$MXCM10033,2,69,20240103,071924,12,0E70F860,47EF9F04,00D2,0000,2A73,0B,C202*6A
GPS_PRN:19604,16,09,31,26,21,02,28,18,19508,00,00,00,SAT_TAL:11
GPS_SNR:37,00,28,20,38,29,40,34,30,25,42,27,00,00,00,SNR_AVG:31.82
GLO_PRN:65,67,76,66,00,00,00,00,00,00,00,00,00,00,00,SAT_TAL:01
GLO_SNR:00,00,18,00,00,00,00,00,00,00,00,00,00,00,00,SNR_AVG:18.00
GAL_PRN:00,00,00,00,00,00,00,00,00,00,00,00,00,00,00,SAT_TAL:00
GAL_SNR:00,00,00,00,00,00,00,00,00,00,00,00,00,00,00,SNR_AVG:0.00
BEI_PRN:00,00,00,00,00,00,00,00,00,00,00,00,00,00,00,SAT_TAL:00
BEI_SNR:00,00,00,00,00,00,00,00,00,00,00,00,00,00,00,SNR_AVG:0.00
QZS_PRN:00,00,00,00,00,SAT_TAL:00
QZS_SNR:00,00,00,00,00,SNR_AVG:0.00
SatInView:16 GDOP:131
Roll:-164.865311 Pitch:21.247099
X_AVG:-3.390162 Y_AVG:-2.200699 Z_AVG:-10.119201
X_SD:0.084809 Y_SD:0.065731 Z_SD:0.130232
$MXCM10033,2,70,20240103,071939,12,0E70F8A9,47EF9EA8,00D2,0000,2A73,0D,C202*68
GPS_PRN:19604,16,09,31,26,21,02,28,18,19508,00,00,00,SAT_TAL:12
GPS_SNR:38,17,28,17,38,28,38,34,24,28,42,26,00,00,00,SNR_AVG:29.83
GLO_PRN:65,77,67,76,66,00,00,00,00,00,00,00,00,00,00,SAT_TAL:03
GLO_SNR:15,00,18,17,00,00,00,00,00,00,00,00,00,00,00,SNR_AVG:16.67
GAL_PRN:00,00,00,00,00,00,00,00,00,00,00,00,00,00,00,SAT_TAL:00
GAL_SNR:00,00,00,00,00,00,00,00,00,00,00,00,00,00,00,SNR_AVG:0.00
BEI_PRN:00,00,00,00,00,00,00,00,00,00,00,00,00,00,00,SAT_TAL:00
BEI_SNR:00,00,00,00,00,00,00,00,00,00,00,00,00,00,00,SNR_AVG:0.00
QZS_PRN:00,00,00,00,00,SAT_TAL:00
QZS_SNR:00,00,00,00,00,SNR_AVG:0.00
SatInView:17 GDOP:122
Roll:-164.887100 Pitch:21.234955
X_AVG:-3.393945 Y_AVG:-2.190834 Z_AVG:-10.121165
X_SD:0.088060 Y_SD:0.064786 Z_SD:0.129929
$MXCM10033,2,71,20240103,072155,12,0E70FC8E,47EFA171,00D1,0000,281D,09,C202*13
GPS_PRN:19604,16,09,31,26,21,02,28,18,19508,00,00,00,SAT_TAL:10
GPS_SNR:37,23,29,00,36,38,40,00,29,23,38,29,00,00,00,SNR_AVG:32.20
GLO_PRN:65,77,67,76,66,00,00,00,00,00,00,00,00,00,00,SAT_TAL:00
GLO_SNR:00,00,00,00,00,00,00,00,00,00,00,00,00,00,00,SNR_AVG:0.00
GAL_PRN:00,00,00,00,00,00,00,00,00,00,00,00,00,00,00,SAT_TAL:00
GAL_SNR:00,00,00,00,00,00,00,00,00,00,00,00,00,00,00,SNR_AVG:0.00
BEI_PRN:00,00,00,00,00,00,00,00,00,00,00,00,00,00,00,SAT_TAL:00
BEI_SNR:00,00,00,00,00,00,00,00,00,00,00,00,00,00,00,SNR_AVG:0.00
QZS_PRN:00,00,00,00,00,SAT_TAL:00
QZS_SNR:00,00,00,00,00,SNR_AVG:0.00
SatInView:17 GDOP:161
Roll:-164.872726 Pitch:21.238037
X_AVG:-3.394759 Y_AVG:-2.188249 Z_AVG:-10.099856
X_SD:0.081404 Y_SD:0.065264 Z_SD:0.123562
$MXCM10033,2,72,20240103,072210,12,0E70FA8F,47EFA084,00D1,0000,281D,0A,C202*60
GPS_PRN:19604,16,09,31,26,21,02,28,18,19508,00,00,00,SAT_TAL:12
GPS_SNR:37,19,30,16,38,40,40,28,30,26,38,28,00,00,00,SNR_AVG:30.83
GLO_PRN:65,77,67,76,66,00,00,00,00,00,00,00,00,00,00,SAT_TAL:01
GLO_SNR:00,00,00,21,00,00,00,00,00,00,00,00,00,00,00,SNR_AVG:21.00
GAL_PRN:00,00,00,00,00,00,00,00,00,00,00,00,00,00,00,SAT_TAL:00
GAL_SNR:00,00,00,00,00,00,00,00,00,00,00,00,00,00,00,SNR_AVG:0.00
BEI_PRN:00,00,00,00,00,00,00,00,00,00,00,00,00,00,00,SAT_TAL:00
BEI_SNR:00,00,00,00,00,00,00,00,00,00,00,00,00,00,00,SNR_AVG:0.00
QZS_PRN:00,00,00,00,00,SAT_TAL:00
QZS_SNR:00,00,00,00,00,SNR_AVG:0.00
SatInView:17 GDOP:147
Roll:-164.899368 Pitch:21.215540
X_AVG:-3.387145 Y_AVG:-2.195575 Z_AVG:-10.123032
X_SD:0.084304 Y_SD:0.065573 Z_SD:0.137197
$MXCM10033,2,73,20240103,072425,12,0E70FD58,47EF9CB8,00D1,0000,17B9,09,C202*10
GPS_PRN:19604,16,09,31,21,26,02,28,18,19508,00,00,00,SAT_TAL:11
GPS_SNR:31,23,32,00,43,39,35,28,18,19,32,19,00,00,00,SNR_AVG:29.00
GLO_PRN:65,77,67,76,66,00,00,00,00,00,00,00,00,00,00,SAT_TAL:01
GLO_SNR:00,00,00,24,00,00,00,00,00,00,00,00,00,00,00,SNR_AVG:24.00
GAL_PRN:00,00,00,00,00,00,00,00,00,00,00,00,00,00,00,SAT_TAL:00
GAL_SNR:00,00,00,00,00,00,00,00,00,00,00,00,00,00,00,SNR_AVG:0.00
BEI_PRN:00,00,00,00,00,00,00,00,00,00,00,00,00,00,00,SAT_TAL:00
BEI_SNR:00,00,00,00,00,00,00,00,00,00,00,00,00,00,00,SNR_AVG:0.00
QZS_PRN:00,00,00,00,00,SAT_TAL:00
QZS_SNR:00,00,00,00,00,SNR_AVG:0.00
SatInView:17 GDOP:153
Roll:-164.879501 Pitch:21.229481
X_AVG:-3.383602 Y_AVG:-2.185854 Z_AVG:-10.110438
X_SD:0.085392 Y_SD:0.065252 Z_SD:0.127525
$MXCM10033,2,74,20240103,072441,12,0E70FDD6,47EF9DF9,00D1,0000,17B9,08,C202*69
GPS_PRN:19604,16,09,31,21,26,02,28,18,19508,00,00,00,SAT_TAL:12
GPS_SNR:31,16,31,15,43,40,36,31,24,21,33,17,00,00,00,SNR_AVG:28.17
GLO_PRN:65,77,67,76,66,00,00,00,00,00,00,00,00,00,00,SAT_TAL:03
GLO_SNR:20,00,00,29,19,00,00,00,00,00,00,00,00,00,00,SNR_AVG:22.67
GAL_PRN:00,00,00,00,00,00,00,00,00,00,00,00,00,00,00,SAT_TAL:00
GAL_SNR:00,00,00,00,00,00,00,00,00,00,00,00,00,00,00,SNR_AVG:0.00
BEI_PRN:00,00,00,00,00,00,00,00,00,00,00,00,00,00,00,SAT_TAL:00
BEI_SNR:00,00,00,00,00,00,00,00,00,00,00,00,00,00,00,SNR_AVG:0.00
QZS_PRN:00,00,00,00,00,SAT_TAL:00
QZS_SNR:00,00,00,00,00,SNR_AVG:0.00
SatInView:17 GDOP:183
Roll:-164.881271 Pitch:21.227423
X_AVG:-3.384943 Y_AVG:-2.180108 Z_AVG:-10.106416
X_SD:0.084003 Y_SD:0.068132 Z_SD:0.134526
$MXCM10033,2,75,20240103,072657,12,0E70F8DC,47EFA14F,00D1,0000,6EB6,06,C202*10
GPS_PRN:19604,16,09,21,31,26,02,07,28,18,19508,00,00,SAT_TAL:06
GPS_SNR:00,00,25,17,24,43,43,00,00,00,00,40,00,00,00,SNR_AVG:32.00
GLO_PRN:65,77,67,76,66,00,00,00,00,00,00,00,00,00,00,SAT_TAL:01
GLO_SNR:00,00,00,20,00,00,00,00,00,00,00,00,00,00,00,SNR_AVG:20.00
GAL_PRN:00,00,00,00,00,00,00,00,00,00,00,00,00,00,00,SAT_TAL:00
GAL_SNR:00,00,00,00,00,00,00,00,00,00,00,00,00,00,00,SNR_AVG:0.00
BEI_PRN:00,00,00,00,00,00,00,00,00,00,00,00,00,00,00,SAT_TAL:00
BEI_SNR:00,00,00,00,00,00,00,00,00,00,00,00,00,00,00,SNR_AVG:0.00
QZS_PRN:00,00,00,00,00,SAT_TAL:00
QZS_SNR:00,00,00,00,00,SNR_AVG:0.00
SatInView:18 GDOP:188
Roll:-164.862213 Pitch:21.250952
X_AVG:-3.394041 Y_AVG:-2.187961 Z_AVG:-10.094828
X_SD:0.080748 Y_SD:0.058888 Z_SD:0.125157
$MXCM10033,2,76,20240103,072712,12,0E70F9D3,47EFA348,00D2,0000,7127,08,C202*17
GPS_PRN:19604,16,09,21,31,26,02,28,18,19508,00,00,00,SAT_TAL:09
GPS_SNR:26,21,31,18,20,42,44,31,00,00,40,00,00,00,00,SNR_AVG:30.33
GLO_PRN:65,77,67,76,66,00,00,00,00,00,00,00,00,00,00,SAT_TAL:01
GLO_SNR:20,00,00,00,00,00,00,00,00,00,00,00,00,00,00,SNR_AVG:20.00
GAL_PRN:00,00,00,00,00,00,00,00,00,00,00,00,00,00,00,SAT_TAL:00
GAL_SNR:00,00,00,00,00,00,00,00,00,00,00,00,00,00,00,SNR_AVG:0.00
BEI_PRN:00,00,00,00,00,00,00,00,00,00,00,00,00,00,00,SAT_TAL:00
BEI_SNR:00,00,00,00,00,00,00,00,00,00,00,00,00,00,00,SNR_AVG:0.00
QZS_PRN:00,00,00,00,00,SAT_TAL:00
QZS_SNR:00,00,00,00,00,SNR_AVG:0.00
SatInView:17 GDOP:181
Roll:-164.870850 Pitch:21.240438
X_AVG:-3.385805 Y_AVG:-2.186190 Z_AVG:-10.114940
X_SD:0.079049 Y_SD:0.066247 Z_SD:0.132582
$MXCM10033,2,77,20240103,072927,12,0E70FDA0,47EF9EDE,00D1,0000,6F37,09,C202*13
GPS_PRN:19604,16,09,21,31,26,02,01,28,18,19508,00,00,SAT_TAL:09
GPS_SNR:32,19,38,00,28,41,41,33,00,00,00,42,25,00,00,SNR_AVG:33.22
GLO_PRN:65,77,67,76,66,00,00,00,00,00,00,00,00,00,00,SAT_TAL:00
GLO_SNR:00,00,00,00,00,00,00,00,00,00,00,00,00,00,00,SNR_AVG:0.00
GAL_PRN:00,00,00,00,00,00,00,00,00,00,00,00,00,00,00,SAT_TAL:00
GAL_SNR:00,00,00,00,00,00,00,00,00,00,00,00,00,00,00,SNR_AVG:0.00
BEI_PRN:00,00,00,00,00,00,00,00,00,00,00,00,00,00,00,SAT_TAL:00
BEI_SNR:00,00,00,00,00,00,00,00,00,00,00,00,00,00,00,SNR_AVG:0.00
QZS_PRN:00,00,00,00,00,SAT_TAL:00
QZS_SNR:00,00,00,00,00,SNR_AVG:0.00
SatInView:18 GDOP:165
Roll:-164.885376 Pitch:21.222130
X_AVG:-3.397201 Y_AVG:-2.189733 Z_AVG:-10.102298
X_SD:0.089200 Y_SD:0.063055 Z_SD:0.125227
$MXCM10033,2,78,20240103,072942,12,0E70FCFD,47EF9ECD,00D1,0000,6F37,0B,C202*16
GPS_PRN:19604,16,09,21,31,26,02,28,19508,00,00,00,00,SAT_TAL:10
GPS_SNR:34,14,38,15,30,42,41,35,00,42,25,00,00,00,00,SNR_AVG:31.60
GLO_PRN:65,77,67,76,66,00,00,00,00,00,00,00,00,00,00,SAT_TAL:01
GLO_SNR:00,00,00,14,00,00,00,00,00,00,00,00,00,00,00,SNR_AVG:14.00
GAL_PRN:00,00,00,00,00,00,00,00,00,00,00,00,00,00,00,SAT_TAL:00
GAL_SNR:00,00,00,00,00,00,00,00,00,00,00,00,00,00,00,SNR_AVG:0.00
BEI_PRN:00,00,00,00,00,00,00,00,00,00,00,00,00,00,00,SAT_TAL:00
BEI_SNR:00,00,00,00,00,00,00,00,00,00,00,00,00,00,00,SNR_AVG:0.00
QZS_PRN:00,00,00,00,00,SAT_TAL:00
QZS_SNR:00,00,00,00,00,SNR_AVG:0.00
SatInView:16 GDOP:135
Roll:-164.871262 Pitch:21.239893
X_AVG:-3.380920 Y_AVG:-2.181545 Z_AVG:-10.107230
X_SD:0.088303 Y_SD:0.064732 Z_SD:0.125901
$MXCM10033,2,79,20240103,073158,12,0E70FB00,47EFA3B3,00D1,0000,7807,09,C202*69
GPS_PRN:19604,16,09,21,31,26,02,07,01,28,19508,00,00,SAT_TAL:09
GPS_SNR:38,00,30,19,27,41,40,19,22,00,00,41,00,00,00,SNR_AVG:30.78
GLO_PRN:65,77,67,76,66,00,00,00,00,00,00,00,00,00,00,SAT_TAL:00
GLO_SNR:00,00,00,00,00,00,00,00,00,00,00,00,00,00,00,SNR_AVG:0.00
GAL_PRN:00,00,00,00,00,00,00,00,00,00,00,00,00,00,00,SAT_TAL:00
GAL_SNR:00,00,00,00,00,00,00,00,00,00,00,00,00,00,00,SNR_AVG:0.00
BEI_PRN:00,00,00,00,00,00,00,00,00,00,00,00,00,00,00,SAT_TAL:00
BEI_SNR:00,00,00,00,00,00,00,00,00,00,00,00,00,00,00,SNR_AVG:0.00
QZS_PRN:00,00,00,00,00,SAT_TAL:00
QZS_SNR:00,00,00,00,00,SNR_AVG:0.00
SatInView:18 GDOP:135
Roll:-164.903336 Pitch:21.229021
X_AVG:-3.399787 Y_AVG:-2.177522 Z_AVG:-10.109864
X_SD:0.079041 Y_SD:0.071535 Z_SD:0.127565
$MXCM10033,2,80,20240103,073213,12,0E70FB55,47EFA165,00D1,0000,7807,0D,C202*6E
GPS_PRN:19604,16,09,21,26,31,02,07,28,19919508,00,00,SAT_TAL:10
GPS_SNR:38,00,30,19,30,41,42,23,20,00,00,40,18,00,00,SNR_AVG:30.10
GLO_PRN:77,67,76,66,65,00,00,00,00,00,00,00,00,00,00,SAT_TAL:03
GLO_SNR:00,15,20,00,17,00,00,00,00,00,00,00,00,00,00,SNR_AVG:17.33
GAL_PRN:00,00,00,00,00,00,00,00,00,00,00,00,00,00,00,SAT_TAL:00
GAL_SNR:00,00,00,00,00,00,00,00,00,00,00,00,00,00,00,SNR_AVG:0.00
BEI_PRN:00,00,00,00,00,00,00,00,00,00,00,00,00,00,00,SAT_TAL:00
BEI_SNR:00,00,00,00,00,00,00,00,00,00,00,00,00,00,00,SNR_AVG:0.00
QZS_PRN:00,00,00,00,00,SAT_TAL:00
QZS_SNR:00,00,00,00,00,SNR_AVG:0.00
SatInView:18 GDOP:114
Roll:-164.911560 Pitch:21.189466
X_AVG:-3.405054 Y_AVG:-2.182838 Z_AVG:-10.118723
X_SD:0.079586 Y_SD:0.065158 Z_SD:0.132802
$MXCM10033,2,81,20240103,073429,12,0E70FC1D,47EFA2FF,00D1,0000,7C7D,0C,C202*1C
GPS_PRN:19604,16,09,21,31,26,02,07,01,28,19919508,00,SAT_TAL:11
GPS_SNR:39,15,25,00,38,41,40,32,17,00,00,19,32,19,00,SNR_AVG:28.82
GLO_PRN:77,67,76,66,65,00,00,00,00,00,00,00,00,00,00,SAT_TAL:02
GLO_SNR:00,22,22,00,00,00,00,00,00,00,00,00,00,00,00,SNR_AVG:22.00
GAL_PRN:00,00,00,00,00,00,00,00,00,00,00,00,00,00,00,SAT_TAL:00
GAL_SNR:00,00,00,00,00,00,00,00,00,00,00,00,00,00,00,SNR_AVG:0.00
BEI_PRN:00,00,00,00,00,00,00,00,00,00,00,00,00,00,00,SAT_TAL:00
BEI_SNR:00,00,00,00,00,00,00,00,00,00,00,00,00,00,00,SNR_AVG:0.00
QZS_PRN:00,00,00,00,00,SAT_TAL:00
QZS_SNR:00,00,00,00,00,SNR_AVG:0.00
SatInView:19 GDOP:120
Roll:-164.866913 Pitch:21.245350
X_AVG:-3.389827 Y_AVG:-2.187482 Z_AVG:-10.091141
X_SD:0.084290 Y_SD:0.066173 Z_SD:0.134534
$MXCM10033,2,82,20240103,073444,12,0E70FCE5,47EFA2BD,00D1,0000,7D3B,0E,C202*14
GPS_PRN:19604,16,09,21,26,31,02,07,28,19919508,00,00,SAT_TAL:11
GPS_SNR:39,23,25,00,37,40,42,31,15,00,20,33,23,00,00,SNR_AVG:29.82
GLO_PRN:77,67,76,66,65,00,00,00,00,00,00,00,00,00,00,SAT_TAL:04
GLO_SNR:00,18,30,18,15,00,00,00,00,00,00,00,00,00,00,SNR_AVG:20.25
GAL_PRN:00,00,00,00,00,00,00,00,00,00,00,00,00,00,00,SAT_TAL:00
GAL_SNR:00,00,00,00,00,00,00,00,00,00,00,00,00,00,00,SNR_AVG:0.00
BEI_PRN:00,00,00,00,00,00,00,00,00,00,00,00,00,00,00,SAT_TAL:00
BEI_SNR:00,00,00,00,00,00,00,00,00,00,00,00,00,00,00,SNR_AVG:0.00
QZS_PRN:00,00,00,00,00,SAT_TAL:00
QZS_SNR:00,00,00,00,00,SNR_AVG:0.00
SatInView:18 GDOP:111
Roll:-164.864914 Pitch:21.247816
X_AVG:-3.387193 Y_AVG:-2.189637 Z_AVG:-10.109433
X_SD:0.087533 Y_SD:0.066780 Z_SD:0.129764
$MXCM10033,2,83,20240103,073700,12,0E70F860,47EFA0A5,00D1,0000,3C92,0B,C202*15
GPS_PRN:19404,16,09,21,02,26,31,07,19919519608,00,00,SAT_TAL:12
GPS_SNR:27,00,21,13,33,29,39,42,18,19,28,39,23,00,00,SNR_AVG:27.58
GLO_PRN:76,66,65,67,00,00,00,00,00,00,00,00,00,00,00,SAT_TAL:01
GLO_SNR:30,00,00,00,00,00,00,00,00,00,00,00,00,00,00,SNR_AVG:30.00
GAL_PRN:00,00,00,00,00,00,00,00,00,00,00,00,00,00,00,SAT_TAL:00
GAL_SNR:00,00,00,00,00,00,00,00,00,00,00,00,00,00,00,SNR_AVG:0.00
BEI_PRN:00,00,00,00,00,00,00,00,00,00,00,00,00,00,00,SAT_TAL:00
BEI_SNR:00,00,00,00,00,00,00,00,00,00,00,00,00,00,00,SNR_AVG:0.00
QZS_PRN:00,00,00,00,00,SAT_TAL:00
QZS_SNR:00,00,00,00,00,SNR_AVG:0.00
SatInView:17 GDOP:127
Roll:-164.940338 Pitch:21.174673
X_AVG:-3.389444 Y_AVG:-2.179629 Z_AVG:-10.137015
X_SD:0.080861 Y_SD:0.070521 Z_SD:0.121379
$MXCM10033,2,84,20240103,073715,12,0E70F969,47EFA010,00D1,0000,3C92,0C,C202*6A
GPS_PRN:08,04,16,09,21,02,26,31,07,19919519619400,00,SAT_TAL:12
GPS_SNR:22,21,20,00,32,32,40,43,14,21,31,39,26,00,00,SNR_AVG:28.42
GLO_PRN:67,76,66,65,77,00,00,00,00,00,00,00,00,00,00,SAT_TAL:02
GLO_SNR:16,29,00,00,00,00,00,00,00,00,00,00,00,00,00,SNR_AVG:22.50
GAL_PRN:00,00,00,00,00,00,00,00,00,00,00,00,00,00,00,SAT_TAL:00
GAL_SNR:00,00,00,00,00,00,00,00,00,00,00,00,00,00,00,SNR_AVG:0.00
BEI_PRN:00,00,00,00,00,00,00,00,00,00,00,00,00,00,00,SAT_TAL:00
BEI_SNR:00,00,00,00,00,00,00,00,00,00,00,00,00,00,00,SNR_AVG:0.00
QZS_PRN:00,00,00,00,00,SAT_TAL:00
QZS_SNR:00,00,00,00,00,SNR_AVG:0.00
SatInView:18 GDOP:120
Roll:-164.906708 Pitch:21.195894
X_AVG:-3.395813 Y_AVG:-2.186573 Z_AVG:-10.128539
X_SD:0.087447 Y_SD:0.066071 Z_SD:0.133530
$MXCM10033,2,85,20240103,073931,12,0E70FD0B,47EF9D90,00D1,0000,3A02,0A,C202*6E
GPS_PRN:08,04,16,09,21,02,26,31,19919519619400,00,00,SAT_TAL:11
GPS_SNR:26,22,36,00,31,24,41,44,20,40,37,30,00,00,00,SNR_AVG:31.91
GLO_PRN:67,76,66,77,65,00,00,00,00,00,00,00,00,00,00,SAT_TAL:01
GLO_SNR:00,19,00,00,00,00,00,00,00,00,00,00,00,00,00,SNR_AVG:19.00
GAL_PRN:00,00,00,00,00,00,00,00,00,00,00,00,00,00,00,SAT_TAL:00
GAL_SNR:00,00,00,00,00,00,00,00,00,00,00,00,00,00,00,SNR_AVG:0.00
BEI_PRN:00,00,00,00,00,00,00,00,00,00,00,00,00,00,00,SAT_TAL:00
BEI_SNR:00,00,00,00,00,00,00,00,00,00,00,00,00,00,00,SNR_AVG:0.00
QZS_PRN:00,00,00,00,00,SAT_TAL:00
QZS_SNR:00,00,00,00,00,SNR_AVG:0.00
SatInView:17 GDOP:150
Roll:-164.904968 Pitch:21.197664
X_AVG:-3.392939 Y_AVG:-2.178528 Z_AVG:-10.123415
X_SD:0.080772 Y_SD:0.068581 Z_SD:0.118000
$MXCM10033,2,86,20240103,073946,12,0E70FC3D,47EF9C76,00D1,0000,3A02,0B,C202*63
GPS_PRN:08,04,16,09,21,02,26,31,19919519619400,00,00,SAT_TAL:12
GPS_SNR:26,25,36,19,28,22,41,44,21,40,37,30,00,00,00,SNR_AVG:30.75
GLO_PRN:67,76,66,77,65,00,00,00,00,00,00,00,00,00,00,SAT_TAL:01
GLO_SNR:00,17,00,00,00,00,00,00,00,00,00,00,00,00,00,SNR_AVG:17.00
GAL_PRN:00,00,00,00,00,00,00,00,00,00,00,00,00,00,00,SAT_TAL:00
GAL_SNR:00,00,00,00,00,00,00,00,00,00,00,00,00,00,00,SNR_AVG:0.00
BEI_PRN:00,00,00,00,00,00,00,00,00,00,00,00,00,00,00,SAT_TAL:00
BEI_SNR:00,00,00,00,00,00,00,00,00,00,00,00,00,00,00,SNR_AVG:0.00
QZS_PRN:00,00,00,00,00,SAT_TAL:00
QZS_SNR:00,00,00,00,00,SNR_AVG:0.00
SatInView:17 GDOP:136
Roll:-164.875397 Pitch:21.234774
X_AVG:-3.392939 Y_AVG:-2.194617 Z_AVG:-10.104022
X_SD:0.085494 Y_SD:0.062435 Z_SD:0.123052
$MXCM10033,2,87,20240103,074201,00,0E70FC36,47EF9C6C,00D1,0000,0000,00,C203*6B
GPS_PRN:02,26,31,07,19600,00,00,00,00,00,00,00,00,00,SAT_TAL:00
GPS_SNR:00,00,00,00,00,00,00,00,00,00,00,00,00,00,00,SNR_AVG:0.00
GLO_PRN:00,00,00,00,00,00,00,00,00,00,00,00,00,00,00,SAT_TAL:00
GLO_SNR:00,00,00,00,00,00,00,00,00,00,00,00,00,00,00,SNR_AVG:0.00
GAL_PRN:00,00,00,00,00,00,00,00,00,00,00,00,00,00,00,SAT_TAL:00
GAL_SNR:00,00,00,00,00,00,00,00,00,00,00,00,00,00,00,SNR_AVG:0.00
BEI_PRN:00,00,00,00,00,00,00,00,00,00,00,00,00,00,00,SAT_TAL:00
BEI_SNR:00,00,00,00,00,00,00,00,00,00,00,00,00,00,00,SNR_AVG:0.00
QZS_PRN:00,00,00,00,00,SAT_TAL:00
QZS_SNR:00,00,00,00,00,SNR_AVG:0.00
SatInView:5 GDOP:17319
Roll:-47.755596 Pitch:44.176071
X_AVG:-5.730254 Y_AVG:-6.508481 Z_AVG:4.128214
X_SD:1.145866 Y_SD:1.349879 Z_SD:0.711317
$MXCM10033,2,88,20240103,074216,00,0E70FC36,47EF9C6C,00D1,0000,0000,00,C203*62
GPS_PRN:08,19900,00,00,00,00,00,00,00,00,00,00,00,00,SAT_TAL:00
GPS_SNR:00,00,00,00,00,00,00,00,00,00,00,00,00,00,00,SNR_AVG:0.00
GLO_PRN:00,00,00,00,00,00,00,00,00,00,00,00,00,00,00,SAT_TAL:00
GLO_SNR:00,00,00,00,00,00,00,00,00,00,00,00,00,00,00,SNR_AVG:0.00
GAL_PRN:00,00,00,00,00,00,00,00,00,00,00,00,00,00,00,SAT_TAL:00
GAL_SNR:00,00,00,00,00,00,00,00,00,00,00,00,00,00,00,SNR_AVG:0.00
BEI_PRN:00,00,00,00,00,00,00,00,00,00,00,00,00,00,00,SAT_TAL:00
BEI_SNR:00,00,00,00,00,00,00,00,00,00,00,00,00,00,00,SNR_AVG:0.00
QZS_PRN:00,00,00,00,00,SAT_TAL:00
QZS_SNR:00,00,00,00,00,SNR_AVG:0.00
SatInView:2 GDOP:17319
Roll:-82.162544 Pitch:40.207390
X_AVG:-6.246454 Y_AVG:-7.519094 Z_AVG:1.697475
X_SD:0.077194 Y_SD:0.062914 Z_SD:0.131423
$MXCM10033,2,89,20240103,074431,00,0E70FC36,47EF9C6C,00D1,0000,0000,00,C203*60
GPS_PRN:19621,16,09,02,26,31,07,08,19919500,00,00,00,SAT_TAL:01
GPS_SNR:00,00,00,00,23,00,00,00,00,00,00,00,00,00,00,SNR_AVG:23.00
GLO_PRN:76,00,00,00,00,00,00,00,00,00,00,00,00,00,00,SAT_TAL:00
GLO_SNR:00,00,00,00,00,00,00,00,00,00,00,00,00,00,00,SNR_AVG:0.00
GAL_PRN:00,00,00,00,00,00,00,00,00,00,00,00,00,00,00,SAT_TAL:00
GAL_SNR:00,00,00,00,00,00,00,00,00,00,00,00,00,00,00,SNR_AVG:0.00
BEI_PRN:00,00,00,00,00,00,00,00,00,00,00,00,00,00,00,SAT_TAL:00
BEI_SNR:00,00,00,00,00,00,00,00,00,00,00,00,00,00,00,SNR_AVG:0.00
QZS_PRN:00,00,00,00,00,SAT_TAL:00
QZS_SNR:00,00,00,00,00,SNR_AVG:0.00
SatInView:12 GDOP:16992
Roll:-81.717728 Pitch:40.172600
X_AVG:-6.247029 Y_AVG:-7.515550 Z_AVG:1.690628
X_SD:0.086939 Y_SD:0.065136 Z_SD:0.133447
$MXCM10033,2,90,20240103,074447,12,0E71021D,47EF8764,00D1,0000,5703,0C,C203*6C
GPS_PRN:19604,21,16,09,02,26,07,31,19919508,00,00,00,SAT_TAL:10
GPS_SNR:16,19,18,16,00,23,18,17,16,00,17,19,00,00,00,SNR_AVG:17.90
GLO_PRN:67,65,76,66,77,00,00,00,00,00,00,00,00,00,00,SAT_TAL:02
GLO_SNR:18,00,00,21,00,00,00,00,00,00,00,00,00,00,00,SNR_AVG:19.50
GAL_PRN:00,00,00,00,00,00,00,00,00,00,00,00,00,00,00,SAT_TAL:00
GAL_SNR:00,00,00,00,00,00,00,00,00,00,00,00,00,00,00,SNR_AVG:0.00
BEI_PRN:00,00,00,00,00,00,00,00,00,00,00,00,00,00,00,SAT_TAL:00
BEI_SNR:00,00,00,00,00,00,00,00,00,00,00,00,00,00,00,SNR_AVG:0.00
QZS_PRN:00,00,00,00,00,SAT_TAL:00
QZS_SNR:00,00,00,00,00,SNR_AVG:0.00
SatInView:17 GDOP:119
Roll:-81.945793 Pitch:40.189228
X_AVG:-6.248944 Y_AVG:-7.520530 Z_AVG:1.684738
X_SD:0.088004 Y_SD:0.058738 Z_SD:0.127675
$MXCM10033,2,91,20240103,074702,00,0E71027C,47EF9C44,00D1,0000,0000,00,C203*68
GPS_PRN:19604,21,16,09,02,07,26,31,19919508,00,00,00,SAT_TAL:03
GPS_SNR:00,00,00,19,00,00,00,00,22,00,00,19,00,00,00,SNR_AVG:20.00
GLO_PRN:76,66,77,00,00,00,00,00,00,00,00,00,00,00,00,SAT_TAL:01
GLO_SNR:18,00,00,00,00,00,00,00,00,00,00,00,00,00,00,SNR_AVG:18.00
GAL_PRN:00,00,00,00,00,00,00,00,00,00,00,00,00,00,00,SAT_TAL:00
GAL_SNR:00,00,00,00,00,00,00,00,00,00,00,00,00,00,00,SNR_AVG:0.00
BEI_PRN:00,00,00,00,00,00,00,00,00,00,00,00,00,00,00,SAT_TAL:00
BEI_SNR:00,00,00,00,00,00,00,00,00,00,00,00,00,00,00,SNR_AVG:0.00
QZS_PRN:00,00,00,00,00,SAT_TAL:00
QZS_SNR:00,00,00,00,00,SNR_AVG:0.00
SatInView:15 GDOP:334
Roll:-80.617767 Pitch:40.085739
X_AVG:-6.251386 Y_AVG:-7.523068 Z_AVG:1.694459
X_SD:0.081285 Y_SD:0.067847 Z_SD:0.134111
$MXCM10033,2,92,20240103,074717,12,0E70FA3A,47EF92F1,00D0,0001,59FC,09,C203*68
GPS_PRN:19604,21,16,09,02,07,26,31,19919508,00,00,00,SAT_TAL:08
GPS_SNR:18,00,15,10,15,16,15,00,19,00,00,18,00,00,00,SNR_AVG:15.75
GLO_PRN:67,65,76,66,77,00,00,00,00,00,00,00,00,00,00,SAT_TAL:01
GLO_SNR:22,00,00,00,00,00,00,00,00,00,00,00,00,00,00,SNR_AVG:22.00
GAL_PRN:00,00,00,00,00,00,00,00,00,00,00,00,00,00,00,SAT_TAL:00
GAL_SNR:00,00,00,00,00,00,00,00,00,00,00,00,00,00,00,SNR_AVG:0.00
BEI_PRN:00,00,00,00,00,00,00,00,00,00,00,00,00,00,00,SAT_TAL:00
BEI_SNR:00,00,00,00,00,00,00,00,00,00,00,00,00,00,00,SNR_AVG:0.00
QZS_PRN:00,00,00,00,00,SAT_TAL:00
QZS_SNR:00,00,00,00,00,SNR_AVG:0.00
SatInView:17 GDOP:135
Roll:-80.853241 Pitch:40.105873
X_AVG:-6.253781 Y_AVG:-7.528384 Z_AVG:1.696949
X_SD:0.078444 Y_SD:0.064871 Z_SD:0.128322
$MXCM10033,2,93,20240103,074932,00,0E70FD40,47EF93B1,00D0,0000,0000,00,C203*14
GPS_PRN:19621,04,16,09,02,07,26,31,19508,19900,00,00,SAT_TAL:04
GPS_SNR:22,00,00,00,00,00,21,19,00,18,00,00,00,00,00,SNR_AVG:20.00
GLO_PRN:76,67,00,00,00,00,00,00,00,00,00,00,00,00,00,SAT_TAL:00
GLO_SNR:00,00,00,00,00,00,00,00,00,00,00,00,00,00,00,SNR_AVG:0.00
GAL_PRN:00,00,00,00,00,00,00,00,00,00,00,00,00,00,00,SAT_TAL:00
GAL_SNR:00,00,00,00,00,00,00,00,00,00,00,00,00,00,00,SNR_AVG:0.00
BEI_PRN:00,00,00,00,00,00,00,00,00,00,00,00,00,00,00,SAT_TAL:00
BEI_SNR:00,00,00,00,00,00,00,00,00,00,00,00,00,00,00,SNR_AVG:0.00
QZS_PRN:00,00,00,00,00,SAT_TAL:00
QZS_SNR:00,00,00,00,00,SNR_AVG:0.00
SatInView:14 GDOP:309
Roll:-81.588135 Pitch:40.161827
X_AVG:-6.237931 Y_AVG:-7.524792 Z_AVG:1.692160
X_SD:0.073472 Y_SD:0.067171 Z_SD:0.136500
$MXCM10033,2,94,20240103,074948,12,0E70FB2E,47EF8405,00D0,0000,28F6,0C,C203*11
GPS_PRN:19621,04,16,09,02,07,26,31,19919508,00,00,00,SAT_TAL:09
GPS_SNR:22,16,19,17,00,24,22,20,17,00,18,00,00,00,00,SNR_AVG:19.44
GLO_PRN:67,65,76,66,77,00,00,00,00,00,00,00,00,00,00,SAT_TAL:03
GLO_SNR:20,00,24,19,00,00,00,00,00,00,00,00,00,00,00,SNR_AVG:21.00
GAL_PRN:00,00,00,00,00,00,00,00,00,00,00,00,00,00,00,SAT_TAL:00
GAL_SNR:00,00,00,00,00,00,00,00,00,00,00,00,00,00,00,SNR_AVG:0.00
BEI_PRN:00,00,00,00,00,00,00,00,00,00,00,00,00,00,00,SAT_TAL:00
BEI_SNR:00,00,00,00,00,00,00,00,00,00,00,00,00,00,00,SNR_AVG:0.00
QZS_PRN:00,00,00,00,00,SAT_TAL:00
QZS_SNR:00,00,00,00,00,SNR_AVG:0.00
SatInView:17 GDOP:120
Roll:-82.089546 Pitch:40.203697
X_AVG:-6.238074 Y_AVG:-7.527091 Z_AVG:1.685887
X_SD:0.079846 Y_SD:0.064886 Z_SD:0.120687
$MXCM10033,2,95,20240103,075203,00,0E70FB69,47EF83CE,00D0,0000,0000,00,C202*62
GPS_PRN:07,26,31,19600,00,00,00,00,00,00,00,00,00,00,SAT_TAL:00
GPS_SNR:00,00,00,00,00,00,00,00,00,00,00,00,00,00,00,SNR_AVG:0.00
GLO_PRN:00,00,00,00,00,00,00,00,00,00,00,00,00,00,00,SAT_TAL:00
GLO_SNR:00,00,00,00,00,00,00,00,00,00,00,00,00,00,00,SNR_AVG:0.00
GAL_PRN:00,00,00,00,00,00,00,00,00,00,00,00,00,00,00,SAT_TAL:00
GAL_SNR:00,00,00,00,00,00,00,00,00,00,00,00,00,00,00,SNR_AVG:0.00
BEI_PRN:00,00,00,00,00,00,00,00,00,00,00,00,00,00,00,SAT_TAL:00
BEI_SNR:00,00,00,00,00,00,00,00,00,00,00,00,00,00,00,SNR_AVG:0.00
QZS_PRN:00,00,00,00,00,SAT_TAL:00
QZS_SNR:00,00,00,00,00,SNR_AVG:0.00
SatInView:4 GDOP:17319
Roll:180.000015 Pitch:20.252495
X_AVG:-1.320333 Y_AVG:-0.480957 Z_AVG:-10.830389
X_SD:0.075273 Y_SD:0.059170 Z_SD:0.125327
$MXCM10033,2,96,20240103,075218,00,0E70FB69,47EF83CE,00D0,0000,0000,00,C202*6B
GPS_PRN:08,19900,00,00,00,00,00,00,00,00,00,00,00,00,SAT_TAL:00
GPS_SNR:00,00,00,00,00,00,00,00,00,00,00,00,00,00,00,SNR_AVG:0.00
GLO_PRN:00,00,00,00,00,00,00,00,00,00,00,00,00,00,00,SAT_TAL:00
GLO_SNR:00,00,00,00,00,00,00,00,00,00,00,00,00,00,00,SNR_AVG:0.00
GAL_PRN:00,00,00,00,00,00,00,00,00,00,00,00,00,00,00,SAT_TAL:00
GAL_SNR:00,00,00,00,00,00,00,00,00,00,00,00,00,00,00,SNR_AVG:0.00
BEI_PRN:00,00,00,00,00,00,00,00,00,00,00,00,00,00,00,SAT_TAL:00
BEI_SNR:00,00,00,00,00,00,00,00,00,00,00,00,00,00,00,SNR_AVG:0.00
QZS_PRN:00,00,00,00,00,SAT_TAL:00
QZS_SNR:00,00,00,00,00,SNR_AVG:0.00
SatInView:2 GDOP:17319
Roll:-151.298401 Pitch:39.704735
X_AVG:-6.706725 Y_AVG:-4.383153 Z_AVG:-6.765097
X_SD:0.750933 Y_SD:2.219217 Z_SD:1.624909
$MXCM10033,2,97,20240103,075433,12,0E7106CB,47EF8970,00D0,0000,2DF4,06,C202*62
GPS_PRN:19621,04,16,09,02,07,26,31,19919508,00,00,00,SAT_TAL:06
GPS_SNR:00,22,16,18,00,00,19,16,22,00,00,00,00,00,00,SNR_AVG:18.83
GLO_PRN:67,65,76,66,77,00,00,00,00,00,00,00,00,00,00,SAT_TAL:00
GLO_SNR:00,00,00,00,00,00,00,00,00,00,00,00,00,00,00,SNR_AVG:0.00
GAL_PRN:00,00,00,00,00,00,00,00,00,00,00,00,00,00,00,SAT_TAL:00
GAL_SNR:00,00,00,00,00,00,00,00,00,00,00,00,00,00,00,SNR_AVG:0.00
BEI_PRN:00,00,00,00,00,00,00,00,00,00,00,00,00,00,00,SAT_TAL:00
BEI_SNR:00,00,00,00,00,00,00,00,00,00,00,00,00,00,00,SNR_AVG:0.00
QZS_PRN:00,00,00,00,00,SAT_TAL:00
QZS_SNR:00,00,00,00,00,SNR_AVG:0.00
SatInView:17 GDOP:151
Roll:-179.811813 Pitch:20.442865
X_AVG:-1.901609 Y_AVG:-0.889368 Z_AVG:-10.746686
X_SD:0.083779 Y_SD:0.056987 Z_SD:0.123003
$MXCM10033,2,98,20240103,075449,12,0E710459,47EF92E2,00D0,0000,4CC5,09,C202*1F
GPS_PRN:19621,04,16,09,02,07,26,31,19919508,00,00,00,SAT_TAL:08
GPS_SNR:00,20,15,17,00,17,22,16,22,00,16,00,00,00,00,SNR_AVG:18.12
GLO_PRN:67,65,76,66,77,00,00,00,00,00,00,00,00,00,00,SAT_TAL:01
GLO_SNR:00,00,00,18,00,00,00,00,00,00,00,00,00,00,00,SNR_AVG:18.00
GAL_PRN:00,00,00,00,00,00,00,00,00,00,00,00,00,00,00,SAT_TAL:00
GAL_SNR:00,00,00,00,00,00,00,00,00,00,00,00,00,00,00,SNR_AVG:0.00
BEI_PRN:00,00,00,00,00,00,00,00,00,00,00,00,00,00,00,SAT_TAL:00
BEI_SNR:00,00,00,00,00,00,00,00,00,00,00,00,00,00,00,SNR_AVG:0.00
QZS_PRN:00,00,00,00,00,SAT_TAL:00
QZS_SNR:00,00,00,00,00,SNR_AVG:0.00
SatInView:17 GDOP:133
Roll:-179.370972 Pitch:20.361135
X_AVG:-1.897156 Y_AVG:-0.889607 Z_AVG:-10.756120
X_SD:0.083642 Y_SD:0.063395 Z_SD:0.130260
$MXCM10033,2,99,20240103,075703,00,0E710446,47EF932F,00D0,0000,0000,00,C202*14
GPS_PRN:19621,04,16,09,02,07,26,31,08,19919500,00,00,SAT_TAL:01
GPS_SNR:00,00,00,00,00,18,00,00,00,00,00,00,00,00,00,SNR_AVG:18.00
GLO_PRN:76,00,00,00,00,00,00,00,00,00,00,00,00,00,00,SAT_TAL:00
GLO_SNR:00,00,00,00,00,00,00,00,00,00,00,00,00,00,00,SNR_AVG:0.00
GAL_PRN:00,00,00,00,00,00,00,00,00,00,00,00,00,00,00,SAT_TAL:00
GAL_SNR:00,00,00,00,00,00,00,00,00,00,00,00,00,00,00,SNR_AVG:0.00
BEI_PRN:00,00,00,00,00,00,00,00,00,00,00,00,00,00,00,SAT_TAL:00
BEI_SNR:00,00,00,00,00,00,00,00,00,00,00,00,00,00,00,SNR_AVG:0.00
QZS_PRN:00,00,00,00,00,SAT_TAL:00
QZS_SNR:00,00,00,00,00,SNR_AVG:0.00
SatInView:13 GDOP:16828
Roll:-179.543015 Pitch:20.388151
X_AVG:-1.900891 Y_AVG:-0.892241 Z_AVG:-10.727293
X_SD:0.073456 Y_SD:0.064407 Z_SD:0.130591
$MXCM10033,2,100,20240103,075718,12,0E70F68C,47EF8E81,00D0,0000,5925,05,C202*24
GPS_PRN:19621,04,16,02,09,07,26,31,19919508,00,00,00,SAT_TAL:05
GPS_SNR:00,00,18,00,14,00,17,19,00,00,00,15,00,00,00,SNR_AVG:16.60
GLO_PRN:00,00,00,00,00,00,00,00,00,00,00,00,00,00,00,SAT_TAL:00
GLO_SNR:00,00,00,00,00,00,00,00,00,00,00,00,00,00,00,SNR_AVG:0.00
GAL_PRN:00,00,00,00,00,00,00,00,00,00,00,00,00,00,00,SAT_TAL:00
GAL_SNR:00,00,00,00,00,00,00,00,00,00,00,00,00,00,00,SNR_AVG:0.00
BEI_PRN:00,00,00,00,00,00,00,00,00,00,00,00,00,00,00,SAT_TAL:00
BEI_SNR:00,00,00,00,00,00,00,00,00,00,00,00,00,00,00,SNR_AVG:0.00
QZS_PRN:00,00,00,00,00,SAT_TAL:00
QZS_SNR:00,00,00,00,00,SNR_AVG:0.00
SatInView:12 GDOP:161
Roll:-179.832321 Pitch:20.356621
X_AVG:-1.892080 Y_AVG:-0.831762 Z_AVG:-10.735433
X_SD:0.082931 Y_SD:0.068459 Z_SD:0.126503
$MXCM10033,2,101,20240103,075933,00,0E70F721,47EF8FD1,00D0,0000,0000,00,C202*29
GPS_PRN:21,07,31,19600,00,00,00,00,00,00,00,00,00,00,SAT_TAL:01
GPS_SNR:16,00,00,00,00,00,00,00,00,00,00,00,00,00,00,SNR_AVG:16.00
GLO_PRN:76,00,00,00,00,00,00,00,00,00,00,00,00,00,00,SAT_TAL:00
GLO_SNR:00,00,00,00,00,00,00,00,00,00,00,00,00,00,00,SNR_AVG:0.00
GAL_PRN:00,00,00,00,00,00,00,00,00,00,00,00,00,00,00,SAT_TAL:00
GAL_SNR:00,00,00,00,00,00,00,00,00,00,00,00,00,00,00,SNR_AVG:0.00
BEI_PRN:00,00,00,00,00,00,00,00,00,00,00,00,00,00,00,SAT_TAL:00
BEI_SNR:00,00,00,00,00,00,00,00,00,00,00,00,00,00,00,SNR_AVG:0.00
QZS_PRN:00,00,00,00,00,SAT_TAL:00
QZS_SNR:00,00,00,00,00,SNR_AVG:0.00
SatInView:5 GDOP:16443
Roll:-179.949448 Pitch:20.440407
X_AVG:-1.891793 Y_AVG:-0.821132 Z_AVG:-10.756551
X_SD:0.082573 Y_SD:0.057862 Z_SD:0.126474
$MXCM10033,2,102,20240103,075949,12,0E7108EF,47EFA087,00D0,0000,5537,07,C202*2A
GPS_PRN:19621,04,02,09,16,07,26,31,19919508,00,00,00,SAT_TAL:07
GPS_SNR:14,17,15,00,00,00,15,19,16,00,18,00,00,00,00,SNR_AVG:16.29
GLO_PRN:67,65,76,77,66,00,00,00,00,00,00,00,00,00,00,SAT_TAL:00
GLO_SNR:00,00,00,00,00,00,00,00,00,00,00,00,00,00,00,SNR_AVG:0.00
GAL_PRN:00,00,00,00,00,00,00,00,00,00,00,00,00,00,00,SAT_TAL:00
GAL_SNR:00,00,00,00,00,00,00,00,00,00,00,00,00,00,00,SNR_AVG:0.00
BEI_PRN:00,00,00,00,00,00,00,00,00,00,00,00,00,00,00,SAT_TAL:00
BEI_SNR:00,00,00,00,00,00,00,00,00,00,00,00,00,00,00,SNR_AVG:0.00
QZS_PRN:00,00,00,00,00,SAT_TAL:00
QZS_SNR:00,00,00,00,00,SNR_AVG:0.00
SatInView:17 GDOP:150
Roll:180.000015 Pitch:20.420958
X_AVG:-1.895959 Y_AVG:-0.826208 Z_AVG:-10.726192
X_SD:0.081020 Y_SD:0.064314 Z_SD:0.128890
$MXCM10033,2,103,20240103,080203,12,0E710204,47EF701A,00D0,0000,6140,06,C202*26
GPS_PRN:19621,02,04,16,09,07,26,31,19908,00,00,00,00,SAT_TAL:06
GPS_SNR:18,18,18,00,19,00,17,00,18,00,00,00,00,00,00,SNR_AVG:18.00
GLO_PRN:66,67,65,76,77,00,00,00,00,00,00,00,00,00,00,SAT_TAL:00
GLO_SNR:00,00,00,00,00,00,00,00,00,00,00,00,00,00,00,SNR_AVG:0.00
GAL_PRN:00,00,00,00,00,00,00,00,00,00,00,00,00,00,00,SAT_TAL:00
GAL_SNR:00,00,00,00,00,00,00,00,00,00,00,00,00,00,00,SNR_AVG:0.00
BEI_PRN:00,00,00,00,00,00,00,00,00,00,00,00,00,00,00,SAT_TAL:00
BEI_SNR:00,00,00,00,00,00,00,00,00,00,00,00,00,00,00,SNR_AVG:0.00
QZS_PRN:00,00,00,00,00,SAT_TAL:00
QZS_SNR:00,00,00,00,00,SNR_AVG:0.00
SatInView:16 GDOP:165
Roll:-179.721313 Pitch:20.458136
X_AVG:-1.911761 Y_AVG:-0.894635 Z_AVG:-10.733039
X_SD:0.085448 Y_SD:0.063188 Z_SD:0.127174
$MXCM10033,2,104,20240103,080218,12,0E70FF56,47EF722D,00D0,0000,6677,08,C202*26
GPS_PRN:19621,02,04,16,09,07,26,31,19919508,00,00,00,SAT_TAL:08
GPS_SNR:18,18,20,00,17,00,19,23,11,00,00,17,00,00,00,SNR_AVG:17.88
GLO_PRN:67,65,76,77,66,00,00,00,00,00,00,00,00,00,00,SAT_TAL:00
GLO_SNR:00,00,00,00,00,00,00,00,00,00,00,00,00,00,00,SNR_AVG:0.00
GAL_PRN:00,00,00,00,00,00,00,00,00,00,00,00,00,00,00,SAT_TAL:00
GAL_SNR:00,00,00,00,00,00,00,00,00,00,00,00,00,00,00,SNR_AVG:0.00
BEI_PRN:00,00,00,00,00,00,00,00,00,00,00,00,00,00,00,SAT_TAL:00
BEI_SNR:00,00,00,00,00,00,00,00,00,00,00,00,00,00,00,SNR_AVG:0.00
QZS_PRN:00,00,00,00,00,SAT_TAL:00
QZS_SNR:00,00,00,00,00,SNR_AVG:0.00
SatInView:17 GDOP:147
Roll:-178.754745 Pitch:20.436552
X_AVG:-1.916310 Y_AVG:-0.890709 Z_AVG:-10.763686
X_SD:0.078541 Y_SD:0.064852 Z_SD:0.124524
$MXCM10033,3*35
$MXCM001,10033,0*2B
======== Tracker Setting ========
[System]
COMPort:COM29
SerialNumber:MX231214C0000001
FirmwareVersion:231220163813_v1.0.CN
[Periodic]
Enable:1
Stage:2
WorkMode:0
T0:15
T1:270
T2:120
T3:30
T4:120
FirstFixStage:2
TraceFixStage:41
PeriodicCycle:45
[Dynamic]
Enable:0
PrecisionChk:0
T5:45
T6:175
[Geofencing]
Enable:0
T7:20
T8:60
DistanceThreshold:1000
DestinationLongitude:121.2237164
DestinationLatitude:24.9698319
DestinationAltitude:154
[MotionDetection]
Enable:1
Angle:45
DataRate:200
SampleFrequency:50
[GPS_EPO]
EpoDataNumber:12
FWN:2295
FTOW:259200
LWN:2295
LTOW:518400
[GLO_EPO]
EpoDataNumber:12
FWN:2295
FTOW:259200
LWN:2295
LTOW:518400
[GAL_EPO]
EpoDataNumber:0
FWN:0
FTOW:0
LWN:0
LTOW:0
[BEI_EPO]
EpoDataNumber:0
FWN:0
FTOW:0
LWN:0
LTOW:0
