$MXCM10033,0*36
$MXCM10033,1,90,212*0F
$MXCM10033,2,1,19800105,235956,00,35A4E8F5,00000000,0089,0000,0000,00,F101*29
GPS_PRN:19500,00,00,00,00,00,00,00,00,00,00,00,00,00,SAT_TAL:01
GPS_SNR:24,00,00,00,00,00,00,00,00,00,00,00,00,00,00,SNR_AVG:24.00
GLO_PRN:00,00,00,00,00,00,00,00,00,00,00,00,00,00,00,SAT_TAL:00
GLO_SNR:00,00,00,00,00,00,00,00,00,00,00,00,00,00,00,SNR_AVG:0.00
GAL_PRN:00,00,00,00,00,00,00,00,00,00,00,00,00,00,00,SAT_TAL:00
GAL_SNR:00,00,00,00,00,00,00,00,00,00,00,00,00,00,00,SNR_AVG:0.00
BEI_PRN:00,00,00,00,00,00,00,00,00,00,00,00,00,00,00,SAT_TAL:00
BEI_SNR:00,00,00,00,00,00,00,00,00,00,00,00,00,00,00,SNR_AVG:0.00
QZS_PRN:00,00,00,00,00,SAT_TAL:00
QZS_SNR:00,00,00,00,00,SNR_AVG:0.00
SatInView:1 GDOP:19998
Roll:111.897018 Pitch:27.755457
X_AVG:-5.278363 Y_AVG:6.554594 Z_AVG:-7.491991
X_SD:13.468692 Y_SD:10.042823 Z_SD:7.384228
$MXCM10033,2,2,19800106,000011,00,35A4E8F5,00000000,0089,0000,0000,00,F102*24
GPS_PRN:16,19519600,00,00,00,00,00,00,00,00,00,00,00,SAT_TAL:03
GPS_SNR:34,31,33,00,00,00,00,00,00,00,00,00,00,00,00,SNR_AVG:32.67
GLO_PRN:00,00,00,00,00,00,00,00,00,00,00,00,00,00,00,SAT_TAL:00
GLO_SNR:00,00,00,00,00,00,00,00,00,00,00,00,00,00,00,SNR_AVG:0.00
GAL_PRN:00,00,00,00,00,00,00,00,00,00,00,00,00,00,00,SAT_TAL:00
GAL_SNR:00,00,00,00,00,00,00,00,00,00,00,00,00,00,00,SNR_AVG:0.00
BEI_PRN:46,00,00,00,00,00,00,00,00,00,00,00,00,00,00,SAT_TAL:01
BEI_SNR:34,00,00,00,00,00,00,00,00,00,00,00,00,00,00,SNR_AVG:34.00
QZS_PRN:00,00,00,00,00,SAT_TAL:00
QZS_SNR:00,00,00,00,00,SNR_AVG:0.00
SatInView:4 GDOP:19998
Roll:118.774216 Pitch:48.044128
X_AVG:-8.870552 Y_AVG:6.421522 Z_AVG:-6.591945
X_SD:10.579803 Y_SD:9.439523 Z_SD:7.029409
$MXCM10033,2,3,19800106,000026,00,35A4E8F5,00000000,0089,0000,0000,00,F102*21
GPS_PRN:18,16,19500,00,00,00,00,00,00,00,00,00,00,00,SAT_TAL:03
GPS_SNR:20,34,34,00,00,00,00,00,00,00,00,00,00,00,00,SNR_AVG:29.33
GLO_PRN:00,00,00,00,00,00,00,00,00,00,00,00,00,00,00,SAT_TAL:00
GLO_SNR:00,00,00,00,00,00,00,00,00,00,00,00,00,00,00,SNR_AVG:0.00
GAL_PRN:00,00,00,00,00,00,00,00,00,00,00,00,00,00,00,SAT_TAL:00
GAL_SNR:00,00,00,00,00,00,00,00,00,00,00,00,00,00,00,SNR_AVG:0.00
BEI_PRN:00,00,00,00,00,00,00,00,00,00,00,00,00,00,00,SAT_TAL:00
BEI_SNR:00,00,00,00,00,00,00,00,00,00,00,00,00,00,00,SNR_AVG:0.00
QZS_PRN:00,00,00,00,00,SAT_TAL:00
QZS_SNR:00,00,00,00,00,SNR_AVG:0.00
SatInView:3 GDOP:19998
Roll:117.895493 Pitch:53.991173
X_AVG:-9.634414 Y_AVG:6.027620 Z_AVG:-4.869665
X_SD:8.603086 Y_SD:9.523588 Z_SD:6.268211
$MXCM10033,2,4,19800106,000040,00,35A4E8F5,00000000,0089,0000,0000,00,F102*26
GPS_PRN:04,19400,00,00,00,00,00,00,00,00,00,00,00,00,SAT_TAL:02
GPS_SNR:33,29,00,00,00,00,00,00,00,00,00,00,00,00,00,SNR_AVG:31.00
GLO_PRN:00,00,00,00,00,00,00,00,00,00,00,00,00,00,00,SAT_TAL:00
GLO_SNR:00,00,00,00,00,00,00,00,00,00,00,00,00,00,00,SNR_AVG:0.00
GAL_PRN:00,00,00,00,00,00,00,00,00,00,00,00,00,00,00,SAT_TAL:00
GAL_SNR:00,00,00,00,00,00,00,00,00,00,00,00,00,00,00,SNR_AVG:0.00
BEI_PRN:20,19,00,00,00,00,00,00,00,00,00,00,00,00,00,SAT_TAL:02
BEI_SNR:31,28,00,00,00,00,00,00,00,00,00,00,00,00,00,SNR_AVG:29.50
QZS_PRN:00,00,00,00,00,SAT_TAL:00
QZS_SNR:00,00,00,00,00,SNR_AVG:0.00
SatInView:4 GDOP:19998
Roll:116.701103 Pitch:53.999325
X_AVG:-7.979652 Y_AVG:6.125640 Z_AVG:-3.517776
X_SD:9.620389 Y_SD:9.309081 Z_SD:6.612900
$MXCM10033,2,5,19800106,000054,00,35A4E8F5,00000000,0089,0000,0000,00,F102*22
GPS_PRN:27,03,26,31,04,19400,00,00,00,00,00,00,00,00,SAT_TAL:06
GPS_SNR:33,34,34,29,30,29,00,00,00,00,00,00,00,00,00,SNR_AVG:31.50
GLO_PRN:85,86,00,00,00,00,00,00,00,00,00,00,00,00,00,SAT_TAL:02
GLO_SNR:38,30,00,00,00,00,00,00,00,00,00,00,00,00,00,SNR_AVG:34.00
GAL_PRN:00,00,00,00,00,00,00,00,00,00,00,00,00,00,00,SAT_TAL:00
GAL_SNR:00,00,00,00,00,00,00,00,00,00,00,00,00,00,00,SNR_AVG:0.00
BEI_PRN:30,37,28,00,00,00,00,00,00,00,00,00,00,00,00,SAT_TAL:03
BEI_SNR:32,30,31,00,00,00,00,00,00,00,00,00,00,00,00,SNR_AVG:31.00
QZS_PRN:00,00,00,00,00,SAT_TAL:00
QZS_SNR:00,00,00,00,00,SNR_AVG:0.00
SatInView:11 GDOP:19998
Roll:113.815437 Pitch:49.288643
X_AVG:-8.985764 Y_AVG:7.104793 Z_AVG:-2.112734
X_SD:9.619363 Y_SD:9.738102 Z_SD:6.588742
$MXCM10033,2,6,19800110,062126,00,35A4E8F5,00000000,0089,0000,0000,00,F102*26
GPS_PRN:31,03,26,27,04,21,28,19400,00,00,00,00,00,00,SAT_TAL:08
GPS_SNR:36,32,31,34,31,27,31,29,00,00,00,00,00,00,00,SNR_AVG:31.38
GLO_PRN:85,86,00,00,00,00,00,00,00,00,00,00,00,00,00,SAT_TAL:02
GLO_SNR:37,36,00,00,00,00,00,00,00,00,00,00,00,00,00,SNR_AVG:36.50
GAL_PRN:00,00,00,00,00,00,00,00,00,00,00,00,00,00,00,SAT_TAL:00
GAL_SNR:00,00,00,00,00,00,00,00,00,00,00,00,00,00,00,SNR_AVG:0.00
BEI_PRN:48,62,50,30,37,01,28,00,00,00,00,00,00,00,00,SAT_TAL:07
BEI_SNR:30,31,29,26,30,27,31,00,00,00,00,00,00,00,00,SNR_AVG:29.14
QZS_PRN:00,00,00,00,00,SAT_TAL:00
QZS_SNR:00,00,00,00,00,SNR_AVG:0.00
SatInView:17 GDOP:19998
Roll:114.386322 Pitch:56.438484
X_AVG:-9.496361 Y_AVG:6.373254 Z_AVG:-2.218560
X_SD:8.820238 Y_SD:9.959340 Z_SD:8.276477
$MXCM10033,2,7,20240104,062141,12,0E999304,47EDF753,0058,0006,7061,0B,F102*2F
GPS_PRN:27,04,16,31,08,26,28,09,18,21,03,19400,00,00,SAT_TAL:12
GPS_SNR:31,34,34,31,35,30,34,34,35,30,27,28,00,00,00,SNR_AVG:31.92
GLO_PRN:66,77,67,85,65,76,00,00,00,00,00,00,00,00,00,SAT_TAL:04
GLO_SNR:38,00,37,37,00,37,00,00,00,00,00,00,00,00,00,SNR_AVG:37.25
GAL_PRN:00,00,00,00,00,00,00,00,00,00,00,00,00,00,00,SAT_TAL:00
GAL_SNR:00,00,00,00,00,00,00,00,00,00,00,00,00,00,00,SNR_AVG:0.00
BEI_PRN:03,28,30,37,48,62,50,01,00,00,00,00,00,00,00,SAT_TAL:08
BEI_SNR:28,28,31,27,30,30,29,28,00,00,00,00,00,00,00,SNR_AVG:28.88
QZS_PRN:00,00,00,00,00,SAT_TAL:00
QZS_SNR:00,00,00,00,00,SNR_AVG:0.00
SatInView:26 GDOP:217
Roll:99.242989 Pitch:61.486851
X_AVG:-7.036748 Y_AVG:4.587766 Z_AVG:-1.572831
X_SD:8.002043 Y_SD:9.283793 Z_SD:5.713656
$MXCM10033,2,8,20240104,062156,12,0E994E10,47EE0FFA,0062,0008,1D6B,10,F102*2A
GPS_PRN:31,08,26,19419619909,28,18,21,03,04,16,27,00,SAT_TAL:13
GPS_SNR:35,35,30,26,33,00,34,32,33,29,24,33,28,33,00,SNR_AVG:31.15
GLO_PRN:67,85,65,76,66,77,00,00,00,00,00,00,00,00,00,SAT_TAL:06
GLO_SNR:37,37,31,36,37,22,00,00,00,00,00,00,00,00,00,SNR_AVG:33.33
GAL_PRN:10,25,24,03,09,31,00,00,00,00,00,00,00,00,00,SAT_TAL:02
GAL_SNR:00,00,28,00,31,00,00,00,00,00,00,00,00,00,00,SNR_AVG:29.50
BEI_PRN:06,10,01,02,28,20,30,23,50,37,62,48,03,07,27,SAT_TAL:08
BEI_SNR:00,00,26,00,30,00,32,00,31,28,30,31,26,00,00,SNR_AVG:29.25
QZS_PRN:00,00,00,00,00,SAT_TAL:00
QZS_SNR:00,00,00,00,00,SNR_AVG:0.00
SatInView:41 GDOP:161
Roll:76.073090 Pitch:63.526283
X_AVG:-5.460518 Y_AVG:2.992956 Z_AVG:-1.370133
X_SD:8.766232 Y_SD:8.950635 Z_SD:5.486621
$MXCM10033,2,9,20240104,062211,12,0E990F52,47EE543B,006E,000A,1DB3,0E,F102*54
GPS_PRN:31,08,26,19419619909,28,18,21,03,04,16,27,00,SAT_TAL:13
GPS_SNR:35,32,34,31,25,00,30,32,35,24,30,33,33,35,00,SNR_AVG:31.46
GLO_PRN:67,85,65,76,66,77,00,00,00,00,00,00,00,00,00,SAT_TAL:04
GLO_SNR:00,38,00,37,35,20,00,00,00,00,00,00,00,00,00,SNR_AVG:32.50
GAL_PRN:10,25,24,03,09,31,00,00,00,00,00,00,00,00,00,SAT_TAL:06
GAL_SNR:29,28,32,30,21,30,00,00,00,00,00,00,00,00,00,SNR_AVG:28.33
BEI_PRN:16,27,10,01,28,20,30,23,62,37,48,50,07,06,03,SAT_TAL:08
BEI_SNR:00,00,00,26,33,00,22,00,30,31,32,31,00,00,26,SNR_AVG:28.88
QZS_PRN:00,00,00,00,00,SAT_TAL:00
QZS_SNR:00,00,00,00,00,SNR_AVG:0.00
SatInView:41 GDOP:188
Roll:110.708458 Pitch:62.332645
X_AVG:-9.121326 Y_AVG:4.337758 Z_AVG:-1.883173
X_SD:8.179130 Y_SD:8.566714 Z_SD:6.985530
$MXCM10033,2,10,20240104,062226,12,0E98E662,47EE7136,0080,0005,466D,10,F102*13
GPS_PRN:31,08,26,19419619909,28,18,21,03,04,16,27,00,SAT_TAL:13
GPS_SNR:35,35,33,29,34,00,32,33,34,24,34,31,25,32,00,SNR_AVG:31.62
GLO_PRN:67,85,65,76,66,77,00,00,00,00,00,00,00,00,00,SAT_TAL:06
GLO_SNR:37,37,32,36,37,21,00,00,00,00,00,00,00,00,00,SNR_AVG:33.33
GAL_PRN:10,25,24,03,09,31,00,00,00,00,00,00,00,00,00,SAT_TAL:06
GAL_SNR:31,28,31,29,30,29,00,00,00,00,00,00,00,00,00,SNR_AVG:29.67
BEI_PRN:06,27,10,01,02,28,20,30,62,37,48,50,07,16,03,SAT_TAL:08
BEI_SNR:00,00,00,28,00,32,00,33,31,32,31,32,00,00,27,SNR_AVG:30.75
QZS_PRN:00,00,00,00,00,SAT_TAL:00
QZS_SNR:00,00,00,00,00,SNR_AVG:0.00
SatInView:41 GDOP:111
Roll:107.486679 Pitch:66.672455
X_AVG:-9.660798 Y_AVG:5.367477 Z_AVG:-1.787595
X_SD:7.226438 Y_SD:8.842202 Z_SD:5.779579
$MXCM10033,2,11,20240104,062241,12,0E98B70E,47EEA2E6,0084,0017,3B53,0F,F102*10
GPS_PRN:08,04,09,19619919428,18,21,03,16,31,26,00,00,SAT_TAL:12
GPS_SNR:25,32,30,22,00,30,34,32,24,32,33,33,32,00,00,SNR_AVG:29.92
GLO_PRN:67,85,65,76,66,77,00,00,00,00,00,00,00,00,00,SAT_TAL:05
GLO_SNR:34,00,25,36,29,21,00,00,00,00,00,00,00,00,00,SNR_AVG:29.00
GAL_PRN:09,25,24,03,10,31,00,00,00,00,00,00,00,00,00,SAT_TAL:06
GAL_SNR:20,31,31,30,30,25,00,00,00,00,00,00,00,00,00,SNR_AVG:27.83
BEI_PRN:16,27,10,01,02,28,04,30,23,62,37,48,50,07,06,SAT_TAL:07
BEI_SNR:00,00,00,27,00,31,00,20,00,31,30,20,33,00,00,SNR_AVG:27.43
QZS_PRN:00,00,00,00,00,SAT_TAL:00
QZS_SNR:00,00,00,00,00,SNR_AVG:0.00
SatInView:41 GDOP:120
Roll:98.966568 Pitch:45.165737
X_AVG:-9.264406 Y_AVG:6.372440 Z_AVG:-3.312924
X_SD:8.260111 Y_SD:10.222758 Z_SD:6.960504
$MXCM10033,2,12,20240104,062256,12,0E98E7F4,47EEC946,007B,000F,19AB,15,F102*6A
GPS_PRN:08,04,09,28,19619919418,21,03,16,31,26,00,00,SAT_TAL:12
GPS_SNR:34,34,34,33,28,00,30,36,19,28,29,33,33,00,00,SNR_AVG:30.92
GLO_PRN:67,85,65,76,66,77,00,00,00,00,00,00,00,00,00,SAT_TAL:06
GLO_SNR:37,34,24,34,36,22,00,00,00,00,00,00,00,00,00,SNR_AVG:31.17
GAL_PRN:09,25,24,03,10,31,36,00,00,00,00,00,00,00,00,SAT_TAL:07
GAL_SNR:26,31,30,31,31,31,19,00,00,00,00,00,00,00,00,SNR_AVG:28.43
BEI_PRN:16,27,10,01,28,20,30,23,62,37,50,48,07,06,03,SAT_TAL:08
BEI_SNR:00,00,00,28,34,00,25,00,30,32,30,31,00,00,27,SNR_AVG:29.62
QZS_PRN:00,00,00,00,00,SAT_TAL:00
QZS_SNR:00,00,00,00,00,SNR_AVG:0.00
SatInView:41 GDOP:134
Roll:81.748734 Pitch:67.870789
X_AVG:-8.107984 Y_AVG:5.121875 Z_AVG:-1.143206
X_SD:8.226492 Y_SD:8.676046 Z_SD:6.134354
$MXCM10033,2,13,20240104,062311,12,0E992433,47EEB136,006F,000D,007A,15,F102*1A
GPS_PRN:08,04,09,28,19619919418,21,03,16,31,26,00,00,SAT_TAL:13
GPS_SNR:35,31,30,30,32,28,29,33,30,33,32,35,32,00,00,SNR_AVG:31.54
GLO_PRN:67,85,65,76,66,77,00,00,00,00,00,00,00,00,00,SAT_TAL:06
GLO_SNR:31,37,31,37,36,20,00,00,00,00,00,00,00,00,00,SNR_AVG:32.00
GAL_PRN:09,25,24,03,10,31,36,00,00,00,00,00,00,00,00,SAT_TAL:07
GAL_SNR:28,28,31,26,28,28,28,00,00,00,00,00,00,00,00,SNR_AVG:28.14
BEI_PRN:16,27,10,01,28,20,30,23,62,37,50,48,07,06,03,SAT_TAL:08
BEI_SNR:00,00,00,28,30,00,32,00,30,29,28,30,00,00,28,SNR_AVG:29.38
QZS_PRN:00,00,00,00,00,SAT_TAL:00
QZS_SNR:00,00,00,00,00,SNR_AVG:0.00
SatInView:41 GDOP:134
Roll:91.211655 Pitch:57.882381
X_AVG:-9.673392 Y_AVG:5.060870 Z_AVG:-0.396823
X_SD:8.647840 Y_SD:8.538969 Z_SD:7.925731
$MXCM10033,2,14,20240104,062326,12,0E996081,47EE9D61,0068,000C,7BE3,15,F102*10
GPS_PRN:08,04,09,28,19619919418,21,03,16,31,26,00,00,SAT_TAL:13
GPS_SNR:35,29,31,23,32,26,31,31,32,31,32,33,34,00,00,SNR_AVG:30.77
GLO_PRN:67,85,65,76,66,77,00,00,00,00,00,00,00,00,00,SAT_TAL:06
GLO_SNR:33,37,32,37,35,22,00,00,00,00,00,00,00,00,00,SNR_AVG:32.67
GAL_PRN:09,25,24,03,10,31,36,00,00,00,00,00,00,00,00,SAT_TAL:07
GAL_SNR:30,28,31,28,25,26,31,00,00,00,00,00,00,00,00,SNR_AVG:28.43
BEI_PRN:06,27,01,02,28,20,30,23,50,37,62,48,07,16,03,SAT_TAL:08
BEI_SNR:00,00,27,00,32,00,33,00,26,31,28,28,00,00,27,SNR_AVG:29.00
QZS_PRN:00,00,00,00,00,SAT_TAL:00
QZS_SNR:00,00,00,00,00,SNR_AVG:0.00
SatInView:41 GDOP:134
Roll:94.338638 Pitch:90.000000
X_AVG:-6.400596 Y_AVG:2.633340 Z_AVG:-2.196150
X_SD:9.816599 Y_SD:8.860449 Z_SD:6.810975
$MXCM10033,2,15,20240104,062341,12,0E998425,47EE5285,0075,0010,70A1,16,F102*6D
GPS_PRN:08,04,09,28,19619919418,21,03,16,31,26,00,00,SAT_TAL:13
GPS_SNR:34,30,35,25,33,27,31,24,32,29,34,27,31,00,00,SNR_AVG:30.15
GLO_PRN:67,85,65,76,66,77,00,00,00,00,00,00,00,00,00,SAT_TAL:06
GLO_SNR:39,34,31,37,30,23,00,00,00,00,00,00,00,00,00,SNR_AVG:32.33
GAL_PRN:09,25,24,03,10,31,36,00,00,00,00,00,00,00,00,SAT_TAL:07
GAL_SNR:31,31,31,33,24,25,31,00,00,00,00,00,00,00,00,SNR_AVG:29.43
BEI_PRN:16,27,10,01,28,20,30,23,62,37,50,48,07,06,03,SAT_TAL:08
BEI_SNR:00,00,00,28,27,00,32,00,27,30,27,27,00,00,26,SNR_AVG:28.00
QZS_PRN:00,00,00,00,00,SAT_TAL:00
QZS_SNR:00,00,00,00,00,SNR_AVG:0.00
SatInView:41 GDOP:132
Roll:105.617020 Pitch:70.034225
X_AVG:-9.654382 Y_AVG:4.667638 Z_AVG:-0.170471
X_SD:8.101398 Y_SD:6.837593 Z_SD:4.456953
$MXCM10033,2,16,20240104,062356,12,0E9982B0,47EE198F,0079,000B,0B45,17,F102*1D
GPS_PRN:08,04,09,28,19619919418,21,03,16,31,26,00,00,SAT_TAL:13
GPS_SNR:36,32,30,32,30,28,30,33,27,29,30,35,35,00,00,SNR_AVG:31.31
GLO_PRN:67,85,65,76,66,77,00,00,00,00,00,00,00,00,00,SAT_TAL:06
GLO_SNR:34,37,27,37,37,20,00,00,00,00,00,00,00,00,00,SNR_AVG:32.00
GAL_PRN:09,25,24,03,10,31,36,00,00,00,00,00,00,00,00,SAT_TAL:07
GAL_SNR:26,28,31,28,31,29,19,00,00,00,00,00,00,00,00,SNR_AVG:27.43
BEI_PRN:16,03,10,01,28,30,20,23,62,50,37,48,07,06,27,SAT_TAL:07
BEI_SNR:00,00,00,28,33,27,00,00,30,31,31,31,00,00,00,SNR_AVG:30.14
QZS_PRN:00,00,00,00,00,SAT_TAL:00
QZS_SNR:00,00,00,00,00,SNR_AVG:0.00
SatInView:41 GDOP:131
Roll:106.965286 Pitch:60.861656
X_AVG:-8.974702 Y_AVG:4.537104 Z_AVG:-0.558818
X_SD:7.823012 Y_SD:8.482837 Z_SD:6.513745
$MXCM10033,2,17,20240104,062411,12,0E996DD0,47EE61D2,0081,0006,0039,15,F102*69
GPS_PRN:08,04,09,28,19619919418,21,03,16,31,26,00,00,SAT_TAL:13
GPS_SNR:35,30,32,24,30,25,32,34,30,31,32,32,34,00,00,SNR_AVG:30.85
GLO_PRN:67,85,65,76,66,77,00,00,00,00,00,00,00,00,00,SAT_TAL:04
GLO_SNR:00,38,32,36,35,00,00,00,00,00,00,00,00,00,00,SNR_AVG:35.25
GAL_PRN:09,25,24,03,10,31,36,00,00,00,00,00,00,00,00,SAT_TAL:07
GAL_SNR:24,30,31,30,23,29,26,00,00,00,00,00,00,00,00,SNR_AVG:27.57
BEI_PRN:16,10,01,02,28,30,20,23,48,50,62,37,07,06,27,SAT_TAL:08
BEI_SNR:00,00,26,00,34,34,00,21,28,27,28,33,00,00,00,SNR_AVG:28.88
QZS_PRN:00,00,00,00,00,SAT_TAL:00
QZS_SNR:00,00,00,00,00,SNR_AVG:0.00
SatInView:41 GDOP:141
Roll:93.158577 Pitch:59.975929
X_AVG:-9.872306 Y_AVG:5.818554 Z_AVG:-0.388539
X_SD:7.745960 Y_SD:7.827770 Z_SD:4.253148
$MXCM10033,2,18,20240104,062426,12,0E997EC5,47EE1504,007D,000B,0485,17,F102*1E
GPS_PRN:08,04,09,28,19619919418,21,03,16,31,26,00,00,SAT_TAL:13
GPS_SNR:35,31,28,30,31,28,29,32,31,32,33,36,33,00,00,SNR_AVG:31.46
GLO_PRN:67,85,65,76,66,77,00,00,00,00,00,00,00,00,00,SAT_TAL:06
GLO_SNR:32,36,31,38,37,17,00,00,00,00,00,00,00,00,00,SNR_AVG:31.83
GAL_PRN:09,25,24,03,10,31,36,00,00,00,00,00,00,00,00,SAT_TAL:07
GAL_SNR:27,27,32,27,29,29,29,00,00,00,00,00,00,00,00,SNR_AVG:28.57
BEI_PRN:30,10,01,28,30,20,23,37,62,48,50,07,16,06,27,SAT_TAL:09
BEI_SNR:26,00,28,31,30,00,26,30,30,30,30,00,00,00,00,SNR_AVG:29.00
QZS_PRN:00,00,00,00,00,SAT_TAL:00
QZS_SNR:00,00,00,00,00,SNR_AVG:0.00
SatInView:41 GDOP:131
Roll:91.894089 Pitch:60.132992
X_AVG:-9.134111 Y_AVG:5.521859 Z_AVG:-0.182011
X_SD:7.572976 Y_SD:8.254005 Z_SD:5.365065
$MXCM10033,2,19,20240104,062642,12,0E994931,47EE873C,007D,0013,3088,17,F202*12
GPS_PRN:04,09,28,19519619919418,21,03,16,08,31,26,00,SAT_TAL:14
GPS_SNR:32,33,34,34,30,24,29,30,29,27,33,31,35,31,00,SNR_AVG:30.86
GLO_PRN:85,65,76,66,77,67,00,00,00,00,00,00,00,00,00,SAT_TAL:05
GLO_SNR:34,00,35,28,24,39,00,00,00,00,00,00,00,00,00,SNR_AVG:32.00
GAL_PRN:09,25,24,03,10,31,36,00,00,00,00,00,00,00,00,SAT_TAL:07
GAL_SNR:29,31,29,32,33,25,25,00,00,00,00,00,00,00,00,SNR_AVG:29.14
BEI_PRN:27,10,01,02,28,30,20,23,27,07,16,06,30,03,00,SAT_TAL:10
BEI_SNR:31,00,26,00,34,29,24,31,32,22,27,00,24,00,00,SNR_AVG:28.00
QZS_PRN:00,00,00,00,00,SAT_TAL:00
QZS_SNR:00,00,00,00,00,SNR_AVG:0.00
SatInView:41 GDOP:98
Roll:87.236237 Pitch:59.343716
X_AVG:-8.510457 Y_AVG:4.964381 Z_AVG:0.336440
X_SD:8.116440 Y_SD:8.520857 Z_SD:4.916109
$MXCM10033,2,20,20240104,062657,12,0E993889,47EEE24E,007E,0011,27E6,18,F202*19
GPS_PRN:04,09,28,19519619919418,21,03,16,08,31,26,00,SAT_TAL:14
GPS_SNR:33,33,34,34,29,25,29,30,29,24,31,30,35,31,00,SNR_AVG:30.50
GLO_PRN:85,65,76,66,77,67,00,00,00,00,00,00,00,00,00,SAT_TAL:06
GLO_SNR:33,27,34,31,23,37,00,00,00,00,00,00,00,00,00,SNR_AVG:30.83
GAL_PRN:09,25,24,03,10,31,36,00,00,00,00,00,00,00,00,SAT_TAL:07
GAL_SNR:29,32,30,32,32,30,26,00,00,00,00,00,00,00,00,SNR_AVG:30.14
BEI_PRN:27,10,01,02,28,30,20,23,27,07,16,06,30,03,00,SAT_TAL:10
BEI_SNR:33,00,27,00,31,28,19,29,31,25,28,00,23,00,00,SNR_AVG:27.40
QZS_PRN:00,00,00,00,00,SAT_TAL:00
QZS_SNR:00,00,00,00,00,SNR_AVG:0.00
SatInView:41 GDOP:95
Roll:11.882865 Pitch:90.000000
X_AVG:-6.512456 Y_AVG:3.692077 Z_AVG:-0.420191
X_SD:8.547342 Y_SD:8.850423 Z_SD:6.187534
$MXCM10033,2,21,20240104,062913,12,0E9776CB,47EF80B1,0098,0017,38C7,18,F202*11
GPS_PRN:31,04,09,28,19619919418,21,03,16,08,26,00,00,SAT_TAL:12
GPS_SNR:32,32,23,29,32,00,30,33,31,31,34,34,34,00,00,SNR_AVG:31.25
GLO_PRN:67,85,65,76,66,77,00,00,00,00,00,00,00,00,00,SAT_TAL:06
GLO_SNR:28,36,32,37,36,20,00,00,00,00,00,00,00,00,00,SNR_AVG:31.50
GAL_PRN:09,25,24,03,10,31,36,00,00,00,00,00,00,00,00,SAT_TAL:07
GAL_SNR:32,30,32,28,24,28,31,00,00,00,00,00,00,00,00,SNR_AVG:29.29
BEI_PRN:27,03,10,01,02,28,04,30,20,23,07,06,16,30,27,SAT_TAL:09
BEI_SNR:32,00,00,00,00,30,00,31,32,23,25,00,28,29,30,SNR_AVG:28.89
QZS_PRN:00,00,00,00,00,SAT_TAL:00
QZS_SNR:00,00,00,00,00,SNR_AVG:0.00
SatInView:41 GDOP:122
Roll:78.219429 Pitch:45.801365
X_AVG:-6.564746 Y_AVG:4.883504 Z_AVG:-0.183352
X_SD:8.466098 Y_SD:8.691950 Z_SD:6.262080
$MXCM10033,2,22,20240104,062928,12,0E972C75,47EFDF60,0096,0015,2F24,18,F202*17
GPS_PRN:31,04,09,28,19619919418,21,03,16,08,26,00,00,SAT_TAL:13
GPS_SNR:34,34,35,34,32,24,29,33,30,21,33,35,27,00,00,SNR_AVG:30.85
GLO_PRN:67,85,65,76,66,77,00,00,00,00,00,00,00,00,00,SAT_TAL:06
GLO_SNR:38,35,32,35,36,24,00,00,00,00,00,00,00,00,00,SNR_AVG:33.33
GAL_PRN:09,25,24,03,10,31,36,00,00,00,00,00,00,00,00,SAT_TAL:07
GAL_SNR:30,33,29,32,32,30,28,00,00,00,00,00,00,00,00,SNR_AVG:30.57
BEI_PRN:27,03,10,01,02,28,04,30,20,23,07,06,16,30,27,SAT_TAL:10
BEI_SNR:31,00,00,28,00,28,00,30,29,30,26,00,26,31,29,SNR_AVG:28.80
QZS_PRN:00,00,00,00,00,SAT_TAL:00
QZS_SNR:00,00,00,00,00,SNR_AVG:0.00
SatInView:41 GDOP:122
Roll:78.302200 Pitch:49.044777
X_AVG:-7.201233 Y_AVG:5.419480 Z_AVG:-0.860062
X_SD:10.242085 Y_SD:10.084558 Z_SD:8.735040
$MXCM10033,2,23,20240104,063144,12,0E9571B0,47EEE977,00FA,0010,65CE,17,F202*1E
GPS_PRN:26,04,09,28,19619919418,21,03,16,08,31,00,00,SAT_TAL:12
GPS_SNR:33,32,35,33,32,00,33,25,31,27,34,30,35,00,00,SNR_AVG:31.67
GLO_PRN:88,85,65,67,76,66,77,00,00,00,00,00,00,00,00,SAT_TAL:06
GLO_SNR:36,30,33,38,37,29,00,00,00,00,00,00,00,00,00,SNR_AVG:33.83
GAL_PRN:09,25,24,03,10,31,36,00,00,00,00,00,00,00,00,SAT_TAL:07
GAL_SNR:31,31,32,32,32,19,31,00,00,00,00,00,00,00,00,SNR_AVG:29.71
BEI_PRN:30,03,10,01,02,04,28,30,20,05,23,07,16,06,27,SAT_TAL:05
BEI_SNR:31,00,00,27,00,00,32,29,28,00,00,00,00,00,00,SNR_AVG:29.40
QZS_PRN:00,00,00,00,00,SAT_TAL:00
QZS_SNR:00,00,00,00,00,SNR_AVG:0.00
SatInView:42 GDOP:124
Roll:69.269012 Pitch:61.874687
X_AVG:-7.916923 Y_AVG:4.663664 Z_AVG:-0.000383
X_SD:8.217174 Y_SD:8.975362 Z_SD:5.566142
$MXCM10033,2,24,20240104,063159,12,0E9539F8,47EEC47C,00FE,0016,4BF2,17,F202*6F
GPS_PRN:26,04,09,28,19619919418,21,03,16,08,31,00,00,SAT_TAL:12
GPS_SNR:34,32,32,32,31,00,33,34,34,30,34,33,35,00,00,SNR_AVG:32.83
GLO_PRN:88,85,65,67,76,66,77,00,00,00,00,00,00,00,00,SAT_TAL:06
GLO_SNR:34,36,32,34,38,37,00,00,00,00,00,00,00,00,00,SNR_AVG:35.17
GAL_PRN:09,25,24,03,10,31,36,00,00,00,00,00,00,00,00,SAT_TAL:07
GAL_SNR:30,31,33,29,30,30,31,00,00,00,00,00,00,00,00,SNR_AVG:30.57
BEI_PRN:30,03,10,01,02,04,28,30,20,05,23,07,16,06,27,SAT_TAL:05
BEI_SNR:25,00,00,26,00,00,32,24,32,00,00,00,00,00,00,SNR_AVG:27.80
QZS_PRN:00,00,00,00,00,SAT_TAL:00
QZS_SNR:00,00,00,00,00,SNR_AVG:0.00
SatInView:42 GDOP:124
Roll:87.193329 Pitch:49.868999
X_AVG:-9.151589 Y_AVG:6.750540 Z_AVG:-0.001245
X_SD:7.255582 Y_SD:9.085280 Z_SD:4.558305
$MXCM10033,2,25,20240104,063415,12,0E919580,47EF78B2,0126,0016,5635,18,F202*66
GPS_PRN:31,26,09,28,19619919418,21,02,03,16,08,04,00,SAT_TAL:12
GPS_SNR:35,32,33,32,28,00,33,32,29,00,34,33,33,30,00,SNR_AVG:32.00
GLO_PRN:88,85,65,67,76,66,77,00,00,00,00,00,00,00,00,SAT_TAL:07
GLO_SNR:26,29,23,37,29,36,20,00,00,00,00,00,00,00,00,SNR_AVG:28.57
GAL_PRN:10,25,24,03,09,31,36,00,00,00,00,00,00,00,00,SAT_TAL:07
GAL_SNR:32,32,31,31,28,29,28,00,00,00,00,00,00,00,00,SNR_AVG:30.14
BEI_PRN:30,03,10,01,02,04,28,30,20,23,07,16,06,27,00,SAT_TAL:04
BEI_SNR:29,00,00,00,00,00,32,23,31,00,00,00,00,00,00,SNR_AVG:28.75
QZS_PRN:00,00,00,00,00,SAT_TAL:00
QZS_SNR:00,00,00,00,00,SNR_AVG:0.00
SatInView:42 GDOP:122
Roll:66.695747 Pitch:71.187904
X_AVG:-8.499491 Y_AVG:4.630671 Z_AVG:-0.407884
X_SD:8.235575 Y_SD:8.641353 Z_SD:5.282128
$MXCM10033,2,26,20240104,063430,12,0E912459,47EF85E5,012D,0016,5114,17,F202*17
GPS_PRN:31,26,09,28,19619919418,21,02,03,16,08,04,00,SAT_TAL:13
GPS_SNR:34,35,32,33,30,00,32,33,32,33,30,34,31,31,00,SNR_AVG:32.31
GLO_PRN:88,85,65,67,76,66,77,00,00,00,00,00,00,00,00,SAT_TAL:06
GLO_SNR:33,33,32,00,38,36,22,00,00,00,00,00,00,00,00,SNR_AVG:32.33
GAL_PRN:10,25,24,03,09,31,36,00,00,00,00,00,00,00,00,SAT_TAL:07
GAL_SNR:32,31,33,31,32,29,30,00,00,00,00,00,00,00,00,SNR_AVG:31.14
BEI_PRN:30,03,10,01,02,04,28,30,20,23,07,16,06,27,00,SAT_TAL:05
BEI_SNR:27,00,00,27,00,00,33,23,30,00,00,00,00,00,00,SNR_AVG:28.00
QZS_PRN:00,00,00,00,00,SAT_TAL:00
QZS_SNR:00,00,00,00,00,SNR_AVG:0.00
SatInView:42 GDOP:125
Roll:76.530312 Pitch:48.664330
X_AVG:-8.154767 Y_AVG:5.732792 Z_AVG:0.057175
X_SD:8.002512 Y_SD:9.487676 Z_SD:5.311172
$MXCM10033,2,27,20240104,063646,12,0E8DA30A,47EEBC06,013F,0016,3F66,19,F202*68
GPS_PRN:26,04,09,28,19619919418,21,02,08,16,31,00,00,SAT_TAL:12
GPS_SNR:33,33,29,23,33,00,31,33,33,31,32,34,29,00,00,SNR_AVG:31.17
GLO_PRN:88,85,65,67,76,66,77,00,00,00,00,00,00,00,00,SAT_TAL:07
GLO_SNR:34,37,33,32,37,36,19,00,00,00,00,00,00,00,00,SNR_AVG:32.57
GAL_PRN:09,25,24,03,10,31,36,00,00,00,00,00,00,00,00,SAT_TAL:07
GAL_SNR:33,31,31,29,27,27,30,00,00,00,00,00,00,00,00,SNR_AVG:29.71
BEI_PRN:27,03,10,01,02,28,30,20,05,23,07,16,06,30,27,SAT_TAL:10
BEI_SNR:28,25,00,25,00,33,31,29,00,00,26,28,00,31,29,SNR_AVG:28.50
QZS_PRN:00,00,00,00,00,SAT_TAL:00
QZS_SNR:00,00,00,00,00,SNR_AVG:0.00
SatInView:42 GDOP:117
Roll:56.456345 Pitch:58.569336
X_AVG:-6.536398 Y_AVG:4.629186 Z_AVG:-0.432880
X_SD:8.883955 Y_SD:9.589689 Z_SD:6.574786
$MXCM10033,2,28,20240104,063701,12,0E8D3937,47EF1561,014B,0017,2F7B,19,F202*19
GPS_PRN:26,04,09,28,19619919421,18,02,08,16,31,00,00,SAT_TAL:12
GPS_SNR:31,32,31,35,31,00,29,31,29,32,34,33,35,00,00,SNR_AVG:31.92
GLO_PRN:88,85,65,67,76,66,77,00,00,00,00,00,00,00,00,SAT_TAL:07
GLO_SNR:33,35,31,32,35,31,25,00,00,00,00,00,00,00,00,SNR_AVG:31.71
GAL_PRN:09,25,24,03,10,31,36,00,00,00,00,00,00,00,00,SAT_TAL:07
GAL_SNR:29,32,30,30,32,25,30,00,00,00,00,00,00,00,00,SNR_AVG:29.71
BEI_PRN:27,03,10,01,02,04,28,30,20,23,07,16,06,30,27,SAT_TAL:10
BEI_SNR:29,25,00,27,00,00,30,32,26,00,26,27,00,30,30,SNR_AVG:28.20
QZS_PRN:00,00,00,00,00,SAT_TAL:00
QZS_SNR:00,00,00,00,00,SNR_AVG:0.00
SatInView:42 GDOP:117
Roll:81.594666 Pitch:58.843361
X_AVG:-7.306341 Y_AVG:4.928563 Z_AVG:0.312210
X_SD:8.907925 Y_SD:9.581915 Z_SD:6.162600
$MXCM10033,2,29,20240104,063917,12,0E8A61C0,47EF84CE,01AA,001A,4536,19,F202*62
GPS_PRN:26,04,09,28,19619919421,18,02,08,16,31,00,00,SAT_TAL:13
GPS_SNR:33,33,25,28,32,24,31,33,34,32,30,34,33,00,00,SNR_AVG:30.92
GLO_PRN:88,85,65,67,76,77,66,00,00,00,00,00,00,00,00,SAT_TAL:07
GLO_SNR:35,36,31,30,37,18,35,00,00,00,00,00,00,00,00,SNR_AVG:31.71
GAL_PRN:09,25,24,03,10,36,31,00,00,00,00,00,00,00,00,SAT_TAL:07
GAL_SNR:28,27,33,25,30,30,28,00,00,00,00,00,00,00,00,SNR_AVG:28.71
BEI_PRN:30,03,10,01,02,04,28,30,20,05,23,27,06,16,07,SAT_TAL:02
BEI_SNR:34,00,00,00,00,00,00,33,00,00,00,00,00,00,00,SNR_AVG:33.50
QZS_PRN:00,00,00,00,00,SAT_TAL:00
QZS_SNR:00,00,00,00,00,SNR_AVG:0.00
SatInView:42 GDOP:118
Roll:64.429611 Pitch:53.840595
X_AVG:-6.772280 Y_AVG:4.360647 Z_AVG:0.651715
X_SD:9.123369 Y_SD:9.666499 Z_SD:7.685790
$MXCM10033,2,30,20240104,063932,12,0E89D3FE,47EF78A6,01A4,001B,48FC,19,F202*1C
GPS_PRN:26,04,09,28,19619919421,18,02,08,16,31,00,00,SAT_TAL:13
GPS_SNR:34,32,27,30,32,24,32,28,34,32,32,33,33,00,00,SNR_AVG:31.00
GLO_PRN:88,85,65,67,76,77,66,00,00,00,00,00,00,00,00,SAT_TAL:07
GLO_SNR:34,34,30,31,37,18,34,00,00,00,00,00,00,00,00,SNR_AVG:31.14
GAL_PRN:09,25,24,03,10,36,31,00,00,00,00,00,00,00,00,SAT_TAL:07
GAL_SNR:28,28,33,27,30,26,28,00,00,00,00,00,00,00,00,SNR_AVG:28.57
BEI_PRN:30,03,10,01,02,04,28,30,20,05,23,27,06,16,07,SAT_TAL:03
BEI_SNR:33,00,00,27,00,00,00,32,00,00,00,00,00,00,00,SNR_AVG:30.67
QZS_PRN:00,00,00,00,00,SAT_TAL:00
QZS_SNR:00,00,00,00,00,SNR_AVG:0.00
SatInView:42 GDOP:118
Roll:44.499073 Pitch:66.513817
X_AVG:-6.874610 Y_AVG:3.611822 Z_AVG:0.692848
X_SD:9.211985 Y_SD:9.471449 Z_SD:6.727206
$MXCM10033,2,31,20240104,064148,12,0E8522E2,47EFF6DA,01C1,001B,4401,18,F202*13
GPS_PRN:26,04,09,28,19619919421,18,02,08,16,31,00,00,SAT_TAL:12
GPS_SNR:33,32,26,28,32,00,31,32,34,34,30,34,32,00,00,SNR_AVG:31.50
GLO_PRN:65,85,88,67,76,77,66,00,00,00,00,00,00,00,00,SAT_TAL:07
GLO_SNR:32,36,36,31,38,16,34,00,00,00,00,00,00,00,00,SNR_AVG:31.86
GAL_PRN:09,25,24,03,10,36,31,00,00,00,00,00,00,00,00,SAT_TAL:07
GAL_SNR:30,29,32,26,28,31,28,00,00,00,00,00,00,00,00,SNR_AVG:29.14
BEI_PRN:30,03,10,01,02,04,28,30,20,22,23,27,16,06,07,SAT_TAL:03
BEI_SNR:33,00,00,00,00,00,00,32,29,00,00,00,00,00,00,SNR_AVG:31.33
QZS_PRN:00,00,00,00,00,SAT_TAL:00
QZS_SNR:00,00,00,00,00,SNR_AVG:0.00
SatInView:42 GDOP:123
Roll:69.551811 Pitch:48.625134
X_AVG:-6.290317 Y_AVG:3.853306 Z_AVG:0.792976
X_SD:9.555411 Y_SD:10.050365 Z_SD:8.556697
$MXCM10033,2,32,20240104,064203,12,0E848EAA,47F000E0,01BE,001B,42B8,18,F202*6A
GPS_PRN:26,04,09,28,19619919421,18,02,08,16,31,00,00,SAT_TAL:12
GPS_SNR:33,32,26,26,33,00,31,32,32,35,30,34,33,00,00,SNR_AVG:31.42
GLO_PRN:65,85,88,67,76,77,66,00,00,00,00,00,00,00,00,SAT_TAL:07
GLO_SNR:32,37,35,30,38,16,34,00,00,00,00,00,00,00,00,SNR_AVG:31.71
GAL_PRN:09,25,24,03,10,36,31,00,00,00,00,00,00,00,00,SAT_TAL:07
GAL_SNR:28,28,32,26,29,31,28,00,00,00,00,00,00,00,00,SNR_AVG:28.86
BEI_PRN:30,03,10,01,02,04,28,30,20,22,23,27,16,06,07,SAT_TAL:06
BEI_SNR:32,00,00,24,00,00,00,32,30,17,00,00,00,00,27,SNR_AVG:27.00
QZS_PRN:00,00,00,00,00,SAT_TAL:00
QZS_SNR:00,00,00,00,00,SNR_AVG:0.00
SatInView:42 GDOP:123
Roll:-10.023976 Pitch:58.266163
X_AVG:-6.257995 Y_AVG:3.646443 Z_AVG:0.846415
X_SD:9.352357 Y_SD:10.047573 Z_SD:7.468831
$MXCM10033,2,33,20240104,064419,12,0E7F9C4E,47F0A2DD,01A2,001A,48E7,18,F202*1E
GPS_PRN:31,26,09,28,19619919421,18,02,07,04,16,08,00,SAT_TAL:14
GPS_SNR:34,34,30,30,31,23,32,30,34,28,27,32,33,33,00,SNR_AVG:30.79
GLO_PRN:65,88,85,67,76,77,66,00,00,00,00,00,00,00,00,SAT_TAL:07
GLO_SNR:31,32,35,33,37,18,35,00,00,00,00,00,00,00,00,SNR_AVG:31.57
GAL_PRN:10,25,24,03,09,36,31,00,00,00,00,00,00,00,00,SAT_TAL:07
GAL_SNR:31,28,32,29,24,28,29,00,00,00,00,00,00,00,00,SNR_AVG:28.71
BEI_PRN:30,03,10,01,02,04,28,30,20,22,27,16,06,07,00,SAT_TAL:06
BEI_SNR:33,00,00,27,25,00,33,32,32,00,00,00,00,00,00,SNR_AVG:30.33
QZS_PRN:00,00,00,00,00,SAT_TAL:00
QZS_SNR:00,00,00,00,00,SNR_AVG:0.00
SatInView:42 GDOP:123
Roll:60.040627 Pitch:55.038219
X_AVG:-5.629791 Y_AVG:3.121479 Z_AVG:1.076551
X_SD:9.281254 Y_SD:9.396474 Z_SD:7.404091
$MXCM10033,2,34,20240104,064434,12,0E7F0D0F,47F09B79,019A,001B,41D6,17,F202*17
GPS_PRN:31,26,09,28,19619919421,18,02,07,04,16,08,00,SAT_TAL:14
GPS_SNR:33,33,29,29,33,24,32,33,34,34,26,33,34,31,00,SNR_AVG:31.29
GLO_PRN:65,88,85,67,76,77,66,00,00,00,00,00,00,00,00,SAT_TAL:06
GLO_SNR:31,35,36,32,37,00,34,00,00,00,00,00,00,00,00,SNR_AVG:34.17
GAL_PRN:10,25,24,03,09,36,31,00,00,00,00,00,00,00,00,SAT_TAL:07
GAL_SNR:30,28,32,27,27,30,29,00,00,00,00,00,00,00,00,SNR_AVG:29.00
BEI_PRN:30,03,10,01,02,04,28,30,20,22,27,16,06,07,00,SAT_TAL:07
BEI_SNR:33,00,00,27,00,00,32,32,31,25,00,00,00,27,00,SNR_AVG:29.57
QZS_PRN:00,00,00,00,00,SAT_TAL:00
QZS_SNR:00,00,00,00,00,SNR_AVG:0.00
SatInView:42 GDOP:123
Roll:-0.041064 Pitch:54.950184
X_AVG:-6.272935 Y_AVG:3.411136 Z_AVG:1.033071
X_SD:9.299981 Y_SD:9.996664 Z_SD:7.626460
$MXCM10033,2,35,20240104,064649,12,0E7A0D0E,47F034EB,0164,001B,4591,11,F202*6D
GPS_PRN:31,09,08,28,19619919421,18,02,04,16,26,00,00,SAT_TAL:13
GPS_SNR:32,27,31,29,31,22,31,31,33,32,32,35,34,00,00,SNR_AVG:30.77
GLO_PRN:65,76,77,66,67,88,68,00,00,00,00,00,00,00,00,SAT_TAL:06
GLO_SNR:31,37,00,35,32,35,27,00,00,00,00,00,00,00,00,SNR_AVG:32.83
GAL_PRN:10,24,25,03,09,36,31,00,00,00,00,00,00,00,00,SAT_TAL:00
GAL_SNR:00,00,00,00,00,00,00,00,00,00,00,00,00,00,00,SNR_AVG:0.00
BEI_PRN:30,01,30,19,00,00,00,00,00,00,00,00,00,00,00,SAT_TAL:04
BEI_SNR:33,27,32,30,00,00,00,00,00,00,00,00,00,00,00,SNR_AVG:30.50
QZS_PRN:00,00,00,00,00,SAT_TAL:00
QZS_SNR:00,00,00,00,00,SNR_AVG:0.00
SatInView:31 GDOP:146
Roll:65.374321 Pitch:55.812149
X_AVG:-5.832489 Y_AVG:3.642755 Z_AVG:1.375497
X_SD:11.123391 Y_SD:9.939939 Z_SD:9.961002
$MXCM10033,2,36,20240104,064705,12,0E796FC8,47F03204,0152,001D,4712,18,F202*13
GPS_PRN:31,26,09,28,19619919421,18,02,07,04,16,08,00,SAT_TAL:14
GPS_SNR:34,34,29,30,30,24,33,30,34,32,28,31,34,31,00,SNR_AVG:31.00
GLO_PRN:68,88,65,67,76,77,66,00,00,00,00,00,00,00,00,SAT_TAL:07
GLO_SNR:23,34,29,32,37,16,33,00,00,00,00,00,00,00,00,SNR_AVG:29.14
GAL_PRN:10,25,24,03,09,36,31,00,00,00,00,00,00,00,00,SAT_TAL:07
GAL_SNR:32,27,32,28,24,26,29,00,00,00,00,00,00,00,00,SNR_AVG:28.29
BEI_PRN:27,03,10,01,02,30,28,20,19,27,06,16,30,07,00,SAT_TAL:10
BEI_SNR:30,00,00,27,00,32,33,32,30,30,00,29,33,26,00,SNR_AVG:30.20
QZS_PRN:00,00,00,00,00,SAT_TAL:00
QZS_SNR:00,00,00,00,00,SNR_AVG:0.00
SatInView:42 GDOP:133
Roll:44.778084 Pitch:59.653622
X_AVG:-4.987606 Y_AVG:2.727577 Z_AVG:0.962153
X_SD:10.337070 Y_SD:9.473634 Z_SD:10.636930
$MXCM10033,2,37,20240104,064921,12,0E745B63,47F046B9,010B,0017,502E,15,F202*6B
GPS_PRN:31,26,09,28,19619919421,18,02,07,04,16,08,00,SAT_TAL:14
GPS_SNR:34,33,34,31,25,22,32,24,30,27,29,31,33,33,00,SNR_AVG:29.86
GLO_PRN:68,88,65,67,76,77,66,00,00,00,00,00,00,00,00,SAT_TAL:05
GLO_SNR:27,00,24,37,36,00,37,00,00,00,00,00,00,00,00,SNR_AVG:32.20
GAL_PRN:10,25,24,03,09,36,31,00,00,00,00,00,00,00,00,SAT_TAL:05
GAL_SNR:31,31,31,32,21,00,00,00,00,00,00,00,00,00,00,SNR_AVG:29.20
BEI_PRN:27,03,10,01,02,04,30,28,20,27,06,16,30,07,00,SAT_TAL:09
BEI_SNR:29,00,00,27,00,00,30,33,32,30,00,28,30,25,00,SNR_AVG:29.33
QZS_PRN:00,00,00,00,00,SAT_TAL:00
QZS_SNR:00,00,00,00,00,SNR_AVG:0.00
SatInView:42 GDOP:143
Roll:40.550732 Pitch:62.898876
X_AVG:-6.390492 Y_AVG:3.841670 Z_AVG:-0.280367
X_SD:9.779355 Y_SD:11.175506 Z_SD:10.069890
$MXCM10033,2,38,20240104,064936,12,0E73E596,47F03611,0117,0014,52E4,17,F202*65
GPS_PRN:31,26,09,28,19619919421,18,02,07,04,16,08,00,SAT_TAL:14
GPS_SNR:34,31,33,31,31,25,32,28,30,29,30,32,31,34,00,SNR_AVG:30.79
GLO_PRN:68,88,65,67,76,77,66,00,00,00,00,00,00,00,00,SAT_TAL:06
GLO_SNR:31,00,27,38,26,19,37,00,00,00,00,00,00,00,00,SNR_AVG:29.67
GAL_PRN:10,25,24,03,09,36,31,00,00,00,00,00,00,00,00,SAT_TAL:06
GAL_SNR:32,30,24,32,29,26,00,00,00,00,00,00,00,00,00,SNR_AVG:28.83
BEI_PRN:27,03,10,01,02,04,30,28,20,27,06,16,30,07,00,SAT_TAL:10
BEI_SNR:30,00,00,28,26,00,33,30,32,32,00,29,32,25,00,SNR_AVG:29.70
QZS_PRN:00,00,00,00,00,SAT_TAL:00
QZS_SNR:00,00,00,00,00,SNR_AVG:0.00
SatInView:42 GDOP:137
Roll:-33.340855 Pitch:63.525906
X_AVG:-6.781569 Y_AVG:2.417857 Z_AVG:-0.364548
X_SD:10.266144 Y_SD:12.085775 Z_SD:9.038358
$MXCM10033,2,39,20240104,065151,12,0E7101CD,47EFA008,00DC,0000,32FB,13,F201*6F
GPS_PRN:31,09,08,21,19619919428,18,02,04,16,26,00,00,SAT_TAL:12
GPS_SNR:41,00,32,30,32,19,33,36,19,25,18,28,39,00,00,SNR_AVG:29.33
GLO_PRN:68,76,77,66,67,88,65,00,00,00,00,00,00,00,00,SAT_TAL:04
GLO_SNR:00,40,00,15,19,32,00,00,00,00,00,00,00,00,00,SNR_AVG:26.50
GAL_PRN:10,25,31,24,09,36,03,00,00,00,00,00,00,00,00,SAT_TAL:03
GAL_SNR:29,00,00,00,23,26,00,00,00,00,00,00,00,00,00,SNR_AVG:26.00
BEI_PRN:27,27,30,30,00,00,00,00,00,00,00,00,00,00,00,SAT_TAL:04
BEI_SNR:32,37,27,29,00,00,00,00,00,00,00,00,00,00,00,SNR_AVG:31.25
QZS_PRN:00,00,00,00,00,SAT_TAL:00
QZS_SNR:00,00,00,00,00,SNR_AVG:0.00
SatInView:31 GDOP:109
Roll:92.778458 Pitch:25.325827
X_AVG:-4.846680 Y_AVG:8.180290 Z_AVG:-0.553503
X_SD:6.888166 Y_SD:7.576915 Z_SD:4.061473
$MXCM10033,2,40,20240104,065207,12,0E710317,47EF9D7D,00D5,0000,32FB,16,F201*66
GPS_PRN:31,26,09,21,19619919428,18,02,07,04,16,08,00,SAT_TAL:14
GPS_SNR:41,26,16,37,38,30,23,22,27,35,16,25,32,27,00,SNR_AVG:28.21
GLO_PRN:65,88,68,67,76,77,66,00,00,00,00,00,00,00,00,SAT_TAL:06
GLO_SNR:28,32,17,19,34,00,19,00,00,00,00,00,00,00,00,SNR_AVG:24.83
GAL_PRN:10,25,24,03,09,36,31,00,00,00,00,00,00,00,00,SAT_TAL:06
GAL_SNR:26,20,27,09,28,33,00,00,00,00,00,00,00,00,00,SNR_AVG:23.83
BEI_PRN:27,03,10,01,02,04,30,28,20,27,16,06,30,07,00,SAT_TAL:11
BEI_SNR:20,32,00,28,00,25,36,36,17,26,27,00,34,24,00,SNR_AVG:27.73
QZS_PRN:00,00,00,00,00,SAT_TAL:00
QZS_SNR:00,00,00,00,00,SNR_AVG:0.00
SatInView:42 GDOP:103
Roll:100.555489 Pitch:20.446978
X_AVG:-3.633897 Y_AVG:8.317481 Z_AVG:-1.552527
X_SD:4.451546 Y_SD:6.400856 Z_SD:4.708887
$MXCM10033,2,41,20240104,065423,12,0E71009F,47EF9D9C,00D4,0000,3571,13,F201*15
GPS_PRN:31,09,26,21,19619919428,02,18,07,04,16,08,00,SAT_TAL:12
GPS_SNR:34,00,36,33,32,30,29,33,23,25,00,14,31,20,00,SNR_AVG:28.33
GLO_PRN:67,88,68,76,77,66,00,00,00,00,00,00,00,00,00,SAT_TAL:02
GLO_SNR:00,24,00,37,00,00,00,00,00,00,00,00,00,00,00,SNR_AVG:30.50
GAL_PRN:10,25,24,03,09,36,31,00,00,00,00,00,00,00,00,SAT_TAL:05
GAL_SNR:35,17,35,00,22,32,00,00,00,00,00,00,00,00,00,SNR_AVG:28.20
BEI_PRN:27,03,10,01,02,30,04,28,20,27,06,16,30,07,00,SAT_TAL:08
BEI_SNR:36,00,00,30,00,18,29,37,00,37,00,24,19,00,00,SNR_AVG:28.75
QZS_PRN:00,00,00,00,00,SAT_TAL:00
QZS_SNR:00,00,00,00,00,SNR_AVG:0.00
SatInView:41 GDOP:120
Roll:94.111961 Pitch:17.952530
X_AVG:-5.558395 Y_AVG:8.502556 Z_AVG:-2.837665
X_SD:7.827842 Y_SD:7.754062 Z_SD:5.980891
$MXCM10033,2,42,20240104,065438,12,0E710053,47EF9D36,00D4,0000,3571,14,F201*1D
GPS_PRN:31,09,26,21,19619919428,02,18,07,04,16,08,00,SAT_TAL:12
GPS_SNR:38,00,38,30,23,30,37,36,24,32,00,17,35,21,00,SNR_AVG:30.08
GLO_PRN:67,88,68,76,77,66,00,00,00,00,00,00,00,00,00,SAT_TAL:03
GLO_SNR:19,24,00,38,00,00,00,00,00,00,00,00,00,00,00,SNR_AVG:27.00
GAL_PRN:10,25,24,03,09,36,31,00,00,00,00,00,00,00,00,SAT_TAL:05
GAL_SNR:33,15,37,00,27,19,00,00,00,00,00,00,00,00,00,SNR_AVG:26.20
BEI_PRN:27,03,10,01,02,30,04,28,20,27,06,16,30,07,00,SAT_TAL:09
BEI_SNR:38,00,00,38,00,35,34,39,00,43,00,34,33,16,00,SNR_AVG:34.44
QZS_PRN:00,00,00,00,00,SAT_TAL:00
QZS_SNR:00,00,00,00,00,SNR_AVG:0.00
SatInView:41 GDOP:109
Roll:95.732147 Pitch:19.458675
X_AVG:-4.441717 Y_AVG:8.296842 Z_AVG:-0.917668
X_SD:5.001095 Y_SD:6.106731 Z_SD:3.401980
$MXCM10033,2,43,20240104,065653,12,0E710288,47EF983C,00D4,0000,0000,0A,F201*6A
GPS_PRN:08,04,16,31,09,26,21,28,02,18,19419600,00,00,SAT_TAL:08
GPS_SNR:17,00,25,35,00,25,25,34,25,00,00,20,00,00,00,SNR_AVG:25.75
GLO_PRN:66,67,88,68,76,77,00,00,00,00,00,00,00,00,00,SAT_TAL:02
GLO_SNR:00,00,25,00,24,00,00,00,00,00,00,00,00,00,00,SNR_AVG:24.50
GAL_PRN:24,10,09,36,31,25,03,00,00,00,00,00,00,00,00,SAT_TAL:00
GAL_SNR:00,00,00,00,00,00,00,00,00,00,00,00,00,00,00,SNR_AVG:0.00
BEI_PRN:30,28,00,00,00,00,00,00,00,00,00,00,00,00,00,SAT_TAL:01
BEI_SNR:00,24,00,00,00,00,00,00,00,00,00,00,00,00,00,SNR_AVG:24.00
QZS_PRN:00,00,00,00,00,SAT_TAL:00
QZS_SNR:00,00,00,00,00,SNR_AVG:0.00
SatInView:27 GDOP:164
Roll:89.321693 Pitch:12.482800
X_AVG:-2.529142 Y_AVG:9.468013 Z_AVG:-0.372833
X_SD:0.103935 Y_SD:0.077245 Z_SD:0.110379
$MXCM10033,2,44,20240104,065709,12,0E7103AD,47EFA363,00D4,0000,0000,10,F201*11
GPS_PRN:16,09,08,26,19619421,28,02,18,04,31,00,00,00,SAT_TAL:09
GPS_SNR:26,00,15,23,19,19,25,32,26,00,00,35,00,00,00,SNR_AVG:24.44
GLO_PRN:88,76,77,66,67,68,00,00,00,00,00,00,00,00,00,SAT_TAL:03
GLO_SNR:27,19,00,16,00,00,00,00,00,00,00,00,00,00,00,SNR_AVG:20.67
GAL_PRN:03,24,25,36,31,10,09,00,00,00,00,00,00,00,00,SAT_TAL:04
GAL_SNR:00,15,00,30,00,19,29,00,00,00,00,00,00,00,00,SNR_AVG:23.25
BEI_PRN:27,27,30,28,00,00,00,00,00,00,00,00,00,00,00,SAT_TAL:03
BEI_SNR:21,17,00,24,00,00,00,00,00,00,00,00,00,00,00,SNR_AVG:20.67
QZS_PRN:00,00,00,00,00,SAT_TAL:00
QZS_SNR:00,00,00,00,00,SNR_AVG:0.00
SatInView:29 GDOP:140
Roll:89.321823 Pitch:12.484341
X_AVG:-2.348520 Y_AVG:9.498803 Z_AVG:-0.163575
X_SD:0.093377 Y_SD:0.097637 Z_SD:0.120115
$MXCM10033,2,45,20240104,065924,12,0E710274,47EF9651,00D4,0000,03AE,08,F201*64
GPS_PRN:31,08,26,19519619421,28,02,07,18,04,16,09,00,SAT_TAL:08
GPS_SNR:33,00,24,28,19,00,26,27,23,00,00,00,20,00,00,SNR_AVG:25.00
GLO_PRN:88,76,77,67,66,68,00,00,00,00,00,00,00,00,00,SAT_TAL:01
GLO_SNR:00,21,00,00,00,00,00,00,00,00,00,00,00,00,00,SNR_AVG:21.00
GAL_PRN:31,25,10,03,09,36,24,00,00,00,00,00,00,00,00,SAT_TAL:00
GAL_SNR:00,00,00,00,00,00,00,00,00,00,00,00,00,00,00,SNR_AVG:0.00
BEI_PRN:27,27,30,00,00,00,00,00,00,00,00,00,00,00,00,SAT_TAL:02
BEI_SNR:25,27,00,00,00,00,00,00,00,00,00,00,00,00,00,SNR_AVG:26.00
QZS_PRN:00,00,00,00,00,SAT_TAL:00
QZS_SNR:00,00,00,00,00,SNR_AVG:0.00
SatInView:30 GDOP:194
Roll:96.482529 Pitch:16.061008
X_AVG:-3.059851 Y_AVG:9.242523 Z_AVG:-1.732048
X_SD:0.097262 Y_SD:0.070395 Z_SD:0.109200
$MXCM10033,2,46,20240104,065940,12,0E71036E,47EF9BC3,00D4,0000,2860,0F,F201*61
GPS_PRN:31,26,08,19519619421,28,02,18,04,16,09,00,00,SAT_TAL:09
GPS_SNR:32,22,17,29,18,00,27,29,23,00,00,19,00,00,00,SNR_AVG:24.00
GLO_PRN:68,76,77,67,66,88,00,00,00,00,00,00,00,00,00,SAT_TAL:02
GLO_SNR:00,23,00,00,00,23,00,00,00,00,00,00,00,00,00,SNR_AVG:23.00
GAL_PRN:09,03,25,24,10,36,31,00,00,00,00,00,00,00,00,SAT_TAL:04
GAL_SNR:20,00,00,16,21,24,00,00,00,00,00,00,00,00,00,SNR_AVG:20.25
BEI_PRN:27,27,30,28,30,00,00,00,00,00,00,00,00,00,00,SAT_TAL:04
BEI_SNR:26,29,11,15,00,00,00,00,00,00,00,00,00,00,00,SNR_AVG:20.25
QZS_PRN:00,00,00,00,00,SAT_TAL:00
QZS_SNR:00,00,00,00,00,SNR_AVG:0.00
SatInView:31 GDOP:153
Roll:97.189568 Pitch:15.866737
X_AVG:-3.010530 Y_AVG:9.253058 Z_AVG:-1.852240
X_SD:0.154308 Y_SD:0.100213 Z_SD:0.117840
$MXCM10033,2,47,20240104,070155,12,0E7106FA,47EF9FD8,00D4,0000,6D5F,0C,F201*19
GPS_PRN:08,04,16,31,09,26,21,02,28,18,19419919600,00,SAT_TAL:09
GPS_SNR:00,00,22,24,00,00,21,24,29,15,20,18,19,00,00,SNR_AVG:21.33
GLO_PRN:66,88,68,76,77,67,00,00,00,00,00,00,00,00,00,SAT_TAL:02
GLO_SNR:00,18,00,30,00,00,00,00,00,00,00,00,00,00,00,SNR_AVG:24.00
GAL_PRN:10,36,09,31,24,25,03,00,00,00,00,00,00,00,00,SAT_TAL:02
GAL_SNR:29,00,00,00,23,00,00,00,00,00,00,00,00,00,00,SNR_AVG:26.00
BEI_PRN:30,00,00,00,00,00,00,00,00,00,00,00,00,00,00,SAT_TAL:00
BEI_SNR:00,00,00,00,00,00,00,00,00,00,00,00,00,00,00,SNR_AVG:0.00
QZS_PRN:00,00,00,00,00,SAT_TAL:00
QZS_SNR:00,00,00,00,00,SNR_AVG:0.00
SatInView:27 GDOP:163
Roll:95.802689 Pitch:0.000000
X_AVG:-0.015611 Y_AVG:9.705140 Z_AVG:-1.791474
X_SD:0.082018 Y_SD:0.079035 Z_SD:0.104111
$MXCM10033,2,48,20240104,070210,12,0E71059F,47EF9F98,00D4,0000,6D5F,10,F201*60
GPS_PRN:31,26,08,19619919421,02,28,18,04,16,09,00,00,SAT_TAL:12
GPS_SNR:25,18,00,22,18,21,22,28,31,13,13,18,17,00,00,SNR_AVG:20.50
GLO_PRN:68,76,77,67,66,88,00,00,00,00,00,00,00,00,00,SAT_TAL:02
GLO_SNR:00,31,00,00,00,19,00,00,00,00,00,00,00,00,00,SNR_AVG:25.00
GAL_PRN:25,24,03,36,10,09,31,00,00,00,00,00,00,00,00,SAT_TAL:03
GAL_SNR:00,23,00,00,29,23,00,00,00,00,00,00,00,00,00,SNR_AVG:25.00
BEI_PRN:27,16,27,07,30,00,00,00,00,00,00,00,00,00,00,SAT_TAL:02
BEI_SNR:19,00,21,00,00,00,00,00,00,00,00,00,00,00,00,SNR_AVG:20.00
QZS_PRN:00,00,00,00,00,SAT_TAL:00
QZS_SNR:00,00,00,00,00,SNR_AVG:0.00
SatInView:31 GDOP:119
Roll:102.726913 Pitch:0.145974
X_AVG:-0.592625 Y_AVG:9.581932 Z_AVG:-2.418528
X_SD:0.159409 Y_SD:0.136881 Z_SD:0.167203
$MXCM10033,2,49,20240104,070425,12,0E7101FA,47EFA0E3,00D4,0000,7CD7,0A,F201*12
GPS_PRN:08,04,16,09,31,26,21,02,28,18,19419919600,00,SAT_TAL:05
GPS_SNR:00,00,19,00,00,00,32,00,26,00,18,00,25,00,00,SNR_AVG:24.00
GLO_PRN:66,88,68,76,77,67,00,00,00,00,00,00,00,00,00,SAT_TAL:01
GLO_SNR:00,00,00,25,00,00,00,00,00,00,00,00,00,00,00,SNR_AVG:25.00
GAL_PRN:10,36,09,31,25,03,24,00,00,00,00,00,00,00,00,SAT_TAL:04
GAL_SNR:24,23,24,00,00,00,20,00,00,00,00,00,00,00,00,SNR_AVG:22.75
BEI_PRN:16,06,30,00,00,00,00,00,00,00,00,00,00,00,00,SAT_TAL:00
BEI_SNR:00,00,00,00,00,00,00,00,00,00,00,00,00,00,00,SNR_AVG:0.00
QZS_PRN:00,00,00,00,00,SAT_TAL:00
QZS_SNR:00,00,00,00,00,SNR_AVG:0.00
SatInView:29 GDOP:202
Roll:97.459854 Pitch:17.124111
X_AVG:-3.102182 Y_AVG:9.214271 Z_AVG:-1.919422
X_SD:0.109649 Y_SD:0.071353 Z_SD:0.094514
$MXCM10033,2,50,20240104,070441,12,0E710195,47EFA191,00D4,0000,2FD2,0F,F201*6E
GPS_PRN:16,31,08,26,19619421,02,28,18,04,09,00,00,00,SAT_TAL:08
GPS_SNR:18,21,00,17,25,18,31,18,22,00,00,00,00,00,00,SNR_AVG:21.25
GLO_PRN:88,76,77,67,66,68,00,00,00,00,00,00,00,00,00,SAT_TAL:02
GLO_SNR:19,25,00,00,00,00,00,00,00,00,00,00,00,00,00,SNR_AVG:22.00
GAL_PRN:24,25,09,03,31,10,36,00,00,00,00,00,00,00,00,SAT_TAL:04
GAL_SNR:21,00,21,00,00,23,21,00,00,00,00,00,00,00,00,SNR_AVG:21.50
BEI_PRN:27,27,30,30,00,00,00,00,00,00,00,00,00,00,00,SAT_TAL:03
BEI_SNR:23,17,15,00,00,00,00,00,00,00,00,00,00,00,00,SNR_AVG:18.33
QZS_PRN:00,00,00,00,00,SAT_TAL:00
QZS_SNR:00,00,00,00,00,SNR_AVG:0.00
SatInView:29 GDOP:166
Roll:96.201576 Pitch:14.222621
X_AVG:-2.971504 Y_AVG:9.292563 Z_AVG:-1.700444
X_SD:0.084489 Y_SD:0.067794 Z_SD:0.099724
$MXCM10033,2,51,20240104,070657,12,0E7105A5,47EF9BE3,00D4,0000,5409,0B,F201*6D
GPS_PRN:08,04,16,09,31,26,21,02,28,07,18,19419600,00,SAT_TAL:07
GPS_SNR:00,00,19,00,30,00,00,15,28,00,21,18,29,00,00,SNR_AVG:22.86
GLO_PRN:67,66,88,68,76,77,00,00,00,00,00,00,00,00,00,SAT_TAL:02
GLO_SNR:00,00,19,00,30,00,00,00,00,00,00,00,00,00,00,SNR_AVG:24.50
GAL_PRN:10,24,36,09,25,03,00,00,00,00,00,00,00,00,00,SAT_TAL:02
GAL_SNR:20,00,00,19,00,00,00,00,00,00,00,00,00,00,00,SNR_AVG:19.50
BEI_PRN:01,30,02,22,27,07,00,00,00,00,00,00,00,00,00,SAT_TAL:00
BEI_SNR:00,00,00,00,00,00,00,00,00,00,00,00,00,00,00,SNR_AVG:0.00
QZS_PRN:00,00,00,00,00,SAT_TAL:00
QZS_SNR:00,00,00,00,00,SNR_AVG:0.00
SatInView:31 GDOP:169
Roll:90.850494 Pitch:0.542800
X_AVG:-0.873327 Y_AVG:9.740192 Z_AVG:-0.925569
X_SD:0.172038 Y_SD:0.133429 Z_SD:0.114516
$MXCM10033,2,52,20240104,070712,12,0E71054D,47EFA1DD,00D4,0000,24E5,12,F201*18
GPS_PRN:16,31,08,19619426,21,02,28,18,04,09,00,00,00,SAT_TAL:10
GPS_SNR:27,30,16,28,19,22,33,28,23,15,00,00,00,00,00,SNR_AVG:24.10
GLO_PRN:68,76,67,66,88,00,00,00,00,00,00,00,00,00,00,SAT_TAL:02
GLO_SNR:00,25,00,00,30,00,00,00,00,00,00,00,00,00,00,SNR_AVG:27.50
GAL_PRN:09,03,25,24,10,36,00,00,00,00,00,00,00,00,00,SAT_TAL:05
GAL_SNR:20,00,12,21,23,18,00,00,00,00,00,00,00,00,00,SNR_AVG:18.80
BEI_PRN:27,27,01,30,30,00,00,00,00,00,00,00,00,00,00,SAT_TAL:03
BEI_SNR:22,29,00,18,00,00,00,00,00,00,00,00,00,00,00,SNR_AVG:23.00
QZS_PRN:00,00,00,00,00,SAT_TAL:00
QZS_SNR:00,00,00,00,00,SNR_AVG:0.00
SatInView:28 GDOP:127
Roll:91.567841 Pitch:23.641516
X_AVG:-3.594631 Y_AVG:8.332756 Z_AVG:-2.587035
X_SD:6.209067 Y_SD:6.820725 Z_SD:6.765821
$MXCM10033,2,53,20240104,070928,12,0E71035C,47EFA18D,00D4,0000,0000,0F,F201*61
GPS_PRN:08,04,16,09,31,26,21,02,07,28,18,19419600,00,SAT_TAL:10
GPS_SNR:16,00,25,14,19,26,27,24,00,25,00,24,22,00,00,SNR_AVG:22.20
GLO_PRN:67,66,88,68,76,77,00,00,00,00,00,00,00,00,00,SAT_TAL:01
GLO_SNR:00,00,00,00,28,00,00,00,00,00,00,00,00,00,00,SNR_AVG:28.00
GAL_PRN:10,24,36,09,25,03,00,00,00,00,00,00,00,00,00,SAT_TAL:04
GAL_SNR:27,18,21,20,00,00,00,00,00,00,00,00,00,00,00,SNR_AVG:21.50
BEI_PRN:01,30,02,22,27,07,00,00,00,00,00,00,00,00,00,SAT_TAL:01
BEI_SNR:00,00,00,00,27,00,00,00,00,00,00,00,00,00,00,SNR_AVG:27.00
QZS_PRN:00,00,00,00,00,SAT_TAL:00
QZS_SNR:00,00,00,00,00,SNR_AVG:0.00
SatInView:31 GDOP:131
Roll:89.719612 Pitch:14.646153
X_AVG:-3.028151 Y_AVG:9.341645 Z_AVG:-0.403240
X_SD:0.174397 Y_SD:0.094737 Z_SD:0.137903
$MXCM10033,2,54,20240104,070943,12,0E710435,47EF9F5E,00D4,0000,0000,0F,F201*1F
GPS_PRN:16,31,08,26,19619421,02,28,18,04,09,00,00,00,SAT_TAL:09
GPS_SNR:24,21,00,28,21,24,28,26,21,16,00,00,00,00,00,SNR_AVG:23.22
GLO_PRN:88,76,77,67,66,68,00,00,00,00,00,00,00,00,00,SAT_TAL:02
GLO_SNR:22,25,00,00,00,00,00,00,00,00,00,00,00,00,00,SNR_AVG:23.50
GAL_PRN:09,03,25,24,10,36,00,00,00,00,00,00,00,00,00,SAT_TAL:04
GAL_SNR:19,00,00,23,27,23,00,00,00,00,00,00,00,00,00,SNR_AVG:23.00
BEI_PRN:27,27,30,28,30,00,00,00,00,00,00,00,00,00,00,SAT_TAL:04
BEI_SNR:24,26,14,16,00,00,00,00,00,00,00,00,00,00,00,SNR_AVG:20.00
QZS_PRN:00,00,00,00,00,SAT_TAL:00
QZS_SNR:00,00,00,00,00,SNR_AVG:0.00
SatInView:29 GDOP:170
Roll:90.401314 Pitch:18.754522
X_AVG:-3.445996 Y_AVG:9.200671 Z_AVG:-0.811316
X_SD:0.174503 Y_SD:0.100776 Z_SD:0.202311
$MXCM10033,2,55,20240104,071159,12,0E7103AA,47EF9A8A,00D4,0000,73B5,0B,F201*64
GPS_PRN:08,04,16,09,31,26,21,02,28,18,19419600,00,00,SAT_TAL:08
GPS_SNR:00,00,24,00,29,24,27,31,26,17,00,20,00,00,00,SNR_AVG:24.75
GLO_PRN:67,88,66,68,78,76,77,00,00,00,00,00,00,00,00,SAT_TAL:01
GLO_SNR:00,00,00,00,00,23,00,00,00,00,00,00,00,00,00,SNR_AVG:23.00
GAL_PRN:10,24,36,09,25,03,00,00,00,00,00,00,00,00,00,SAT_TAL:03
GAL_SNR:20,00,27,21,00,00,00,00,00,00,00,00,00,00,00,SNR_AVG:22.67
BEI_PRN:01,30,00,00,00,00,00,00,00,00,00,00,00,00,00,SAT_TAL:01
BEI_SNR:28,00,00,00,00,00,00,00,00,00,00,00,00,00,00,SNR_AVG:28.00
QZS_PRN:00,00,00,00,00,SAT_TAL:00
QZS_SNR:00,00,00,00,00,SNR_AVG:0.00
SatInView:27 GDOP:196
Roll:98.853271 Pitch:0.000000
X_AVG:0.006848 Y_AVG:9.651078 Z_AVG:-2.081944
X_SD:0.328780 Y_SD:0.192780 Z_SD:0.216162
$MXCM10033,2,56,20240104,071214,12,0E7101E2,47EF9AD2,00D4,0000,73B5,10,F201*64
GPS_PRN:16,31,26,08,21,19619402,28,18,04,09,00,00,00,SAT_TAL:09
GPS_SNR:26,27,25,00,26,22,18,30,24,17,00,00,00,00,00,SNR_AVG:23.89
GLO_PRN:68,76,77,67,88,66,78,00,00,00,00,00,00,00,00,SAT_TAL:02
GLO_SNR:00,27,00,00,25,00,00,00,00,00,00,00,00,00,00,SNR_AVG:26.00
GAL_PRN:09,03,25,24,10,36,00,00,00,00,00,00,00,00,00,SAT_TAL:05
GAL_SNR:20,13,00,23,20,30,00,00,00,00,00,00,00,00,00,SNR_AVG:21.20
BEI_PRN:27,27,01,30,30,00,00,00,00,00,00,00,00,00,00,SAT_TAL:04
BEI_SNR:25,24,28,13,00,00,00,00,00,00,00,00,00,00,00,SNR_AVG:22.50
QZS_PRN:00,00,00,00,00,SAT_TAL:00
QZS_SNR:00,00,00,00,00,SNR_AVG:0.00
SatInView:30 GDOP:136
Roll:102.555267 Pitch:0.039642
X_AVG:-0.307901 Y_AVG:9.578436 Z_AVG:-2.487769
X_SD:0.224161 Y_SD:0.324302 Z_SD:0.267536
$MXCM10033,2,57,20240104,071429,12,0E7107B5,47EF972C,00D3,0002,7E06,0C,F201*6A
GPS_PRN:08,04,16,09,31,26,21,02,28,18,19419600,00,00,SAT_TAL:08
GPS_SNR:00,00,24,00,27,29,29,24,31,00,27,20,00,00,00,SNR_AVG:26.38
GLO_PRN:67,88,66,68,78,76,77,00,00,00,00,00,00,00,00,SAT_TAL:02
GLO_SNR:00,22,00,00,00,30,00,00,00,00,00,00,00,00,00,SNR_AVG:26.00
GAL_PRN:09,24,36,03,10,25,00,00,00,00,00,00,00,00,00,SAT_TAL:02
GAL_SNR:00,00,33,00,24,00,00,00,00,00,00,00,00,00,00,SNR_AVG:28.50
BEI_PRN:30,00,00,00,00,00,00,00,00,00,00,00,00,00,00,SAT_TAL:00
BEI_SNR:00,00,00,00,00,00,00,00,00,00,00,00,00,00,00,SNR_AVG:0.00
QZS_PRN:00,00,00,00,00,SAT_TAL:00
QZS_SNR:00,00,00,00,00,SNR_AVG:0.00
SatInView:26 GDOP:186
Roll:93.006454 Pitch:9.864141
X_AVG:-1.129655 Y_AVG:9.524039 Z_AVG:-1.309415
X_SD:3.245760 Y_SD:3.982698 Z_SD:1.847702
$MXCM10033,2,58,20240104,071445,12,0E71052C,47EF9A11,00D3,0000,77E1,0F,F201*6B
GPS_PRN:16,31,26,08,21,19619402,28,18,04,09,00,00,00,SAT_TAL:08
GPS_SNR:24,24,21,00,24,19,23,29,23,00,00,00,00,00,00,SNR_AVG:23.38
GLO_PRN:68,76,77,67,88,66,78,00,00,00,00,00,00,00,00,SAT_TAL:03
GLO_SNR:00,19,00,00,21,17,00,00,00,00,00,00,00,00,00,SNR_AVG:19.00
GAL_PRN:09,03,25,24,10,36,00,00,00,00,00,00,00,00,00,SAT_TAL:03
GAL_SNR:23,00,00,00,21,26,00,00,00,00,00,00,00,00,00,SNR_AVG:23.33
BEI_PRN:27,27,01,30,30,00,00,00,00,00,00,00,00,00,00,SAT_TAL:03
BEI_SNR:22,21,00,20,00,00,00,00,00,00,00,00,00,00,00,SNR_AVG:21.00
QZS_PRN:00,00,00,00,00,SAT_TAL:00
QZS_SNR:00,00,00,00,00,SNR_AVG:0.00
SatInView:30 GDOP:151
Roll:83.648651 Pitch:18.834005
X_AVG:-2.615814 Y_AVG:8.579794 Z_AVG:0.442984
X_SD:7.451997 Y_SD:8.159602 Z_SD:8.462581
$MXCM10033,2,59,20240104,071700,12,0E710371,47EFA323,00D3,0000,3371,0F,F201*60
GPS_PRN:08,04,16,09,31,26,21,02,28,18,19419600,00,00,SAT_TAL:10
GPS_SNR:17,00,35,20,35,35,30,22,28,19,17,00,00,00,00,SNR_AVG:25.80
GLO_PRN:88,67,66,68,78,76,77,00,00,00,00,00,00,00,00,SAT_TAL:03
GLO_SNR:26,17,00,00,00,36,00,00,00,00,00,00,00,00,00,SNR_AVG:26.33
GAL_PRN:03,24,36,09,25,10,00,00,00,00,00,00,00,00,00,SAT_TAL:03
GAL_SNR:00,30,00,32,00,23,00,00,00,00,00,00,00,00,00,SNR_AVG:28.33
BEI_PRN:30,28,00,00,00,00,00,00,00,00,00,00,00,00,00,SAT_TAL:01
BEI_SNR:00,30,00,00,00,00,00,00,00,00,00,00,00,00,00,SNR_AVG:30.00
QZS_PRN:00,00,00,00,00,SAT_TAL:00
QZS_SNR:00,00,00,00,00,SNR_AVG:0.00
SatInView:27 GDOP:121
Roll:89.855385 Pitch:12.973221
X_AVG:-2.179917 Y_AVG:9.567135 Z_AVG:-0.669672
X_SD:0.076583 Y_SD:0.066261 Z_SD:0.105177
$MXCM10033,2,60,20240104,071716,12,0E710389,47EFA330,00D3,0000,3371,12,F201*1D
GPS_PRN:16,31,26,08,21,19619402,28,18,04,09,00,00,00,SAT_TAL:11
GPS_SNR:23,33,33,19,19,23,19,20,18,19,00,20,00,00,00,SNR_AVG:22.36
GLO_PRN:68,76,77,88,67,66,78,00,00,00,00,00,00,00,00,SAT_TAL:05
GLO_SNR:17,23,00,28,17,18,00,00,00,00,00,00,00,00,00,SNR_AVG:20.60
GAL_PRN:09,24,03,25,36,10,00,00,00,00,00,00,00,00,00,SAT_TAL:06
GAL_SNR:29,20,16,17,25,25,00,00,00,00,00,00,00,00,00,SNR_AVG:22.00
BEI_PRN:27,27,01,30,28,30,00,00,00,00,00,00,00,00,00,SAT_TAL:03
BEI_SNR:00,17,00,19,30,00,00,00,00,00,00,00,00,00,00,SNR_AVG:22.00
QZS_PRN:00,00,00,00,00,SAT_TAL:00
QZS_SNR:00,00,00,00,00,SNR_AVG:0.00
SatInView:31 GDOP:106
Roll:103.742043 Pitch:25.425251
X_AVG:-4.545100 Y_AVG:8.737719 Z_AVG:-2.261130
X_SD:6.466290 Y_SD:5.322696 Z_SD:5.434737
$MXCM10033,2,61,20240104,071931,12,0E710006,47EFA037,00D3,0000,0000,0A,F202*60
GPS_PRN:16,31,21,08,26,19619402,28,18,04,09,00,00,00,SAT_TAL:07
GPS_SNR:24,30,00,00,24,31,28,22,25,00,00,00,00,00,00,SNR_AVG:26.29
GLO_PRN:68,77,76,88,67,66,78,00,00,00,00,00,00,00,00,SAT_TAL:02
GLO_SNR:00,00,29,21,00,00,00,00,00,00,00,00,00,00,00,SNR_AVG:25.00
GAL_PRN:09,24,36,03,25,10,00,00,00,00,00,00,00,00,00,SAT_TAL:02
GAL_SNR:18,00,31,00,00,00,00,00,00,00,00,00,00,00,00,SNR_AVG:24.50
BEI_PRN:27,27,01,30,28,20,00,00,00,00,00,00,00,00,00,SAT_TAL:03
BEI_SNR:24,25,33,00,00,00,00,00,00,00,00,00,00,00,00,SNR_AVG:27.33
QZS_PRN:00,00,00,00,00,SAT_TAL:00
QZS_SNR:00,00,00,00,00,SNR_AVG:0.00
SatInView:31 GDOP:219
Roll:-1.086993 Pitch:90.000000
X_AVG:-9.690918 Y_AVG:0.889703 Z_AVG:1.203446
X_SD:0.077226 Y_SD:0.068084 Z_SD:0.096929
$MXCM10033,2,62,20240104,071947,12,0E710044,47EFA08F,00D3,0000,0000,0F,F202*19
GPS_PRN:16,31,08,21,26,19619402,28,18,04,09,00,00,00,SAT_TAL:10
GPS_SNR:24,34,17,24,25,31,29,20,31,00,00,16,00,00,00,SNR_AVG:25.10
GLO_PRN:66,77,76,88,67,68,78,00,00,00,00,00,00,00,00,SAT_TAL:02
GLO_SNR:00,00,32,18,00,00,00,00,00,00,00,00,00,00,00,SNR_AVG:25.00
GAL_PRN:09,03,25,10,24,36,00,00,00,00,00,00,00,00,00,SAT_TAL:04
GAL_SNR:17,00,00,15,20,31,00,00,00,00,00,00,00,00,00,SNR_AVG:20.75
BEI_PRN:27,27,01,30,00,00,00,00,00,00,00,00,00,00,00,SAT_TAL:03
BEI_SNR:20,28,34,00,00,00,00,00,00,00,00,00,00,00,00,SNR_AVG:27.33
QZS_PRN:00,00,00,00,00,SAT_TAL:00
QZS_SNR:00,00,00,00,00,SNR_AVG:0.00
SatInView:29 GDOP:133
Roll:36.054680 Pitch:90.000000
X_AVG:-9.639394 Y_AVG:1.004388 Z_AVG:1.400732
X_SD:0.152148 Y_SD:0.100092 Z_SD:0.108720
$MXCM10033,2,63,20240104,072203,12,0E7103F2,47EF9DB5,00D3,0000,0000,0C,F201*64
GPS_PRN:16,21,08,31,26,19619402,28,18,04,09,00,00,00,SAT_TAL:08
GPS_SNR:29,24,00,32,23,00,19,27,26,00,16,00,00,00,00,SNR_AVG:24.50
GLO_PRN:66,77,76,88,67,68,78,00,00,00,00,00,00,00,00,SAT_TAL:02
GLO_SNR:00,00,21,19,00,00,00,00,00,00,00,00,00,00,00,SNR_AVG:20.00
GAL_PRN:03,25,10,09,24,36,00,00,00,00,00,00,00,00,00,SAT_TAL:03
GAL_SNR:00,00,28,20,00,25,00,00,00,00,00,00,00,00,00,SNR_AVG:24.33
BEI_PRN:27,27,30,00,00,00,00,00,00,00,00,00,00,00,00,SAT_TAL:01
BEI_SNR:00,27,00,00,00,00,00,00,00,00,00,00,00,00,00,SNR_AVG:27.00
QZS_PRN:00,00,00,00,00,SAT_TAL:00
QZS_SNR:00,00,00,00,00,SNR_AVG:0.00
SatInView:28 GDOP:168
Roll:90.044006 Pitch:12.670526
X_AVG:-2.828519 Y_AVG:9.394270 Z_AVG:-0.735130
X_SD:0.125778 Y_SD:0.092275 Z_SD:0.117295
$MXCM10033,2,64,20240104,072218,12,0E71044E,47EF9FDD,00D3,0000,0000,10,F201*6C
GPS_PRN:16,21,31,08,26,19619402,28,18,04,09,00,00,00,SAT_TAL:09
GPS_SNR:29,24,32,00,24,17,17,27,21,00,12,00,00,00,00,SNR_AVG:22.56
GLO_PRN:68,77,76,88,67,66,78,00,00,00,00,00,00,00,00,SAT_TAL:02
GLO_SNR:00,00,25,20,00,00,00,00,00,00,00,00,00,00,00,SNR_AVG:22.50
GAL_PRN:09,24,03,25,36,10,00,00,00,00,00,00,00,00,00,SAT_TAL:05
GAL_SNR:22,24,00,15,27,27,00,00,00,00,00,00,00,00,00,SNR_AVG:23.00
BEI_PRN:27,27,30,28,20,30,00,00,00,00,00,00,00,00,00,SAT_TAL:05
BEI_SNR:21,25,19,27,16,00,00,00,00,00,00,00,00,00,00,SNR_AVG:21.60
QZS_PRN:00,00,00,00,00,SAT_TAL:00
QZS_SNR:00,00,00,00,00,SNR_AVG:0.00
SatInView:31 GDOP:142
Roll:91.249199 Pitch:12.204320
X_AVG:-2.698463 Y_AVG:9.426258 Z_AVG:-0.894827
X_SD:0.165629 Y_SD:0.088447 Z_SD:0.177103
$MXCM10033,2,65,20240104,072434,12,0E71056D,47EF9E15,00D3,0000,0A33,0B,F201*62
GPS_PRN:08,04,16,09,21,31,26,02,07,28,18,19419600,00,SAT_TAL:05
GPS_SNR:00,00,23,00,00,29,28,29,00,00,00,00,19,00,00,SNR_AVG:25.60
GLO_PRN:88,67,66,68,78,77,76,00,00,00,00,00,00,00,00,SAT_TAL:03
GLO_SNR:29,00,20,00,00,00,27,00,00,00,00,00,00,00,00,SNR_AVG:25.33
GAL_PRN:03,24,36,09,25,10,00,00,00,00,00,00,00,00,00,SAT_TAL:04
GAL_SNR:00,22,24,24,00,24,00,00,00,00,00,00,00,00,00,SNR_AVG:23.50
BEI_PRN:30,01,02,22,27,07,00,00,00,00,00,00,00,00,00,SAT_TAL:00
BEI_SNR:00,00,00,00,00,00,00,00,00,00,00,00,00,00,00,SNR_AVG:0.00
QZS_PRN:00,00,00,00,00,SAT_TAL:00
QZS_SNR:00,00,00,00,00,SNR_AVG:0.00
SatInView:32 GDOP:176
Roll:116.480782 Pitch:-4.995354
X_AVG:1.124866 Y_AVG:8.871989 Z_AVG:-4.457998
X_SD:0.094088 Y_SD:0.068438 Z_SD:0.101588
$MXCM10033,2,66,20240104,072449,12,0E710371,47EFA06D,00D3,0000,35F9,12,F201*1B
GPS_PRN:16,21,31,08,26,19619402,28,18,04,09,00,00,00,SAT_TAL:09
GPS_SNR:25,27,32,13,30,20,16,25,17,00,00,00,00,00,00,SNR_AVG:22.78
GLO_PRN:68,77,76,88,67,66,78,00,00,00,00,00,00,00,00,SAT_TAL:05
GLO_SNR:18,00,23,21,17,15,00,00,00,00,00,00,00,00,00,SNR_AVG:18.80
GAL_PRN:09,24,10,25,03,36,00,00,00,00,00,00,00,00,00,SAT_TAL:05
GAL_SNR:15,25,21,16,00,22,00,00,00,00,00,00,00,00,00,SNR_AVG:19.80
BEI_PRN:30,30,01,28,20,00,00,00,00,00,00,00,00,00,00,SAT_TAL:03
BEI_SNR:00,18,27,26,00,00,00,00,00,00,00,00,00,00,00,SNR_AVG:23.67
QZS_PRN:00,00,00,00,00,SAT_TAL:00
QZS_SNR:00,00,00,00,00,SNR_AVG:0.00
SatInView:30 GDOP:108
Roll:90.020363 Pitch:18.376551
X_AVG:-3.550098 Y_AVG:9.162028 Z_AVG:-0.684851
X_SD:0.082420 Y_SD:0.069617 Z_SD:0.098056
$MXCM10033,2,67,20240104,072704,00,0E710350,47EFA0A6,00D3,0000,0000,00,F202*6C
GPS_PRN:08,04,09,21,26,31,28,19419600,00,00,00,00,00,SAT_TAL:00
GPS_SNR:00,00,00,00,00,00,00,00,00,00,00,00,00,00,00,SNR_AVG:0.00
GLO_PRN:88,76,77,00,00,00,00,00,00,00,00,00,00,00,00,SAT_TAL:00
GLO_SNR:00,00,00,00,00,00,00,00,00,00,00,00,00,00,00,SNR_AVG:0.00
GAL_PRN:36,25,24,00,00,00,00,00,00,00,00,00,00,00,00,SAT_TAL:00
GAL_SNR:00,00,00,00,00,00,00,00,00,00,00,00,00,00,00,SNR_AVG:0.00
BEI_PRN:30,00,00,00,00,00,00,00,00,00,00,00,00,00,00,SAT_TAL:00
BEI_SNR:00,00,00,00,00,00,00,00,00,00,00,00,00,00,00,SNR_AVG:0.00
QZS_PRN:00,00,00,00,00,SAT_TAL:00
QZS_SNR:00,00,00,00,00,SNR_AVG:0.00
SatInView:16 GDOP:17319
Roll:144.144150 Pitch:6.089489
X_AVG:-0.790007 Y_AVG:6.206087 Z_AVG:-7.921663
X_SD:1.506856 Y_SD:1.154954 Z_SD:1.184009
$MXCM10033,2,68,20240104,072719,00,0E710350,47EFA0A6,00D3,0000,0000,00,F202*6F
GPS_PRN:00,00,00,00,00,00,00,00,00,00,00,00,00,00,00,SAT_TAL:00
GPS_SNR:00,00,00,00,00,00,00,00,00,00,00,00,00,00,00,SNR_AVG:0.00
GLO_PRN:68,00,00,00,00,00,00,00,00,00,00,00,00,00,00,SAT_TAL:00
GLO_SNR:00,00,00,00,00,00,00,00,00,00,00,00,00,00,00,SNR_AVG:0.00
GAL_PRN:00,00,00,00,00,00,00,00,00,00,00,00,00,00,00,SAT_TAL:00
GAL_SNR:00,00,00,00,00,00,00,00,00,00,00,00,00,00,00,SNR_AVG:0.00
BEI_PRN:20,00,00,00,00,00,00,00,00,00,00,00,00,00,00,SAT_TAL:00
BEI_SNR:00,00,00,00,00,00,00,00,00,00,00,00,00,00,00,SNR_AVG:0.00
QZS_PRN:00,00,00,00,00,SAT_TAL:00
QZS_SNR:00,00,00,00,00,SNR_AVG:0.00
SatInView:2 GDOP:17319
Roll:-5.462255 Pitch:54.446571
X_AVG:-7.644122 Y_AVG:0.807628 Z_AVG:4.854533
X_SD:1.849546 Y_SD:2.798348 Z_SD:1.826454
$MXCM10033,2,69,20240104,072934,00,0E710350,47EFA0A6,00D3,0000,0000,00,F202*6F
GPS_PRN:19604,16,09,21,31,26,02,07,19408,00,00,00,00,SAT_TAL:01
GPS_SNR:00,00,00,00,18,00,00,00,00,00,00,00,00,00,00,SNR_AVG:18.00
GLO_PRN:00,00,00,00,00,00,00,00,00,00,00,00,00,00,00,SAT_TAL:00
GLO_SNR:00,00,00,00,00,00,00,00,00,00,00,00,00,00,00,SNR_AVG:0.00
GAL_PRN:03,24,36,25,10,00,00,00,00,00,00,00,00,00,00,SAT_TAL:00
GAL_SNR:00,00,00,00,00,00,00,00,00,00,00,00,00,00,00,SNR_AVG:0.00
BEI_PRN:00,00,00,00,00,00,00,00,00,00,00,00,00,00,00,SAT_TAL:00
BEI_SNR:00,00,00,00,00,00,00,00,00,00,00,00,00,00,00,SNR_AVG:0.00
QZS_PRN:00,00,00,00,00,SAT_TAL:00
QZS_SNR:00,00,00,00,00,SNR_AVG:0.00
SatInView:16 GDOP:16892
Roll:-105.778374 Pitch:46.249733
X_AVG:-7.657338 Y_AVG:-6.337101 Z_AVG:-1.468393
X_SD:0.667673 Y_SD:0.424128 Z_SD:0.609181
$MXCM10033,2,70,20240104,072949,12,0E71008C,47EFA076,00D3,0000,48AB,0D,F202*1E
GPS_PRN:08,04,16,09,21,31,26,02,28,19419600,00,00,00,SAT_TAL:09
GPS_SNR:26,18,36,00,31,33,27,33,00,20,34,00,00,00,00,SNR_AVG:28.67
GLO_PRN:88,67,66,68,78,77,76,00,00,00,00,00,00,00,00,SAT_TAL:02
GLO_SNR:27,00,00,00,00,00,44,00,00,00,00,00,00,00,00,SNR_AVG:35.50
GAL_PRN:03,24,36,09,25,10,00,00,00,00,00,00,00,00,00,SAT_TAL:03
GAL_SNR:00,32,00,22,00,36,00,00,00,00,00,00,00,00,00,SNR_AVG:30.00
BEI_PRN:16,30,00,00,00,00,00,00,00,00,00,00,00,00,00,SAT_TAL:01
BEI_SNR:26,00,00,00,00,00,00,00,00,00,00,00,00,00,00,SNR_AVG:26.00
QZS_PRN:00,00,00,00,00,SAT_TAL:00
QZS_SNR:00,00,00,00,00,SNR_AVG:0.00
SatInView:26 GDOP:162
Roll:-89.852112 Pitch:90.000000
X_AVG:-9.683735 Y_AVG:-1.396614 Z_AVG:0.528124
X_SD:0.121882 Y_SD:0.093792 Z_SD:0.162731
$MXCM10033,2,71,20240104,073205,12,0E710159,47EF9BBC,00D3,0000,7922,11,F202*14
GPS_PRN:09,21,02,19619919426,31,08,04,16,00,00,00,00,SAT_TAL:08
GPS_SNR:00,34,35,00,24,27,28,37,23,00,35,00,00,00,00,SNR_AVG:30.38
GLO_PRN:78,66,68,67,77,76,88,00,00,00,00,00,00,00,00,SAT_TAL:05
GLO_SNR:21,23,23,24,00,47,00,00,00,00,00,00,00,00,00,SNR_AVG:27.60
GAL_PRN:25,10,03,24,36,09,00,00,00,00,00,00,00,00,00,SAT_TAL:05
GAL_SNR:23,30,00,43,26,17,00,00,00,00,00,00,00,00,00,SNR_AVG:27.80
BEI_PRN:20,01,30,27,30,27,00,00,00,00,00,00,00,00,00,SAT_TAL:05
BEI_SNR:32,30,19,40,00,35,00,00,00,00,00,00,00,00,00,SNR_AVG:31.20
QZS_PRN:00,00,00,00,00,SAT_TAL:00
QZS_SNR:00,00,00,00,00,SNR_AVG:0.00
SatInView:30 GDOP:105
Roll:-84.454315 Pitch:90.000000
X_AVG:-9.720415 Y_AVG:-1.400540 Z_AVG:0.549002
X_SD:0.068289 Y_SD:0.061017 Z_SD:0.097021
$MXCM10033,2,72,20240104,073220,12,0E7102E2,47EF9A5C,00D3,0000,75F8,19,F202*66
GPS_PRN:21,08,31,19619919426,02,07,04,16,09,00,00,00,SAT_TAL:12
GPS_SNR:32,22,38,16,24,28,31,36,21,26,36,16,00,00,00,SNR_AVG:27.17
GLO_PRN:78,66,68,67,77,76,88,00,00,00,00,00,00,00,00,SAT_TAL:07
GLO_SNR:18,18,21,23,17,47,24,00,00,00,00,00,00,00,00,SNR_AVG:24.00
GAL_PRN:36,25,10,03,24,09,00,00,00,00,00,00,00,00,00,SAT_TAL:05
GAL_SNR:29,23,30,00,42,18,00,00,00,00,00,00,00,00,00,SNR_AVG:28.40
BEI_PRN:30,03,30,10,01,02,04,28,05,20,22,27,16,06,27,SAT_TAL:08
BEI_SNR:23,00,20,00,30,00,00,00,00,30,00,38,24,22,36,SNR_AVG:27.88
QZS_PRN:00,00,00,00,00,SAT_TAL:00
QZS_SNR:00,00,00,00,00,SNR_AVG:0.00
SatInView:41 GDOP:93
Roll:-84.454384 Pitch:90.000000
X_AVG:-9.708971 Y_AVG:-1.407532 Z_AVG:0.543638
X_SD:0.066249 Y_SD:0.063077 Z_SD:0.087403
$MXCM10033,2,73,20240104,073436,12,0E70FF6C,47EFA0DC,00D1,0000,73CD,14,F202*6F
GPS_PRN:21,09,02,19619919426,31,08,04,16,00,00,00,00,SAT_TAL:10
GPS_SNR:38,00,34,30,27,27,35,24,20,25,36,00,00,00,00,SNR_AVG:29.60
GLO_PRN:78,66,68,67,77,76,88,00,00,00,00,00,00,00,00,SAT_TAL:05
GLO_SNR:19,19,00,00,21,47,32,00,00,00,00,00,00,00,00,SNR_AVG:27.60
GAL_PRN:25,10,03,24,36,09,00,00,00,00,00,00,00,00,00,SAT_TAL:04
GAL_SNR:24,33,00,42,34,00,00,00,00,00,00,00,00,00,00,SNR_AVG:33.25
BEI_PRN:07,20,30,01,27,27,30,00,00,00,00,00,00,00,00,SAT_TAL:04
BEI_SNR:00,00,22,29,33,41,00,00,00,00,00,00,00,00,00,SNR_AVG:31.25
QZS_PRN:00,00,00,00,00,SAT_TAL:00
QZS_SNR:00,00,00,00,00,SNR_AVG:0.00
SatInView:31 GDOP:106
Roll:-84.454315 Pitch:90.000000
X_AVG:-9.725012 Y_AVG:-1.409878 Z_AVG:0.541819
X_SD:0.069066 Y_SD:0.063018 Z_SD:0.091255
$MXCM10033,2,74,20240104,073451,12,0E71009A,47EF9EF3,00D2,0000,74BD,16,F202*1D
GPS_PRN:21,08,02,19619919431,26,07,04,16,09,00,00,00,SAT_TAL:11
GPS_SNR:35,20,35,30,24,27,32,35,00,16,37,18,00,00,00,SNR_AVG:28.09
GLO_PRN:88,67,66,68,78,77,76,86,00,00,00,00,00,00,00,SAT_TAL:06
GLO_SNR:32,24,14,00,17,22,47,00,00,00,00,00,00,00,00,SNR_AVG:26.00
GAL_PRN:36,25,10,03,24,09,00,00,00,00,00,00,00,00,00,SAT_TAL:04
GAL_SNR:31,23,33,00,42,00,00,00,00,00,00,00,00,00,00,SNR_AVG:32.25
BEI_PRN:30,03,30,10,01,02,04,28,05,20,22,27,06,16,27,SAT_TAL:06
BEI_SNR:22,00,26,00,28,00,00,00,00,21,00,34,00,00,39,SNR_AVG:28.33
QZS_PRN:00,00,00,00,00,SAT_TAL:00
QZS_SNR:00,00,00,00,00,SNR_AVG:0.00
SatInView:42 GDOP:99
Roll:-84.454384 Pitch:90.000000
X_AVG:-9.728699 Y_AVG:-1.402360 Z_AVG:0.551396
X_SD:0.068336 Y_SD:0.058266 Z_SD:0.092141
$MXCM10033,2,75,20240104,073707,12,0E710259,47EF9ECA,00D2,0000,30B0,16,F202*69
GPS_PRN:09,02,19519619919426,31,07,04,16,21,08,00,00,SAT_TAL:13
GPS_SNR:23,40,36,31,26,30,27,37,20,27,33,37,25,00,00,SNR_AVG:30.15
GLO_PRN:88,67,66,68,78,87,77,76,86,00,00,00,00,00,00,SAT_TAL:06
GLO_SNR:31,23,26,00,00,34,21,42,00,00,00,00,00,00,00,SNR_AVG:29.50
GAL_PRN:24,25,10,03,36,09,00,00,00,00,00,00,00,00,00,SAT_TAL:05
GAL_SNR:44,21,33,18,29,00,00,00,00,00,00,00,00,00,00,SNR_AVG:29.00
BEI_PRN:27,30,10,01,02,04,05,28,20,22,07,27,16,06,03,SAT_TAL:04
BEI_SNR:37,00,00,32,00,00,00,00,00,00,00,39,26,00,00,SNR_AVG:33.50
QZS_PRN:00,00,00,00,00,SAT_TAL:00
QZS_SNR:00,00,00,00,00,SNR_AVG:0.00
SatInView:43 GDOP:106
Roll:-84.454315 Pitch:90.000000
X_AVG:-9.739856 Y_AVG:-1.398433 Z_AVG:0.546559
X_SD:0.077742 Y_SD:0.066785 Z_SD:0.095283
$MXCM10033,2,76,20240104,073722,12,0E71020A,47EF9DED,00D2,0000,30B0,18,F202*1C
GPS_PRN:09,02,19519619919426,31,07,04,16,21,08,00,00,SAT_TAL:13
GPS_SNR:18,37,36,31,26,30,32,36,21,16,33,34,28,00,00,SNR_AVG:29.08
GLO_PRN:88,67,66,68,78,87,77,76,86,00,00,00,00,00,00,SAT_TAL:09
GLO_SNR:28,24,16,16,15,35,21,42,39,00,00,00,00,00,00,SNR_AVG:26.22
GAL_PRN:24,25,10,03,36,09,00,00,00,00,00,00,00,00,00,SAT_TAL:05
GAL_SNR:44,22,33,18,27,00,00,00,00,00,00,00,00,00,00,SNR_AVG:28.80
BEI_PRN:27,30,10,01,02,04,05,28,20,22,07,27,16,06,03,SAT_TAL:06
BEI_SNR:37,00,00,32,00,00,00,19,00,00,17,39,24,00,00,SNR_AVG:28.00
QZS_PRN:00,00,00,00,00,SAT_TAL:00
QZS_SNR:00,00,00,00,00,SNR_AVG:0.00
SatInView:43 GDOP:96
Roll:-84.454384 Pitch:90.000000
X_AVG:-9.722857 Y_AVG:-1.398146 Z_AVG:0.554700
X_SD:0.076626 Y_SD:0.068226 Z_SD:0.094790
$MXCM10033,2,77,20240104,073938,12,0E7101E1,47EFAA67,00D3,0000,0000,15,F202*1E
GPS_PRN:16,02,26,08,19619919431,07,04,21,09,00,00,00,SAT_TAL:11
GPS_SNR:32,32,36,26,33,26,32,32,00,24,43,16,00,00,00,SNR_AVG:30.18
GLO_PRN:78,77,76,88,67,66,68,00,00,00,00,00,00,00,00,SAT_TAL:03
GLO_SNR:00,00,32,00,00,21,21,00,00,00,00,00,00,00,00,SNR_AVG:24.67
GAL_PRN:03,10,25,36,24,00,00,00,00,00,00,00,00,00,00,SAT_TAL:05
GAL_SNR:16,40,20,28,38,00,00,00,00,00,00,00,00,00,00,SNR_AVG:28.40
BEI_PRN:27,30,27,30,01,20,00,00,00,00,00,00,00,00,00,SAT_TAL:06
BEI_SNR:37,19,40,27,33,31,00,00,00,00,00,00,00,00,00,SNR_AVG:31.17
QZS_PRN:00,00,00,00,00,SAT_TAL:00
QZS_SNR:00,00,00,00,00,SNR_AVG:0.00
SatInView:30 GDOP:101
Roll:-84.454315 Pitch:90.000000
X_AVG:-9.738420 Y_AVG:-1.405185 Z_AVG:0.556184
X_SD:0.065414 Y_SD:0.061932 Z_SD:0.097596
$MXCM10033,2,78,20240104,073953,12,0E710185,47EFA8B1,00D3,0000,0000,17,F202*6C
GPS_PRN:08,09,19619919402,26,31,07,04,16,21,00,00,00,SAT_TAL:11
GPS_SNR:26,00,34,26,32,32,36,34,25,23,35,43,00,00,00,SNR_AVG:31.45
GLO_PRN:76,86,67,66,68,78,87,77,88,00,00,00,00,00,00,SAT_TAL:06
GLO_SNR:29,41,18,16,20,00,00,00,32,00,00,00,00,00,00,SNR_AVG:26.00
GAL_PRN:24,25,10,03,36,00,00,00,00,00,00,00,00,00,00,SAT_TAL:05
GAL_SNR:38,20,39,18,27,00,00,00,00,00,00,00,00,00,00,SNR_AVG:28.40
BEI_PRN:30,30,03,10,01,02,04,05,28,20,22,27,16,06,27,SAT_TAL:09
BEI_SNR:23,26,00,00,33,00,00,00,24,30,00,40,21,20,37,SNR_AVG:28.22
QZS_PRN:00,00,00,00,00,SAT_TAL:00
QZS_SNR:00,00,00,00,00,SNR_AVG:0.00
SatInView:42 GDOP:97
Roll:-84.454384 Pitch:90.000000
X_AVG:-9.735738 Y_AVG:-1.404946 Z_AVG:0.551539
X_SD:0.064589 Y_SD:0.061368 Z_SD:0.096153
$MXCM10033,2,79,20240104,074208,00,0E71017C,47EFA89B,00D3,0000,0000,00,F202*1B
GPS_PRN:09,00,00,00,00,00,00,00,00,00,00,00,00,00,00,SAT_TAL:00
GPS_SNR:00,00,00,00,00,00,00,00,00,00,00,00,00,00,00,SNR_AVG:0.00
GLO_PRN:00,00,00,00,00,00,00,00,00,00,00,00,00,00,00,SAT_TAL:00
GLO_SNR:00,00,00,00,00,00,00,00,00,00,00,00,00,00,00,SNR_AVG:0.00
GAL_PRN:00,00,00,00,00,00,00,00,00,00,00,00,00,00,00,SAT_TAL:00
GAL_SNR:00,00,00,00,00,00,00,00,00,00,00,00,00,00,00,SNR_AVG:0.00
BEI_PRN:00,00,00,00,00,00,00,00,00,00,00,00,00,00,00,SAT_TAL:00
BEI_SNR:00,00,00,00,00,00,00,00,00,00,00,00,00,00,00,SNR_AVG:0.00
QZS_PRN:00,00,00,00,00,SAT_TAL:00
QZS_SNR:00,00,00,00,00,SNR_AVG:0.00
SatInView:1 GDOP:17319
Roll:0.000000 Pitch:90.000000
X_AVG:-9.910183 Y_AVG:0.036393 Z_AVG:-0.059377
X_SD:0.070067 Y_SD:0.062581 Z_SD:0.097610
$MXCM10033,2,80,20240104,074223,00,0E71017C,47EFA89B,00D3,0000,0000,00,F202*14
GPS_PRN:00,00,00,00,00,00,00,00,00,00,00,00,00,00,00,SAT_TAL:00
GPS_SNR:00,00,00,00,00,00,00,00,00,00,00,00,00,00,00,SNR_AVG:0.00
GLO_PRN:77,88,76,67,68,78,00,00,00,00,00,00,00,00,00,SAT_TAL:00
GLO_SNR:00,00,00,00,00,00,00,00,00,00,00,00,00,00,00,SNR_AVG:0.00
GAL_PRN:00,00,00,00,00,00,00,00,00,00,00,00,00,00,00,SAT_TAL:00
GAL_SNR:00,00,00,00,00,00,00,00,00,00,00,00,00,00,00,SNR_AVG:0.00
BEI_PRN:00,00,00,00,00,00,00,00,00,00,00,00,00,00,00,SAT_TAL:00
BEI_SNR:00,00,00,00,00,00,00,00,00,00,00,00,00,00,00,SNR_AVG:0.00
QZS_PRN:00,00,00,00,00,SAT_TAL:00
QZS_SNR:00,00,00,00,00,SNR_AVG:0.00
SatInView:6 GDOP:17319
Roll:0.000000 Pitch:90.000000
X_AVG:-9.899218 Y_AVG:0.046736 Z_AVG:-0.071923
X_SD:0.066406 Y_SD:0.061499 Z_SD:0.091604
$MXCM10033,2,81,20240104,074438,00,0E71017C,47EFA89B,00D3,0000,0000,00,F202*19
GPS_PRN:09,00,00,00,00,00,00,00,00,00,00,00,00,00,00,SAT_TAL:00
GPS_SNR:00,00,00,00,00,00,00,00,00,00,00,00,00,00,00,SNR_AVG:0.00
GLO_PRN:00,00,00,00,00,00,00,00,00,00,00,00,00,00,00,SAT_TAL:00
GLO_SNR:00,00,00,00,00,00,00,00,00,00,00,00,00,00,00,SNR_AVG:0.00
GAL_PRN:00,00,00,00,00,00,00,00,00,00,00,00,00,00,00,SAT_TAL:00
GAL_SNR:00,00,00,00,00,00,00,00,00,00,00,00,00,00,00,SNR_AVG:0.00
BEI_PRN:00,00,00,00,00,00,00,00,00,00,00,00,00,00,00,SAT_TAL:00
BEI_SNR:00,00,00,00,00,00,00,00,00,00,00,00,00,00,00,SNR_AVG:0.00
QZS_PRN:00,00,00,00,00,SAT_TAL:00
QZS_SNR:00,00,00,00,00,SNR_AVG:0.00
SatInView:1 GDOP:17319
Roll:48.414673 Pitch:90.000000
X_AVG:-7.741903 Y_AVG:3.062294 Z_AVG:3.539084
X_SD:1.512855 Y_SD:0.954551 Z_SD:1.590044
$MXCM10033,2,82,20240104,074453,00,0E71017C,47EFA89B,00D3,0000,0000,00,F202*17
GPS_PRN:00,00,00,00,00,00,00,00,00,00,00,00,00,00,00,SAT_TAL:00
GPS_SNR:00,00,00,00,00,00,00,00,00,00,00,00,00,00,00,SNR_AVG:0.00
GLO_PRN:77,88,76,67,78,68,00,00,00,00,00,00,00,00,00,SAT_TAL:00
GLO_SNR:00,00,00,00,00,00,00,00,00,00,00,00,00,00,00,SNR_AVG:0.00
GAL_PRN:00,00,00,00,00,00,00,00,00,00,00,00,00,00,00,SAT_TAL:00
GAL_SNR:00,00,00,00,00,00,00,00,00,00,00,00,00,00,00,SNR_AVG:0.00
BEI_PRN:00,00,00,00,00,00,00,00,00,00,00,00,00,00,00,SAT_TAL:00
BEI_SNR:00,00,00,00,00,00,00,00,00,00,00,00,00,00,00,SNR_AVG:0.00
QZS_PRN:00,00,00,00,00,SAT_TAL:00
QZS_SNR:00,00,00,00,00,SNR_AVG:0.00
SatInView:6 GDOP:17319
Roll:7.764995 Pitch:90.000000
X_AVG:-8.806482 Y_AVG:0.048268 Z_AVG:3.188949
X_SD:0.907310 Y_SD:1.224509 Z_SD:0.664133
$MXCM10033,2,83,20240104,074708,00,0E71017C,47EFA89B,00D3,0000,0000,00,F202*1B
GPS_PRN:09,00,00,00,00,00,00,00,00,00,00,00,00,00,00,SAT_TAL:00
GPS_SNR:00,00,00,00,00,00,00,00,00,00,00,00,00,00,00,SNR_AVG:0.00
GLO_PRN:00,00,00,00,00,00,00,00,00,00,00,00,00,00,00,SAT_TAL:00
GLO_SNR:00,00,00,00,00,00,00,00,00,00,00,00,00,00,00,SNR_AVG:0.00
GAL_PRN:00,00,00,00,00,00,00,00,00,00,00,00,00,00,00,SAT_TAL:00
GAL_SNR:00,00,00,00,00,00,00,00,00,00,00,00,00,00,00,SNR_AVG:0.00
BEI_PRN:00,00,00,00,00,00,00,00,00,00,00,00,00,00,00,SAT_TAL:00
BEI_SNR:00,00,00,00,00,00,00,00,00,00,00,00,00,00,00,SNR_AVG:0.00
QZS_PRN:00,00,00,00,00,SAT_TAL:00
QZS_SNR:00,00,00,00,00,SNR_AVG:0.00
SatInView:1 GDOP:19998
Roll:0.000000 Pitch:90.000000
X_AVG:-9.823559 Y_AVG:0.113392 Z_AVG:0.656647
X_SD:0.065095 Y_SD:0.063486 Z_SD:0.088018
$MXCM10033,2,84,20240104,074723,00,0E71017C,47EFA89B,00D3,0000,0000,00,F202*15
GPS_PRN:00,00,00,00,00,00,00,00,00,00,00,00,00,00,00,SAT_TAL:00
GPS_SNR:00,00,00,00,00,00,00,00,00,00,00,00,00,00,00,SNR_AVG:0.00
GLO_PRN:77,88,76,78,68,00,00,00,00,00,00,00,00,00,00,SAT_TAL:00
GLO_SNR:00,00,00,00,00,00,00,00,00,00,00,00,00,00,00,SNR_AVG:0.00
GAL_PRN:00,00,00,00,00,00,00,00,00,00,00,00,00,00,00,SAT_TAL:00
GAL_SNR:00,00,00,00,00,00,00,00,00,00,00,00,00,00,00,SNR_AVG:0.00
BEI_PRN:00,00,00,00,00,00,00,00,00,00,00,00,00,00,00,SAT_TAL:00
BEI_SNR:00,00,00,00,00,00,00,00,00,00,00,00,00,00,00,SNR_AVG:0.00
QZS_PRN:00,00,00,00,00,SAT_TAL:00
QZS_SNR:00,00,00,00,00,SNR_AVG:0.00
SatInView:5 GDOP:19998
Roll:0.000000 Pitch:90.000000
X_AVG:-9.812690 Y_AVG:0.103432 Z_AVG:0.657461
X_SD:0.070068 Y_SD:0.061807 Z_SD:0.100032
$MXCM10033,2,85,20240104,074938,00,0E71017C,47EFA89B,00D3,0000,0000,00,F202*10
GPS_PRN:16,00,00,00,00,00,00,00,00,00,00,00,00,00,00,SAT_TAL:00
GPS_SNR:00,00,00,00,00,00,00,00,00,00,00,00,00,00,00,SNR_AVG:0.00
GLO_PRN:00,00,00,00,00,00,00,00,00,00,00,00,00,00,00,SAT_TAL:00
GLO_SNR:00,00,00,00,00,00,00,00,00,00,00,00,00,00,00,SNR_AVG:0.00
GAL_PRN:00,00,00,00,00,00,00,00,00,00,00,00,00,00,00,SAT_TAL:00
GAL_SNR:00,00,00,00,00,00,00,00,00,00,00,00,00,00,00,SNR_AVG:0.00
BEI_PRN:00,00,00,00,00,00,00,00,00,00,00,00,00,00,00,SAT_TAL:00
BEI_SNR:00,00,00,00,00,00,00,00,00,00,00,00,00,00,00,SNR_AVG:0.00
QZS_PRN:00,00,00,00,00,SAT_TAL:00
QZS_SNR:00,00,00,00,00,SNR_AVG:0.00
SatInView:1 GDOP:19998
Roll:0.000000 Pitch:90.000000
X_AVG:-9.820303 Y_AVG:-0.030407 Z_AVG:0.589991
X_SD:0.101214 Y_SD:0.099243 Z_SD:0.100959
$MXCM10033,2,86,20240104,074953,00,0E71017C,47EFA89B,00D3,0000,0000,00,F202*1E
GPS_PRN:00,00,00,00,00,00,00,00,00,00,00,00,00,00,00,SAT_TAL:00
GPS_SNR:00,00,00,00,00,00,00,00,00,00,00,00,00,00,00,SNR_AVG:0.00
GLO_PRN:77,88,76,67,78,68,00,00,00,00,00,00,00,00,00,SAT_TAL:00
GLO_SNR:00,00,00,00,00,00,00,00,00,00,00,00,00,00,00,SNR_AVG:0.00
GAL_PRN:00,00,00,00,00,00,00,00,00,00,00,00,00,00,00,SAT_TAL:00
GAL_SNR:00,00,00,00,00,00,00,00,00,00,00,00,00,00,00,SNR_AVG:0.00
BEI_PRN:00,00,00,00,00,00,00,00,00,00,00,00,00,00,00,SAT_TAL:00
BEI_SNR:00,00,00,00,00,00,00,00,00,00,00,00,00,00,00,SNR_AVG:0.00
QZS_PRN:00,00,00,00,00,SAT_TAL:00
QZS_SNR:00,00,00,00,00,SNR_AVG:0.00
SatInView:6 GDOP:19998
Roll:0.000000 Pitch:90.000000
X_AVG:-9.831700 Y_AVG:0.078771 Z_AVG:0.469225
X_SD:0.079915 Y_SD:0.064255 Z_SD:0.103925
$MXCM10033,2,87,20240104,075208,00,0E71017C,47EFA89B,00D3,0000,0000,00,F202*1B
GPS_PRN:16,09,00,00,00,00,00,00,00,00,00,00,00,00,00,SAT_TAL:00
GPS_SNR:00,00,00,00,00,00,00,00,00,00,00,00,00,00,00,SNR_AVG:0.00
GLO_PRN:00,00,00,00,00,00,00,00,00,00,00,00,00,00,00,SAT_TAL:00
GLO_SNR:00,00,00,00,00,00,00,00,00,00,00,00,00,00,00,SNR_AVG:0.00
GAL_PRN:00,00,00,00,00,00,00,00,00,00,00,00,00,00,00,SAT_TAL:00
GAL_SNR:00,00,00,00,00,00,00,00,00,00,00,00,00,00,00,SNR_AVG:0.00
BEI_PRN:00,00,00,00,00,00,00,00,00,00,00,00,00,00,00,SAT_TAL:00
BEI_SNR:00,00,00,00,00,00,00,00,00,00,00,00,00,00,00,SNR_AVG:0.00
QZS_PRN:00,00,00,00,00,SAT_TAL:00
QZS_SNR:00,00,00,00,00,SNR_AVG:0.00
SatInView:2 GDOP:19998
Roll:0.000000 Pitch:90.000000
X_AVG:-9.857318 Y_AVG:0.082075 Z_AVG:0.288747
X_SD:0.076134 Y_SD:0.064547 Z_SD:0.089793
$MXCM10033,2,88,20240104,075223,00,0E71017C,47EFA89B,00D3,0000,0000,00,F202*1D
GPS_PRN:19600,00,00,00,00,00,00,00,00,00,00,00,00,00,SAT_TAL:01
GPS_SNR:19,00,00,00,00,00,00,00,00,00,00,00,00,00,00,SNR_AVG:19.00
GLO_PRN:76,67,78,68,00,00,00,00,00,00,00,00,00,00,00,SAT_TAL:00
GLO_SNR:00,00,00,00,00,00,00,00,00,00,00,00,00,00,00,SNR_AVG:0.00
GAL_PRN:00,00,00,00,00,00,00,00,00,00,00,00,00,00,00,SAT_TAL:00
GAL_SNR:00,00,00,00,00,00,00,00,00,00,00,00,00,00,00,SNR_AVG:0.00
BEI_PRN:00,00,00,00,00,00,00,00,00,00,00,00,00,00,00,SAT_TAL:00
BEI_SNR:00,00,00,00,00,00,00,00,00,00,00,00,00,00,00,SNR_AVG:0.00
QZS_PRN:00,00,00,00,00,SAT_TAL:00
QZS_SNR:00,00,00,00,00,SNR_AVG:0.00
SatInView:5 GDOP:17107
Roll:0.000000 Pitch:90.000000
X_AVG:-9.837542 Y_AVG:0.069960 Z_AVG:0.286209
X_SD:0.070625 Y_SD:0.059479 Z_SD:0.083260
$MXCM10033,2,89,20240104,075438,00,0E71017C,47EFA89B,00D3,0000,0000,00,F202*10
GPS_PRN:04,00,00,00,00,00,00,00,00,00,00,00,00,00,00,SAT_TAL:00
GPS_SNR:00,00,00,00,00,00,00,00,00,00,00,00,00,00,00,SNR_AVG:0.00
GLO_PRN:00,00,00,00,00,00,00,00,00,00,00,00,00,00,00,SAT_TAL:00
GLO_SNR:00,00,00,00,00,00,00,00,00,00,00,00,00,00,00,SNR_AVG:0.00
GAL_PRN:00,00,00,00,00,00,00,00,00,00,00,00,00,00,00,SAT_TAL:00
GAL_SNR:00,00,00,00,00,00,00,00,00,00,00,00,00,00,00,SNR_AVG:0.00
BEI_PRN:00,00,00,00,00,00,00,00,00,00,00,00,00,00,00,SAT_TAL:00
BEI_SNR:00,00,00,00,00,00,00,00,00,00,00,00,00,00,00,SNR_AVG:0.00
QZS_PRN:00,00,00,00,00,SAT_TAL:00
QZS_SNR:00,00,00,00,00,SNR_AVG:0.00
SatInView:1 GDOP:19998
Roll:0.000000 Pitch:90.000000
X_AVG:-9.559809 Y_AVG:-0.820318 Z_AVG:1.698002
X_SD:0.073383 Y_SD:0.058487 Z_SD:0.088498
$MXCM10033,2,90,20240104,075453,00,0E71017C,47EFA89B,00D3,0000,0000,00,F202*15
GPS_PRN:00,00,00,00,00,00,00,00,00,00,00,00,00,00,00,SAT_TAL:00
GPS_SNR:00,00,00,00,00,00,00,00,00,00,00,00,00,00,00,SNR_AVG:0.00
GLO_PRN:77,88,76,67,78,68,00,00,00,00,00,00,00,00,00,SAT_TAL:00
GLO_SNR:00,00,00,00,00,00,00,00,00,00,00,00,00,00,00,SNR_AVG:0.00
GAL_PRN:00,00,00,00,00,00,00,00,00,00,00,00,00,00,00,SAT_TAL:00
GAL_SNR:00,00,00,00,00,00,00,00,00,00,00,00,00,00,00,SNR_AVG:0.00
BEI_PRN:00,00,00,00,00,00,00,00,00,00,00,00,00,00,00,SAT_TAL:00
BEI_SNR:00,00,00,00,00,00,00,00,00,00,00,00,00,00,00,SNR_AVG:0.00
QZS_PRN:00,00,00,00,00,SAT_TAL:00
QZS_SNR:00,00,00,00,00,SNR_AVG:0.00
SatInView:6 GDOP:19998
Roll:0.000000 Pitch:90.000000
X_AVG:-9.547933 Y_AVG:-0.824675 Z_AVG:1.692016
X_SD:0.067458 Y_SD:0.060143 Z_SD:0.092966
$MXCM10033,3*35
$MXCM001,10033,0*2B
======== Tracker Setting ========
[System]
COMPort:COM29
SerialNumber:MX231218CW000006
FirmwareVersion:231220163813_v1.0.CN
[Periodic]
Enable:1
Stage:2
WorkMode:0
T0:15
T1:270
T2:120
T3:30
T4:120
FirstFixStage:2
TraceFixStage:0
PeriodicCycle:38
[Dynamic]
Enable:0
PrecisionChk:0
T5:45
T6:175
[Geofencing]
Enable:0
T7:20
T8:60
DistanceThreshold:1000
DestinationLongitude:121.2237164
DestinationLatitude:24.9698319
DestinationAltitude:154
[MotionDetection]
Enable:1
Angle:45
DataRate:200
SampleFrequency:50
[GPS_EPO]
EpoDataNumber:12
FWN:2295
FTOW:345600
LWN:2296
LTOW:0
[GLO_EPO]
EpoDataNumber:12
FWN:2295
FTOW:345600
LWN:2296
LTOW:0
[GAL_EPO]
EpoDataNumber:0
FWN:0
FTOW:0
LWN:0
LTOW:0
[BEI_EPO]
EpoDataNumber:0
FWN:0
FTOW:0
LWN:0
LTOW:0
