$MXCM10033,0*36
$MXCM10033,1,86,212*08
$MXCM10033,2,1,19800105,235956,00,35A4E8F5,00000000,0089,0000,0000,00,8102*54
GPS_PRN:16,19400,00,00,00,00,00,00,00,00,00,00,00,00,SAT_TAL:02
GPS_SNR:31,30,00,00,00,00,00,00,00,00,00,00,00,00,00,SNR_AVG:30.50
GLO_PRN:00,00,00,00,00,00,00,00,00,00,00,00,00,00,00,SAT_TAL:00
GLO_SNR:00,00,00,00,00,00,00,00,00,00,00,00,00,00,00,SNR_AVG:0.00
GAL_PRN:00,00,00,00,00,00,00,00,00,00,00,00,00,00,00,SAT_TAL:00
GAL_SNR:00,00,00,00,00,00,00,00,00,00,00,00,00,00,00,SNR_AVG:0.00
BEI_PRN:00,00,00,00,00,00,00,00,00,00,00,00,00,00,00,SAT_TAL:00
BEI_SNR:00,00,00,00,00,00,00,00,00,00,00,00,00,00,00,SNR_AVG:0.00
QZS_PRN:00,00,00,00,00,SAT_TAL:00
QZS_SNR:00,00,00,00,00,SNR_AVG:0.00
SatInView:2 GDOP:19998
Roll:83.320641 Pitch:50.930592
X_AVG:-7.871480 Y_AVG:7.084250 Z_AVG:-2.578272
X_SD:7.997189 Y_SD:9.684319 Z_SD:7.426864
$MXCM10033,2,2,19800106,000010,00,35A4E8F5,00000000,0089,0000,0000,00,8102*5B
GPS_PRN:19616,09,08,04,27,31,28,19421,00,00,00,00,00,SAT_TAL:10
GPS_SNR:22,30,29,32,34,34,32,31,32,19,00,00,00,00,00,SNR_AVG:29.50
GLO_PRN:00,00,00,00,00,00,00,00,00,00,00,00,00,00,00,SAT_TAL:00
GLO_SNR:00,00,00,00,00,00,00,00,00,00,00,00,00,00,00,SNR_AVG:0.00
GAL_PRN:00,00,00,00,00,00,00,00,00,00,00,00,00,00,00,SAT_TAL:00
GAL_SNR:00,00,00,00,00,00,00,00,00,00,00,00,00,00,00,SNR_AVG:0.00
BEI_PRN:00,00,00,00,00,00,00,00,00,00,00,00,00,00,00,SAT_TAL:00
BEI_SNR:00,00,00,00,00,00,00,00,00,00,00,00,00,00,00,SNR_AVG:0.00
QZS_PRN:00,00,00,00,00,SAT_TAL:00
QZS_SNR:00,00,00,00,00,SNR_AVG:0.00
SatInView:10 GDOP:19998
Roll:124.808701 Pitch:59.670013
X_AVG:-12.703794 Y_AVG:6.908656 Z_AVG:-6.577818
X_SD:6.956670 Y_SD:8.533571 Z_SD:6.571580
$MXCM10033,2,3,19800108,062042,00,35A4E8F5,00000000,0089,0000,0000,00,8102*57
GPS_PRN:19403,09,08,04,27,31,18,16,26,21,19519628,00,SAT_TAL:14
GPS_SNR:32,23,33,29,34,34,31,20,34,34,34,31,32,30,00,SNR_AVG:30.79
GLO_PRN:00,00,00,00,00,00,00,00,00,00,00,00,00,00,00,SAT_TAL:00
GLO_SNR:00,00,00,00,00,00,00,00,00,00,00,00,00,00,00,SNR_AVG:0.00
GAL_PRN:00,00,00,00,00,00,00,00,00,00,00,00,00,00,00,SAT_TAL:00
GAL_SNR:00,00,00,00,00,00,00,00,00,00,00,00,00,00,00,SNR_AVG:0.00
BEI_PRN:00,00,00,00,00,00,00,00,00,00,00,00,00,00,00,SAT_TAL:00
BEI_SNR:00,00,00,00,00,00,00,00,00,00,00,00,00,00,00,SNR_AVG:0.00
QZS_PRN:00,00,00,00,00,SAT_TAL:00
QZS_SNR:00,00,00,00,00,SNR_AVG:0.00
SatInView:14 GDOP:19998
Roll:24.849049 Pitch:30.702198
X_AVG:-12.703794 Y_AVG:6.908656 Z_AVG:-6.577818
X_SD:6.956670 Y_SD:8.533571 Z_SD:6.571580
$MXCM10033,2,4,19800108,062055,00,35A4E8F5,00000000,0089,0000,0000,00,8102*56
GPS_PRN:19403,09,08,04,27,31,18,16,26,21,19519628,00,SAT_TAL:14
GPS_SNR:27,30,32,35,31,32,31,35,29,29,28,28,32,32,00,SNR_AVG:30.79
GLO_PRN:00,00,00,00,00,00,00,00,00,00,00,00,00,00,00,SAT_TAL:00
GLO_SNR:00,00,00,00,00,00,00,00,00,00,00,00,00,00,00,SNR_AVG:0.00
GAL_PRN:00,00,00,00,00,00,00,00,00,00,00,00,00,00,00,SAT_TAL:00
GAL_SNR:00,00,00,00,00,00,00,00,00,00,00,00,00,00,00,SNR_AVG:0.00
BEI_PRN:00,00,00,00,00,00,00,00,00,00,00,00,00,00,00,SAT_TAL:00
BEI_SNR:00,00,00,00,00,00,00,00,00,00,00,00,00,00,00,SNR_AVG:0.00
QZS_PRN:00,00,00,00,00,SAT_TAL:00
QZS_SNR:00,00,00,00,00,SNR_AVG:0.00
SatInView:14 GDOP:19998
Roll:94.044685 Pitch:72.403725
X_AVG:-9.402411 Y_AVG:4.838540 Z_AVG:-3.230322
X_SD:7.592493 Y_SD:7.762353 Z_SD:7.000897
$MXCM10033,2,5,19800108,062108,00,35A4E8F5,00000000,0089,0000,0000,00,8102*5E
GPS_PRN:19403,09,08,04,27,31,18,16,26,21,19519628,00,SAT_TAL:14
GPS_SNR:30,30,31,30,25,29,31,31,33,34,26,30,32,32,00,SNR_AVG:30.29
GLO_PRN:00,00,00,00,00,00,00,00,00,00,00,00,00,00,00,SAT_TAL:00
GLO_SNR:00,00,00,00,00,00,00,00,00,00,00,00,00,00,00,SNR_AVG:0.00
GAL_PRN:00,00,00,00,00,00,00,00,00,00,00,00,00,00,00,SAT_TAL:00
GAL_SNR:00,00,00,00,00,00,00,00,00,00,00,00,00,00,00,SNR_AVG:0.00
BEI_PRN:00,00,00,00,00,00,00,00,00,00,00,00,00,00,00,SAT_TAL:00
BEI_SNR:00,00,00,00,00,00,00,00,00,00,00,00,00,00,00,SNR_AVG:0.00
QZS_PRN:00,00,00,00,00,SAT_TAL:00
QZS_SNR:00,00,00,00,00,SNR_AVG:0.00
SatInView:14 GDOP:19998
Roll:104.854988 Pitch:66.089851
X_AVG:-10.041963 Y_AVG:5.181684 Z_AVG:-2.810466
X_SD:7.930104 Y_SD:8.135885 Z_SD:5.545658
$MXCM10033,2,6,19800108,062121,00,35A4E8F5,00000000,0089,0000,0000,00,8102*56
GPS_PRN:19626,21,28,16,09,08,04,27,31,03,19419518,00,SAT_TAL:14
GPS_SNR:32,33,24,31,33,34,30,30,33,34,29,32,34,26,00,SNR_AVG:31.07
GLO_PRN:00,00,00,00,00,00,00,00,00,00,00,00,00,00,00,SAT_TAL:00
GLO_SNR:00,00,00,00,00,00,00,00,00,00,00,00,00,00,00,SNR_AVG:0.00
GAL_PRN:00,00,00,00,00,00,00,00,00,00,00,00,00,00,00,SAT_TAL:00
GAL_SNR:00,00,00,00,00,00,00,00,00,00,00,00,00,00,00,SNR_AVG:0.00
BEI_PRN:00,00,00,00,00,00,00,00,00,00,00,00,00,00,00,SAT_TAL:00
BEI_SNR:00,00,00,00,00,00,00,00,00,00,00,00,00,00,00,SNR_AVG:0.00
QZS_PRN:00,00,00,00,00,SAT_TAL:00
QZS_SNR:00,00,00,00,00,SNR_AVG:0.00
SatInView:14 GDOP:19998
Roll:133.332794 Pitch:68.696648
X_AVG:-7.953171 Y_AVG:2.746636 Z_AVG:-3.932795
X_SD:6.097228 Y_SD:6.413789 Z_SD:5.419245
$MXCM10033,2,7,19800108,062134,00,35A4E8F5,00000000,0089,0000,0000,00,8102*53
GPS_PRN:19518,26,28,16,09,08,04,03,19419631,00,00,00,SAT_TAL:12
GPS_SNR:34,33,29,36,31,34,30,34,22,25,29,33,00,00,00,SNR_AVG:30.83
GLO_PRN:00,00,00,00,00,00,00,00,00,00,00,00,00,00,00,SAT_TAL:00
GLO_SNR:00,00,00,00,00,00,00,00,00,00,00,00,00,00,00,SNR_AVG:0.00
GAL_PRN:00,00,00,00,00,00,00,00,00,00,00,00,00,00,00,SAT_TAL:00
GAL_SNR:00,00,00,00,00,00,00,00,00,00,00,00,00,00,00,SNR_AVG:0.00
BEI_PRN:00,00,00,00,00,00,00,00,00,00,00,00,00,00,00,SAT_TAL:00
BEI_SNR:00,00,00,00,00,00,00,00,00,00,00,00,00,00,00,SNR_AVG:0.00
QZS_PRN:00,00,00,00,00,SAT_TAL:00
QZS_SNR:00,00,00,00,00,SNR_AVG:0.00
SatInView:12 GDOP:19998
Roll:118.626541 Pitch:90.000000
X_AVG:-10.092146 Y_AVG:4.315396 Z_AVG:-3.470609
X_SD:7.182293 Y_SD:7.203847 Z_SD:5.607631
$MXCM10033,2,8,19800108,062147,00,35A4E8F5,00000000,0089,0000,0000,00,8102*58
GPS_PRN:19518,26,28,16,09,08,04,03,19419631,00,00,00,SAT_TAL:12
GPS_SNR:33,32,32,25,34,31,35,33,30,28,32,33,00,00,00,SNR_AVG:31.50
GLO_PRN:00,00,00,00,00,00,00,00,00,00,00,00,00,00,00,SAT_TAL:00
GLO_SNR:00,00,00,00,00,00,00,00,00,00,00,00,00,00,00,SNR_AVG:0.00
GAL_PRN:00,00,00,00,00,00,00,00,00,00,00,00,00,00,00,SAT_TAL:00
GAL_SNR:00,00,00,00,00,00,00,00,00,00,00,00,00,00,00,SNR_AVG:0.00
BEI_PRN:00,00,00,00,00,00,00,00,00,00,00,00,00,00,00,SAT_TAL:00
BEI_SNR:00,00,00,00,00,00,00,00,00,00,00,00,00,00,00,SNR_AVG:0.00
QZS_PRN:00,00,00,00,00,SAT_TAL:00
QZS_SNR:00,00,00,00,00,SNR_AVG:0.00
SatInView:12 GDOP:19998
Roll:151.563950 Pitch:65.726105
X_AVG:-12.118927 Y_AVG:5.145770 Z_AVG:-4.731517
X_SD:8.851132 Y_SD:9.516033 Z_SD:5.070380
$MXCM10033,2,9,20240102,062201,12,0E9886F6,47EEBCC3,006E,0007,0A19,08,8102*54
GPS_PRN:19504,31,26,08,28,09,18,03,21,19419616,00,00,SAT_TAL:13
GPS_SNR:33,33,34,32,35,32,33,33,31,18,26,33,26,00,00,SNR_AVG:30.69
GLO_PRN:00,00,00,00,00,00,00,00,00,00,00,00,00,00,00,SAT_TAL:00
GLO_SNR:00,00,00,00,00,00,00,00,00,00,00,00,00,00,00,SNR_AVG:0.00
GAL_PRN:00,00,00,00,00,00,00,00,00,00,00,00,00,00,00,SAT_TAL:00
GAL_SNR:00,00,00,00,00,00,00,00,00,00,00,00,00,00,00,SNR_AVG:0.00
BEI_PRN:00,00,00,00,00,00,00,00,00,00,00,00,00,00,00,SAT_TAL:00
BEI_SNR:00,00,00,00,00,00,00,00,00,00,00,00,00,00,00,SNR_AVG:0.00
QZS_PRN:00,00,00,00,00,SAT_TAL:00
QZS_SNR:00,00,00,00,00,SNR_AVG:0.00
SatInView:13 GDOP:238
Roll:128.536987 Pitch:69.637108
X_AVG:-11.751314 Y_AVG:5.318539 Z_AVG:-3.954343
X_SD:6.631429 Y_SD:8.043308 Z_SD:4.421333
$MXCM10033,2,10,20240102,062216,12,0E983861,47EF069F,007D,0015,38BF,08,8102*66
GPS_PRN:19604,31,26,08,28,09,18,03,21,19919519416,00,SAT_TAL:14
GPS_SNR:32,33,29,33,33,31,31,31,27,35,24,33,27,34,00,SNR_AVG:30.93
GLO_PRN:00,00,00,00,00,00,00,00,00,00,00,00,00,00,00,SAT_TAL:00
GLO_SNR:00,00,00,00,00,00,00,00,00,00,00,00,00,00,00,SNR_AVG:0.00
GAL_PRN:00,00,00,00,00,00,00,00,00,00,00,00,00,00,00,SAT_TAL:00
GAL_SNR:00,00,00,00,00,00,00,00,00,00,00,00,00,00,00,SNR_AVG:0.00
BEI_PRN:00,00,00,00,00,00,00,00,00,00,00,00,00,00,00,SAT_TAL:00
BEI_SNR:00,00,00,00,00,00,00,00,00,00,00,00,00,00,00,SNR_AVG:0.00
QZS_PRN:00,00,00,00,00,SAT_TAL:00
QZS_SNR:00,00,00,00,00,SNR_AVG:0.00
SatInView:14 GDOP:147
Roll:92.245110 Pitch:90.000000
X_AVG:-7.908399 Y_AVG:2.710770 Z_AVG:-2.073420
X_SD:7.968347 Y_SD:9.614258 Z_SD:4.971273
$MXCM10033,2,11,20240102,062231,12,0E980763,47EF1780,0092,0016,3FB4,08,8102*6C
GPS_PRN:19604,31,26,08,28,09,18,03,21,19919519416,00,SAT_TAL:14
GPS_SNR:33,34,32,34,32,27,32,34,30,27,21,33,31,34,00,SNR_AVG:31.00
GLO_PRN:00,00,00,00,00,00,00,00,00,00,00,00,00,00,00,SAT_TAL:00
GLO_SNR:00,00,00,00,00,00,00,00,00,00,00,00,00,00,00,SNR_AVG:0.00
GAL_PRN:00,00,00,00,00,00,00,00,00,00,00,00,00,00,00,SAT_TAL:00
GAL_SNR:00,00,00,00,00,00,00,00,00,00,00,00,00,00,00,SNR_AVG:0.00
BEI_PRN:00,00,00,00,00,00,00,00,00,00,00,00,00,00,00,SAT_TAL:00
BEI_SNR:00,00,00,00,00,00,00,00,00,00,00,00,00,00,00,SNR_AVG:0.00
QZS_PRN:00,00,00,00,00,SAT_TAL:00
QZS_SNR:00,00,00,00,00,SNR_AVG:0.00
SatInView:14 GDOP:238
Roll:121.095085 Pitch:69.223480
X_AVG:-11.493501 Y_AVG:5.159896 Z_AVG:-4.921572
X_SD:8.239902 Y_SD:9.435774 Z_SD:5.882655
$MXCM10033,2,12,20240102,062246,12,0E9797E6,47EF3944,009E,0018,47E9,08,8102*1E
GPS_PRN:19604,31,26,08,28,09,18,03,21,19919519416,00,SAT_TAL:14
GPS_SNR:34,32,32,35,34,28,32,33,33,30,24,28,31,33,00,SNR_AVG:31.36
GLO_PRN:00,00,00,00,00,00,00,00,00,00,00,00,00,00,00,SAT_TAL:00
GLO_SNR:00,00,00,00,00,00,00,00,00,00,00,00,00,00,00,SNR_AVG:0.00
GAL_PRN:00,00,00,00,00,00,00,00,00,00,00,00,00,00,00,SAT_TAL:00
GAL_SNR:00,00,00,00,00,00,00,00,00,00,00,00,00,00,00,SNR_AVG:0.00
BEI_PRN:00,00,00,00,00,00,00,00,00,00,00,00,00,00,00,SAT_TAL:00
BEI_SNR:00,00,00,00,00,00,00,00,00,00,00,00,00,00,00,SNR_AVG:0.00
QZS_PRN:00,00,00,00,00,SAT_TAL:00
QZS_SNR:00,00,00,00,00,SNR_AVG:0.00
SatInView:14 GDOP:238
Roll:94.284111 Pitch:90.000000
X_AVG:-10.579328 Y_AVG:4.816991 Z_AVG:-3.615030
X_SD:7.289414 Y_SD:8.060635 Z_SD:5.340951
$MXCM10033,2,13,20240102,062301,12,0E970E1C,47EF3164,009E,001A,4713,0A,8102*13
GPS_PRN:19504,31,26,08,28,09,18,03,21,19419919616,00,SAT_TAL:14
GPS_SNR:24,34,30,34,34,30,32,33,31,33,31,23,33,35,00,SNR_AVG:31.21
GLO_PRN:00,00,00,00,00,00,00,00,00,00,00,00,00,00,00,SAT_TAL:00
GLO_SNR:00,00,00,00,00,00,00,00,00,00,00,00,00,00,00,SNR_AVG:0.00
GAL_PRN:00,00,00,00,00,00,00,00,00,00,00,00,00,00,00,SAT_TAL:00
GAL_SNR:00,00,00,00,00,00,00,00,00,00,00,00,00,00,00,SNR_AVG:0.00
BEI_PRN:00,00,00,00,00,00,00,00,00,00,00,00,00,00,00,SAT_TAL:00
BEI_SNR:00,00,00,00,00,00,00,00,00,00,00,00,00,00,00,SNR_AVG:0.00
QZS_PRN:00,00,00,00,00,SAT_TAL:00
QZS_SNR:00,00,00,00,00,SNR_AVG:0.00
SatInView:14 GDOP:203
Roll:63.262650 Pitch:90.000000
X_AVG:-8.756538 Y_AVG:3.294632 Z_AVG:-2.526987
X_SD:8.243035 Y_SD:8.632352 Z_SD:4.747970
$MXCM10033,2,14,20240102,062316,12,0E96B0EC,47EF8428,00B8,0017,313F,0A,8102*60
GPS_PRN:19604,31,26,08,28,09,18,03,21,19419919516,00,SAT_TAL:14
GPS_SNR:32,35,28,30,34,35,33,33,27,31,25,23,35,31,00,SNR_AVG:30.86
GLO_PRN:00,00,00,00,00,00,00,00,00,00,00,00,00,00,00,SAT_TAL:00
GLO_SNR:00,00,00,00,00,00,00,00,00,00,00,00,00,00,00,SNR_AVG:0.00
GAL_PRN:00,00,00,00,00,00,00,00,00,00,00,00,00,00,00,SAT_TAL:00
GAL_SNR:00,00,00,00,00,00,00,00,00,00,00,00,00,00,00,SNR_AVG:0.00
BEI_PRN:00,00,00,00,00,00,00,00,00,00,00,00,00,00,00,SAT_TAL:00
BEI_SNR:00,00,00,00,00,00,00,00,00,00,00,00,00,00,00,SNR_AVG:0.00
QZS_PRN:00,00,00,00,00,SAT_TAL:00
QZS_SNR:00,00,00,00,00,SNR_AVG:0.00
SatInView:14 GDOP:203
Roll:85.320305 Pitch:90.000000
X_AVG:-9.635084 Y_AVG:4.188597 Z_AVG:-3.277201
X_SD:8.460562 Y_SD:8.816760 Z_SD:4.770658
$MXCM10033,2,15,20240102,062331,12,0E964448,47EFA959,00C6,0019,455D,0B,8102*6B
GPS_PRN:19604,31,26,08,28,09,18,03,21,19419919516,00,SAT_TAL:14
GPS_SNR:33,33,31,35,34,32,32,34,33,28,31,23,24,35,00,SNR_AVG:31.29
GLO_PRN:00,00,00,00,00,00,00,00,00,00,00,00,00,00,00,SAT_TAL:00
GLO_SNR:00,00,00,00,00,00,00,00,00,00,00,00,00,00,00,SNR_AVG:0.00
GAL_PRN:00,00,00,00,00,00,00,00,00,00,00,00,00,00,00,SAT_TAL:00
GAL_SNR:00,00,00,00,00,00,00,00,00,00,00,00,00,00,00,SNR_AVG:0.00
BEI_PRN:00,00,00,00,00,00,00,00,00,00,00,00,00,00,00,SAT_TAL:00
BEI_SNR:00,00,00,00,00,00,00,00,00,00,00,00,00,00,00,SNR_AVG:0.00
QZS_PRN:00,00,00,00,00,SAT_TAL:00
QZS_SNR:00,00,00,00,00,SNR_AVG:0.00
SatInView:14 GDOP:201
Roll:82.769318 Pitch:90.000000
X_AVG:-10.177190 Y_AVG:4.004958 Z_AVG:-4.226234
X_SD:8.083898 Y_SD:8.239945 Z_SD:5.310312
$MXCM10033,2,16,20240102,062346,12,0E963F93,47EF8B86,00CD,000D,26BE,0B,8102*66
GPS_PRN:19604,31,26,08,28,09,18,03,21,19419919516,00,SAT_TAL:14
GPS_SNR:32,33,25,32,35,34,34,35,30,31,24,20,32,34,00,SNR_AVG:30.79
GLO_PRN:00,00,00,00,00,00,00,00,00,00,00,00,00,00,00,SAT_TAL:00
GLO_SNR:00,00,00,00,00,00,00,00,00,00,00,00,00,00,00,SNR_AVG:0.00
GAL_PRN:00,00,00,00,00,00,00,00,00,00,00,00,00,00,00,SAT_TAL:00
GAL_SNR:00,00,00,00,00,00,00,00,00,00,00,00,00,00,00,SNR_AVG:0.00
BEI_PRN:00,00,00,00,00,00,00,00,00,00,00,00,00,00,00,SAT_TAL:00
BEI_SNR:00,00,00,00,00,00,00,00,00,00,00,00,00,00,00,SNR_AVG:0.00
QZS_PRN:00,00,00,00,00,SAT_TAL:00
QZS_SNR:00,00,00,00,00,SNR_AVG:0.00
SatInView:14 GDOP:201
Roll:131.910339 Pitch:61.742020
X_AVG:-12.111265 Y_AVG:5.868306 Z_AVG:-5.185131
X_SD:6.291478 Y_SD:9.494083 Z_SD:5.980679
$MXCM10033,2,17,20240102,062401,12,0E95C598,47EFC52B,00DB,001A,45D4,0B,8102*6D
GPS_PRN:19604,31,26,08,28,09,18,03,21,19419919516,00,SAT_TAL:14
GPS_SNR:33,34,32,34,33,33,32,34,32,31,30,23,25,35,00,SNR_AVG:31.50
GLO_PRN:00,00,00,00,00,00,00,00,00,00,00,00,00,00,00,SAT_TAL:00
GLO_SNR:00,00,00,00,00,00,00,00,00,00,00,00,00,00,00,SNR_AVG:0.00
GAL_PRN:00,00,00,00,00,00,00,00,00,00,00,00,00,00,00,SAT_TAL:00
GAL_SNR:00,00,00,00,00,00,00,00,00,00,00,00,00,00,00,SNR_AVG:0.00
BEI_PRN:00,00,00,00,00,00,00,00,00,00,00,00,00,00,00,SAT_TAL:00
BEI_SNR:00,00,00,00,00,00,00,00,00,00,00,00,00,00,00,SNR_AVG:0.00
QZS_PRN:00,00,00,00,00,SAT_TAL:00
QZS_SNR:00,00,00,00,00,SNR_AVG:0.00
SatInView:14 GDOP:201
Roll:118.795876 Pitch:69.734123
X_AVG:-10.577365 Y_AVG:3.060282 Z_AVG:-3.965165
X_SD:7.578781 Y_SD:6.376167 Z_SD:6.535903
$MXCM10033,2,18,20240102,062416,12,0E953BDF,47EFC2D9,00F9,001A,4344,0B,8102*65
GPS_PRN:19604,31,26,08,28,09,18,03,21,19419919516,00,SAT_TAL:14
GPS_SNR:34,34,31,35,33,29,32,35,32,30,30,23,26,35,00,SNR_AVG:31.36
GLO_PRN:00,00,00,00,00,00,00,00,00,00,00,00,00,00,00,SAT_TAL:00
GLO_SNR:00,00,00,00,00,00,00,00,00,00,00,00,00,00,00,SNR_AVG:0.00
GAL_PRN:00,00,00,00,00,00,00,00,00,00,00,00,00,00,00,SAT_TAL:00
GAL_SNR:00,00,00,00,00,00,00,00,00,00,00,00,00,00,00,SNR_AVG:0.00
BEI_PRN:00,00,00,00,00,00,00,00,00,00,00,00,00,00,00,SAT_TAL:00
BEI_SNR:00,00,00,00,00,00,00,00,00,00,00,00,00,00,00,SNR_AVG:0.00
QZS_PRN:00,00,00,00,00,SAT_TAL:00
QZS_SNR:00,00,00,00,00,SNR_AVG:0.00
SatInView:14 GDOP:201
Roll:123.983315 Pitch:90.000000
X_AVG:-9.989433 Y_AVG:3.379627 Z_AVG:-3.863793
X_SD:7.742369 Y_SD:8.381607 Z_SD:5.605277
$MXCM10033,2,19,20240102,062631,12,0E9053AE,47EFBF33,011B,001B,4505,0B,8202*11
GPS_PRN:19616,31,08,26,28,09,18,03,19419919504,00,00,SAT_TAL:13
GPS_SNR:34,35,31,33,34,29,30,32,28,31,23,26,33,00,00,SNR_AVG:30.69
GLO_PRN:00,00,00,00,00,00,00,00,00,00,00,00,00,00,00,SAT_TAL:00
GLO_SNR:00,00,00,00,00,00,00,00,00,00,00,00,00,00,00,SNR_AVG:0.00
GAL_PRN:00,00,00,00,00,00,00,00,00,00,00,00,00,00,00,SAT_TAL:00
GAL_SNR:00,00,00,00,00,00,00,00,00,00,00,00,00,00,00,SNR_AVG:0.00
BEI_PRN:00,00,00,00,00,00,00,00,00,00,00,00,00,00,00,SAT_TAL:00
BEI_SNR:00,00,00,00,00,00,00,00,00,00,00,00,00,00,00,SNR_AVG:0.00
QZS_PRN:00,00,00,00,00,SAT_TAL:00
QZS_SNR:00,00,00,00,00,SNR_AVG:0.00
SatInView:13 GDOP:202
Roll:84.973808 Pitch:90.000000
X_AVG:-8.998836 Y_AVG:2.382374 Z_AVG:-1.952750
X_SD:7.894549 Y_SD:7.786774 Z_SD:3.723268
$MXCM10033,2,20,20240102,062647,12,0E8FC25B,47EFE617,0124,001D,3EFD,0B,8202*1B
GPS_PRN:19616,31,08,26,28,09,18,03,21,19419919504,00,SAT_TAL:14
GPS_SNR:34,35,30,31,33,24,30,34,30,31,30,25,29,34,00,SNR_AVG:30.71
GLO_PRN:00,00,00,00,00,00,00,00,00,00,00,00,00,00,00,SAT_TAL:00
GLO_SNR:00,00,00,00,00,00,00,00,00,00,00,00,00,00,00,SNR_AVG:0.00
GAL_PRN:00,00,00,00,00,00,00,00,00,00,00,00,00,00,00,SAT_TAL:00
GAL_SNR:00,00,00,00,00,00,00,00,00,00,00,00,00,00,00,SNR_AVG:0.00
BEI_PRN:00,00,00,00,00,00,00,00,00,00,00,00,00,00,00,SAT_TAL:00
BEI_SNR:00,00,00,00,00,00,00,00,00,00,00,00,00,00,00,SNR_AVG:0.00
QZS_PRN:00,00,00,00,00,SAT_TAL:00
QZS_SNR:00,00,00,00,00,SNR_AVG:0.00
SatInView:14 GDOP:202
Roll:69.414185 Pitch:90.000000
X_AVG:-8.787759 Y_AVG:2.451089 Z_AVG:-1.778018
X_SD:8.937842 Y_SD:7.716429 Z_SD:3.611421
$MXCM10033,2,21,20240102,062903,12,0E8AA7E8,47F05100,0161,001B,44E1,0B,8202*1C
GPS_PRN:19616,31,08,26,09,28,18,03,19419919504,00,00,SAT_TAL:13
GPS_SNR:34,36,31,34,34,31,26,31,32,32,24,27,34,00,00,SNR_AVG:31.23
GLO_PRN:00,00,00,00,00,00,00,00,00,00,00,00,00,00,00,SAT_TAL:00
GLO_SNR:00,00,00,00,00,00,00,00,00,00,00,00,00,00,00,SNR_AVG:0.00
GAL_PRN:00,00,00,00,00,00,00,00,00,00,00,00,00,00,00,SAT_TAL:00
GAL_SNR:00,00,00,00,00,00,00,00,00,00,00,00,00,00,00,SNR_AVG:0.00
BEI_PRN:00,00,00,00,00,00,00,00,00,00,00,00,00,00,00,SAT_TAL:00
BEI_SNR:00,00,00,00,00,00,00,00,00,00,00,00,00,00,00,SNR_AVG:0.00
QZS_PRN:00,00,00,00,00,SAT_TAL:00
QZS_SNR:00,00,00,00,00,SNR_AVG:0.00
SatInView:13 GDOP:202
Roll:101.549812 Pitch:90.000000
X_AVG:-9.347152 Y_AVG:3.397872 Z_AVG:-2.978543
X_SD:8.079883 Y_SD:8.425670 Z_SD:4.356822
$MXCM10033,2,22,20240102,062918,12,0E8A2123,47F0780B,0173,001A,46EB,0B,8202*14
GPS_PRN:19616,31,08,26,09,28,18,21,03,19419919504,00,SAT_TAL:14
GPS_SNR:33,35,30,34,34,32,30,34,34,32,31,23,22,34,00,SNR_AVG:31.29
GLO_PRN:00,00,00,00,00,00,00,00,00,00,00,00,00,00,00,SAT_TAL:00
GLO_SNR:00,00,00,00,00,00,00,00,00,00,00,00,00,00,00,SNR_AVG:0.00
GAL_PRN:00,00,00,00,00,00,00,00,00,00,00,00,00,00,00,SAT_TAL:00
GAL_SNR:00,00,00,00,00,00,00,00,00,00,00,00,00,00,00,SNR_AVG:0.00
BEI_PRN:00,00,00,00,00,00,00,00,00,00,00,00,00,00,00,SAT_TAL:00
BEI_SNR:00,00,00,00,00,00,00,00,00,00,00,00,00,00,00,SNR_AVG:0.00
QZS_PRN:00,00,00,00,00,SAT_TAL:00
QZS_SNR:00,00,00,00,00,SNR_AVG:0.00
SatInView:14 GDOP:202
Roll:106.676910 Pitch:69.464760
X_AVG:-9.762698 Y_AVG:3.329971 Z_AVG:-2.598958
X_SD:7.876071 Y_SD:8.304207 Z_SD:3.644290
$MXCM10033,2,23,20240102,063134,12,0E8545FB,47F1A3DE,01A6,001C,3F52,0B,8202*68
GPS_PRN:19616,08,31,26,09,28,18,03,19419919504,00,00,SAT_TAL:13
GPS_SNR:34,35,32,29,34,29,24,33,31,30,24,30,34,00,00,SNR_AVG:30.69
GLO_PRN:00,00,00,00,00,00,00,00,00,00,00,00,00,00,00,SAT_TAL:00
GLO_SNR:00,00,00,00,00,00,00,00,00,00,00,00,00,00,00,SNR_AVG:0.00
GAL_PRN:00,00,00,00,00,00,00,00,00,00,00,00,00,00,00,SAT_TAL:00
GAL_SNR:00,00,00,00,00,00,00,00,00,00,00,00,00,00,00,SNR_AVG:0.00
BEI_PRN:00,00,00,00,00,00,00,00,00,00,00,00,00,00,00,SAT_TAL:00
BEI_SNR:00,00,00,00,00,00,00,00,00,00,00,00,00,00,00,SNR_AVG:0.00
QZS_PRN:00,00,00,00,00,SAT_TAL:00
QZS_SNR:00,00,00,00,00,SNR_AVG:0.00
SatInView:13 GDOP:202
Roll:56.770241 Pitch:90.000000
X_AVG:-8.468845 Y_AVG:2.804481 Z_AVG:-2.088696
X_SD:9.182114 Y_SD:8.001965 Z_SD:4.231218
$MXCM10033,2,24,20240102,063149,12,0E84B57D,47F1DD64,019B,001C,4139,0B,8202*65
GPS_PRN:19616,31,08,26,09,28,18,21,03,19419919504,00,SAT_TAL:14
GPS_SNR:34,35,31,32,33,32,33,34,33,31,30,25,26,34,00,SNR_AVG:31.64
GLO_PRN:00,00,00,00,00,00,00,00,00,00,00,00,00,00,00,SAT_TAL:00
GLO_SNR:00,00,00,00,00,00,00,00,00,00,00,00,00,00,00,SNR_AVG:0.00
GAL_PRN:00,00,00,00,00,00,00,00,00,00,00,00,00,00,00,SAT_TAL:00
GAL_SNR:00,00,00,00,00,00,00,00,00,00,00,00,00,00,00,SNR_AVG:0.00
BEI_PRN:00,00,00,00,00,00,00,00,00,00,00,00,00,00,00,SAT_TAL:00
BEI_SNR:00,00,00,00,00,00,00,00,00,00,00,00,00,00,00,SNR_AVG:0.00
QZS_PRN:00,00,00,00,00,SAT_TAL:00
QZS_SNR:00,00,00,00,00,SNR_AVG:0.00
SatInView:14 GDOP:202
Roll:54.465111 Pitch:90.000000
X_AVG:-9.080863 Y_AVG:2.406077 Z_AVG:-2.017251
X_SD:8.467004 Y_SD:7.675045 Z_SD:4.092491
$MXCM10033,2,25,20240102,063405,12,0E7FE587,47F3C902,018B,001B,3DDD,0B,8202*6F
GPS_PRN:19616,08,31,26,09,28,18,03,19419919504,00,00,SAT_TAL:13
GPS_SNR:33,34,33,29,33,30,25,34,31,29,25,30,32,00,00,SNR_AVG:30.62
GLO_PRN:00,00,00,00,00,00,00,00,00,00,00,00,00,00,00,SAT_TAL:00
GLO_SNR:00,00,00,00,00,00,00,00,00,00,00,00,00,00,00,SNR_AVG:0.00
GAL_PRN:00,00,00,00,00,00,00,00,00,00,00,00,00,00,00,SAT_TAL:00
GAL_SNR:00,00,00,00,00,00,00,00,00,00,00,00,00,00,00,SNR_AVG:0.00
BEI_PRN:00,00,00,00,00,00,00,00,00,00,00,00,00,00,00,SAT_TAL:00
BEI_SNR:00,00,00,00,00,00,00,00,00,00,00,00,00,00,00,SNR_AVG:0.00
QZS_PRN:00,00,00,00,00,SAT_TAL:00
QZS_SNR:00,00,00,00,00,SNR_AVG:0.00
SatInView:13 GDOP:203
Roll:130.655594 Pitch:90.000000
X_AVG:-9.579968 Y_AVG:3.128902 Z_AVG:-2.309685
X_SD:7.669976 Y_SD:7.837528 Z_SD:4.115368
$MXCM10033,2,26,20240102,063420,12,0E7F5C9B,47F3E66F,0185,0019,45E4,0C,8202*68
GPS_PRN:19616,08,31,26,09,28,18,21,03,19419919504,00,SAT_TAL:14
GPS_SNR:32,35,33,31,33,31,30,33,33,33,32,24,26,33,00,SNR_AVG:31.36
GLO_PRN:00,00,00,00,00,00,00,00,00,00,00,00,00,00,00,SAT_TAL:00
GLO_SNR:00,00,00,00,00,00,00,00,00,00,00,00,00,00,00,SNR_AVG:0.00
GAL_PRN:00,00,00,00,00,00,00,00,00,00,00,00,00,00,00,SAT_TAL:00
GAL_SNR:00,00,00,00,00,00,00,00,00,00,00,00,00,00,00,SNR_AVG:0.00
BEI_PRN:00,00,00,00,00,00,00,00,00,00,00,00,00,00,00,SAT_TAL:00
BEI_SNR:00,00,00,00,00,00,00,00,00,00,00,00,00,00,00,SNR_AVG:0.00
QZS_PRN:00,00,00,00,00,SAT_TAL:00
QZS_SNR:00,00,00,00,00,SNR_AVG:0.00
SatInView:14 GDOP:122
Roll:65.184929 Pitch:90.000000
X_AVG:-8.646115 Y_AVG:3.094089 Z_AVG:-1.833229
X_SD:7.408895 Y_SD:6.951716 Z_SD:3.472695
$MXCM10033,2,27,20240102,063636,12,0E7B1387,47F3F81A,016C,001B,466D,0B,8202*67
GPS_PRN:19616,08,31,26,09,28,18,03,19419919504,00,00,SAT_TAL:13
GPS_SNR:31,35,34,32,34,32,32,32,32,32,22,28,33,00,00,SNR_AVG:31.46
GLO_PRN:00,00,00,00,00,00,00,00,00,00,00,00,00,00,00,SAT_TAL:00
GLO_SNR:00,00,00,00,00,00,00,00,00,00,00,00,00,00,00,SNR_AVG:0.00
GAL_PRN:00,00,00,00,00,00,00,00,00,00,00,00,00,00,00,SAT_TAL:00
GAL_SNR:00,00,00,00,00,00,00,00,00,00,00,00,00,00,00,SNR_AVG:0.00
BEI_PRN:00,00,00,00,00,00,00,00,00,00,00,00,00,00,00,SAT_TAL:00
BEI_SNR:00,00,00,00,00,00,00,00,00,00,00,00,00,00,00,SNR_AVG:0.00
QZS_PRN:00,00,00,00,00,SAT_TAL:00
QZS_SNR:00,00,00,00,00,SNR_AVG:0.00
SatInView:13 GDOP:203
Roll:166.887375 Pitch:90.000000
X_AVG:-9.574845 Y_AVG:3.355493 Z_AVG:-2.728200
X_SD:8.359509 Y_SD:7.164291 Z_SD:3.916884
$MXCM10033,2,28,20240102,063651,12,0E7A9192,47F3CC63,0173,0018,5202,0C,8202*10
GPS_PRN:19616,08,31,26,09,28,18,21,03,19419919504,00,SAT_TAL:14
GPS_SNR:32,34,34,33,34,25,31,33,28,34,33,22,29,33,00,SNR_AVG:31.07
GLO_PRN:00,00,00,00,00,00,00,00,00,00,00,00,00,00,00,SAT_TAL:00
GLO_SNR:00,00,00,00,00,00,00,00,00,00,00,00,00,00,00,SNR_AVG:0.00
GAL_PRN:00,00,00,00,00,00,00,00,00,00,00,00,00,00,00,SAT_TAL:00
GAL_SNR:00,00,00,00,00,00,00,00,00,00,00,00,00,00,00,SNR_AVG:0.00
BEI_PRN:00,00,00,00,00,00,00,00,00,00,00,00,00,00,00,SAT_TAL:00
BEI_SNR:00,00,00,00,00,00,00,00,00,00,00,00,00,00,00,SNR_AVG:0.00
QZS_PRN:00,00,00,00,00,SAT_TAL:00
QZS_SNR:00,00,00,00,00,SNR_AVG:0.00
SatInView:14 GDOP:122
Roll:22.359871 Pitch:90.000000
X_AVG:-8.242780 Y_AVG:2.551648 Z_AVG:-3.069428
X_SD:9.233254 Y_SD:8.395749 Z_SD:5.038081
$MXCM10033,2,29,20240102,063907,12,0E75A480,47F22E92,0118,001A,4CAB,0B,8202*6B
GPS_PRN:19616,08,31,26,09,28,18,03,19419919504,00,00,SAT_TAL:13
GPS_SNR:28,34,34,34,34,30,30,34,30,33,24,29,32,00,00,SNR_AVG:31.23
GLO_PRN:00,00,00,00,00,00,00,00,00,00,00,00,00,00,00,SAT_TAL:00
GLO_SNR:00,00,00,00,00,00,00,00,00,00,00,00,00,00,00,SNR_AVG:0.00
GAL_PRN:00,00,00,00,00,00,00,00,00,00,00,00,00,00,00,SAT_TAL:00
GAL_SNR:00,00,00,00,00,00,00,00,00,00,00,00,00,00,00,SNR_AVG:0.00
BEI_PRN:00,00,00,00,00,00,00,00,00,00,00,00,00,00,00,SAT_TAL:00
BEI_SNR:00,00,00,00,00,00,00,00,00,00,00,00,00,00,00,SNR_AVG:0.00
QZS_PRN:00,00,00,00,00,SAT_TAL:00
QZS_SNR:00,00,00,00,00,SNR_AVG:0.00
SatInView:13 GDOP:203
Roll:5.100905 Pitch:90.000000
X_AVG:-8.328063 Y_AVG:1.813357 Z_AVG:-0.895545
X_SD:8.070803 Y_SD:7.068484 Z_SD:3.463767
$MXCM10033,2,30,20240102,063922,12,0E752951,47F200D0,0119,0017,53BB,0C,8202*1A
GPS_PRN:19616,08,31,26,09,28,18,21,03,19419919504,00,SAT_TAL:14
GPS_SNR:25,34,34,35,33,34,34,31,28,31,33,22,31,32,00,SNR_AVG:31.21
GLO_PRN:00,00,00,00,00,00,00,00,00,00,00,00,00,00,00,SAT_TAL:00
GLO_SNR:00,00,00,00,00,00,00,00,00,00,00,00,00,00,00,SNR_AVG:0.00
GAL_PRN:00,00,00,00,00,00,00,00,00,00,00,00,00,00,00,SAT_TAL:00
GAL_SNR:00,00,00,00,00,00,00,00,00,00,00,00,00,00,00,SNR_AVG:0.00
BEI_PRN:00,00,00,00,00,00,00,00,00,00,00,00,00,00,00,SAT_TAL:00
BEI_SNR:00,00,00,00,00,00,00,00,00,00,00,00,00,00,00,SNR_AVG:0.00
QZS_PRN:00,00,00,00,00,SAT_TAL:00
QZS_SNR:00,00,00,00,00,SNR_AVG:0.00
SatInView:14 GDOP:170
Roll:4.749496 Pitch:90.000000
X_AVG:-8.142221 Y_AVG:2.514585 Z_AVG:-0.446192
X_SD:8.444891 Y_SD:8.085192 Z_SD:3.187130
$MXCM10033,2,31,20240102,064137,12,0E7124F5,47EFCC87,00EB,0019,5286,0B,8202*6C
GPS_PRN:19616,08,31,26,09,28,18,02,03,19419919504,00,SAT_TAL:14
GPS_SNR:26,33,34,35,32,32,32,30,27,32,34,24,31,32,00,SNR_AVG:31.00
GLO_PRN:00,00,00,00,00,00,00,00,00,00,00,00,00,00,00,SAT_TAL:00
GLO_SNR:00,00,00,00,00,00,00,00,00,00,00,00,00,00,00,SNR_AVG:0.00
GAL_PRN:00,00,00,00,00,00,00,00,00,00,00,00,00,00,00,SAT_TAL:00
GAL_SNR:00,00,00,00,00,00,00,00,00,00,00,00,00,00,00,SNR_AVG:0.00
BEI_PRN:00,00,00,00,00,00,00,00,00,00,00,00,00,00,00,SAT_TAL:00
BEI_SNR:00,00,00,00,00,00,00,00,00,00,00,00,00,00,00,SNR_AVG:0.00
QZS_PRN:00,00,00,00,00,SAT_TAL:00
QZS_SNR:00,00,00,00,00,SNR_AVG:0.00
SatInView:14 GDOP:202
Roll:79.253830 Pitch:90.000000
X_AVG:-7.453587 Y_AVG:0.841148 Z_AVG:-1.407867
X_SD:5.783084 Y_SD:2.604713 Z_SD:3.711529
$MXCM10033,2,32,20240102,064153,12,0E70F3E1,47EFB432,00DF,0003,4581,0C,8202*6E
GPS_PRN:19608,16,31,26,09,28,18,21,02,03,19419919504,SAT_TAL:15
GPS_SNR:32,30,34,34,33,35,36,27,34,32,32,32,25,32,30,SNR_AVG:31.87
GLO_PRN:00,00,00,00,00,00,00,00,00,00,00,00,00,00,00,SAT_TAL:00
GLO_SNR:00,00,00,00,00,00,00,00,00,00,00,00,00,00,00,SNR_AVG:0.00
GAL_PRN:00,00,00,00,00,00,00,00,00,00,00,00,00,00,00,SAT_TAL:00
GAL_SNR:00,00,00,00,00,00,00,00,00,00,00,00,00,00,00,SNR_AVG:0.00
BEI_PRN:00,00,00,00,00,00,00,00,00,00,00,00,00,00,00,SAT_TAL:00
BEI_SNR:00,00,00,00,00,00,00,00,00,00,00,00,00,00,00,SNR_AVG:0.00
QZS_PRN:00,00,00,00,00,SAT_TAL:00
QZS_SNR:00,00,00,00,00,SNR_AVG:0.00
SatInView:15 GDOP:122
Roll:104.892700 Pitch:50.622284
X_AVG:-12.016549 Y_AVG:6.914450 Z_AVG:-1.882886
X_SD:2.398847 Y_SD:4.687945 Z_SD:2.827884
$MXCM10033,2,33,20240102,064409,12,0E710580,47EF9FCA,00DF,0000,0000,09,8201*10
GPS_PRN:19608,16,31,26,09,28,18,02,03,19419919504,00,SAT_TAL:11
GPS_SNR:29,27,18,41,35,00,36,22,37,00,26,27,37,00,00,SNR_AVG:30.45
GLO_PRN:00,00,00,00,00,00,00,00,00,00,00,00,00,00,00,SAT_TAL:00
GLO_SNR:00,00,00,00,00,00,00,00,00,00,00,00,00,00,00,SNR_AVG:0.00
GAL_PRN:00,00,00,00,00,00,00,00,00,00,00,00,00,00,00,SAT_TAL:00
GAL_SNR:00,00,00,00,00,00,00,00,00,00,00,00,00,00,00,SNR_AVG:0.00
BEI_PRN:00,00,00,00,00,00,00,00,00,00,00,00,00,00,00,SAT_TAL:00
BEI_SNR:00,00,00,00,00,00,00,00,00,00,00,00,00,00,00,SNR_AVG:0.00
QZS_PRN:00,00,00,00,00,SAT_TAL:00
QZS_SNR:00,00,00,00,00,SNR_AVG:0.00
SatInView:14 GDOP:165
Roll:100.417725 Pitch:26.600422
X_AVG:-4.655332 Y_AVG:8.543593 Z_AVG:-2.007818
X_SD:0.403231 Y_SD:0.483884 Z_SD:0.282506
$MXCM10033,2,34,20240102,064424,12,0E710573,47EF9E28,00DF,0000,05EE,0C,8201*60
GPS_PRN:19608,16,31,26,09,28,18,21,02,03,19419919504,SAT_TAL:14
GPS_SNR:27,19,24,38,39,18,35,23,30,19,00,24,20,35,14,SNR_AVG:26.07
GLO_PRN:00,00,00,00,00,00,00,00,00,00,00,00,00,00,00,SAT_TAL:00
GLO_SNR:00,00,00,00,00,00,00,00,00,00,00,00,00,00,00,SNR_AVG:0.00
GAL_PRN:00,00,00,00,00,00,00,00,00,00,00,00,00,00,00,SAT_TAL:00
GAL_SNR:00,00,00,00,00,00,00,00,00,00,00,00,00,00,00,SNR_AVG:0.00
BEI_PRN:00,00,00,00,00,00,00,00,00,00,00,00,00,00,00,SAT_TAL:00
BEI_SNR:00,00,00,00,00,00,00,00,00,00,00,00,00,00,00,SNR_AVG:0.00
QZS_PRN:00,00,00,00,00,SAT_TAL:00
QZS_SNR:00,00,00,00,00,SNR_AVG:0.00
SatInView:15 GDOP:123
Roll:101.553085 Pitch:14.445724
X_AVG:-3.161080 Y_AVG:9.107056 Z_AVG:-2.315910
X_SD:0.574237 Y_SD:0.530520 Z_SD:0.784897
$MXCM10033,2,35,20240102,064639,12,0E710379,47EFA8D0,00DF,0000,7BA1,09,8201*62
GPS_PRN:19608,16,31,26,09,28,18,02,19419919504,00,00,SAT_TAL:10
GPS_SNR:16,23,17,18,26,00,23,24,17,16,00,24,00,00,00,SNR_AVG:20.40
GLO_PRN:00,00,00,00,00,00,00,00,00,00,00,00,00,00,00,SAT_TAL:00
GLO_SNR:00,00,00,00,00,00,00,00,00,00,00,00,00,00,00,SNR_AVG:0.00
GAL_PRN:00,00,00,00,00,00,00,00,00,00,00,00,00,00,00,SAT_TAL:00
GAL_SNR:00,00,00,00,00,00,00,00,00,00,00,00,00,00,00,SNR_AVG:0.00
BEI_PRN:00,00,00,00,00,00,00,00,00,00,00,00,00,00,00,SAT_TAL:00
BEI_SNR:00,00,00,00,00,00,00,00,00,00,00,00,00,00,00,SNR_AVG:0.00
QZS_PRN:00,00,00,00,00,SAT_TAL:00
QZS_SNR:00,00,00,00,00,SNR_AVG:0.00
SatInView:13 GDOP:165
Roll:89.701271 Pitch:26.597603
X_AVG:-4.406473 Y_AVG:8.638932 Z_AVG:0.805521
X_SD:0.220023 Y_SD:0.122465 Z_SD:0.150645
$MXCM10033,2,36,20240102,064655,12,0E710144,47EFA48F,00DF,0000,2728,09,8201*6B
GPS_PRN:19608,16,31,26,09,28,21,18,02,19419919504,00,SAT_TAL:11
GPS_SNR:18,19,14,24,24,00,24,32,16,11,17,00,22,00,00,SNR_AVG:20.09
GLO_PRN:00,00,00,00,00,00,00,00,00,00,00,00,00,00,00,SAT_TAL:00
GLO_SNR:00,00,00,00,00,00,00,00,00,00,00,00,00,00,00,SNR_AVG:0.00
GAL_PRN:00,00,00,00,00,00,00,00,00,00,00,00,00,00,00,SAT_TAL:00
GAL_SNR:00,00,00,00,00,00,00,00,00,00,00,00,00,00,00,SNR_AVG:0.00
BEI_PRN:00,00,00,00,00,00,00,00,00,00,00,00,00,00,00,SAT_TAL:00
BEI_SNR:00,00,00,00,00,00,00,00,00,00,00,00,00,00,00,SNR_AVG:0.00
QZS_PRN:00,00,00,00,00,SAT_TAL:00
QZS_SNR:00,00,00,00,00,SNR_AVG:0.00
SatInView:14 GDOP:158
Roll:86.564568 Pitch:21.239532
X_AVG:-3.960664 Y_AVG:8.807679 Z_AVG:1.048155
X_SD:0.170405 Y_SD:0.089994 Z_SD:0.126103
$MXCM10033,2,37,20240102,064910,12,0E710622,47EFA4D4,00DF,0000,636B,08,8201*12
GPS_PRN:19608,16,31,26,09,28,18,02,21,19419919504,00,SAT_TAL:10
GPS_SNR:15,16,22,27,00,00,20,18,00,23,16,15,25,00,00,SNR_AVG:19.70
GLO_PRN:00,00,00,00,00,00,00,00,00,00,00,00,00,00,00,SAT_TAL:00
GLO_SNR:00,00,00,00,00,00,00,00,00,00,00,00,00,00,00,SNR_AVG:0.00
GAL_PRN:00,00,00,00,00,00,00,00,00,00,00,00,00,00,00,SAT_TAL:00
GAL_SNR:00,00,00,00,00,00,00,00,00,00,00,00,00,00,00,SNR_AVG:0.00
BEI_PRN:00,00,00,00,00,00,00,00,00,00,00,00,00,00,00,SAT_TAL:00
BEI_SNR:00,00,00,00,00,00,00,00,00,00,00,00,00,00,00,SNR_AVG:0.00
QZS_PRN:00,00,00,00,00,SAT_TAL:00
QZS_SNR:00,00,00,00,00,SNR_AVG:0.00
SatInView:14 GDOP:168
Roll:90.057259 Pitch:24.107595
X_AVG:-3.996051 Y_AVG:8.876969 Z_AVG:0.450933
X_SD:0.091779 Y_SD:0.077843 Z_SD:0.109780
$MXCM10033,2,38,20240102,064926,12,0E7105E5,47EFA011,00DF,0000,2B78,0B,8201*6B
GPS_PRN:19608,16,31,26,09,28,21,18,19419919504,00,00,SAT_TAL:12
GPS_SNR:17,00,23,26,18,13,20,20,21,16,17,20,17,00,00,SNR_AVG:19.00
GLO_PRN:00,00,00,00,00,00,00,00,00,00,00,00,00,00,00,SAT_TAL:00
GLO_SNR:00,00,00,00,00,00,00,00,00,00,00,00,00,00,00,SNR_AVG:0.00
GAL_PRN:00,00,00,00,00,00,00,00,00,00,00,00,00,00,00,SAT_TAL:00
GAL_SNR:00,00,00,00,00,00,00,00,00,00,00,00,00,00,00,SNR_AVG:0.00
BEI_PRN:00,00,00,00,00,00,00,00,00,00,00,00,00,00,00,SAT_TAL:00
BEI_SNR:00,00,00,00,00,00,00,00,00,00,00,00,00,00,00,SNR_AVG:0.00
QZS_PRN:00,00,00,00,00,SAT_TAL:00
QZS_SNR:00,00,00,00,00,SNR_AVG:0.00
SatInView:13 GDOP:126
Roll:89.521103 Pitch:19.634705
X_AVG:-3.758302 Y_AVG:8.966657 Z_AVG:0.519600
X_SD:0.091952 Y_SD:0.086975 Z_SD:0.127180
$MXCM10033,2,39,20240102,065141,12,0E70F8F5,47EFA233,00DF,0000,4AFF,07,8201*66
GPS_PRN:19608,16,31,26,09,28,18,02,21,07,19419919504,SAT_TAL:09
GPS_SNR:00,14,17,34,00,00,22,18,18,28,00,20,00,21,00,SNR_AVG:21.33
GLO_PRN:00,00,00,00,00,00,00,00,00,00,00,00,00,00,00,SAT_TAL:00
GLO_SNR:00,00,00,00,00,00,00,00,00,00,00,00,00,00,00,SNR_AVG:0.00
GAL_PRN:00,00,00,00,00,00,00,00,00,00,00,00,00,00,00,SAT_TAL:00
GAL_SNR:00,00,00,00,00,00,00,00,00,00,00,00,00,00,00,SNR_AVG:0.00
BEI_PRN:00,00,00,00,00,00,00,00,00,00,00,00,00,00,00,SAT_TAL:00
BEI_SNR:00,00,00,00,00,00,00,00,00,00,00,00,00,00,00,SNR_AVG:0.00
QZS_PRN:00,00,00,00,00,SAT_TAL:00
QZS_SNR:00,00,00,00,00,SNR_AVG:0.00
SatInView:15 GDOP:179
Roll:89.430977 Pitch:20.917801
X_AVG:-4.029475 Y_AVG:8.894830 Z_AVG:0.205427
X_SD:0.426074 Y_SD:0.337420 Z_SD:0.435794
$MXCM10033,2,40,20240102,065157,12,0E70F9F4,47EF9C8F,00DF,0000,3530,09,8201*66
GPS_PRN:19608,16,31,26,09,28,21,18,02,19419919504,00,SAT_TAL:11
GPS_SNR:14,00,20,33,18,00,18,27,14,24,21,17,23,00,00,SNR_AVG:20.82
GLO_PRN:00,00,00,00,00,00,00,00,00,00,00,00,00,00,00,SAT_TAL:00
GLO_SNR:00,00,00,00,00,00,00,00,00,00,00,00,00,00,00,SNR_AVG:0.00
GAL_PRN:00,00,00,00,00,00,00,00,00,00,00,00,00,00,00,SAT_TAL:00
GAL_SNR:00,00,00,00,00,00,00,00,00,00,00,00,00,00,00,SNR_AVG:0.00
BEI_PRN:00,00,00,00,00,00,00,00,00,00,00,00,00,00,00,SAT_TAL:00
BEI_SNR:00,00,00,00,00,00,00,00,00,00,00,00,00,00,00,SNR_AVG:0.00
QZS_PRN:00,00,00,00,00,SAT_TAL:00
QZS_SNR:00,00,00,00,00,SNR_AVG:0.00
SatInView:14 GDOP:181
Roll:88.862946 Pitch:22.421227
X_AVG:-3.983553 Y_AVG:8.844168 Z_AVG:0.680781
X_SD:0.476365 Y_SD:0.238609 Z_SD:0.342105
$MXCM10033,2,41,20240102,065412,12,0E7101C2,47EF999A,00DF,0000,3308,09,8201*6E
GPS_PRN:19604,16,31,26,09,28,18,02,21,07,19419919508,SAT_TAL:10
GPS_SNR:17,00,19,24,20,00,20,18,24,27,00,22,00,16,00,SNR_AVG:20.70
GLO_PRN:00,00,00,00,00,00,00,00,00,00,00,00,00,00,00,SAT_TAL:00
GLO_SNR:00,00,00,00,00,00,00,00,00,00,00,00,00,00,00,SNR_AVG:0.00
GAL_PRN:00,00,00,00,00,00,00,00,00,00,00,00,00,00,00,SAT_TAL:00
GAL_SNR:00,00,00,00,00,00,00,00,00,00,00,00,00,00,00,SNR_AVG:0.00
BEI_PRN:00,00,00,00,00,00,00,00,00,00,00,00,00,00,00,SAT_TAL:00
BEI_SNR:00,00,00,00,00,00,00,00,00,00,00,00,00,00,00,SNR_AVG:0.00
QZS_PRN:00,00,00,00,00,SAT_TAL:00
QZS_SNR:00,00,00,00,00,SNR_AVG:0.00
SatInView:15 GDOP:174
Roll:105.289505 Pitch:39.885586
X_AVG:-6.511258 Y_AVG:7.086692 Z_AVG:-2.486476
X_SD:0.375212 Y_SD:0.173328 Z_SD:0.305251
$MXCM10033,2,42,20240102,065428,12,0E70FECC,47EF9D16,00DF,0000,3308,0C,8201*6E
GPS_PRN:19604,16,31,26,09,28,21,18,02,19419919508,00,SAT_TAL:12
GPS_SNR:17,16,21,11,16,00,20,20,16,25,16,00,17,18,00,SNR_AVG:17.75
GLO_PRN:00,00,00,00,00,00,00,00,00,00,00,00,00,00,00,SAT_TAL:00
GLO_SNR:00,00,00,00,00,00,00,00,00,00,00,00,00,00,00,SNR_AVG:0.00
GAL_PRN:00,00,00,00,00,00,00,00,00,00,00,00,00,00,00,SAT_TAL:00
GAL_SNR:00,00,00,00,00,00,00,00,00,00,00,00,00,00,00,SNR_AVG:0.00
BEI_PRN:00,00,00,00,00,00,00,00,00,00,00,00,00,00,00,SAT_TAL:00
BEI_SNR:00,00,00,00,00,00,00,00,00,00,00,00,00,00,00,SNR_AVG:0.00
QZS_PRN:00,00,00,00,00,SAT_TAL:00
QZS_SNR:00,00,00,00,00,SNR_AVG:0.00
SatInView:14 GDOP:136
Roll:89.884773 Pitch:26.510799
X_AVG:-4.685930 Y_AVG:8.591335 Z_AVG:-0.542010
X_SD:0.079140 Y_SD:0.060307 Z_SD:0.106037
$MXCM10033,2,43,20240102,065643,12,0E710094,47EFA466,00DF,0000,2BB6,07,8201*18
GPS_PRN:19604,16,31,26,09,28,18,02,21,07,19419919508,SAT_TAL:08
GPS_SNR:27,00,21,26,00,00,25,00,19,16,00,17,00,21,00,SNR_AVG:21.50
GLO_PRN:00,00,00,00,00,00,00,00,00,00,00,00,00,00,00,SAT_TAL:00
GLO_SNR:00,00,00,00,00,00,00,00,00,00,00,00,00,00,00,SNR_AVG:0.00
GAL_PRN:00,00,00,00,00,00,00,00,00,00,00,00,00,00,00,SAT_TAL:00
GAL_SNR:00,00,00,00,00,00,00,00,00,00,00,00,00,00,00,SNR_AVG:0.00
BEI_PRN:00,00,00,00,00,00,00,00,00,00,00,00,00,00,00,SAT_TAL:00
BEI_SNR:00,00,00,00,00,00,00,00,00,00,00,00,00,00,00,SNR_AVG:0.00
QZS_PRN:00,00,00,00,00,SAT_TAL:00
QZS_SNR:00,00,00,00,00,SNR_AVG:0.00
SatInView:15 GDOP:192
Roll:89.996689 Pitch:33.575893
X_AVG:-5.585402 Y_AVG:8.044344 Z_AVG:-0.159601
X_SD:0.186473 Y_SD:0.144766 Z_SD:0.171223
$MXCM10033,2,44,20240102,065659,12,0E710061,47EFA693,00DF,0000,70C2,09,8201*6A
GPS_PRN:19604,16,31,26,09,28,21,18,02,19419919508,00,SAT_TAL:10
GPS_SNR:18,00,15,24,24,00,22,19,00,20,17,16,16,00,00,SNR_AVG:19.10
GLO_PRN:00,00,00,00,00,00,00,00,00,00,00,00,00,00,00,SAT_TAL:00
GLO_SNR:00,00,00,00,00,00,00,00,00,00,00,00,00,00,00,SNR_AVG:0.00
GAL_PRN:00,00,00,00,00,00,00,00,00,00,00,00,00,00,00,SAT_TAL:00
GAL_SNR:00,00,00,00,00,00,00,00,00,00,00,00,00,00,00,SNR_AVG:0.00
BEI_PRN:00,00,00,00,00,00,00,00,00,00,00,00,00,00,00,SAT_TAL:00
BEI_SNR:00,00,00,00,00,00,00,00,00,00,00,00,00,00,00,SNR_AVG:0.00
QZS_PRN:00,00,00,00,00,SAT_TAL:00
QZS_SNR:00,00,00,00,00,SNR_AVG:0.00
SatInView:14 GDOP:179
Roll:99.902260 Pitch:30.329325
X_AVG:-4.912235 Y_AVG:8.409803 Z_AVG:-1.585903
X_SD:0.961511 Y_SD:0.724167 Z_SD:1.248055
$MXCM10033,2,45,20240102,065914,00,0E7105AD,47EF95A6,00DF,0000,0000,00,8201*10
GPS_PRN:19604,16,31,26,09,28,18,02,21,07,19419919508,SAT_TAL:06
GPS_SNR:16,00,00,20,17,00,18,00,00,00,00,14,00,26,00,SNR_AVG:18.50
GLO_PRN:00,00,00,00,00,00,00,00,00,00,00,00,00,00,00,SAT_TAL:00
GLO_SNR:00,00,00,00,00,00,00,00,00,00,00,00,00,00,00,SNR_AVG:0.00
GAL_PRN:00,00,00,00,00,00,00,00,00,00,00,00,00,00,00,SAT_TAL:00
GAL_SNR:00,00,00,00,00,00,00,00,00,00,00,00,00,00,00,SNR_AVG:0.00
BEI_PRN:00,00,00,00,00,00,00,00,00,00,00,00,00,00,00,SAT_TAL:00
BEI_SNR:00,00,00,00,00,00,00,00,00,00,00,00,00,00,00,SNR_AVG:0.00
QZS_PRN:00,00,00,00,00,SAT_TAL:00
QZS_SNR:00,00,00,00,00,SNR_AVG:0.00
SatInView:15 GDOP:244
Roll:108.622475 Pitch:22.307634
X_AVG:-3.880313 Y_AVG:8.403338 Z_AVG:-3.759451
X_SD:2.838496 Y_SD:2.361160 Z_SD:2.302464
$MXCM10033,2,46,20240102,065929,12,0E70FFB0,47EF807A,00DF,0000,0790,09,8201*6F
GPS_PRN:19604,16,31,26,09,28,21,18,02,07,19419919508,SAT_TAL:09
GPS_SNR:16,00,16,29,21,00,17,17,00,17,00,15,00,18,00,SNR_AVG:18.44
GLO_PRN:00,00,00,00,00,00,00,00,00,00,00,00,00,00,00,SAT_TAL:00
GLO_SNR:00,00,00,00,00,00,00,00,00,00,00,00,00,00,00,SNR_AVG:0.00
GAL_PRN:00,00,00,00,00,00,00,00,00,00,00,00,00,00,00,SAT_TAL:00
GAL_SNR:00,00,00,00,00,00,00,00,00,00,00,00,00,00,00,SNR_AVG:0.00
BEI_PRN:00,00,00,00,00,00,00,00,00,00,00,00,00,00,00,SAT_TAL:00
BEI_SNR:00,00,00,00,00,00,00,00,00,00,00,00,00,00,00,SNR_AVG:0.00
QZS_PRN:00,00,00,00,00,SAT_TAL:00
QZS_SNR:00,00,00,00,00,SNR_AVG:0.00
SatInView:15 GDOP:181
Roll:116.470703 Pitch:18.442564
X_AVG:-3.221990 Y_AVG:7.919269 Z_AVG:-4.983823
X_SD:4.022033 Y_SD:6.145055 Z_SD:2.540831
$MXCM10033,2,47,20240102,070144,00,0E70FFFB,47EF807F,00DF,0000,0000,00,8201*1C
GPS_PRN:19631,26,09,28,02,18,21,07,16,00,00,00,00,00,SAT_TAL:03
GPS_SNR:00,26,22,00,00,24,00,00,00,00,00,00,00,00,00,SNR_AVG:24.00
GLO_PRN:00,00,00,00,00,00,00,00,00,00,00,00,00,00,00,SAT_TAL:00
GLO_SNR:00,00,00,00,00,00,00,00,00,00,00,00,00,00,00,SNR_AVG:0.00
GAL_PRN:00,00,00,00,00,00,00,00,00,00,00,00,00,00,00,SAT_TAL:00
GAL_SNR:00,00,00,00,00,00,00,00,00,00,00,00,00,00,00,SNR_AVG:0.00
BEI_PRN:00,00,00,00,00,00,00,00,00,00,00,00,00,00,00,SAT_TAL:00
BEI_SNR:00,00,00,00,00,00,00,00,00,00,00,00,00,00,00,SNR_AVG:0.00
QZS_PRN:00,00,00,00,00,SAT_TAL:00
QZS_SNR:00,00,00,00,00,SNR_AVG:0.00
SatInView:10 GDOP:359
Roll:89.321693 Pitch:12.482800
X_AVG:-2.770434 Y_AVG:9.378756 Z_AVG:-0.382697
X_SD:0.073943 Y_SD:0.103018 Z_SD:0.115572
$MXCM10033,2,48,20240102,070200,12,0E7101B4,47EF9D55,00DF,0000,0870,09,8201*63
GPS_PRN:19604,16,31,26,09,21,28,02,18,19419919508,00,SAT_TAL:10
GPS_SNR:00,14,00,27,21,00,20,18,20,16,14,14,13,00,00,SNR_AVG:17.70
GLO_PRN:00,00,00,00,00,00,00,00,00,00,00,00,00,00,00,SAT_TAL:00
GLO_SNR:00,00,00,00,00,00,00,00,00,00,00,00,00,00,00,SNR_AVG:0.00
GAL_PRN:00,00,00,00,00,00,00,00,00,00,00,00,00,00,00,SAT_TAL:00
GAL_SNR:00,00,00,00,00,00,00,00,00,00,00,00,00,00,00,SNR_AVG:0.00
BEI_PRN:00,00,00,00,00,00,00,00,00,00,00,00,00,00,00,SAT_TAL:00
BEI_SNR:00,00,00,00,00,00,00,00,00,00,00,00,00,00,00,SNR_AVG:0.00
QZS_PRN:00,00,00,00,00,SAT_TAL:00
QZS_SNR:00,00,00,00,00,SNR_AVG:0.00
SatInView:14 GDOP:148
Roll:89.321823 Pitch:12.484341
X_AVG:-2.748359 Y_AVG:9.383401 Z_AVG:-0.564708
X_SD:0.076804 Y_SD:0.061902 Z_SD:0.097221
$MXCM10033,2,49,20240102,070415,00,0E710BDA,47EF8E25,00DF,0000,0000,00,8201*62
GPS_PRN:19531,26,28,02,18,21,07,19419908,00,00,00,00,SAT_TAL:05
GPS_SNR:22,19,22,19,16,00,00,00,00,00,00,00,00,00,00,SNR_AVG:19.60
GLO_PRN:00,00,00,00,00,00,00,00,00,00,00,00,00,00,00,SAT_TAL:00
GLO_SNR:00,00,00,00,00,00,00,00,00,00,00,00,00,00,00,SNR_AVG:0.00
GAL_PRN:00,00,00,00,00,00,00,00,00,00,00,00,00,00,00,SAT_TAL:00
GAL_SNR:00,00,00,00,00,00,00,00,00,00,00,00,00,00,00,SNR_AVG:0.00
BEI_PRN:00,00,00,00,00,00,00,00,00,00,00,00,00,00,00,SAT_TAL:00
BEI_SNR:00,00,00,00,00,00,00,00,00,00,00,00,00,00,00,SNR_AVG:0.00
QZS_PRN:00,00,00,00,00,SAT_TAL:00
QZS_SNR:00,00,00,00,00,SNR_AVG:0.00
SatInView:11 GDOP:561
Roll:108.759743 Pitch:-3.126762
X_AVG:1.101403 Y_AVG:9.113186 Z_AVG:-3.837025
X_SD:0.233609 Y_SD:0.097566 Z_SD:0.184443
$MXCM10033,2,50,20240102,070430,12,0E7106DF,47EFAB29,00DF,0000,349F,08,8201*1F
GPS_PRN:19604,16,31,09,26,21,28,02,18,07,19419919508,SAT_TAL:08
GPS_SNR:00,00,00,19,00,21,19,22,21,00,00,16,00,19,14,SNR_AVG:18.88
GLO_PRN:00,00,00,00,00,00,00,00,00,00,00,00,00,00,00,SAT_TAL:00
GLO_SNR:00,00,00,00,00,00,00,00,00,00,00,00,00,00,00,SNR_AVG:0.00
GAL_PRN:00,00,00,00,00,00,00,00,00,00,00,00,00,00,00,SAT_TAL:00
GAL_SNR:00,00,00,00,00,00,00,00,00,00,00,00,00,00,00,SNR_AVG:0.00
BEI_PRN:00,00,00,00,00,00,00,00,00,00,00,00,00,00,00,SAT_TAL:00
BEI_SNR:00,00,00,00,00,00,00,00,00,00,00,00,00,00,00,SNR_AVG:0.00
QZS_PRN:00,00,00,00,00,SAT_TAL:00
QZS_SNR:00,00,00,00,00,SNR_AVG:0.00
SatInView:15 GDOP:180
Roll:109.487617 Pitch:-0.769449
X_AVG:0.987580 Y_AVG:9.105141 Z_AVG:-3.888789
X_SD:0.305186 Y_SD:0.145843 Z_SD:0.248929
$MXCM10033,2,51,20240102,070645,12,0E7106CB,47EF963D,00DF,0000,23BB,09,8202*16
GPS_PRN:19604,16,31,09,26,28,02,21,18,07,19419919508,SAT_TAL:10
GPS_SNR:20,00,19,15,00,24,29,21,00,19,00,23,19,31,00,SNR_AVG:22.00
GLO_PRN:00,00,00,00,00,00,00,00,00,00,00,00,00,00,00,SAT_TAL:00
GLO_SNR:00,00,00,00,00,00,00,00,00,00,00,00,00,00,00,SNR_AVG:0.00
GAL_PRN:00,00,00,00,00,00,00,00,00,00,00,00,00,00,00,SAT_TAL:00
GAL_SNR:00,00,00,00,00,00,00,00,00,00,00,00,00,00,00,SNR_AVG:0.00
BEI_PRN:00,00,00,00,00,00,00,00,00,00,00,00,00,00,00,SAT_TAL:00
BEI_SNR:00,00,00,00,00,00,00,00,00,00,00,00,00,00,00,SNR_AVG:0.00
QZS_PRN:00,00,00,00,00,SAT_TAL:00
QZS_SNR:00,00,00,00,00,SNR_AVG:0.00
SatInView:15 GDOP:181
Roll:-20.971127 Pitch:90.000000
X_AVG:-9.698819 Y_AVG:-0.842968 Z_AVG:0.578116
X_SD:0.103259 Y_SD:0.070115 Z_SD:0.104263
$MXCM10033,2,52,20240102,070701,12,0E71031E,47EFA5BD,00DF,0000,259B,0B,8202*68
GPS_PRN:19604,16,31,09,26,21,28,02,18,19419919508,00,SAT_TAL:12
GPS_SNR:20,00,22,21,00,23,18,29,28,16,24,17,33,14,00,SNR_AVG:22.08
GLO_PRN:00,00,00,00,00,00,00,00,00,00,00,00,00,00,00,SAT_TAL:00
GLO_SNR:00,00,00,00,00,00,00,00,00,00,00,00,00,00,00,SNR_AVG:0.00
GAL_PRN:00,00,00,00,00,00,00,00,00,00,00,00,00,00,00,SAT_TAL:00
GAL_SNR:00,00,00,00,00,00,00,00,00,00,00,00,00,00,00,SNR_AVG:0.00
BEI_PRN:00,00,00,00,00,00,00,00,00,00,00,00,00,00,00,SAT_TAL:00
BEI_SNR:00,00,00,00,00,00,00,00,00,00,00,00,00,00,00,SNR_AVG:0.00
QZS_PRN:00,00,00,00,00,SAT_TAL:00
QZS_SNR:00,00,00,00,00,SNR_AVG:0.00
SatInView:14 GDOP:152
Roll:-93.425598 Pitch:90.000000
X_AVG:-9.696473 Y_AVG:-0.821084 Z_AVG:0.579935
X_SD:0.666278 Y_SD:0.379691 Z_SD:0.192411
$MXCM10033,2,53,20240102,070917,12,0E70F9A1,47EFA477,00DF,0000,0000,0C,8202*63
GPS_PRN:19604,16,31,09,26,28,02,21,18,07,19419919508,SAT_TAL:13
GPS_SNR:26,19,20,42,00,29,38,36,29,17,00,20,18,39,20,SNR_AVG:27.15
GLO_PRN:00,00,00,00,00,00,00,00,00,00,00,00,00,00,00,SAT_TAL:00
GLO_SNR:00,00,00,00,00,00,00,00,00,00,00,00,00,00,00,SNR_AVG:0.00
GAL_PRN:00,00,00,00,00,00,00,00,00,00,00,00,00,00,00,SAT_TAL:00
GAL_SNR:00,00,00,00,00,00,00,00,00,00,00,00,00,00,00,SNR_AVG:0.00
BEI_PRN:00,00,00,00,00,00,00,00,00,00,00,00,00,00,00,SAT_TAL:00
BEI_SNR:00,00,00,00,00,00,00,00,00,00,00,00,00,00,00,SNR_AVG:0.00
QZS_PRN:00,00,00,00,00,SAT_TAL:00
QZS_SNR:00,00,00,00,00,SNR_AVG:0.00
SatInView:15 GDOP:138
Roll:0.000000 Pitch:90.000000
X_AVG:-9.799617 Y_AVG:-0.243687 Z_AVG:0.395722
X_SD:0.073153 Y_SD:0.076871 Z_SD:0.092182
$MXCM10033,2,54,20240102,070932,12,0E70F877,47EFA471,00DF,0000,0000,0D,8202*13
GPS_PRN:19604,16,31,09,26,21,28,02,18,19419919508,00,SAT_TAL:13
GPS_SNR:23,19,19,42,21,27,29,37,35,17,21,00,39,18,00,SNR_AVG:26.69
GLO_PRN:00,00,00,00,00,00,00,00,00,00,00,00,00,00,00,SAT_TAL:00
GLO_SNR:00,00,00,00,00,00,00,00,00,00,00,00,00,00,00,SNR_AVG:0.00
GAL_PRN:00,00,00,00,00,00,00,00,00,00,00,00,00,00,00,SAT_TAL:00
GAL_SNR:00,00,00,00,00,00,00,00,00,00,00,00,00,00,00,SNR_AVG:0.00
BEI_PRN:00,00,00,00,00,00,00,00,00,00,00,00,00,00,00,SAT_TAL:00
BEI_SNR:00,00,00,00,00,00,00,00,00,00,00,00,00,00,00,SNR_AVG:0.00
QZS_PRN:00,00,00,00,00,SAT_TAL:00
QZS_SNR:00,00,00,00,00,SNR_AVG:0.00
SatInView:14 GDOP:121
Roll:0.000000 Pitch:90.000000
X_AVG:-9.792386 Y_AVG:-0.236360 Z_AVG:0.387821
X_SD:0.069925 Y_SD:0.063662 Z_SD:0.103076
$MXCM10033,2,55,20240102,071148,12,0E70F82F,47EFA02E,00DF,0000,3AC4,0B,8202*14
GPS_PRN:19604,16,31,09,26,21,02,28,18,19419919508,00,SAT_TAL:11
GPS_SNR:26,00,22,45,00,26,35,36,40,15,24,00,40,23,00,SNR_AVG:30.18
GLO_PRN:00,00,00,00,00,00,00,00,00,00,00,00,00,00,00,SAT_TAL:00
GLO_SNR:00,00,00,00,00,00,00,00,00,00,00,00,00,00,00,SNR_AVG:0.00
GAL_PRN:00,00,00,00,00,00,00,00,00,00,00,00,00,00,00,SAT_TAL:00
GAL_SNR:00,00,00,00,00,00,00,00,00,00,00,00,00,00,00,SNR_AVG:0.00
BEI_PRN:00,00,00,00,00,00,00,00,00,00,00,00,00,00,00,SAT_TAL:00
BEI_SNR:00,00,00,00,00,00,00,00,00,00,00,00,00,00,00,SNR_AVG:0.00
QZS_PRN:00,00,00,00,00,SAT_TAL:00
QZS_SNR:00,00,00,00,00,SNR_AVG:0.00
SatInView:14 GDOP:153
Roll:0.000000 Pitch:90.000000
X_AVG:-9.801053 Y_AVG:-0.233439 Z_AVG:0.389928
X_SD:0.073643 Y_SD:0.059102 Z_SD:0.091666
$MXCM10033,2,56,20240102,071203,12,0E70F8CA,47EF9E0A,00DE,0000,3AC4,0D,8202*63
GPS_PRN:19604,16,31,09,26,21,02,28,18,19419919508,00,SAT_TAL:13
GPS_SNR:22,15,18,45,18,27,31,31,40,18,22,00,40,19,00,SNR_AVG:26.62
GLO_PRN:00,00,00,00,00,00,00,00,00,00,00,00,00,00,00,SAT_TAL:00
GLO_SNR:00,00,00,00,00,00,00,00,00,00,00,00,00,00,00,SNR_AVG:0.00
GAL_PRN:00,00,00,00,00,00,00,00,00,00,00,00,00,00,00,SAT_TAL:00
GAL_SNR:00,00,00,00,00,00,00,00,00,00,00,00,00,00,00,SNR_AVG:0.00
BEI_PRN:00,00,00,00,00,00,00,00,00,00,00,00,00,00,00,SAT_TAL:00
BEI_SNR:00,00,00,00,00,00,00,00,00,00,00,00,00,00,00,SNR_AVG:0.00
QZS_PRN:00,00,00,00,00,SAT_TAL:00
QZS_SNR:00,00,00,00,00,SNR_AVG:0.00
SatInView:14 GDOP:121
Roll:0.000000 Pitch:90.000000
X_AVG:-9.810104 Y_AVG:-0.237893 Z_AVG:0.388347
X_SD:0.077025 Y_SD:0.061587 Z_SD:0.101687
$MXCM10033,2,57,20240102,071418,12,0E70F96F,47EF83C8,00DE,0000,204C,09,8202*6D
GPS_PRN:19604,16,09,31,26,21,02,28,07,18,19419919508,SAT_TAL:10
GPS_SNR:00,00,20,00,42,25,34,28,38,00,00,19,18,42,18,SNR_AVG:28.40
GLO_PRN:00,00,00,00,00,00,00,00,00,00,00,00,00,00,00,SAT_TAL:00
GLO_SNR:00,00,00,00,00,00,00,00,00,00,00,00,00,00,00,SNR_AVG:0.00
GAL_PRN:00,00,00,00,00,00,00,00,00,00,00,00,00,00,00,SAT_TAL:00
GAL_SNR:00,00,00,00,00,00,00,00,00,00,00,00,00,00,00,SNR_AVG:0.00
BEI_PRN:00,00,00,00,00,00,00,00,00,00,00,00,00,00,00,SAT_TAL:00
BEI_SNR:00,00,00,00,00,00,00,00,00,00,00,00,00,00,00,SNR_AVG:0.00
QZS_PRN:00,00,00,00,00,SAT_TAL:00
QZS_SNR:00,00,00,00,00,SNR_AVG:0.00
SatInView:15 GDOP:169
Roll:0.000000 Pitch:90.000000
X_AVG:-9.817861 Y_AVG:-0.227933 Z_AVG:0.381931
X_SD:0.176777 Y_SD:0.150319 Z_SD:0.104233
$MXCM10033,2,58,20240102,071434,12,0E70F824,47EFA0AC,00DE,0000,204C,0A,8202*60
GPS_PRN:19604,16,09,31,26,21,02,28,18,19419919508,00,SAT_TAL:12
GPS_SNR:23,00,24,00,43,25,36,33,40,18,18,19,43,23,00,SNR_AVG:28.75
GLO_PRN:00,00,00,00,00,00,00,00,00,00,00,00,00,00,00,SAT_TAL:00
GLO_SNR:00,00,00,00,00,00,00,00,00,00,00,00,00,00,00,SNR_AVG:0.00
GAL_PRN:00,00,00,00,00,00,00,00,00,00,00,00,00,00,00,SAT_TAL:00
GAL_SNR:00,00,00,00,00,00,00,00,00,00,00,00,00,00,00,SNR_AVG:0.00
BEI_PRN:00,00,00,00,00,00,00,00,00,00,00,00,00,00,00,SAT_TAL:00
BEI_SNR:00,00,00,00,00,00,00,00,00,00,00,00,00,00,00,SNR_AVG:0.00
QZS_PRN:00,00,00,00,00,SAT_TAL:00
QZS_SNR:00,00,00,00,00,SNR_AVG:0.00
SatInView:14 GDOP:154
Roll:0.000000 Pitch:90.000000
X_AVG:-9.819681 Y_AVG:-0.227023 Z_AVG:0.398643
X_SD:0.072231 Y_SD:0.061939 Z_SD:0.092479
$MXCM10033,2,59,20240102,071649,12,0E70F624,47EF9F91,00DE,0000,3A4C,08,8202*6A
GPS_PRN:19604,16,09,31,26,21,02,07,28,18,19419919508,SAT_TAL:09
GPS_SNR:00,19,00,00,40,00,29,33,00,42,00,18,19,41,24,SNR_AVG:29.44
GLO_PRN:00,00,00,00,00,00,00,00,00,00,00,00,00,00,00,SAT_TAL:00
GLO_SNR:00,00,00,00,00,00,00,00,00,00,00,00,00,00,00,SNR_AVG:0.00
GAL_PRN:00,00,00,00,00,00,00,00,00,00,00,00,00,00,00,SAT_TAL:00
GAL_SNR:00,00,00,00,00,00,00,00,00,00,00,00,00,00,00,SNR_AVG:0.00
BEI_PRN:00,00,00,00,00,00,00,00,00,00,00,00,00,00,00,SAT_TAL:00
BEI_SNR:00,00,00,00,00,00,00,00,00,00,00,00,00,00,00,SNR_AVG:0.00
QZS_PRN:00,00,00,00,00,SAT_TAL:00
QZS_SNR:00,00,00,00,00,SNR_AVG:0.00
SatInView:15 GDOP:188
Roll:115.990128 Pitch:90.000000
X_AVG:-9.801772 Y_AVG:-0.192977 Z_AVG:0.406113
X_SD:0.409489 Y_SD:0.343842 Z_SD:0.125911
$MXCM10033,2,60,20240102,071705,12,0E70F6B3,47EFA16D,00DE,0000,3A4C,09,8202*6A
GPS_PRN:19604,16,09,31,26,21,02,28,18,19419919508,00,SAT_TAL:11
GPS_SNR:24,18,00,00,40,00,30,34,42,17,19,19,40,24,00,SNR_AVG:27.91
GLO_PRN:00,00,00,00,00,00,00,00,00,00,00,00,00,00,00,SAT_TAL:00
GLO_SNR:00,00,00,00,00,00,00,00,00,00,00,00,00,00,00,SNR_AVG:0.00
GAL_PRN:00,00,00,00,00,00,00,00,00,00,00,00,00,00,00,SAT_TAL:00
GAL_SNR:00,00,00,00,00,00,00,00,00,00,00,00,00,00,00,SNR_AVG:0.00
BEI_PRN:00,00,00,00,00,00,00,00,00,00,00,00,00,00,00,SAT_TAL:00
BEI_SNR:00,00,00,00,00,00,00,00,00,00,00,00,00,00,00,SNR_AVG:0.00
QZS_PRN:00,00,00,00,00,SAT_TAL:00
QZS_SNR:00,00,00,00,00,SNR_AVG:0.00
SatInView:14 GDOP:185
Roll:-9.864617 Pitch:90.000000
X_AVG:-9.819824 Y_AVG:-0.230087 Z_AVG:0.400079
X_SD:0.323783 Y_SD:0.212744 Z_SD:0.110329
$MXCM10033,2,61,20240102,071921,12,0E70F538,47EF9B38,00DD,0000,6D18,09,8202*17
GPS_PRN:19604,16,09,31,26,21,02,07,28,18,19419919508,SAT_TAL:13
GPS_SNR:23,16,20,00,46,26,16,23,00,41,16,19,20,35,21,SNR_AVG:24.77
GLO_PRN:00,00,00,00,00,00,00,00,00,00,00,00,00,00,00,SAT_TAL:00
GLO_SNR:00,00,00,00,00,00,00,00,00,00,00,00,00,00,00,SNR_AVG:0.00
GAL_PRN:00,00,00,00,00,00,00,00,00,00,00,00,00,00,00,SAT_TAL:00
GAL_SNR:00,00,00,00,00,00,00,00,00,00,00,00,00,00,00,SNR_AVG:0.00
BEI_PRN:00,00,00,00,00,00,00,00,00,00,00,00,00,00,00,SAT_TAL:00
BEI_SNR:00,00,00,00,00,00,00,00,00,00,00,00,00,00,00,SNR_AVG:0.00
QZS_PRN:00,00,00,00,00,SAT_TAL:00
QZS_SNR:00,00,00,00,00,SNR_AVG:0.00
SatInView:15 GDOP:167
Roll:-86.846451 Pitch:90.000000
X_AVG:-9.767917 Y_AVG:-0.198148 Z_AVG:0.380351
X_SD:0.509893 Y_SD:0.323906 Z_SD:0.114289
$MXCM10033,2,62,20240102,071936,12,0E70F487,47EF99C4,00DD,0000,6FF5,0B,8202*13
GPS_PRN:19604,16,09,31,26,21,02,07,28,18,19419919508,SAT_TAL:13
GPS_SNR:19,00,00,17,44,21,27,30,14,41,18,18,22,35,14,SNR_AVG:24.62
GLO_PRN:00,00,00,00,00,00,00,00,00,00,00,00,00,00,00,SAT_TAL:00
GLO_SNR:00,00,00,00,00,00,00,00,00,00,00,00,00,00,00,SNR_AVG:0.00
GAL_PRN:00,00,00,00,00,00,00,00,00,00,00,00,00,00,00,SAT_TAL:00
GAL_SNR:00,00,00,00,00,00,00,00,00,00,00,00,00,00,00,SNR_AVG:0.00
BEI_PRN:00,00,00,00,00,00,00,00,00,00,00,00,00,00,00,SAT_TAL:00
BEI_SNR:00,00,00,00,00,00,00,00,00,00,00,00,00,00,00,SNR_AVG:0.00
QZS_PRN:00,00,00,00,00,SAT_TAL:00
QZS_SNR:00,00,00,00,00,SNR_AVG:0.00
SatInView:15 GDOP:123
Roll:-1.006828 Pitch:90.000000
X_AVG:-9.815658 Y_AVG:-0.222569 Z_AVG:0.388922
X_SD:0.121754 Y_SD:0.090361 Z_SD:0.106420
$MXCM10033,2,63,20240102,072151,12,0E70F876,47EF9897,00C2,0006,383F,0B,8202*68
GPS_PRN:19604,16,09,31,26,21,02,07,28,18,19419919508,SAT_TAL:12
GPS_SNR:25,22,17,00,23,19,24,19,00,30,00,17,18,22,21,SNR_AVG:21.42
GLO_PRN:00,00,00,00,00,00,00,00,00,00,00,00,00,00,00,SAT_TAL:00
GLO_SNR:00,00,00,00,00,00,00,00,00,00,00,00,00,00,00,SNR_AVG:0.00
GAL_PRN:00,00,00,00,00,00,00,00,00,00,00,00,00,00,00,SAT_TAL:00
GAL_SNR:00,00,00,00,00,00,00,00,00,00,00,00,00,00,00,SNR_AVG:0.00
BEI_PRN:00,00,00,00,00,00,00,00,00,00,00,00,00,00,00,SAT_TAL:00
BEI_SNR:00,00,00,00,00,00,00,00,00,00,00,00,00,00,00,SNR_AVG:0.00
QZS_PRN:00,00,00,00,00,SAT_TAL:00
QZS_SNR:00,00,00,00,00,SNR_AVG:0.00
SatInView:15 GDOP:273
Roll:136.002594 Pitch:90.000000
X_AVG:-9.696904 Y_AVG:-1.056056 Z_AVG:1.013773
X_SD:1.159477 Y_SD:0.966367 Z_SD:1.096129
$MXCM10033,2,64,20240102,072206,12,0E70F614,47EF9608,00C1,0000,3CF7,0C,8202*17
GPS_PRN:19604,16,09,31,26,21,02,07,28,18,19419919508,SAT_TAL:12
GPS_SNR:15,19,18,00,28,26,17,21,15,21,00,17,00,20,27,SNR_AVG:20.33
GLO_PRN:00,00,00,00,00,00,00,00,00,00,00,00,00,00,00,SAT_TAL:00
GLO_SNR:00,00,00,00,00,00,00,00,00,00,00,00,00,00,00,SNR_AVG:0.00
GAL_PRN:00,00,00,00,00,00,00,00,00,00,00,00,00,00,00,SAT_TAL:00
GAL_SNR:00,00,00,00,00,00,00,00,00,00,00,00,00,00,00,SNR_AVG:0.00
BEI_PRN:00,00,00,00,00,00,00,00,00,00,00,00,00,00,00,SAT_TAL:00
BEI_SNR:00,00,00,00,00,00,00,00,00,00,00,00,00,00,00,SNR_AVG:0.00
QZS_PRN:00,00,00,00,00,SAT_TAL:00
QZS_SNR:00,00,00,00,00,SNR_AVG:0.00
SatInView:15 GDOP:121
Roll:-20.810209 Pitch:90.000000
X_AVG:-9.707151 Y_AVG:-0.937157 Z_AVG:0.926048
X_SD:0.069492 Y_SD:0.065358 Z_SD:0.089719
$MXCM10033,2,65,20240102,072422,12,0E7108A5,47EF9299,00BC,0009,0235,07,8202*19
GPS_PRN:19604,16,09,31,26,21,02,07,28,18,19419919508,SAT_TAL:08
GPS_SNR:28,32,00,00,24,00,32,27,00,00,00,00,19,32,26,SNR_AVG:27.50
GLO_PRN:00,00,00,00,00,00,00,00,00,00,00,00,00,00,00,SAT_TAL:00
GLO_SNR:00,00,00,00,00,00,00,00,00,00,00,00,00,00,00,SNR_AVG:0.00
GAL_PRN:00,00,00,00,00,00,00,00,00,00,00,00,00,00,00,SAT_TAL:00
GAL_SNR:00,00,00,00,00,00,00,00,00,00,00,00,00,00,00,SNR_AVG:0.00
BEI_PRN:00,00,00,00,00,00,00,00,00,00,00,00,00,00,00,SAT_TAL:00
BEI_SNR:00,00,00,00,00,00,00,00,00,00,00,00,00,00,00,SNR_AVG:0.00
QZS_PRN:00,00,00,00,00,SAT_TAL:00
QZS_SNR:00,00,00,00,00,SNR_AVG:0.00
SatInView:15 GDOP:239
Roll:0.000000 Pitch:90.000000
X_AVG:-9.758819 Y_AVG:-0.376137 Z_AVG:0.754859
X_SD:0.069395 Y_SD:0.064643 Z_SD:0.093049
$MXCM10033,2,66,20240102,072437,12,0E71041E,47EF8E91,00C1,0000,8556,0A,8202*6A
GPS_PRN:19604,16,09,31,26,21,02,07,28,18,19419919508,SAT_TAL:11
GPS_SNR:28,29,17,12,27,00,32,26,00,20,00,00,19,32,23,SNR_AVG:24.09
GLO_PRN:00,00,00,00,00,00,00,00,00,00,00,00,00,00,00,SAT_TAL:00
GLO_SNR:00,00,00,00,00,00,00,00,00,00,00,00,00,00,00,SNR_AVG:0.00
GAL_PRN:00,00,00,00,00,00,00,00,00,00,00,00,00,00,00,SAT_TAL:00
GAL_SNR:00,00,00,00,00,00,00,00,00,00,00,00,00,00,00,SNR_AVG:0.00
BEI_PRN:00,00,00,00,00,00,00,00,00,00,00,00,00,00,00,SAT_TAL:00
BEI_SNR:00,00,00,00,00,00,00,00,00,00,00,00,00,00,00,SNR_AVG:0.00
QZS_PRN:00,00,00,00,00,SAT_TAL:00
QZS_SNR:00,00,00,00,00,SNR_AVG:0.00
SatInView:15 GDOP:145
Roll:0.000000 Pitch:90.000000
X_AVG:-9.753456 Y_AVG:-0.377238 Z_AVG:0.770996
X_SD:0.075193 Y_SD:0.054182 Z_SD:0.094001
$MXCM10033,2,67,20240102,072652,00,0E70FB32,47EF8F22,00C1,0000,0000,00,8202*69
GPS_PRN:19604,16,09,31,21,26,02,07,28,18,19419919508,SAT_TAL:05
GPS_SNR:00,17,18,00,20,00,00,00,00,00,00,16,00,15,00,SNR_AVG:17.20
GLO_PRN:00,00,00,00,00,00,00,00,00,00,00,00,00,00,00,SAT_TAL:00
GLO_SNR:00,00,00,00,00,00,00,00,00,00,00,00,00,00,00,SNR_AVG:0.00
GAL_PRN:00,00,00,00,00,00,00,00,00,00,00,00,00,00,00,SAT_TAL:00
GAL_SNR:00,00,00,00,00,00,00,00,00,00,00,00,00,00,00,SNR_AVG:0.00
BEI_PRN:00,00,00,00,00,00,00,00,00,00,00,00,00,00,00,SAT_TAL:00
BEI_SNR:00,00,00,00,00,00,00,00,00,00,00,00,00,00,00,SNR_AVG:0.00
QZS_PRN:00,00,00,00,00,SAT_TAL:00
QZS_SNR:00,00,00,00,00,SNR_AVG:0.00
SatInView:15 GDOP:539
Roll:0.000000 Pitch:90.000000
X_AVG:-9.750631 Y_AVG:-0.024230 Z_AVG:0.778275
X_SD:0.077131 Y_SD:0.060136 Z_SD:0.101897
$MXCM10033,2,68,20240102,072707,12,0E70FC69,47EF9B73,00C1,0000,42A2,07,8202*18
GPS_PRN:19604,16,09,31,21,26,02,07,28,18,19419919508,SAT_TAL:07
GPS_SNR:00,15,19,00,17,16,00,16,00,00,00,16,00,15,00,SNR_AVG:16.29
GLO_PRN:00,00,00,00,00,00,00,00,00,00,00,00,00,00,00,SAT_TAL:00
GLO_SNR:00,00,00,00,00,00,00,00,00,00,00,00,00,00,00,SNR_AVG:0.00
GAL_PRN:00,00,00,00,00,00,00,00,00,00,00,00,00,00,00,SAT_TAL:00
GAL_SNR:00,00,00,00,00,00,00,00,00,00,00,00,00,00,00,SNR_AVG:0.00
BEI_PRN:00,00,00,00,00,00,00,00,00,00,00,00,00,00,00,SAT_TAL:00
BEI_SNR:00,00,00,00,00,00,00,00,00,00,00,00,00,00,00,SNR_AVG:0.00
QZS_PRN:00,00,00,00,00,SAT_TAL:00
QZS_SNR:00,00,00,00,00,SNR_AVG:0.00
SatInView:15 GDOP:179
Roll:180.000015 Pitch:90.000000
X_AVG:-9.768252 Y_AVG:-0.035004 Z_AVG:0.724548
X_SD:0.069424 Y_SD:0.058526 Z_SD:0.095317
$MXCM10033,2,69,20240102,072922,00,0E70FC81,47EF9B9A,00C1,0000,0000,00,8202*1B
GPS_PRN:07,28,19600,00,00,00,00,00,00,00,00,00,00,00,SAT_TAL:00
GPS_SNR:00,00,00,00,00,00,00,00,00,00,00,00,00,00,00,SNR_AVG:0.00
GLO_PRN:00,00,00,00,00,00,00,00,00,00,00,00,00,00,00,SAT_TAL:00
GLO_SNR:00,00,00,00,00,00,00,00,00,00,00,00,00,00,00,SNR_AVG:0.00
GAL_PRN:00,00,00,00,00,00,00,00,00,00,00,00,00,00,00,SAT_TAL:00
GAL_SNR:00,00,00,00,00,00,00,00,00,00,00,00,00,00,00,SNR_AVG:0.00
BEI_PRN:00,00,00,00,00,00,00,00,00,00,00,00,00,00,00,SAT_TAL:00
BEI_SNR:00,00,00,00,00,00,00,00,00,00,00,00,00,00,00,SNR_AVG:0.00
QZS_PRN:00,00,00,00,00,SAT_TAL:00
QZS_SNR:00,00,00,00,00,SNR_AVG:0.00
SatInView:3 GDOP:17319
Roll:154.245880 Pitch:42.668270
X_AVG:-8.803992 Y_AVG:2.283827 Z_AVG:-2.285120
X_SD:5.031424 Y_SD:4.496487 Z_SD:4.130029
$MXCM10033,2,70,20240102,072937,00,0E70FC81,47EF9B9A,00C1,0000,0000,00,8202*17
GPS_PRN:31,02,07,28,18,19600,00,00,00,00,00,00,00,00,SAT_TAL:01
GPS_SNR:15,00,00,00,00,00,00,00,00,00,00,00,00,00,00,SNR_AVG:15.00
GLO_PRN:00,00,00,00,00,00,00,00,00,00,00,00,00,00,00,SAT_TAL:00
GLO_SNR:00,00,00,00,00,00,00,00,00,00,00,00,00,00,00,SNR_AVG:0.00
GAL_PRN:00,00,00,00,00,00,00,00,00,00,00,00,00,00,00,SAT_TAL:00
GAL_SNR:00,00,00,00,00,00,00,00,00,00,00,00,00,00,00,SNR_AVG:0.00
BEI_PRN:00,00,00,00,00,00,00,00,00,00,00,00,00,00,00,SAT_TAL:00
BEI_SNR:00,00,00,00,00,00,00,00,00,00,00,00,00,00,00,SNR_AVG:0.00
QZS_PRN:00,00,00,00,00,SAT_TAL:00
QZS_SNR:00,00,00,00,00,SNR_AVG:0.00
SatInView:6 GDOP:17004
Roll:-0.580386 Pitch:90.000000
X_AVG:-9.238836 Y_AVG:2.147929 Z_AVG:2.084817
X_SD:1.891104 Y_SD:1.555815 Z_SD:0.683872
$MXCM10033,2,71,20240102,073152,00,0E70FC81,47EF9B9A,00C1,0000,0000,00,8202*1C
GPS_PRN:19604,16,09,21,31,26,02,28,18,19419919508,00,SAT_TAL:02
GPS_SNR:00,00,00,00,21,00,00,20,00,00,00,00,00,00,00,SNR_AVG:20.50
GLO_PRN:00,00,00,00,00,00,00,00,00,00,00,00,00,00,00,SAT_TAL:00
GLO_SNR:00,00,00,00,00,00,00,00,00,00,00,00,00,00,00,SNR_AVG:0.00
GAL_PRN:00,00,00,00,00,00,00,00,00,00,00,00,00,00,00,SAT_TAL:00
GAL_SNR:00,00,00,00,00,00,00,00,00,00,00,00,00,00,00,SNR_AVG:0.00
BEI_PRN:00,00,00,00,00,00,00,00,00,00,00,00,00,00,00,SAT_TAL:00
BEI_SNR:00,00,00,00,00,00,00,00,00,00,00,00,00,00,00,SNR_AVG:0.00
QZS_PRN:00,00,00,00,00,SAT_TAL:00
QZS_SNR:00,00,00,00,00,SNR_AVG:0.00
SatInView:14 GDOP:16964
Roll:0.000000 Pitch:90.000000
X_AVG:-9.708875 Y_AVG:-0.612353 Z_AVG:0.966846
X_SD:0.064846 Y_SD:0.065989 Z_SD:0.098113
$MXCM10033,2,72,20240102,073207,12,0E710036,47EF8785,00C1,0000,3156,08,8202*1F
GPS_PRN:19604,16,09,21,31,26,02,07,28,18,19419919508,SAT_TAL:08
GPS_SNR:16,00,15,00,23,00,12,22,18,00,00,00,00,19,13,SNR_AVG:17.25
GLO_PRN:00,00,00,00,00,00,00,00,00,00,00,00,00,00,00,SAT_TAL:00
GLO_SNR:00,00,00,00,00,00,00,00,00,00,00,00,00,00,00,SNR_AVG:0.00
GAL_PRN:00,00,00,00,00,00,00,00,00,00,00,00,00,00,00,SAT_TAL:00
GAL_SNR:00,00,00,00,00,00,00,00,00,00,00,00,00,00,00,SNR_AVG:0.00
BEI_PRN:00,00,00,00,00,00,00,00,00,00,00,00,00,00,00,SAT_TAL:00
BEI_SNR:00,00,00,00,00,00,00,00,00,00,00,00,00,00,00,SNR_AVG:0.00
QZS_PRN:00,00,00,00,00,SAT_TAL:00
QZS_SNR:00,00,00,00,00,SNR_AVG:0.00
SatInView:15 GDOP:141
Roll:0.000000 Pitch:90.000000
X_AVG:-9.706002 Y_AVG:-0.613215 Z_AVG:0.973598
X_SD:0.066399 Y_SD:0.060924 Z_SD:0.088650
$MXCM10033,2,73,20240102,073422,00,0E710009,47EF84CB,00C1,0000,0000,00,8202*16
GPS_PRN:08,07,28,00,00,00,00,00,00,00,00,00,00,00,00,SAT_TAL:00
GPS_SNR:00,00,00,00,00,00,00,00,00,00,00,00,00,00,00,SNR_AVG:0.00
GLO_PRN:00,00,00,00,00,00,00,00,00,00,00,00,00,00,00,SAT_TAL:00
GLO_SNR:00,00,00,00,00,00,00,00,00,00,00,00,00,00,00,SNR_AVG:0.00
GAL_PRN:00,00,00,00,00,00,00,00,00,00,00,00,00,00,00,SAT_TAL:00
GAL_SNR:00,00,00,00,00,00,00,00,00,00,00,00,00,00,00,SNR_AVG:0.00
BEI_PRN:00,00,00,00,00,00,00,00,00,00,00,00,00,00,00,SAT_TAL:00
BEI_SNR:00,00,00,00,00,00,00,00,00,00,00,00,00,00,00,SNR_AVG:0.00
QZS_PRN:00,00,00,00,00,SAT_TAL:00
QZS_SNR:00,00,00,00,00,SNR_AVG:0.00
SatInView:3 GDOP:17319
Roll:0.000000 Pitch:90.000000
X_AVG:-9.703703 Y_AVG:-0.604692 Z_AVG:0.967229
X_SD:0.078208 Y_SD:0.059701 Z_SD:0.095413
$MXCM10033,2,74,20240102,073437,00,0E70F034,47EF8E8E,00C1,0000,0000,00,8202*61
GPS_PRN:19604,16,09,21,31,26,02,07,28,19419919508,00,SAT_TAL:07
GPS_SNR:17,16,17,00,00,18,00,22,00,00,17,00,19,00,00,SNR_AVG:18.00
GLO_PRN:00,00,00,00,00,00,00,00,00,00,00,00,00,00,00,SAT_TAL:00
GLO_SNR:00,00,00,00,00,00,00,00,00,00,00,00,00,00,00,SNR_AVG:0.00
GAL_PRN:00,00,00,00,00,00,00,00,00,00,00,00,00,00,00,SAT_TAL:00
GAL_SNR:00,00,00,00,00,00,00,00,00,00,00,00,00,00,00,SNR_AVG:0.00
BEI_PRN:00,00,00,00,00,00,00,00,00,00,00,00,00,00,00,SAT_TAL:00
BEI_SNR:00,00,00,00,00,00,00,00,00,00,00,00,00,00,00,SNR_AVG:0.00
QZS_PRN:00,00,00,00,00,SAT_TAL:00
QZS_SNR:00,00,00,00,00,SNR_AVG:0.00
SatInView:14 GDOP:265
Roll:0.000000 Pitch:90.000000
X_AVG:-9.708444 Y_AVG:-0.614412 Z_AVG:0.940126
X_SD:0.076189 Y_SD:0.059193 Z_SD:0.105520
$MXCM10033,2,75,20240102,073653,12,0E70FFBE,47EF8897,00C1,0001,1A63,07,8202*68
GPS_PRN:19604,16,09,21,31,26,02,07,28,19419919508,00,SAT_TAL:07
GPS_SNR:19,00,00,00,19,17,16,27,20,00,17,00,00,00,00,SNR_AVG:19.29
GLO_PRN:00,00,00,00,00,00,00,00,00,00,00,00,00,00,00,SAT_TAL:00
GLO_SNR:00,00,00,00,00,00,00,00,00,00,00,00,00,00,00,SNR_AVG:0.00
GAL_PRN:00,00,00,00,00,00,00,00,00,00,00,00,00,00,00,SAT_TAL:00
GAL_SNR:00,00,00,00,00,00,00,00,00,00,00,00,00,00,00,SNR_AVG:0.00
BEI_PRN:00,00,00,00,00,00,00,00,00,00,00,00,00,00,00,SAT_TAL:00
BEI_SNR:00,00,00,00,00,00,00,00,00,00,00,00,00,00,00,SNR_AVG:0.00
QZS_PRN:00,00,00,00,00,SAT_TAL:00
QZS_SNR:00,00,00,00,00,SNR_AVG:0.00
SatInView:14 GDOP:150
Roll:0.000000 Pitch:90.000000
X_AVG:-9.706624 Y_AVG:-0.618291 Z_AVG:0.959520
X_SD:0.065858 Y_SD:0.061975 Z_SD:0.100378
$MXCM10033,2,76,20240102,073708,12,0E710133,47EF87E6,00C0,0000,1582,0A,8202*1C
GPS_PRN:19604,16,09,21,31,26,02,07,28,19419919508,00,SAT_TAL:10
GPS_SNR:19,14,16,00,19,18,14,27,21,00,17,00,15,00,00,SNR_AVG:18.00
GLO_PRN:00,00,00,00,00,00,00,00,00,00,00,00,00,00,00,SAT_TAL:00
GLO_SNR:00,00,00,00,00,00,00,00,00,00,00,00,00,00,00,SNR_AVG:0.00
GAL_PRN:00,00,00,00,00,00,00,00,00,00,00,00,00,00,00,SAT_TAL:00
GAL_SNR:00,00,00,00,00,00,00,00,00,00,00,00,00,00,00,SNR_AVG:0.00
BEI_PRN:00,00,00,00,00,00,00,00,00,00,00,00,00,00,00,SAT_TAL:00
BEI_SNR:00,00,00,00,00,00,00,00,00,00,00,00,00,00,00,SNR_AVG:0.00
QZS_PRN:00,00,00,00,00,SAT_TAL:00
QZS_SNR:00,00,00,00,00,SNR_AVG:0.00
SatInView:14 GDOP:134
Roll:0.000000 Pitch:90.000000
X_AVG:-9.705236 Y_AVG:-0.612066 Z_AVG:0.973454
X_SD:0.071442 Y_SD:0.058492 Z_SD:0.089605
$MXCM10033,2,77,20240102,073923,00,0E710A67,47EF8E79,00C0,0000,0000,00,8202*18
GPS_PRN:19604,16,09,21,31,26,02,07,19419919508,00,00,SAT_TAL:02
GPS_SNR:00,00,00,00,24,00,18,00,00,00,00,00,00,00,00,SNR_AVG:21.00
GLO_PRN:00,00,00,00,00,00,00,00,00,00,00,00,00,00,00,SAT_TAL:00
GLO_SNR:00,00,00,00,00,00,00,00,00,00,00,00,00,00,00,SNR_AVG:0.00
GAL_PRN:00,00,00,00,00,00,00,00,00,00,00,00,00,00,00,SAT_TAL:00
GAL_SNR:00,00,00,00,00,00,00,00,00,00,00,00,00,00,00,SNR_AVG:0.00
BEI_PRN:00,00,00,00,00,00,00,00,00,00,00,00,00,00,00,SAT_TAL:00
BEI_SNR:00,00,00,00,00,00,00,00,00,00,00,00,00,00,00,SNR_AVG:0.00
QZS_PRN:00,00,00,00,00,SAT_TAL:00
QZS_SNR:00,00,00,00,00,SNR_AVG:0.00
SatInView:13 GDOP:13949
Roll:0.000000 Pitch:90.000000
X_AVG:-9.702315 Y_AVG:-0.611875 Z_AVG:0.967325
X_SD:0.071172 Y_SD:0.060364 Z_SD:0.095964
$MXCM10033,2,78,20240102,073939,12,0E710081,47EF917C,00C0,0000,4104,07,8202*6F
GPS_PRN:19604,16,09,21,31,26,02,07,19419919508,00,00,SAT_TAL:07
GPS_SNR:16,00,00,00,23,14,18,17,16,00,00,19,00,00,00,SNR_AVG:17.57
GLO_PRN:00,00,00,00,00,00,00,00,00,00,00,00,00,00,00,SAT_TAL:00
GLO_SNR:00,00,00,00,00,00,00,00,00,00,00,00,00,00,00,SNR_AVG:0.00
GAL_PRN:00,00,00,00,00,00,00,00,00,00,00,00,00,00,00,SAT_TAL:00
GAL_SNR:00,00,00,00,00,00,00,00,00,00,00,00,00,00,00,SNR_AVG:0.00
BEI_PRN:00,00,00,00,00,00,00,00,00,00,00,00,00,00,00,SAT_TAL:00
BEI_SNR:00,00,00,00,00,00,00,00,00,00,00,00,00,00,00,SNR_AVG:0.00
QZS_PRN:00,00,00,00,00,SAT_TAL:00
QZS_SNR:00,00,00,00,00,SNR_AVG:0.00
SatInView:13 GDOP:154
Roll:0.000000 Pitch:90.000000
X_AVG:-9.709689 Y_AVG:-0.613024 Z_AVG:0.977476
X_SD:0.071260 Y_SD:0.054882 Z_SD:0.093203
$MXCM10033,2,79,20240102,074153,00,0E70CBFA,47EF8F1F,00C0,0000,0000,00,8202*13
GPS_PRN:19604,16,09,21,02,31,26,07,19419919508,00,00,SAT_TAL:05
GPS_SNR:15,16,00,00,22,18,00,00,00,00,00,18,00,00,00,SNR_AVG:17.80
GLO_PRN:00,00,00,00,00,00,00,00,00,00,00,00,00,00,00,SAT_TAL:00
GLO_SNR:00,00,00,00,00,00,00,00,00,00,00,00,00,00,00,SNR_AVG:0.00
GAL_PRN:00,00,00,00,00,00,00,00,00,00,00,00,00,00,00,SAT_TAL:00
GAL_SNR:00,00,00,00,00,00,00,00,00,00,00,00,00,00,00,SNR_AVG:0.00
BEI_PRN:00,00,00,00,00,00,00,00,00,00,00,00,00,00,00,SAT_TAL:00
BEI_SNR:00,00,00,00,00,00,00,00,00,00,00,00,00,00,00,SNR_AVG:0.00
QZS_PRN:00,00,00,00,00,SAT_TAL:00
QZS_SNR:00,00,00,00,00,SNR_AVG:0.00
SatInView:13 GDOP:324
Roll:0.000000 Pitch:90.000000
X_AVG:-9.700447 Y_AVG:-0.606559 Z_AVG:0.970198
X_SD:0.076363 Y_SD:0.059062 Z_SD:0.098355
$MXCM10033,2,80,20240102,074208,12,0E70F2E2,47EF9877,00C0,0000,7794,06,8202*1D
GPS_PRN:19604,16,09,21,02,31,26,07,19419919508,00,00,SAT_TAL:06
GPS_SNR:17,14,00,00,22,16,00,17,00,00,00,17,00,00,00,SNR_AVG:17.17
GLO_PRN:00,00,00,00,00,00,00,00,00,00,00,00,00,00,00,SAT_TAL:00
GLO_SNR:00,00,00,00,00,00,00,00,00,00,00,00,00,00,00,SNR_AVG:0.00
GAL_PRN:00,00,00,00,00,00,00,00,00,00,00,00,00,00,00,SAT_TAL:00
GAL_SNR:00,00,00,00,00,00,00,00,00,00,00,00,00,00,00,SNR_AVG:0.00
BEI_PRN:00,00,00,00,00,00,00,00,00,00,00,00,00,00,00,SAT_TAL:00
BEI_SNR:00,00,00,00,00,00,00,00,00,00,00,00,00,00,00,SNR_AVG:0.00
QZS_PRN:00,00,00,00,00,SAT_TAL:00
QZS_SNR:00,00,00,00,00,SNR_AVG:0.00
SatInView:13 GDOP:228
Roll:0.000000 Pitch:90.000000
X_AVG:-9.698675 Y_AVG:-0.609480 Z_AVG:0.968570
X_SD:0.068707 Y_SD:0.055299 Z_SD:0.089491
$MXCM10033,2,81,20240102,074423,00,0E70F307,47EF9842,00C0,0000,0000,00,8202*6C
GPS_PRN:08,31,07,19600,00,00,00,00,00,00,00,00,00,00,SAT_TAL:00
GPS_SNR:00,00,00,00,00,00,00,00,00,00,00,00,00,00,00,SNR_AVG:0.00
GLO_PRN:00,00,00,00,00,00,00,00,00,00,00,00,00,00,00,SAT_TAL:00
GLO_SNR:00,00,00,00,00,00,00,00,00,00,00,00,00,00,00,SNR_AVG:0.00
GAL_PRN:00,00,00,00,00,00,00,00,00,00,00,00,00,00,00,SAT_TAL:00
GAL_SNR:00,00,00,00,00,00,00,00,00,00,00,00,00,00,00,SNR_AVG:0.00
BEI_PRN:00,00,00,00,00,00,00,00,00,00,00,00,00,00,00,SAT_TAL:00
BEI_SNR:00,00,00,00,00,00,00,00,00,00,00,00,00,00,00,SNR_AVG:0.00
QZS_PRN:00,00,00,00,00,SAT_TAL:00
QZS_SNR:00,00,00,00,00,SNR_AVG:0.00
SatInView:4 GDOP:17319
Roll:0.000000 Pitch:90.000000
X_AVG:-9.697957 Y_AVG:-0.610294 Z_AVG:0.958945
X_SD:0.063839 Y_SD:0.057462 Z_SD:0.088613
$MXCM10033,2,82,20240102,074438,00,0E70F307,47EF9842,00C0,0000,0000,00,8202*65
GPS_PRN:08,07,19400,00,00,00,00,00,00,00,00,00,00,00,SAT_TAL:00
GPS_SNR:00,00,00,00,00,00,00,00,00,00,00,00,00,00,00,SNR_AVG:0.00
GLO_PRN:00,00,00,00,00,00,00,00,00,00,00,00,00,00,00,SAT_TAL:00
GLO_SNR:00,00,00,00,00,00,00,00,00,00,00,00,00,00,00,SNR_AVG:0.00
GAL_PRN:00,00,00,00,00,00,00,00,00,00,00,00,00,00,00,SAT_TAL:00
GAL_SNR:00,00,00,00,00,00,00,00,00,00,00,00,00,00,00,SNR_AVG:0.00
BEI_PRN:00,00,00,00,00,00,00,00,00,00,00,00,00,00,00,SAT_TAL:00
BEI_SNR:00,00,00,00,00,00,00,00,00,00,00,00,00,00,00,SNR_AVG:0.00
QZS_PRN:00,00,00,00,00,SAT_TAL:00
QZS_SNR:00,00,00,00,00,SNR_AVG:0.00
SatInView:3 GDOP:17319
Roll:0.000000 Pitch:90.000000
X_AVG:-9.694078 Y_AVG:-0.611491 Z_AVG:0.974077
X_SD:0.065590 Y_SD:0.062278 Z_SD:0.094272
$MXCM10033,2,83,20240102,074653,00,0E70EEDD,47EFA63A,00C0,0000,0000,00,8202*1B
GPS_PRN:19604,16,21,09,02,26,31,07,19419919508,00,00,SAT_TAL:04
GPS_SNR:18,00,00,18,00,18,00,19,00,00,00,00,00,00,00,SNR_AVG:18.25
GLO_PRN:00,00,00,00,00,00,00,00,00,00,00,00,00,00,00,SAT_TAL:00
GLO_SNR:00,00,00,00,00,00,00,00,00,00,00,00,00,00,00,SNR_AVG:0.00
GAL_PRN:00,00,00,00,00,00,00,00,00,00,00,00,00,00,00,SAT_TAL:00
GAL_SNR:00,00,00,00,00,00,00,00,00,00,00,00,00,00,00,SNR_AVG:0.00
BEI_PRN:00,00,00,00,00,00,00,00,00,00,00,00,00,00,00,SAT_TAL:00
BEI_SNR:00,00,00,00,00,00,00,00,00,00,00,00,00,00,00,SNR_AVG:0.00
QZS_PRN:00,00,00,00,00,SAT_TAL:00
QZS_SNR:00,00,00,00,00,SNR_AVG:0.00
SatInView:13 GDOP:2276
Roll:0.000000 Pitch:90.000000
X_AVG:-9.701022 Y_AVG:-0.598946 Z_AVG:0.961483
X_SD:0.070251 Y_SD:0.058841 Z_SD:0.091278
$MXCM10033,2,84,20240102,074708,12,0E70FD44,47EFA0A3,00C0,0000,2FA8,07,8202*1E
GPS_PRN:19604,16,21,09,02,26,31,07,19419919508,00,00,SAT_TAL:07
GPS_SNR:18,17,00,22,00,19,00,20,00,16,00,16,00,00,00,SNR_AVG:18.29
GLO_PRN:00,00,00,00,00,00,00,00,00,00,00,00,00,00,00,SAT_TAL:00
GLO_SNR:00,00,00,00,00,00,00,00,00,00,00,00,00,00,00,SNR_AVG:0.00
GAL_PRN:00,00,00,00,00,00,00,00,00,00,00,00,00,00,00,SAT_TAL:00
GAL_SNR:00,00,00,00,00,00,00,00,00,00,00,00,00,00,00,SNR_AVG:0.00
BEI_PRN:00,00,00,00,00,00,00,00,00,00,00,00,00,00,00,SAT_TAL:00
BEI_SNR:00,00,00,00,00,00,00,00,00,00,00,00,00,00,00,SNR_AVG:0.00
QZS_PRN:00,00,00,00,00,SAT_TAL:00
QZS_SNR:00,00,00,00,00,SNR_AVG:0.00
SatInView:13 GDOP:208
Roll:0.000000 Pitch:90.000000
X_AVG:-9.689769 Y_AVG:-0.605075 Z_AVG:0.966176
X_SD:0.067546 Y_SD:0.056713 Z_SD:0.097658
$MXCM10033,2,85,20240102,074923,12,0E710B39,47EF8A2C,00C0,0000,2F7F,07,8202*60
GPS_PRN:19604,21,16,09,02,26,31,07,19419919508,00,00,SAT_TAL:07
GPS_SNR:00,18,17,14,00,19,18,17,19,00,00,00,00,00,00,SNR_AVG:17.43
GLO_PRN:00,00,00,00,00,00,00,00,00,00,00,00,00,00,00,SAT_TAL:00
GLO_SNR:00,00,00,00,00,00,00,00,00,00,00,00,00,00,00,SNR_AVG:0.00
GAL_PRN:00,00,00,00,00,00,00,00,00,00,00,00,00,00,00,SAT_TAL:00
GAL_SNR:00,00,00,00,00,00,00,00,00,00,00,00,00,00,00,SNR_AVG:0.00
BEI_PRN:00,00,00,00,00,00,00,00,00,00,00,00,00,00,00,SAT_TAL:00
BEI_SNR:00,00,00,00,00,00,00,00,00,00,00,00,00,00,00,SNR_AVG:0.00
QZS_PRN:00,00,00,00,00,SAT_TAL:00
QZS_SNR:00,00,00,00,00,SNR_AVG:0.00
SatInView:13 GDOP:146
Roll:0.000000 Pitch:90.000000
X_AVG:-9.682825 Y_AVG:-0.628443 Z_AVG:0.952768
X_SD:0.070185 Y_SD:0.062026 Z_SD:0.096333
$MXCM10033,2,86,20240102,074938,12,0E710CB0,47EF8FB0,00C0,0000,5ABC,07,8202*64
GPS_PRN:19604,21,16,09,02,26,31,07,19419919508,00,00,SAT_TAL:07
GPS_SNR:00,21,21,17,00,15,17,23,18,00,00,00,00,00,00,SNR_AVG:18.86
GLO_PRN:00,00,00,00,00,00,00,00,00,00,00,00,00,00,00,SAT_TAL:00
GLO_SNR:00,00,00,00,00,00,00,00,00,00,00,00,00,00,00,SNR_AVG:0.00
GAL_PRN:00,00,00,00,00,00,00,00,00,00,00,00,00,00,00,SAT_TAL:00
GAL_SNR:00,00,00,00,00,00,00,00,00,00,00,00,00,00,00,SNR_AVG:0.00
BEI_PRN:00,00,00,00,00,00,00,00,00,00,00,00,00,00,00,SAT_TAL:00
BEI_SNR:00,00,00,00,00,00,00,00,00,00,00,00,00,00,00,SNR_AVG:0.00
QZS_PRN:00,00,00,00,00,SAT_TAL:00
QZS_SNR:00,00,00,00,00,SNR_AVG:0.00
SatInView:13 GDOP:146
Roll:0.000000 Pitch:90.000000
X_AVG:-9.700399 Y_AVG:-0.638355 Z_AVG:0.952480
X_SD:0.061466 Y_SD:0.063234 Z_SD:0.094093
$MXCM10033,3*35
$MXCM001,10033,0*2B
======== Tracker Setting ========
[System]
COMPort:COM29
SerialNumber:MX231218CW000006
FirmwareVersion:231220163813_v1.0.CN
[Periodic]
Enable:1
Stage:2
WorkMode:0
T0:15
T1:270
T2:120
T3:30
T4:120
FirstFixStage:2
TraceFixStage:34
PeriodicCycle:36
[Dynamic]
Enable:0
PrecisionChk:0
T5:45
T6:175
[Geofencing]
Enable:0
T7:20
T8:60
DistanceThreshold:1000
DestinationLongitude:121.2237164
DestinationLatitude:24.9698319
DestinationAltitude:154
[MotionDetection]
Enable:1
Angle:45
DataRate:200
SampleFrequency:50
[GPS_EPO]
EpoDataNumber:12
FWN:2295
FTOW:172800
LWN:2295
LTOW:432000
[GLO_EPO]
EpoDataNumber:12
FWN:2295
FTOW:172800
LWN:2295
LTOW:432000
[GAL_EPO]
EpoDataNumber:0
FWN:0
FTOW:0
LWN:0
LTOW:0
[BEI_EPO]
EpoDataNumber:0
FWN:0
FTOW:0
LWN:0
LTOW:0
