$MXCM10033,0*36
$MXCM10033,1,106,212*31
$MXCM10033,2,1,19800105,235956,00,35A4E8F5,00000000,0089,0000,0000,00,C102*2F
GPS_PRN:16,09,08,00,00,00,00,00,00,00,00,00,00,00,00,SAT_TAL:03
GPS_SNR:29,28,26,00,00,00,00,00,00,00,00,00,00,00,00,SNR_AVG:27.67
GLO_PRN:00,00,00,00,00,00,00,00,00,00,00,00,00,00,00,SAT_TAL:00
GLO_SNR:00,00,00,00,00,00,00,00,00,00,00,00,00,00,00,SNR_AVG:0.00
GAL_PRN:00,00,00,00,00,00,00,00,00,00,00,00,00,00,00,SAT_TAL:00
GAL_SNR:00,00,00,00,00,00,00,00,00,00,00,00,00,00,00,SNR_AVG:0.00
BEI_PRN:00,00,00,00,00,00,00,00,00,00,00,00,00,00,00,SAT_TAL:00
BEI_SNR:00,00,00,00,00,00,00,00,00,00,00,00,00,00,00,SNR_AVG:0.00
QZS_PRN:00,00,00,00,00,SAT_TAL:00
QZS_SNR:00,00,00,00,00,SNR_AVG:0.00
SatInView:3 GDOP:19998
Roll:153.209702 Pitch:40.981407
X_AVG:-0.432354 Y_AVG:7.322382 Z_AVG:-18.473984
X_SD:6.650793 Y_SD:8.915838 Z_SD:5.807121
$MXCM10033,2,2,19800109,061028,00,35A4E8F5,00000000,0089,0000,0000,00,C102*23
GPS_PRN:19509,08,04,27,26,31,28,19419616,00,00,00,00,SAT_TAL:11
GPS_SNR:35,33,35,34,37,27,35,30,29,35,33,00,00,00,00,SNR_AVG:33.00
GLO_PRN:00,00,00,00,00,00,00,00,00,00,00,00,00,00,00,SAT_TAL:00
GLO_SNR:00,00,00,00,00,00,00,00,00,00,00,00,00,00,00,SNR_AVG:0.00
GAL_PRN:00,00,00,00,00,00,00,00,00,00,00,00,00,00,00,SAT_TAL:00
GAL_SNR:00,00,00,00,00,00,00,00,00,00,00,00,00,00,00,SNR_AVG:0.00
BEI_PRN:00,00,00,00,00,00,00,00,00,00,00,00,00,00,00,SAT_TAL:00
BEI_SNR:00,00,00,00,00,00,00,00,00,00,00,00,00,00,00,SNR_AVG:0.00
QZS_PRN:00,00,00,00,00,SAT_TAL:00
QZS_SNR:00,00,00,00,00,SNR_AVG:0.00
SatInView:11 GDOP:19998
Roll:146.601669 Pitch:50.039402
X_AVG:-12.234330 Y_AVG:7.260706 Z_AVG:-13.425469
X_SD:10.064671 Y_SD:9.098660 Z_SD:8.711446
$MXCM10033,2,3,19800109,061041,00,35A4E8F5,00000000,0089,0000,0000,00,C102*2D
GPS_PRN:19409,28,18,03,08,04,27,26,16,19919619531,00,SAT_TAL:14
GPS_SNR:30,35,35,36,29,32,35,36,34,33,27,25,33,36,00,SNR_AVG:32.57
GLO_PRN:00,00,00,00,00,00,00,00,00,00,00,00,00,00,00,SAT_TAL:00
GLO_SNR:00,00,00,00,00,00,00,00,00,00,00,00,00,00,00,SNR_AVG:0.00
GAL_PRN:00,00,00,00,00,00,00,00,00,00,00,00,00,00,00,SAT_TAL:00
GAL_SNR:00,00,00,00,00,00,00,00,00,00,00,00,00,00,00,SNR_AVG:0.00
BEI_PRN:00,00,00,00,00,00,00,00,00,00,00,00,00,00,00,SAT_TAL:00
BEI_SNR:00,00,00,00,00,00,00,00,00,00,00,00,00,00,00,SNR_AVG:0.00
QZS_PRN:00,00,00,00,00,SAT_TAL:00
QZS_SNR:00,00,00,00,00,SNR_AVG:0.00
SatInView:14 GDOP:19998
Roll:129.051300 Pitch:64.729156
X_AVG:-12.435303 Y_AVG:5.063599 Z_AVG:-3.891901
X_SD:6.091642 Y_SD:6.378092 Z_SD:8.461427
$MXCM10033,2,4,19800109,061054,00,35A4E8F5,00000000,0089,0000,0000,00,C102*2E
GPS_PRN:19409,28,18,03,08,04,27,26,16,19919619531,00,SAT_TAL:14
GPS_SNR:31,33,36,30,35,35,28,35,35,35,28,35,34,36,00,SNR_AVG:33.29
GLO_PRN:00,00,00,00,00,00,00,00,00,00,00,00,00,00,00,SAT_TAL:00
GLO_SNR:00,00,00,00,00,00,00,00,00,00,00,00,00,00,00,SNR_AVG:0.00
GAL_PRN:00,00,00,00,00,00,00,00,00,00,00,00,00,00,00,SAT_TAL:00
GAL_SNR:00,00,00,00,00,00,00,00,00,00,00,00,00,00,00,SNR_AVG:0.00
BEI_PRN:00,00,00,00,00,00,00,00,00,00,00,00,00,00,00,SAT_TAL:00
BEI_SNR:00,00,00,00,00,00,00,00,00,00,00,00,00,00,00,SNR_AVG:0.00
QZS_PRN:00,00,00,00,00,SAT_TAL:00
QZS_SNR:00,00,00,00,00,SNR_AVG:0.00
SatInView:14 GDOP:19998
Roll:126.075333 Pitch:49.041878
X_AVG:-7.605095 Y_AVG:5.252936 Z_AVG:-4.387559
X_SD:8.333229 Y_SD:6.884215 Z_SD:9.923085
$MXCM10033,2,5,19800109,061106,00,35A4E8F5,00000000,0089,0000,0000,00,C102*29
GPS_PRN:19409,28,18,03,08,04,27,26,16,19919619531,00,SAT_TAL:14
GPS_SNR:30,32,35,36,34,36,36,35,36,31,25,25,26,35,00,SNR_AVG:32.29
GLO_PRN:00,00,00,00,00,00,00,00,00,00,00,00,00,00,00,SAT_TAL:00
GLO_SNR:00,00,00,00,00,00,00,00,00,00,00,00,00,00,00,SNR_AVG:0.00
GAL_PRN:00,00,00,00,00,00,00,00,00,00,00,00,00,00,00,SAT_TAL:00
GAL_SNR:00,00,00,00,00,00,00,00,00,00,00,00,00,00,00,SNR_AVG:0.00
BEI_PRN:00,00,00,00,00,00,00,00,00,00,00,00,00,00,00,SAT_TAL:00
BEI_SNR:00,00,00,00,00,00,00,00,00,00,00,00,00,00,00,SNR_AVG:0.00
QZS_PRN:00,00,00,00,00,SAT_TAL:00
QZS_SNR:00,00,00,00,00,SNR_AVG:0.00
SatInView:14 GDOP:19998
Roll:20.010336 Pitch:30.508757
X_AVG:-7.605095 Y_AVG:5.252936 Z_AVG:-4.387559
X_SD:8.333229 Y_SD:6.884215 Z_SD:9.923085
$MXCM10033,2,6,19800109,061119,00,35A4E8F5,00000000,0089,0000,0000,00,C102*24
GPS_PRN:19609,16,04,27,26,31,08,03,18,19928,19419500,SAT_TAL:14
GPS_SNR:33,39,35,36,32,38,34,37,32,37,23,36,30,33,00,SNR_AVG:33.93
GLO_PRN:65,74,00,00,00,00,00,00,00,00,00,00,00,00,00,SAT_TAL:02
GLO_SNR:34,33,00,00,00,00,00,00,00,00,00,00,00,00,00,SNR_AVG:33.50
GAL_PRN:00,00,00,00,00,00,00,00,00,00,00,00,00,00,00,SAT_TAL:00
GAL_SNR:00,00,00,00,00,00,00,00,00,00,00,00,00,00,00,SNR_AVG:0.00
BEI_PRN:00,00,00,00,00,00,00,00,00,00,00,00,00,00,00,SAT_TAL:00
BEI_SNR:00,00,00,00,00,00,00,00,00,00,00,00,00,00,00,SNR_AVG:0.00
QZS_PRN:00,00,00,00,00,SAT_TAL:00
QZS_SNR:00,00,00,00,00,SNR_AVG:0.00
SatInView:16 GDOP:19998
Roll:163.156799 Pitch:53.236389
X_AVG:-8.914606 Y_AVG:4.408628 Z_AVG:-9.145029
X_SD:7.494078 Y_SD:7.781189 Z_SD:10.897330
$MXCM10033,2,7,20240103,061133,12,0E9942B9,47EDC67C,008F,0012,6BE7,0E,C102*59
GPS_PRN:27,16,04,31,26,08,28,09,18,03,19919619419500,SAT_TAL:14
GPS_SNR:35,37,35,36,31,37,35,36,35,35,28,35,30,29,00,SNR_AVG:33.86
GLO_PRN:72,84,65,66,76,74,00,00,00,00,00,00,00,00,00,SAT_TAL:06
GLO_SNR:37,17,34,38,37,31,00,00,00,00,00,00,00,00,00,SNR_AVG:32.33
GAL_PRN:00,00,00,00,00,00,00,00,00,00,00,00,00,00,00,SAT_TAL:00
GAL_SNR:00,00,00,00,00,00,00,00,00,00,00,00,00,00,00,SNR_AVG:0.00
BEI_PRN:00,00,00,00,00,00,00,00,00,00,00,00,00,00,00,SAT_TAL:00
BEI_SNR:00,00,00,00,00,00,00,00,00,00,00,00,00,00,00,SNR_AVG:0.00
QZS_PRN:00,00,00,00,00,SAT_TAL:00
QZS_SNR:00,00,00,00,00,SNR_AVG:0.00
SatInView:20 GDOP:111
Roll:159.968002 Pitch:56.521954
X_AVG:-15.114708 Y_AVG:4.922721 Z_AVG:-7.824648
X_SD:4.453984 Y_SD:5.690916 Z_SD:6.571484
$MXCM10033,2,8,20200101,061148,00,0E98FB87,47EDFBCE,0092,0000,3A69,00,C102*53
GPS_PRN:31,28,16,19519419900,00,00,00,00,00,00,00,00,SAT_TAL:06
GPS_SNR:36,33,32,31,31,27,00,00,00,00,00,00,00,00,00,SNR_AVG:31.67
GLO_PRN:66,74,65,72,66,00,00,00,00,00,00,00,00,00,00,SAT_TAL:05
GLO_SNR:35,31,32,34,35,00,00,00,00,00,00,00,00,00,00,SNR_AVG:33.40
GAL_PRN:00,00,00,00,00,00,00,00,00,00,00,00,00,00,00,SAT_TAL:00
GAL_SNR:00,00,00,00,00,00,00,00,00,00,00,00,00,00,00,SNR_AVG:0.00
BEI_PRN:00,00,00,00,00,00,00,00,00,00,00,00,00,00,00,SAT_TAL:00
BEI_SNR:00,00,00,00,00,00,00,00,00,00,00,00,00,00,00,SNR_AVG:0.00
QZS_PRN:00,00,00,00,00,SAT_TAL:00
QZS_SNR:00,00,00,00,00,SNR_AVG:0.00
SatInView:11 GDOP:19998
Roll:115.241608 Pitch:90.000000
X_AVG:-11.571410 Y_AVG:2.599772 Z_AVG:0.427374
X_SD:6.576016 Y_SD:4.004134 Z_SD:9.282694
$MXCM10033,2,9,20200101,061203,00,0E98DFD7,47EE719D,0097,0000,2C7B,00,C102*20
GPS_PRN:31,28,16,18,09,08,19519419900,00,00,00,00,00,SAT_TAL:09
GPS_SNR:34,29,35,38,36,35,33,30,25,00,00,00,00,00,00,SNR_AVG:32.78
GLO_PRN:66,74,65,72,66,00,00,00,00,00,00,00,00,00,00,SAT_TAL:05
GLO_SNR:38,30,33,33,38,00,00,00,00,00,00,00,00,00,00,SNR_AVG:34.40
GAL_PRN:00,00,00,00,00,00,00,00,00,00,00,00,00,00,00,SAT_TAL:00
GAL_SNR:00,00,00,00,00,00,00,00,00,00,00,00,00,00,00,SNR_AVG:0.00
BEI_PRN:00,00,00,00,00,00,00,00,00,00,00,00,00,00,00,SAT_TAL:00
BEI_SNR:00,00,00,00,00,00,00,00,00,00,00,00,00,00,00,SNR_AVG:0.00
QZS_PRN:00,00,00,00,00,SAT_TAL:00
QZS_SNR:00,00,00,00,00,SNR_AVG:0.00
SatInView:14 GDOP:19998
Roll:133.978363 Pitch:90.000000
X_AVG:-8.772675 Y_AVG:1.937810 Z_AVG:-0.636583
X_SD:7.116178 Y_SD:3.998852 Z_SD:9.044323
$MXCM10033,2,10,20200101,061218,00,0E98B5C6,47EED976,0098,0000,2C7B,00,C102*69
GPS_PRN:04,16,28,18,09,08,31,26,27,19919419519600,00,SAT_TAL:13
GPS_SNR:35,34,35,35,34,24,34,33,34,25,31,35,22,00,00,SNR_AVG:31.62
GLO_PRN:65,74,76,72,66,66,00,00,00,00,00,00,00,00,00,SAT_TAL:06
GLO_SNR:30,29,36,24,35,35,00,00,00,00,00,00,00,00,00,SNR_AVG:31.50
GAL_PRN:00,00,00,00,00,00,00,00,00,00,00,00,00,00,00,SAT_TAL:00
GAL_SNR:00,00,00,00,00,00,00,00,00,00,00,00,00,00,00,SNR_AVG:0.00
BEI_PRN:00,00,00,00,00,00,00,00,00,00,00,00,00,00,00,SAT_TAL:00
BEI_SNR:00,00,00,00,00,00,00,00,00,00,00,00,00,00,00,SNR_AVG:0.00
QZS_PRN:00,00,00,00,00,SAT_TAL:00
QZS_SNR:00,00,00,00,00,SNR_AVG:0.00
SatInView:19 GDOP:19998
Roll:98.232544 Pitch:69.774445
X_AVG:-12.467530 Y_AVG:3.771566 Z_AVG:-1.991106
X_SD:6.428718 Y_SD:4.984359 Z_SD:11.114905
$MXCM10033,2,11,20200101,061233,00,0E988BB9,47EF414D,0098,0000,2C7B,00,C102*68
GPS_PRN:27,16,28,18,09,08,31,03,26,04,19919419619500,SAT_TAL:14
GPS_SNR:36,31,34,35,35,37,33,33,34,33,29,31,35,36,00,SNR_AVG:33.71
GLO_PRN:65,74,76,72,66,66,00,00,00,00,00,00,00,00,00,SAT_TAL:06
GLO_SNR:32,29,36,36,36,36,00,00,00,00,00,00,00,00,00,SNR_AVG:34.17
GAL_PRN:00,00,00,00,00,00,00,00,00,00,00,00,00,00,00,SAT_TAL:00
GAL_SNR:00,00,00,00,00,00,00,00,00,00,00,00,00,00,00,SNR_AVG:0.00
BEI_PRN:00,00,00,00,00,00,00,00,00,00,00,00,00,00,00,SAT_TAL:00
BEI_SNR:00,00,00,00,00,00,00,00,00,00,00,00,00,00,00,SNR_AVG:0.00
QZS_PRN:00,00,00,00,00,SAT_TAL:00
QZS_SNR:00,00,00,00,00,SNR_AVG:0.00
SatInView:20 GDOP:19998
Roll:133.393509 Pitch:60.757828
X_AVG:-9.754988 Y_AVG:3.854311 Z_AVG:-1.955097
X_SD:7.376964 Y_SD:7.513019 Z_SD:8.599167
$MXCM10033,2,12,20200101,061248,00,0E9861AC,47EFA924,0099,0000,2C7B,00,C102*69
GPS_PRN:27,16,28,18,09,08,31,03,26,04,19919419619500,SAT_TAL:14
GPS_SNR:36,31,34,36,32,36,35,33,27,34,28,31,34,34,00,SNR_AVG:32.93
GLO_PRN:66,74,72,65,75,66,76,00,00,00,00,00,00,00,00,SAT_TAL:07
GLO_SNR:34,31,34,33,26,34,35,00,00,00,00,00,00,00,00,SNR_AVG:32.43
GAL_PRN:00,00,00,00,00,00,00,00,00,00,00,00,00,00,00,SAT_TAL:00
GAL_SNR:00,00,00,00,00,00,00,00,00,00,00,00,00,00,00,SNR_AVG:0.00
BEI_PRN:00,00,00,00,00,00,00,00,00,00,00,00,00,00,00,SAT_TAL:00
BEI_SNR:00,00,00,00,00,00,00,00,00,00,00,00,00,00,00,SNR_AVG:0.00
QZS_PRN:00,00,00,00,00,SAT_TAL:00
QZS_SNR:00,00,00,00,00,SNR_AVG:0.00
SatInView:21 GDOP:19998
Roll:77.238007 Pitch:59.764923
X_AVG:-10.191173 Y_AVG:5.753861 Z_AVG:-1.140525
X_SD:9.183352 Y_SD:9.735336 Z_SD:10.976146
$MXCM10033,2,13,20200101,061303,00,0E98379D,47F010FA,009A,0000,2C7B,00,C102*6F
GPS_PRN:26,16,28,18,09,08,31,21,03,04,27,199196194195SAT_TAL:15
GPS_SNR:36,36,32,35,25,34,33,34,31,29,33,25,35,32,36,SNR_AVG:32.40
GLO_PRN:00,00,00,00,00,00,00,00,00,00,00,00,00,00,00,SAT_TAL:00
GLO_SNR:00,00,00,00,00,00,00,00,00,00,00,00,00,00,00,SNR_AVG:0.00
GAL_PRN:00,00,00,00,00,00,00,00,00,00,00,00,00,00,00,SAT_TAL:00
GAL_SNR:00,00,00,00,00,00,00,00,00,00,00,00,00,00,00,SNR_AVG:0.00
BEI_PRN:00,00,00,00,00,00,00,00,00,00,00,00,00,00,00,SAT_TAL:00
BEI_SNR:00,00,00,00,00,00,00,00,00,00,00,00,00,00,00,SNR_AVG:0.00
QZS_PRN:00,00,00,00,00,SAT_TAL:00
QZS_SNR:00,00,00,00,00,SNR_AVG:0.00
SatInView:22 GDOP:19998
Roll:118.495773 Pitch:64.861099
X_AVG:-9.425587 Y_AVG:3.965165 Z_AVG:-4.058349
X_SD:9.111223 Y_SD:7.395773 Z_SD:7.691633
$MXCM10033,2,14,20240103,061318,00,0E97F762,47EF3B22,0095,0000,48D5,00,C102*68
GPS_PRN:19631,04,27,26,16,03,28,18,09,21,19519419908,SAT_TAL:15
GPS_SNR:34,33,35,35,32,34,31,34,34,35,26,33,30,26,37,SNR_AVG:32.60
GLO_PRN:00,00,00,00,00,00,00,00,00,00,00,00,00,00,00,SAT_TAL:00
GLO_SNR:00,00,00,00,00,00,00,00,00,00,00,00,00,00,00,SNR_AVG:0.00
GAL_PRN:00,00,00,00,00,00,00,00,00,00,00,00,00,00,00,SAT_TAL:00
GAL_SNR:00,00,00,00,00,00,00,00,00,00,00,00,00,00,00,SNR_AVG:0.00
BEI_PRN:00,00,00,00,00,00,00,00,00,00,00,00,00,00,00,SAT_TAL:00
BEI_SNR:00,00,00,00,00,00,00,00,00,00,00,00,00,00,00,SNR_AVG:0.00
QZS_PRN:00,00,00,00,00,SAT_TAL:00
QZS_SNR:00,00,00,00,00,SNR_AVG:0.00
SatInView:21 GDOP:17108
Roll:124.216141 Pitch:68.449196
X_AVG:-10.098898 Y_AVG:4.456417 Z_AVG:-0.244980
X_SD:7.720823 Y_SD:8.044758 Z_SD:8.045203
$MXCM10033,2,15,20240103,061333,12,0E97E868,47EF0CB3,0096,0018,3C71,07,C102*10
GPS_PRN:16,04,08,09,26,31,18,03,21,28,19419519919600,SAT_TAL:14
GPS_SNR:36,35,35,31,36,33,32,29,30,35,31,36,25,34,00,SNR_AVG:32.71
GLO_PRN:65,75,66,76,72,74,00,00,00,00,00,00,00,00,00,SAT_TAL:06
GLO_SNR:31,36,34,33,34,26,00,00,00,00,00,00,00,00,00,SNR_AVG:32.33
GAL_PRN:00,00,00,00,00,00,00,00,00,00,00,00,00,00,00,SAT_TAL:00
GAL_SNR:00,00,00,00,00,00,00,00,00,00,00,00,00,00,00,SNR_AVG:0.00
BEI_PRN:00,00,00,00,00,00,00,00,00,00,00,00,00,00,00,SAT_TAL:00
BEI_SNR:00,00,00,00,00,00,00,00,00,00,00,00,00,00,00,SNR_AVG:0.00
QZS_PRN:00,00,00,00,00,SAT_TAL:00
QZS_SNR:00,00,00,00,00,SNR_AVG:0.00
SatInView:20 GDOP:468
Roll:56.589439 Pitch:68.250511
X_AVG:-7.735726 Y_AVG:3.094664 Z_AVG:-1.691825
X_SD:8.612153 Y_SD:6.800625 Z_SD:8.267269
$MXCM10033,2,16,20240103,061348,12,0E9743CD,47EF2249,0077,0025,4A0A,0A,C102*66
GPS_PRN:16,04,08,09,31,21,03,28,26,18,19419519919600,SAT_TAL:14
GPS_SNR:36,35,33,32,34,33,32,32,36,37,33,28,24,35,00,SNR_AVG:32.86
GLO_PRN:65,72,74,66,75,86,76,00,00,00,00,00,00,00,00,SAT_TAL:07
GLO_SNR:31,36,32,34,37,28,34,00,00,00,00,00,00,00,00,SNR_AVG:33.14
GAL_PRN:00,00,00,00,00,00,00,00,00,00,00,00,00,00,00,SAT_TAL:00
GAL_SNR:00,00,00,00,00,00,00,00,00,00,00,00,00,00,00,SNR_AVG:0.00
BEI_PRN:00,00,00,00,00,00,00,00,00,00,00,00,00,00,00,SAT_TAL:00
BEI_SNR:00,00,00,00,00,00,00,00,00,00,00,00,00,00,00,SNR_AVG:0.00
QZS_PRN:00,00,00,00,00,SAT_TAL:00
QZS_SNR:00,00,00,00,00,SNR_AVG:0.00
SatInView:21 GDOP:251
Roll:38.704777 Pitch:90.000000
X_AVG:-8.952962 Y_AVG:3.029109 Z_AVG:-1.402504
X_SD:8.281872 Y_SD:6.114510 Z_SD:8.915965
$MXCM10033,2,17,20240103,061403,12,0E96A2AB,47EF3599,0097,001C,42A3,0E,C102*1A
GPS_PRN:16,04,26,08,09,18,31,03,28,19419919519600,00,SAT_TAL:13
GPS_SNR:36,35,35,32,33,33,34,32,33,30,24,34,34,00,00,SNR_AVG:32.69
GLO_PRN:75,72,74,76,65,86,66,00,00,00,00,00,00,00,00,SAT_TAL:07
GLO_SNR:37,34,28,34,31,37,35,00,00,00,00,00,00,00,00,SNR_AVG:33.71
GAL_PRN:00,00,00,00,00,00,00,00,00,00,00,00,00,00,00,SAT_TAL:00
GAL_SNR:00,00,00,00,00,00,00,00,00,00,00,00,00,00,00,SNR_AVG:0.00
BEI_PRN:00,00,00,00,00,00,00,00,00,00,00,00,00,00,00,SAT_TAL:00
BEI_SNR:00,00,00,00,00,00,00,00,00,00,00,00,00,00,00,SNR_AVG:0.00
QZS_PRN:00,00,00,00,00,SAT_TAL:00
QZS_SNR:00,00,00,00,00,SNR_AVG:0.00
SatInView:20 GDOP:170
Roll:90.012802 Pitch:90.000000
X_AVG:-6.647922 Y_AVG:2.540060 Z_AVG:-1.410213
X_SD:8.803165 Y_SD:5.422612 Z_SD:8.039974
$MXCM10033,2,18,20240103,061418,12,0E95F001,47EF19EA,009C,001D,57A3,10,C102*12
GPS_PRN:16,04,26,08,09,18,31,03,28,19419919519600,00,SAT_TAL:13
GPS_SNR:34,30,35,35,32,34,37,34,35,33,27,36,34,00,00,SNR_AVG:33.54
GLO_PRN:75,72,74,76,65,86,66,00,00,00,00,00,00,00,00,SAT_TAL:07
GLO_SNR:35,37,32,34,32,38,34,00,00,00,00,00,00,00,00,SNR_AVG:34.57
GAL_PRN:00,00,00,00,00,00,00,00,00,00,00,00,00,00,00,SAT_TAL:00
GAL_SNR:00,00,00,00,00,00,00,00,00,00,00,00,00,00,00,SNR_AVG:0.00
BEI_PRN:00,00,00,00,00,00,00,00,00,00,00,00,00,00,00,SAT_TAL:00
BEI_SNR:00,00,00,00,00,00,00,00,00,00,00,00,00,00,00,SNR_AVG:0.00
QZS_PRN:00,00,00,00,00,SAT_TAL:00
QZS_SNR:00,00,00,00,00,SNR_AVG:0.00
SatInView:20 GDOP:146
Roll:122.741501 Pitch:64.954514
X_AVG:-14.663009 Y_AVG:7.247634 Z_AVG:-1.685265
X_SD:4.677905 Y_SD:8.637106 Z_SD:4.714706
$MXCM10033,2,19,20240103,061634,12,0E9358C5,47EEF4EC,0110,0003,6C72,15,C202*64
GPS_PRN:16,04,31,26,08,28,09,18,03,21,19419919519600,SAT_TAL:14
GPS_SNR:30,34,34,33,36,33,35,34,34,25,31,29,36,33,00,SNR_AVG:32.64
GLO_PRN:66,72,84,74,75,65,86,76,00,00,00,00,00,00,00,SAT_TAL:08
GLO_SNR:35,30,20,27,24,31,34,36,00,00,00,00,00,00,00,SNR_AVG:29.62
GAL_PRN:00,00,00,00,00,00,00,00,00,00,00,00,00,00,00,SAT_TAL:00
GAL_SNR:00,00,00,00,00,00,00,00,00,00,00,00,00,00,00,SNR_AVG:0.00
BEI_PRN:00,00,00,00,00,00,00,00,00,00,00,00,00,00,00,SAT_TAL:00
BEI_SNR:00,00,00,00,00,00,00,00,00,00,00,00,00,00,00,SNR_AVG:0.00
QZS_PRN:00,00,00,00,00,SAT_TAL:00
QZS_SNR:00,00,00,00,00,SNR_AVG:0.00
SatInView:22 GDOP:120
Roll:117.652641 Pitch:67.923676
X_AVG:-9.783959 Y_AVG:3.889794 Z_AVG:-6.697244
X_SD:8.556537 Y_SD:7.517455 Z_SD:7.227106
$MXCM10033,2,20,20240103,061649,12,0E92D991,47EF0F49,00EF,0021,4283,14,C202*18
GPS_PRN:16,04,31,26,08,28,09,18,03,21,19419919519600,SAT_TAL:14
GPS_SNR:36,35,34,35,35,31,32,32,28,32,32,25,35,33,00,SNR_AVG:32.50
GLO_PRN:66,72,84,74,75,65,86,76,00,00,00,00,00,00,00,SAT_TAL:07
GLO_SNR:32,00,23,24,35,29,36,33,00,00,00,00,00,00,00,SNR_AVG:30.29
GAL_PRN:00,00,00,00,00,00,00,00,00,00,00,00,00,00,00,SAT_TAL:00
GAL_SNR:00,00,00,00,00,00,00,00,00,00,00,00,00,00,00,SNR_AVG:0.00
BEI_PRN:00,00,00,00,00,00,00,00,00,00,00,00,00,00,00,SAT_TAL:00
BEI_SNR:00,00,00,00,00,00,00,00,00,00,00,00,00,00,00,SNR_AVG:0.00
QZS_PRN:00,00,00,00,00,SAT_TAL:00
QZS_SNR:00,00,00,00,00,SNR_AVG:0.00
SatInView:22 GDOP:125
Roll:142.499374 Pitch:55.959671
X_AVG:-6.870540 Y_AVG:2.167754 Z_AVG:-6.888161
X_SD:9.410379 Y_SD:5.845055 Z_SD:7.883827
$MXCM10033,2,21,20240103,061905,12,0E8E96B6,47EF22B2,0108,0024,4ECD,12,C202*1F
GPS_PRN:16,04,31,26,08,28,09,18,03,21,19419919519600,SAT_TAL:14
GPS_SNR:31,25,36,33,35,33,27,34,34,34,33,25,33,34,00,SNR_AVG:31.93
GLO_PRN:66,72,84,74,75,65,86,76,00,00,00,00,00,00,00,SAT_TAL:06
GLO_SNR:00,36,20,27,32,28,34,00,00,00,00,00,00,00,00,SNR_AVG:29.50
GAL_PRN:00,00,00,00,00,00,00,00,00,00,00,00,00,00,00,SAT_TAL:00
GAL_SNR:00,00,00,00,00,00,00,00,00,00,00,00,00,00,00,SNR_AVG:0.00
BEI_PRN:00,00,00,00,00,00,00,00,00,00,00,00,00,00,00,SAT_TAL:00
BEI_SNR:00,00,00,00,00,00,00,00,00,00,00,00,00,00,00,SNR_AVG:0.00
QZS_PRN:00,00,00,00,00,SAT_TAL:00
QZS_SNR:00,00,00,00,00,SNR_AVG:0.00
SatInView:22 GDOP:143
Roll:146.760269 Pitch:43.522259
X_AVG:-7.833172 Y_AVG:4.089331 Z_AVG:-13.192796
X_SD:10.693123 Y_SD:10.015262 Z_SD:6.246005
$MXCM10033,2,22,20240103,061920,12,0E8E3845,47EF59ED,011F,000A,3226,14,C202*6A
GPS_PRN:16,04,31,08,26,28,09,18,03,21,19419919519600,SAT_TAL:14
GPS_SNR:29,36,37,34,32,35,34,34,29,21,31,28,35,30,00,SNR_AVG:31.79
GLO_PRN:66,72,84,74,75,65,86,76,00,00,00,00,00,00,00,SAT_TAL:08
GLO_SNR:35,27,18,30,31,31,34,35,00,00,00,00,00,00,00,SNR_AVG:30.12
GAL_PRN:00,00,00,00,00,00,00,00,00,00,00,00,00,00,00,SAT_TAL:00
GAL_SNR:00,00,00,00,00,00,00,00,00,00,00,00,00,00,00,SNR_AVG:0.00
BEI_PRN:00,00,00,00,00,00,00,00,00,00,00,00,00,00,00,SAT_TAL:00
BEI_SNR:00,00,00,00,00,00,00,00,00,00,00,00,00,00,00,SNR_AVG:0.00
QZS_PRN:00,00,00,00,00,SAT_TAL:00
QZS_SNR:00,00,00,00,00,SNR_AVG:0.00
SatInView:22 GDOP:133
Roll:135.930420 Pitch:46.033432
X_AVG:-6.110222 Y_AVG:3.630593 Z_AVG:-9.948300
X_SD:8.846968 Y_SD:7.374026 Z_SD:7.007442
$MXCM10033,2,23,20240103,062136,12,0E88CE0C,47EFFFB5,01A3,0015,3679,14,C202*61
GPS_PRN:04,16,31,08,26,28,09,18,03,21,19419919519600,SAT_TAL:14
GPS_SNR:36,34,25,35,34,35,35,34,27,31,29,24,35,31,00,SNR_AVG:31.79
GLO_PRN:76,72,84,74,75,65,86,66,00,00,00,00,00,00,00,SAT_TAL:08
GLO_SNR:36,36,22,26,34,31,33,35,00,00,00,00,00,00,00,SNR_AVG:31.62
GAL_PRN:00,00,00,00,00,00,00,00,00,00,00,00,00,00,00,SAT_TAL:00
GAL_SNR:00,00,00,00,00,00,00,00,00,00,00,00,00,00,00,SNR_AVG:0.00
BEI_PRN:00,00,00,00,00,00,00,00,00,00,00,00,00,00,00,SAT_TAL:00
BEI_SNR:00,00,00,00,00,00,00,00,00,00,00,00,00,00,00,SNR_AVG:0.00
QZS_PRN:00,00,00,00,00,SAT_TAL:00
QZS_SNR:00,00,00,00,00,SNR_AVG:0.00
SatInView:22 GDOP:132
Roll:153.013794 Pitch:40.558464
X_AVG:-8.893010 Y_AVG:4.516274 Z_AVG:-9.368269
X_SD:8.331629 Y_SD:7.027777 Z_SD:6.870677
$MXCM10033,2,24,20240103,062151,12,0E883183,47F02B6E,01A5,0025,4421,14,C202*17
GPS_PRN:04,16,31,08,26,28,09,18,03,21,19419919519600,SAT_TAL:14
GPS_SNR:36,36,32,35,35,20,31,35,31,33,31,24,34,34,00,SNR_AVG:31.93
GLO_PRN:76,72,84,74,75,65,86,66,00,00,00,00,00,00,00,SAT_TAL:08
GLO_SNR:32,35,24,27,36,31,36,32,00,00,00,00,00,00,00,SNR_AVG:31.62
GAL_PRN:00,00,00,00,00,00,00,00,00,00,00,00,00,00,00,SAT_TAL:00
GAL_SNR:00,00,00,00,00,00,00,00,00,00,00,00,00,00,00,SNR_AVG:0.00
BEI_PRN:00,00,00,00,00,00,00,00,00,00,00,00,00,00,00,SAT_TAL:00
BEI_SNR:00,00,00,00,00,00,00,00,00,00,00,00,00,00,00,SNR_AVG:0.00
QZS_PRN:00,00,00,00,00,SAT_TAL:00
QZS_SNR:00,00,00,00,00,SNR_AVG:0.00
SatInView:22 GDOP:132
Roll:149.333511 Pitch:44.726906
X_AVG:-8.255038 Y_AVG:4.085692 Z_AVG:-8.242445
X_SD:8.301603 Y_SD:4.934787 Z_SD:7.894744
$MXCM10033,2,25,20240103,062407,12,0E828C46,47F1E191,01FC,001F,3915,14,C202*18
GPS_PRN:04,16,31,08,26,28,09,18,21,03,19419919519600,SAT_TAL:14
GPS_SNR:34,37,34,34,34,31,33,39,31,32,32,25,28,33,00,SNR_AVG:32.64
GLO_PRN:76,72,84,74,75,65,86,66,00,00,00,00,00,00,00,SAT_TAL:08
GLO_SNR:34,35,24,31,36,31,34,32,00,00,00,00,00,00,00,SNR_AVG:32.12
GAL_PRN:00,00,00,00,00,00,00,00,00,00,00,00,00,00,00,SAT_TAL:00
GAL_SNR:00,00,00,00,00,00,00,00,00,00,00,00,00,00,00,SNR_AVG:0.00
BEI_PRN:00,00,00,00,00,00,00,00,00,00,00,00,00,00,00,SAT_TAL:00
BEI_SNR:00,00,00,00,00,00,00,00,00,00,00,00,00,00,00,SNR_AVG:0.00
QZS_PRN:00,00,00,00,00,SAT_TAL:00
QZS_SNR:00,00,00,00,00,SNR_AVG:0.00
SatInView:22 GDOP:131
Roll:-51.340328 Pitch:90.000000
X_AVG:-5.138252 Y_AVG:2.247626 Z_AVG:-4.796305
X_SD:10.340096 Y_SD:6.759419 Z_SD:10.350537
$MXCM10033,2,26,20240103,062422,12,0E81C8C0,47F1FD10,0201,0024,427E,14,C202*1D
GPS_PRN:04,16,31,08,26,28,09,18,21,03,19419919519600,SAT_TAL:14
GPS_SNR:34,37,33,34,35,26,33,37,35,31,33,25,30,35,00,SNR_AVG:32.71
GLO_PRN:76,72,84,74,75,65,86,66,00,00,00,00,00,00,00,SAT_TAL:08
GLO_SNR:31,36,25,28,37,30,36,33,00,00,00,00,00,00,00,SNR_AVG:32.00
GAL_PRN:00,00,00,00,00,00,00,00,00,00,00,00,00,00,00,SAT_TAL:00
GAL_SNR:00,00,00,00,00,00,00,00,00,00,00,00,00,00,00,SNR_AVG:0.00
BEI_PRN:00,00,00,00,00,00,00,00,00,00,00,00,00,00,00,SAT_TAL:00
BEI_SNR:00,00,00,00,00,00,00,00,00,00,00,00,00,00,00,SNR_AVG:0.00
QZS_PRN:00,00,00,00,00,SAT_TAL:00
QZS_SNR:00,00,00,00,00,SNR_AVG:0.00
SatInView:22 GDOP:131
Roll:117.539162 Pitch:72.133522
X_AVG:-6.543772 Y_AVG:2.247913 Z_AVG:-4.274742
X_SD:9.988056 Y_SD:8.006757 Z_SD:10.586336
$MXCM10033,2,27,20240103,062638,12,0E7AE9E1,47F21221,01C3,0026,487A,14,C202*14
GPS_PRN:04,16,31,08,26,09,28,18,21,03,19419919519600,SAT_TAL:14
GPS_SNR:36,37,35,33,36,33,32,36,36,31,33,25,29,35,00,SNR_AVG:33.36
GLO_PRN:76,74,72,84,75,86,65,66,00,00,00,00,00,00,00,SAT_TAL:08
GLO_SNR:34,29,39,25,36,31,31,33,00,00,00,00,00,00,00,SNR_AVG:32.25
GAL_PRN:00,00,00,00,00,00,00,00,00,00,00,00,00,00,00,SAT_TAL:00
GAL_SNR:00,00,00,00,00,00,00,00,00,00,00,00,00,00,00,SNR_AVG:0.00
BEI_PRN:00,00,00,00,00,00,00,00,00,00,00,00,00,00,00,SAT_TAL:00
BEI_SNR:00,00,00,00,00,00,00,00,00,00,00,00,00,00,00,SNR_AVG:0.00
QZS_PRN:00,00,00,00,00,SAT_TAL:00
QZS_SNR:00,00,00,00,00,SNR_AVG:0.00
SatInView:22 GDOP:130
Roll:144.828522 Pitch:65.261314
X_AVG:-7.050874 Y_AVG:3.016659 Z_AVG:-4.860184
X_SD:9.327016 Y_SD:6.340013 Z_SD:10.383988
$MXCM10033,2,28,20240103,062653,12,0E7A1E38,47F1F7A0,01AC,0027,4959,14,C202*6A
GPS_PRN:04,16,31,08,26,09,28,18,21,03,19419919519600,SAT_TAL:14
GPS_SNR:35,36,35,34,36,31,33,36,34,33,33,24,30,35,00,SNR_AVG:33.21
GLO_PRN:76,74,72,84,75,86,65,66,00,00,00,00,00,00,00,SAT_TAL:08
GLO_SNR:32,31,38,25,38,26,30,33,00,00,00,00,00,00,00,SNR_AVG:31.62
GAL_PRN:00,00,00,00,00,00,00,00,00,00,00,00,00,00,00,SAT_TAL:00
GAL_SNR:00,00,00,00,00,00,00,00,00,00,00,00,00,00,00,SNR_AVG:0.00
BEI_PRN:00,00,00,00,00,00,00,00,00,00,00,00,00,00,00,SAT_TAL:00
BEI_SNR:00,00,00,00,00,00,00,00,00,00,00,00,00,00,00,SNR_AVG:0.00
QZS_PRN:00,00,00,00,00,SAT_TAL:00
QZS_SNR:00,00,00,00,00,SNR_AVG:0.00
SatInView:22 GDOP:130
Roll:152.593903 Pitch:90.000000
X_AVG:-7.100771 Y_AVG:2.054027 Z_AVG:-3.780521
X_SD:9.044555 Y_SD:6.182411 Z_SD:10.158287
$MXCM10033,2,29,20240103,062909,12,0E733DB4,47F04A47,0160,0025,4BF7,15,C202*11
GPS_PRN:04,16,08,31,26,09,28,18,21,03,19419919519600,SAT_TAL:14
GPS_SNR:34,37,36,36,36,32,32,35,32,33,34,25,29,31,00,SNR_AVG:33.00
GLO_PRN:66,74,72,84,75,86,65,76,00,00,00,00,00,00,00,SAT_TAL:08
GLO_SNR:29,27,37,24,35,26,26,32,00,00,00,00,00,00,00,SNR_AVG:29.50
GAL_PRN:00,00,00,00,00,00,00,00,00,00,00,00,00,00,00,SAT_TAL:00
GAL_SNR:00,00,00,00,00,00,00,00,00,00,00,00,00,00,00,SNR_AVG:0.00
BEI_PRN:00,00,00,00,00,00,00,00,00,00,00,00,00,00,00,SAT_TAL:00
BEI_SNR:00,00,00,00,00,00,00,00,00,00,00,00,00,00,00,SNR_AVG:0.00
QZS_PRN:00,00,00,00,00,SAT_TAL:00
QZS_SNR:00,00,00,00,00,SNR_AVG:0.00
SatInView:22 GDOP:118
Roll:114.857727 Pitch:66.883408
X_AVG:-7.156940 Y_AVG:2.843028 Z_AVG:-2.690850
X_SD:9.088766 Y_SD:5.834973 Z_SD:9.695918
$MXCM10033,2,30,20240103,062924,12,0E72826B,47F00572,0142,0025,51AA,15,C202*1D
GPS_PRN:04,16,08,31,26,09,28,18,21,03,19419919519600,SAT_TAL:14
GPS_SNR:32,37,36,36,37,32,35,36,31,35,35,23,31,26,00,SNR_AVG:33.00
GLO_PRN:66,74,72,84,75,86,65,76,00,00,00,00,00,00,00,SAT_TAL:08
GLO_SNR:32,28,34,22,36,29,30,32,00,00,00,00,00,00,00,SNR_AVG:30.38
GAL_PRN:00,00,00,00,00,00,00,00,00,00,00,00,00,00,00,SAT_TAL:00
GAL_SNR:00,00,00,00,00,00,00,00,00,00,00,00,00,00,00,SNR_AVG:0.00
BEI_PRN:00,00,00,00,00,00,00,00,00,00,00,00,00,00,00,SAT_TAL:00
BEI_SNR:00,00,00,00,00,00,00,00,00,00,00,00,00,00,00,SNR_AVG:0.00
QZS_PRN:00,00,00,00,00,SAT_TAL:00
QZS_SNR:00,00,00,00,00,SNR_AVG:0.00
SatInView:22 GDOP:118
Roll:80.047844 Pitch:90.000000
X_AVG:-7.506788 Y_AVG:3.124879 Z_AVG:-2.953930
X_SD:9.357694 Y_SD:9.411823 Z_SD:11.528088
$MXCM10033,2,31,20240103,063140,12,0E71020B,47EFA069,00D2,0000,7A6E,0B,C202*10
GPS_PRN:04,16,08,31,26,09,28,18,21,19419919519600,00,SAT_TAL:10
GPS_SNR:16,17,00,34,19,00,30,18,23,00,14,23,22,00,00,SNR_AVG:21.60
GLO_PRN:76,74,72,84,75,86,65,66,00,00,00,00,00,00,00,SAT_TAL:01
GLO_SNR:00,00,29,00,00,00,00,00,00,00,00,00,00,00,00,SNR_AVG:29.00
GAL_PRN:00,00,00,00,00,00,00,00,00,00,00,00,00,00,00,SAT_TAL:00
GAL_SNR:00,00,00,00,00,00,00,00,00,00,00,00,00,00,00,SNR_AVG:0.00
BEI_PRN:00,00,00,00,00,00,00,00,00,00,00,00,00,00,00,SAT_TAL:00
BEI_SNR:00,00,00,00,00,00,00,00,00,00,00,00,00,00,00,SNR_AVG:0.00
QZS_PRN:00,00,00,00,00,SAT_TAL:00
QZS_SNR:00,00,00,00,00,SNR_AVG:0.00
SatInView:21 GDOP:136
Roll:147.560547 Pitch:4.357852
X_AVG:-1.485728 Y_AVG:7.778822 Z_AVG:-11.518497
X_SD:0.101062 Y_SD:0.073726 Z_SD:0.169599
$MXCM10033,2,32,20240103,063155,12,0E7102BD,47EF9E31,00C0,0000,76D5,0C,C202*12
GPS_PRN:04,16,08,31,26,09,28,18,21,19419919519600,00,SAT_TAL:11
GPS_SNR:15,19,18,33,21,00,31,17,17,00,15,22,23,00,00,SNR_AVG:21.00
GLO_PRN:76,74,72,84,75,86,65,66,00,00,00,00,00,00,00,SAT_TAL:01
GLO_SNR:00,00,25,00,00,00,00,00,00,00,00,00,00,00,00,SNR_AVG:25.00
GAL_PRN:00,00,00,00,00,00,00,00,00,00,00,00,00,00,00,SAT_TAL:00
GAL_SNR:00,00,00,00,00,00,00,00,00,00,00,00,00,00,00,SNR_AVG:0.00
BEI_PRN:00,00,00,00,00,00,00,00,00,00,00,00,00,00,00,SAT_TAL:00
BEI_SNR:00,00,00,00,00,00,00,00,00,00,00,00,00,00,00,SNR_AVG:0.00
QZS_PRN:00,00,00,00,00,SAT_TAL:00
QZS_SNR:00,00,00,00,00,SNR_AVG:0.00
SatInView:21 GDOP:133
Roll:140.952972 Pitch:1.916600
X_AVG:-1.064436 Y_AVG:8.397688 Z_AVG:-9.890790
X_SD:0.676893 Y_SD:0.571183 Z_SD:2.078990
$MXCM10033,2,33,20240103,063410,12,0E710849,47EF9717,00C0,0000,2904,0B,C202*1E
GPS_PRN:04,16,08,31,26,09,28,18,21,03,19419919519600,SAT_TAL:10
GPS_SNR:00,15,15,25,16,00,28,18,21,00,16,00,21,18,00,SNR_AVG:19.30
GLO_PRN:76,74,72,84,86,75,65,66,00,00,00,00,00,00,00,SAT_TAL:01
GLO_SNR:00,00,23,00,00,00,00,00,00,00,00,00,00,00,00,SNR_AVG:23.00
GAL_PRN:00,00,00,00,00,00,00,00,00,00,00,00,00,00,00,SAT_TAL:00
GAL_SNR:00,00,00,00,00,00,00,00,00,00,00,00,00,00,00,SNR_AVG:0.00
BEI_PRN:00,00,00,00,00,00,00,00,00,00,00,00,00,00,00,SAT_TAL:00
BEI_SNR:00,00,00,00,00,00,00,00,00,00,00,00,00,00,00,SNR_AVG:0.00
QZS_PRN:00,00,00,00,00,SAT_TAL:00
QZS_SNR:00,00,00,00,00,SNR_AVG:0.00
SatInView:22 GDOP:148
Roll:135.101044 Pitch:0.000000
X_AVG:0.255419 Y_AVG:19.613695 Z_AVG:-19.613695
X_SD:0.101693 Y_SD:0.000000 Z_SD:0.000000
$MXCM10033,2,34,20240103,063426,12,0E71066C,47EF9E68,00C0,0000,49EC,0F,C202*10
GPS_PRN:04,16,08,31,26,09,28,18,21,19419919519600,00,SAT_TAL:11
GPS_SNR:16,17,16,26,18,00,31,24,20,18,00,18,14,00,00,SNR_AVG:19.82
GLO_PRN:76,74,72,84,86,75,65,66,00,00,00,00,00,00,00,SAT_TAL:04
GLO_SNR:00,18,24,00,18,16,00,00,00,00,00,00,00,00,00,SNR_AVG:19.00
GAL_PRN:00,00,00,00,00,00,00,00,00,00,00,00,00,00,00,SAT_TAL:00
GAL_SNR:00,00,00,00,00,00,00,00,00,00,00,00,00,00,00,SNR_AVG:0.00
BEI_PRN:00,00,00,00,00,00,00,00,00,00,00,00,00,00,00,SAT_TAL:00
BEI_SNR:00,00,00,00,00,00,00,00,00,00,00,00,00,00,00,SNR_AVG:0.00
QZS_PRN:00,00,00,00,00,SAT_TAL:00
QZS_SNR:00,00,00,00,00,SNR_AVG:0.00
SatInView:21 GDOP:125
Roll:135.146561 Pitch:32.103622
X_AVG:-17.592278 Y_AVG:19.613695 Z_AVG:-19.613695
X_SD:0.081974 Y_SD:0.000000 Z_SD:0.000000
$MXCM10033,2,35,20240103,063641,12,0E710774,47EF9C97,00C0,0000,20EB,0A,C201*69
GPS_PRN:04,16,08,31,26,09,28,18,21,02,03,194199195196SAT_TAL:10
GPS_SNR:19,00,00,23,22,16,23,22,19,00,00,18,00,21,21,SNR_AVG:20.40
GLO_PRN:00,00,00,00,00,00,00,00,00,00,00,00,00,00,00,SAT_TAL:00
GLO_SNR:00,00,00,00,00,00,00,00,00,00,00,00,00,00,00,SNR_AVG:0.00
GAL_PRN:00,00,00,00,00,00,00,00,00,00,00,00,00,00,00,SAT_TAL:00
GAL_SNR:00,00,00,00,00,00,00,00,00,00,00,00,00,00,00,SNR_AVG:0.00
BEI_PRN:00,00,00,00,00,00,00,00,00,00,00,00,00,00,00,SAT_TAL:00
BEI_SNR:00,00,00,00,00,00,00,00,00,00,00,00,00,00,00,SNR_AVG:0.00
QZS_PRN:00,00,00,00,00,SAT_TAL:00
QZS_SNR:00,00,00,00,00,SNR_AVG:0.00
SatInView:23 GDOP:128
Roll:98.854996 Pitch:11.547338
X_AVG:-4.125245 Y_AVG:19.613695 Z_AVG:-3.714104
X_SD:0.082757 Y_SD:0.000000 Z_SD:0.130592
$MXCM10033,2,36,20240103,063657,12,0E7104CF,47EFA0D3,00C0,0000,1F0F,0B,C201*1D
GPS_PRN:04,16,08,31,26,09,28,18,21,03,19419919519600,SAT_TAL:10
GPS_SNR:18,00,00,23,25,16,20,20,23,00,20,00,24,19,00,SNR_AVG:20.80
GLO_PRN:76,74,72,84,86,75,65,66,00,00,00,00,00,00,00,SAT_TAL:01
GLO_SNR:00,00,22,00,00,00,00,00,00,00,00,00,00,00,00,SNR_AVG:22.00
GAL_PRN:00,00,00,00,00,00,00,00,00,00,00,00,00,00,00,SAT_TAL:00
GAL_SNR:00,00,00,00,00,00,00,00,00,00,00,00,00,00,00,SNR_AVG:0.00
BEI_PRN:00,00,00,00,00,00,00,00,00,00,00,00,00,00,00,SAT_TAL:00
BEI_SNR:00,00,00,00,00,00,00,00,00,00,00,00,00,00,00,SNR_AVG:0.00
QZS_PRN:00,00,00,00,00,SAT_TAL:00
QZS_SNR:00,00,00,00,00,SNR_AVG:0.00
SatInView:22 GDOP:122
Roll:99.076202 Pitch:11.701178
X_AVG:-4.367303 Y_AVG:19.613695 Z_AVG:-3.748102
X_SD:0.082967 Y_SD:0.000000 Z_SD:0.131017
$MXCM10033,2,37,20240103,063912,00,0E7104B3,47EFA0F7,00C0,0000,0000,00,C201*10
GPS_PRN:19608,16,31,26,09,18,21,02,03,04,19900,00,00,SAT_TAL:01
GPS_SNR:00,00,00,24,00,00,00,00,00,00,00,00,00,00,00,SNR_AVG:24.00
GLO_PRN:86,00,00,00,00,00,00,00,00,00,00,00,00,00,00,SAT_TAL:00
GLO_SNR:00,00,00,00,00,00,00,00,00,00,00,00,00,00,00,SNR_AVG:0.00
GAL_PRN:00,00,00,00,00,00,00,00,00,00,00,00,00,00,00,SAT_TAL:00
GAL_SNR:00,00,00,00,00,00,00,00,00,00,00,00,00,00,00,SNR_AVG:0.00
BEI_PRN:00,00,00,00,00,00,00,00,00,00,00,00,00,00,00,SAT_TAL:00
BEI_SNR:00,00,00,00,00,00,00,00,00,00,00,00,00,00,00,SNR_AVG:0.00
QZS_PRN:00,00,00,00,00,SAT_TAL:00
QZS_SNR:00,00,00,00,00,SNR_AVG:0.00
SatInView:13 GDOP:16537
Roll:58.255318 Pitch:10.134896
X_AVG:-4.421557 Y_AVG:19.613695 Z_AVG:12.332733
X_SD:0.079047 Y_SD:0.000000 Z_SD:0.145869
$MXCM10033,2,38,20240103,063928,12,0E710605,47EF9897,00C0,0000,7A50,08,C201*17
GPS_PRN:04,08,16,31,26,09,28,18,21,19419919519600,00,SAT_TAL:07
GPS_SNR:00,00,13,23,18,00,30,17,00,00,00,18,16,00,00,SNR_AVG:19.29
GLO_PRN:76,74,72,84,86,75,65,66,00,00,00,00,00,00,00,SAT_TAL:01
GLO_SNR:00,00,22,00,00,00,00,00,00,00,00,00,00,00,00,SNR_AVG:22.00
GAL_PRN:00,00,00,00,00,00,00,00,00,00,00,00,00,00,00,SAT_TAL:00
GAL_SNR:00,00,00,00,00,00,00,00,00,00,00,00,00,00,00,SNR_AVG:0.00
BEI_PRN:00,00,00,00,00,00,00,00,00,00,00,00,00,00,00,SAT_TAL:00
BEI_SNR:00,00,00,00,00,00,00,00,00,00,00,00,00,00,00,SNR_AVG:0.00
QZS_PRN:00,00,00,00,00,SAT_TAL:00
QZS_SNR:00,00,00,00,00,SNR_AVG:0.00
SatInView:21 GDOP:174
Roll:68.746742 Pitch:2.452987
X_AVG:-0.064836 Y_AVG:19.613695 Z_AVG:8.985764
X_SD:5.047221 Y_SD:0.000000 Z_SD:3.386187
$MXCM10033,2,39,20240103,064143,00,0E7105D4,47EF9929,00C0,0000,0000,00,C201*1E
GPS_PRN:09,28,21,19600,00,00,00,00,00,00,00,00,00,00,SAT_TAL:00
GPS_SNR:00,00,00,00,00,00,00,00,00,00,00,00,00,00,00,SNR_AVG:0.00
GLO_PRN:00,00,00,00,00,00,00,00,00,00,00,00,00,00,00,SAT_TAL:00
GLO_SNR:00,00,00,00,00,00,00,00,00,00,00,00,00,00,00,SNR_AVG:0.00
GAL_PRN:00,00,00,00,00,00,00,00,00,00,00,00,00,00,00,SAT_TAL:00
GAL_SNR:00,00,00,00,00,00,00,00,00,00,00,00,00,00,00,SNR_AVG:0.00
BEI_PRN:00,00,00,00,00,00,00,00,00,00,00,00,00,00,00,SAT_TAL:00
BEI_SNR:00,00,00,00,00,00,00,00,00,00,00,00,00,00,00,SNR_AVG:0.00
QZS_PRN:00,00,00,00,00,SAT_TAL:00
QZS_SNR:00,00,00,00,00,SNR_AVG:0.00
SatInView:4 GDOP:17319
Roll:134.997284 Pitch:22.151621
X_AVG:-11.410947 Y_AVG:19.613695 Z_AVG:-19.613695
X_SD:0.074257 Y_SD:0.000000 Z_SD:0.000000
$MXCM10033,2,40,20240103,064158,00,0E70FCE7,47EF85B2,00C0,0000,0000,00,C201*6F
GPS_PRN:04,08,16,31,26,09,28,18,21,02,19419919519600,SAT_TAL:04
GPS_SNR:00,00,00,21,16,00,17,00,00,00,17,00,00,00,00,SNR_AVG:17.75
GLO_PRN:86,72,84,66,75,65,76,00,00,00,00,00,00,00,00,SAT_TAL:00
GLO_SNR:00,00,00,00,00,00,00,00,00,00,00,00,00,00,00,SNR_AVG:0.00
GAL_PRN:00,00,00,00,00,00,00,00,00,00,00,00,00,00,00,SAT_TAL:00
GAL_SNR:00,00,00,00,00,00,00,00,00,00,00,00,00,00,00,SNR_AVG:0.00
BEI_PRN:00,00,00,00,00,00,00,00,00,00,00,00,00,00,00,SAT_TAL:00
BEI_SNR:00,00,00,00,00,00,00,00,00,00,00,00,00,00,00,SNR_AVG:0.00
QZS_PRN:00,00,00,00,00,SAT_TAL:00
QZS_SNR:00,00,00,00,00,SNR_AVG:0.00
SatInView:21 GDOP:495
Roll:134.997223 Pitch:22.161011
X_AVG:-11.168026 Y_AVG:19.613695 Z_AVG:-19.613695
X_SD:0.078182 Y_SD:0.000000 Z_SD:0.000000
$MXCM10033,2,41,20240103,064413,00,0E7105D4,47EF9929,00C0,0000,0000,00,C202*12
GPS_PRN:04,08,16,31,26,09,28,19919519619400,00,00,00,SAT_TAL:04
GPS_SNR:00,00,00,00,16,00,22,00,00,16,17,00,00,00,00,SNR_AVG:17.75
GLO_PRN:76,66,74,00,00,00,00,00,00,00,00,00,00,00,00,SAT_TAL:00
GLO_SNR:00,00,00,00,00,00,00,00,00,00,00,00,00,00,00,SNR_AVG:0.00
GAL_PRN:00,00,00,00,00,00,00,00,00,00,00,00,00,00,00,SAT_TAL:00
GAL_SNR:00,00,00,00,00,00,00,00,00,00,00,00,00,00,00,SNR_AVG:0.00
BEI_PRN:00,00,00,00,00,00,00,00,00,00,00,00,00,00,00,SAT_TAL:00
BEI_SNR:00,00,00,00,00,00,00,00,00,00,00,00,00,00,00,SNR_AVG:0.00
QZS_PRN:00,00,00,00,00,SAT_TAL:00
QZS_SNR:00,00,00,00,00,SNR_AVG:0.00
SatInView:14 GDOP:17188
Roll:135.011871 Pitch:18.421623
X_AVG:-9.757765 Y_AVG:19.613695 Z_AVG:-19.613695
X_SD:0.069925 Y_SD:0.000000 Z_SD:0.000000
$MXCM10033,2,42,20240103,064428,12,0E71026A,47EF97B8,00C1,0000,3E83,04,C202*1D
GPS_PRN:04,08,16,31,26,09,28,21,18,19419919519600,00,SAT_TAL:03
GPS_SNR:00,00,00,00,00,00,26,00,00,16,00,00,17,00,00,SNR_AVG:19.67
GLO_PRN:76,74,72,84,86,75,65,66,00,00,00,00,00,00,00,SAT_TAL:02
GLO_SNR:00,00,19,00,00,18,00,00,00,00,00,00,00,00,00,SNR_AVG:18.50
GAL_PRN:00,00,00,00,00,00,00,00,00,00,00,00,00,00,00,SAT_TAL:00
GAL_SNR:00,00,00,00,00,00,00,00,00,00,00,00,00,00,00,SNR_AVG:0.00
BEI_PRN:00,00,00,00,00,00,00,00,00,00,00,00,00,00,00,SAT_TAL:00
BEI_SNR:00,00,00,00,00,00,00,00,00,00,00,00,00,00,00,SNR_AVG:0.00
QZS_PRN:00,00,00,00,00,SAT_TAL:00
QZS_SNR:00,00,00,00,00,SNR_AVG:0.00
SatInView:21 GDOP:255
Roll:135.011856 Pitch:18.421585
X_AVG:-9.782426 Y_AVG:19.613695 Z_AVG:-19.613695
X_SD:0.069370 Y_SD:0.000000 Z_SD:0.000000
$MXCM10033,2,43,20240103,064643,12,0E71029E,47EF8F17,00C1,0000,0000,0A,C202*1C
GPS_PRN:19608,16,31,26,09,28,21,18,02,07,19419919504,SAT_TAL:11
GPS_SNR:25,16,21,33,25,00,27,18,00,29,00,28,18,22,00,SNR_AVG:23.82
GLO_PRN:00,00,00,00,00,00,00,00,00,00,00,00,00,00,00,SAT_TAL:00
GLO_SNR:00,00,00,00,00,00,00,00,00,00,00,00,00,00,00,SNR_AVG:0.00
GAL_PRN:00,00,00,00,00,00,00,00,00,00,00,00,00,00,00,SAT_TAL:00
GAL_SNR:00,00,00,00,00,00,00,00,00,00,00,00,00,00,00,SNR_AVG:0.00
BEI_PRN:00,00,00,00,00,00,00,00,00,00,00,00,00,00,00,SAT_TAL:00
BEI_SNR:00,00,00,00,00,00,00,00,00,00,00,00,00,00,00,SNR_AVG:0.00
QZS_PRN:00,00,00,00,00,SAT_TAL:00
QZS_SNR:00,00,00,00,00,SNR_AVG:0.00
SatInView:20 GDOP:165
Roll:151.775635 Pitch:-0.459184
X_AVG:0.174589 Y_AVG:7.932485 Z_AVG:-19.236697
X_SD:4.793858 Y_SD:6.131135 Z_SD:2.985844
$MXCM10033,2,44,20240103,064659,12,0E7100AF,47EF9D19,00C1,0000,0000,0C,C202*66
GPS_PRN:04,08,16,31,26,09,28,21,18,02,19419919519600,SAT_TAL:13
GPS_SNR:00,16,19,35,27,14,25,26,24,20,24,18,32,26,00,SNR_AVG:23.54
GLO_PRN:84,72,75,76,65,66,00,00,00,00,00,00,00,00,00,SAT_TAL:01
GLO_SNR:00,26,00,00,00,00,00,00,00,00,00,00,00,00,00,SNR_AVG:26.00
GAL_PRN:00,00,00,00,00,00,00,00,00,00,00,00,00,00,00,SAT_TAL:00
GAL_SNR:00,00,00,00,00,00,00,00,00,00,00,00,00,00,00,SNR_AVG:0.00
BEI_PRN:00,00,00,00,00,00,00,00,00,00,00,00,00,00,00,SAT_TAL:00
BEI_SNR:00,00,00,00,00,00,00,00,00,00,00,00,00,00,00,SNR_AVG:0.00
QZS_PRN:00,00,00,00,00,SAT_TAL:00
QZS_SNR:00,00,00,00,00,SNR_AVG:0.00
SatInView:20 GDOP:125
Roll:151.408646 Pitch:-0.643058
X_AVG:0.973454 Y_AVG:8.104727 Z_AVG:-17.317274
X_SD:0.362600 Y_SD:0.272273 Z_SD:0.892129
$MXCM10033,2,45,20240103,064914,12,0E710568,47EF9F8B,00C1,0000,67A3,06,C202*1B
GPS_PRN:08,04,16,31,26,09,28,21,18,02,07,194199195196SAT_TAL:05
GPS_SNR:00,00,00,25,22,00,20,00,00,17,00,16,00,00,00,SNR_AVG:20.00
GLO_PRN:00,00,00,00,00,00,00,00,00,00,00,00,00,00,00,SAT_TAL:00
GLO_SNR:00,00,00,00,00,00,00,00,00,00,00,00,00,00,00,SNR_AVG:0.00
GAL_PRN:00,00,00,00,00,00,00,00,00,00,00,00,00,00,00,SAT_TAL:00
GAL_SNR:00,00,00,00,00,00,00,00,00,00,00,00,00,00,00,SNR_AVG:0.00
BEI_PRN:00,00,00,00,00,00,00,00,00,00,00,00,00,00,00,SAT_TAL:00
BEI_SNR:00,00,00,00,00,00,00,00,00,00,00,00,00,00,00,SNR_AVG:0.00
QZS_PRN:00,00,00,00,00,SAT_TAL:00
QZS_SNR:00,00,00,00,00,SNR_AVG:0.00
SatInView:22 GDOP:206
Roll:154.688248 Pitch:14.752750
X_AVG:-5.196863 Y_AVG:8.823433 Z_AVG:-19.613695
X_SD:0.110642 Y_SD:0.112670 Z_SD:0.000000
$MXCM10033,2,46,20240103,064930,12,0E710220,47EFA273,00C1,0000,6650,08,C202*1F
GPS_PRN:19608,16,31,26,09,28,21,18,02,19419919504,00,SAT_TAL:08
GPS_SNR:18,00,00,24,22,00,19,00,00,18,17,00,16,16,00,SNR_AVG:18.75
GLO_PRN:84,76,65,66,72,00,00,00,00,00,00,00,00,00,00,SAT_TAL:01
GLO_SNR:00,00,00,00,24,00,00,00,00,00,00,00,00,00,00,SNR_AVG:24.00
GAL_PRN:00,00,00,00,00,00,00,00,00,00,00,00,00,00,00,SAT_TAL:00
GAL_SNR:00,00,00,00,00,00,00,00,00,00,00,00,00,00,00,SNR_AVG:0.00
BEI_PRN:00,00,00,00,00,00,00,00,00,00,00,00,00,00,00,SAT_TAL:00
BEI_SNR:00,00,00,00,00,00,00,00,00,00,00,00,00,00,00,SNR_AVG:0.00
QZS_PRN:00,00,00,00,00,SAT_TAL:00
QZS_SNR:00,00,00,00,00,SNR_AVG:0.00
SatInView:19 GDOP:164
Roll:152.574524 Pitch:11.594913
X_AVG:-4.478397 Y_AVG:9.231557 Z_AVG:-19.613695
X_SD:0.123475 Y_SD:0.098715 Z_SD:0.000000
$MXCM10033,2,47,20240103,065145,00,0E71123B,47EF9E1A,00C1,0000,0000,00,C202*12
GPS_PRN:19604,16,31,26,09,28,21,18,02,07,08,194199195SAT_TAL:02
GPS_SNR:00,00,00,23,00,00,20,00,00,00,00,00,00,00,00,SNR_AVG:21.50
GLO_PRN:00,00,00,00,00,00,00,00,00,00,00,00,00,00,00,SAT_TAL:00
GLO_SNR:00,00,00,00,00,00,00,00,00,00,00,00,00,00,00,SNR_AVG:0.00
GAL_PRN:00,00,00,00,00,00,00,00,00,00,00,00,00,00,00,SAT_TAL:00
GAL_SNR:00,00,00,00,00,00,00,00,00,00,00,00,00,00,00,SNR_AVG:0.00
BEI_PRN:00,00,00,00,00,00,00,00,00,00,00,00,00,00,00,SAT_TAL:00
BEI_SNR:00,00,00,00,00,00,00,00,00,00,00,00,00,00,00,SNR_AVG:0.00
QZS_PRN:00,00,00,00,00,SAT_TAL:00
QZS_SNR:00,00,00,00,00,SNR_AVG:0.00
SatInView:16 GDOP:12910
Roll:137.995483 Pitch:27.135874
X_AVG:-5.737964 Y_AVG:7.336652 Z_AVG:-8.862316
X_SD:2.419431 Y_SD:3.098670 Z_SD:4.670318
$MXCM10033,2,48,20240103,065200,12,0E70FDBC,47EF8B89,00C1,0000,19A1,0B,C201*12
GPS_PRN:19604,16,31,26,09,28,21,18,02,07,19419919508,SAT_TAL:11
GPS_SNR:18,00,20,39,20,00,33,24,26,19,00,27,00,25,13,SNR_AVG:24.00
GLO_PRN:00,00,00,00,00,00,00,00,00,00,00,00,00,00,00,SAT_TAL:00
GLO_SNR:00,00,00,00,00,00,00,00,00,00,00,00,00,00,00,SNR_AVG:0.00
GAL_PRN:00,00,00,00,00,00,00,00,00,00,00,00,00,00,00,SAT_TAL:00
GAL_SNR:00,00,00,00,00,00,00,00,00,00,00,00,00,00,00,SNR_AVG:0.00
BEI_PRN:00,00,00,00,00,00,00,00,00,00,00,00,00,00,00,SAT_TAL:00
BEI_SNR:00,00,00,00,00,00,00,00,00,00,00,00,00,00,00,SNR_AVG:0.00
QZS_PRN:00,00,00,00,00,SAT_TAL:00
QZS_SNR:00,00,00,00,00,SNR_AVG:0.00
SatInView:20 GDOP:149
Roll:129.931046 Pitch:1.609243
X_AVG:-0.098739 Y_AVG:7.618695 Z_AVG:-10.699184
X_SD:6.557680 Y_SD:7.121203 Z_SD:6.825399
$MXCM10033,2,49,20240103,065416,12,0E710236,47EFA1DE,00C2,0000,7503,0E,C201*60
GPS_PRN:19604,16,31,26,09,28,21,18,02,07,19919508,194SAT_TAL:14
GPS_SNR:24,14,23,37,28,16,34,27,14,26,00,17,27,19,24,SNR_AVG:23.57
GLO_PRN:00,00,00,00,00,00,00,00,00,00,00,00,00,00,00,SAT_TAL:00
GLO_SNR:00,00,00,00,00,00,00,00,00,00,00,00,00,00,00,SNR_AVG:0.00
GAL_PRN:00,00,00,00,00,00,00,00,00,00,00,00,00,00,00,SAT_TAL:00
GAL_SNR:00,00,00,00,00,00,00,00,00,00,00,00,00,00,00,SNR_AVG:0.00
BEI_PRN:00,00,00,00,00,00,00,00,00,00,00,00,00,00,00,SAT_TAL:00
BEI_SNR:00,00,00,00,00,00,00,00,00,00,00,00,00,00,00,SNR_AVG:0.00
QZS_PRN:00,00,00,00,00,SAT_TAL:00
QZS_SNR:00,00,00,00,00,SNR_AVG:0.00
SatInView:18 GDOP:117
Roll:126.531654 Pitch:-0.450483
X_AVG:0.898706 Y_AVG:8.157209 Z_AVG:-6.251865
X_SD:0.093509 Y_SD:0.092841 Z_SD:0.174585
$MXCM10033,2,50,20240103,065431,12,0E710152,47EF9E7A,00C2,0000,764D,0C,C202*62
GPS_PRN:19604,16,31,26,09,21,28,18,02,19419919508,00,SAT_TAL:12
GPS_SNR:26,16,25,38,32,16,20,32,00,29,24,18,28,00,00,SNR_AVG:25.33
GLO_PRN:75,76,65,66,00,00,00,00,00,00,00,00,00,00,00,SAT_TAL:01
GLO_SNR:30,00,00,00,00,00,00,00,00,00,00,00,00,00,00,SNR_AVG:30.00
GAL_PRN:00,00,00,00,00,00,00,00,00,00,00,00,00,00,00,SAT_TAL:00
GAL_SNR:00,00,00,00,00,00,00,00,00,00,00,00,00,00,00,SNR_AVG:0.00
BEI_PRN:00,00,00,00,00,00,00,00,00,00,00,00,00,00,00,SAT_TAL:00
BEI_SNR:00,00,00,00,00,00,00,00,00,00,00,00,00,00,00,SNR_AVG:0.00
QZS_PRN:00,00,00,00,00,SAT_TAL:00
QZS_SNR:00,00,00,00,00,SNR_AVG:0.00
SatInView:18 GDOP:129
Roll:137.419769 Pitch:-0.000020
X_AVG:0.330119 Y_AVG:8.085526 Z_AVG:-6.548992
X_SD:0.291657 Y_SD:0.309322 Z_SD:1.041412
$MXCM10033,2,51,20240103,065647,12,0E70FCA4,47EF9CF0,00C2,0000,220F,09,C202*6C
GPS_PRN:19604,16,31,26,09,21,28,18,02,07,19919508,194SAT_TAL:09
GPS_SNR:25,00,00,23,18,00,16,31,18,17,00,00,26,00,18,SNR_AVG:21.33
GLO_PRN:00,00,00,00,00,00,00,00,00,00,00,00,00,00,00,SAT_TAL:00
GLO_SNR:00,00,00,00,00,00,00,00,00,00,00,00,00,00,00,SNR_AVG:0.00
GAL_PRN:00,00,00,00,00,00,00,00,00,00,00,00,00,00,00,SAT_TAL:00
GAL_SNR:00,00,00,00,00,00,00,00,00,00,00,00,00,00,00,SNR_AVG:0.00
BEI_PRN:00,00,00,00,00,00,00,00,00,00,00,00,00,00,00,SAT_TAL:00
BEI_SNR:00,00,00,00,00,00,00,00,00,00,00,00,00,00,00,SNR_AVG:0.00
QZS_PRN:00,00,00,00,00,SAT_TAL:00
QZS_SNR:00,00,00,00,00,SNR_AVG:0.00
SatInView:18 GDOP:190
Roll:38.135544 Pitch:27.862270
X_AVG:-6.565464 Y_AVG:7.307203 Z_AVG:9.367120
X_SD:0.225248 Y_SD:0.126809 Z_SD:0.344576
$MXCM10033,2,52,20240103,065702,12,0E70FD3C,47EF9ACE,00C2,0000,791A,0B,C202*6C
GPS_PRN:19604,16,31,26,09,21,28,02,18,19919508,19400,SAT_TAL:11
GPS_SNR:22,00,20,27,28,00,19,29,18,15,17,22,00,20,00,SNR_AVG:21.55
GLO_PRN:76,66,65,00,00,00,00,00,00,00,00,00,00,00,00,SAT_TAL:00
GLO_SNR:00,00,00,00,00,00,00,00,00,00,00,00,00,00,00,SNR_AVG:0.00
GAL_PRN:00,00,00,00,00,00,00,00,00,00,00,00,00,00,00,SAT_TAL:00
GAL_SNR:00,00,00,00,00,00,00,00,00,00,00,00,00,00,00,SNR_AVG:0.00
BEI_PRN:00,00,00,00,00,00,00,00,00,00,00,00,00,00,00,SAT_TAL:00
BEI_SNR:00,00,00,00,00,00,00,00,00,00,00,00,00,00,00,SNR_AVG:0.00
QZS_PRN:00,00,00,00,00,SAT_TAL:00
QZS_SNR:00,00,00,00,00,SNR_AVG:0.00
SatInView:17 GDOP:168
Roll:17.250948 Pitch:-20.185246
X_AVG:2.496341 Y_AVG:3.613354 Z_AVG:7.587138
X_SD:8.156629 Y_SD:8.735477 Z_SD:10.187581
$MXCM10033,2,53,20240103,065917,12,0E710364,47EFAA72,00C2,0000,5ED0,08,C201*6D
GPS_PRN:19604,16,31,09,26,21,28,02,18,19419919508,00,SAT_TAL:08
GPS_SNR:17,00,22,23,00,27,20,29,21,00,18,00,00,00,00,SNR_AVG:22.12
GLO_PRN:76,66,65,67,00,00,00,00,00,00,00,00,00,00,00,SAT_TAL:00
GLO_SNR:00,00,00,00,00,00,00,00,00,00,00,00,00,00,00,SNR_AVG:0.00
GAL_PRN:00,00,00,00,00,00,00,00,00,00,00,00,00,00,00,SAT_TAL:00
GAL_SNR:00,00,00,00,00,00,00,00,00,00,00,00,00,00,00,SNR_AVG:0.00
BEI_PRN:00,00,00,00,00,00,00,00,00,00,00,00,00,00,00,SAT_TAL:00
BEI_SNR:00,00,00,00,00,00,00,00,00,00,00,00,00,00,00,SNR_AVG:0.00
QZS_PRN:00,00,00,00,00,SAT_TAL:00
QZS_SNR:00,00,00,00,00,SNR_AVG:0.00
SatInView:18 GDOP:187
Roll:77.039284 Pitch:4.978163
X_AVG:-1.242759 Y_AVG:8.690936 Z_AVG:2.233979
X_SD:0.205359 Y_SD:0.183978 Z_SD:0.290209
$MXCM10033,2,54,20240103,065933,12,0E7102ED,47EFA9F5,00C2,0000,6EAC,0A,C201*6C
GPS_PRN:19604,16,31,09,26,21,28,02,18,19419919508,00,SAT_TAL:10
GPS_SNR:17,00,12,30,00,19,17,18,21,00,18,00,15,17,00,SNR_AVG:18.40
GLO_PRN:76,66,65,67,00,00,00,00,00,00,00,00,00,00,00,SAT_TAL:00
GLO_SNR:00,00,00,00,00,00,00,00,00,00,00,00,00,00,00,SNR_AVG:0.00
GAL_PRN:00,00,00,00,00,00,00,00,00,00,00,00,00,00,00,SAT_TAL:00
GAL_SNR:00,00,00,00,00,00,00,00,00,00,00,00,00,00,00,SNR_AVG:0.00
BEI_PRN:00,00,00,00,00,00,00,00,00,00,00,00,00,00,00,SAT_TAL:00
BEI_SNR:00,00,00,00,00,00,00,00,00,00,00,00,00,00,00,SNR_AVG:0.00
QZS_PRN:00,00,00,00,00,SAT_TAL:00
QZS_SNR:00,00,00,00,00,SNR_AVG:0.00
SatInView:18 GDOP:163
Roll:70.859680 Pitch:-6.723246
X_AVG:1.537156 Y_AVG:8.874958 Z_AVG:3.129620
X_SD:0.086102 Y_SD:0.066263 Z_SD:0.153498
$MXCM10033,2,55,20240103,070148,00,0E71032B,47EFA995,00C2,0000,0000,00,C201*61
GPS_PRN:19604,16,31,09,26,21,28,18,07,19508,19419900,SAT_TAL:02
GPS_SNR:00,00,00,24,00,00,00,00,00,00,17,00,00,00,00,SNR_AVG:20.50
GLO_PRN:76,66,00,00,00,00,00,00,00,00,00,00,00,00,00,SAT_TAL:00
GLO_SNR:00,00,00,00,00,00,00,00,00,00,00,00,00,00,00,SNR_AVG:0.00
GAL_PRN:00,00,00,00,00,00,00,00,00,00,00,00,00,00,00,SAT_TAL:00
GAL_SNR:00,00,00,00,00,00,00,00,00,00,00,00,00,00,00,SNR_AVG:0.00
BEI_PRN:00,00,00,00,00,00,00,00,00,00,00,00,00,00,00,SAT_TAL:00
BEI_SNR:00,00,00,00,00,00,00,00,00,00,00,00,00,00,00,SNR_AVG:0.00
QZS_PRN:00,00,00,00,00,SAT_TAL:00
QZS_SNR:00,00,00,00,00,SNR_AVG:0.00
SatInView:16 GDOP:16781
Roll:52.693775 Pitch:21.654436
X_AVG:-4.574071 Y_AVG:8.238614 Z_AVG:6.420995
X_SD:0.090662 Y_SD:0.060439 Z_SD:0.136548
$MXCM10033,2,56,20240103,070203,12,0E71096A,47EFA28A,00C2,0000,3392,06,C202*10
GPS_PRN:19604,16,31,09,26,21,28,02,18,07,19419919508,SAT_TAL:06
GPS_SNR:19,00,00,26,00,00,18,00,14,00,00,14,00,21,00,SNR_AVG:18.67
GLO_PRN:00,00,00,00,00,00,00,00,00,00,00,00,00,00,00,SAT_TAL:00
GLO_SNR:00,00,00,00,00,00,00,00,00,00,00,00,00,00,00,SNR_AVG:0.00
GAL_PRN:00,00,00,00,00,00,00,00,00,00,00,00,00,00,00,SAT_TAL:00
GAL_SNR:00,00,00,00,00,00,00,00,00,00,00,00,00,00,00,SNR_AVG:0.00
BEI_PRN:00,00,00,00,00,00,00,00,00,00,00,00,00,00,00,SAT_TAL:00
BEI_SNR:00,00,00,00,00,00,00,00,00,00,00,00,00,00,00,SNR_AVG:0.00
QZS_PRN:00,00,00,00,00,SAT_TAL:00
QZS_SNR:00,00,00,00,00,SNR_AVG:0.00
SatInView:20 GDOP:261
Roll:102.388390 Pitch:48.901562
X_AVG:-5.980070 Y_AVG:5.031181 Z_AVG:-1.201147
X_SD:0.101897 Y_SD:0.086169 Z_SD:0.150024
$MXCM10033,2,57,20240103,070418,00,0E710713,47EFA10A,00C2,0000,0000,00,C202*63
GPS_PRN:19604,16,31,09,26,21,28,02,08,19419900,00,00,SAT_TAL:01
GPS_SNR:00,00,00,20,00,00,00,00,00,00,00,00,00,00,00,SNR_AVG:20.00
GLO_PRN:76,00,00,00,00,00,00,00,00,00,00,00,00,00,00,SAT_TAL:00
GLO_SNR:00,00,00,00,00,00,00,00,00,00,00,00,00,00,00,SNR_AVG:0.00
GAL_PRN:00,00,00,00,00,00,00,00,00,00,00,00,00,00,00,SAT_TAL:00
GAL_SNR:00,00,00,00,00,00,00,00,00,00,00,00,00,00,00,SNR_AVG:0.00
BEI_PRN:00,00,00,00,00,00,00,00,00,00,00,00,00,00,00,SAT_TAL:00
BEI_SNR:00,00,00,00,00,00,00,00,00,00,00,00,00,00,00,SNR_AVG:0.00
QZS_PRN:00,00,00,00,00,SAT_TAL:00
QZS_SNR:00,00,00,00,00,SNR_AVG:0.00
SatInView:13 GDOP:16807
Roll:44.578915 Pitch:14.901066
X_AVG:-3.829507 Y_AVG:8.689355 Z_AVG:8.608142
X_SD:0.096403 Y_SD:0.078213 Z_SD:0.171676
$MXCM10033,2,58,20240103,070433,00,0E71077D,47EF84F7,00C2,0000,69D8,00,C201*18
GPS_PRN:19604,16,31,09,26,21,28,02,18,07,19419919508,SAT_TAL:04
GPS_SNR:00,00,00,21,00,17,00,16,00,00,00,00,00,20,00,SNR_AVG:18.50
GLO_PRN:00,00,00,00,00,00,00,00,00,00,00,00,00,00,00,SAT_TAL:00
GLO_SNR:00,00,00,00,00,00,00,00,00,00,00,00,00,00,00,SNR_AVG:0.00
GAL_PRN:00,00,00,00,00,00,00,00,00,00,00,00,00,00,00,SAT_TAL:00
GAL_SNR:00,00,00,00,00,00,00,00,00,00,00,00,00,00,00,SNR_AVG:0.00
BEI_PRN:00,00,00,00,00,00,00,00,00,00,00,00,00,00,00,SAT_TAL:00
BEI_SNR:00,00,00,00,00,00,00,00,00,00,00,00,00,00,00,SNR_AVG:0.00
QZS_PRN:00,00,00,00,00,SAT_TAL:00
QZS_SNR:00,00,00,00,00,SNR_AVG:0.00
SatInView:20 GDOP:689
Roll:45.194107 Pitch:15.003739
X_AVG:-3.854599 Y_AVG:8.685046 Z_AVG:8.722348
X_SD:0.120545 Y_SD:0.127941 Z_SD:0.163977
$MXCM10033,2,59,20240103,070648,00,0E70FC38,47EFA11F,00C2,0000,0000,00,C201*65
GPS_PRN:19604,16,09,31,26,21,02,28,07,18,19508,194199SAT_TAL:01
GPS_SNR:00,00,00,00,00,00,00,00,00,00,00,18,00,00,00,SNR_AVG:18.00
GLO_PRN:00,00,00,00,00,00,00,00,00,00,00,00,00,00,00,SAT_TAL:00
GLO_SNR:00,00,00,00,00,00,00,00,00,00,00,00,00,00,00,SNR_AVG:0.00
GAL_PRN:00,00,00,00,00,00,00,00,00,00,00,00,00,00,00,SAT_TAL:00
GAL_SNR:00,00,00,00,00,00,00,00,00,00,00,00,00,00,00,SNR_AVG:0.00
BEI_PRN:00,00,00,00,00,00,00,00,00,00,00,00,00,00,00,SAT_TAL:00
BEI_SNR:00,00,00,00,00,00,00,00,00,00,00,00,00,00,00,SNR_AVG:0.00
QZS_PRN:00,00,00,00,00,SAT_TAL:00
QZS_SNR:00,00,00,00,00,SNR_AVG:0.00
SatInView:17 GDOP:16069
Roll:67.929512 Pitch:24.807243
X_AVG:-4.413321 Y_AVG:8.210458 Z_AVG:3.886873
X_SD:0.074297 Y_SD:0.068737 Z_SD:0.140245
$MXCM10033,2,60,20240103,070703,00,0E7106AC,47EF9DDD,00C2,0000,7B5B,00,C201*12
GPS_PRN:19604,16,31,09,26,21,02,28,07,18,19419919508,SAT_TAL:05
GPS_SNR:00,00,00,18,00,16,00,17,00,00,00,16,00,21,00,SNR_AVG:17.60
GLO_PRN:00,00,00,00,00,00,00,00,00,00,00,00,00,00,00,SAT_TAL:00
GLO_SNR:00,00,00,00,00,00,00,00,00,00,00,00,00,00,00,SNR_AVG:0.00
GAL_PRN:00,00,00,00,00,00,00,00,00,00,00,00,00,00,00,SAT_TAL:00
GAL_SNR:00,00,00,00,00,00,00,00,00,00,00,00,00,00,00,SNR_AVG:0.00
BEI_PRN:00,00,00,00,00,00,00,00,00,00,00,00,00,00,00,SAT_TAL:00
BEI_SNR:00,00,00,00,00,00,00,00,00,00,00,00,00,00,00,SNR_AVG:0.00
QZS_PRN:00,00,00,00,00,SAT_TAL:00
QZS_SNR:00,00,00,00,00,SNR_AVG:0.00
SatInView:20 GDOP:254
Roll:65.233696 Pitch:24.359661
X_AVG:-4.491373 Y_AVG:8.196715 Z_AVG:4.127447
X_SD:0.085011 Y_SD:0.072152 Z_SD:0.149353
$MXCM10033,2,61,20240103,070918,00,0E710463,47EFD0E1,00C2,0000,0000,00,C202*6E
GPS_PRN:26,21,02,19600,00,00,00,00,00,00,00,00,00,00,SAT_TAL:00
GPS_SNR:00,00,00,00,00,00,00,00,00,00,00,00,00,00,00,SNR_AVG:0.00
GLO_PRN:00,00,00,00,00,00,00,00,00,00,00,00,00,00,00,SAT_TAL:00
GLO_SNR:00,00,00,00,00,00,00,00,00,00,00,00,00,00,00,SNR_AVG:0.00
GAL_PRN:00,00,00,00,00,00,00,00,00,00,00,00,00,00,00,SAT_TAL:00
GAL_SNR:00,00,00,00,00,00,00,00,00,00,00,00,00,00,00,SNR_AVG:0.00
BEI_PRN:00,00,00,00,00,00,00,00,00,00,00,00,00,00,00,SAT_TAL:00
BEI_SNR:00,00,00,00,00,00,00,00,00,00,00,00,00,00,00,SNR_AVG:0.00
QZS_PRN:00,00,00,00,00,SAT_TAL:00
QZS_SNR:00,00,00,00,00,SNR_AVG:0.00
SatInView:4 GDOP:17319
Roll:-157.766708 Pitch:16.309660
X_AVG:-4.651309 Y_AVG:-6.637771 Z_AVG:-19.525587
X_SD:2.751547 Y_SD:2.767753 Z_SD:0.564073
$MXCM10033,2,62,20240103,070933,00,0E710463,47EFD0E1,00C2,0000,0000,00,C201*67
GPS_PRN:00,00,00,00,00,00,00,00,00,00,00,00,00,00,00,SAT_TAL:00
GPS_SNR:00,00,00,00,00,00,00,00,00,00,00,00,00,00,00,SNR_AVG:0.00
GLO_PRN:00,00,00,00,00,00,00,00,00,00,00,00,00,00,00,SAT_TAL:00
GLO_SNR:00,00,00,00,00,00,00,00,00,00,00,00,00,00,00,SNR_AVG:0.00
GAL_PRN:00,00,00,00,00,00,00,00,00,00,00,00,00,00,00,SAT_TAL:00
GAL_SNR:00,00,00,00,00,00,00,00,00,00,00,00,00,00,00,SNR_AVG:0.00
BEI_PRN:00,00,00,00,00,00,00,00,00,00,00,00,00,00,00,SAT_TAL:00
BEI_SNR:00,00,00,00,00,00,00,00,00,00,00,00,00,00,00,SNR_AVG:0.00
QZS_PRN:00,00,00,00,00,SAT_TAL:00
QZS_SNR:00,00,00,00,00,SNR_AVG:0.00
SatInView:0 GDOP:17319
Roll:90.058212 Pitch:-6.644803
X_AVG:2.353165 Y_AVG:7.487777 Z_AVG:1.145505
X_SD:0.805137 Y_SD:0.701434 Z_SD:0.553115
$MXCM10033,2,63,20240103,071148,12,0E70FD1B,47EFA259,00C2,0000,0000,0E,C202*18
GPS_PRN:19604,16,09,31,26,21,02,28,07,18,19419919508,SAT_TAL:13
GPS_SNR:29,00,23,18,35,37,29,17,29,19,16,20,00,27,26,SNR_AVG:25.00
GLO_PRN:00,00,00,00,00,00,00,00,00,00,00,00,00,00,00,SAT_TAL:00
GLO_SNR:00,00,00,00,00,00,00,00,00,00,00,00,00,00,00,SNR_AVG:0.00
GAL_PRN:00,00,00,00,00,00,00,00,00,00,00,00,00,00,00,SAT_TAL:00
GAL_SNR:00,00,00,00,00,00,00,00,00,00,00,00,00,00,00,SNR_AVG:0.00
BEI_PRN:00,00,00,00,00,00,00,00,00,00,00,00,00,00,00,SAT_TAL:00
BEI_SNR:00,00,00,00,00,00,00,00,00,00,00,00,00,00,00,SNR_AVG:0.00
QZS_PRN:00,00,00,00,00,SAT_TAL:00
QZS_SNR:00,00,00,00,00,SNR_AVG:0.00
SatInView:21 GDOP:107
Roll:25.697113 Pitch:2.757496
X_AVG:-1.451969 Y_AVG:9.334175 Z_AVG:19.604118
X_SD:0.068238 Y_SD:0.053132 Z_SD:0.000000
$MXCM10033,2,64,20240103,071204,12,0E70FC55,47EF9FD3,00C2,0000,0000,0D,C202*16
GPS_PRN:19604,16,09,31,26,21,02,28,07,18,19419919508,SAT_TAL:13
GPS_SNR:28,00,23,18,35,37,30,18,32,21,21,17,00,28,29,SNR_AVG:25.92
GLO_PRN:00,00,00,00,00,00,00,00,00,00,00,00,00,00,00,SAT_TAL:00
GLO_SNR:00,00,00,00,00,00,00,00,00,00,00,00,00,00,00,SNR_AVG:0.00
GAL_PRN:00,00,00,00,00,00,00,00,00,00,00,00,00,00,00,SAT_TAL:00
GAL_SNR:00,00,00,00,00,00,00,00,00,00,00,00,00,00,00,SNR_AVG:0.00
BEI_PRN:00,00,00,00,00,00,00,00,00,00,00,00,00,00,00,SAT_TAL:00
BEI_SNR:00,00,00,00,00,00,00,00,00,00,00,00,00,00,00,SNR_AVG:0.00
QZS_PRN:00,00,00,00,00,SAT_TAL:00
QZS_SNR:00,00,00,00,00,SNR_AVG:0.00
SatInView:21 GDOP:116
Roll:25.715935 Pitch:2.759315
X_AVG:-1.450149 Y_AVG:9.344614 Z_AVG:19.604118
X_SD:0.082001 Y_SD:0.059373 Z_SD:0.000000
$MXCM10033,2,65,20240103,071419,12,0E71016D,47EF9D93,00C2,0000,6ED3,0C,C202*16
GPS_PRN:19604,16,09,31,26,21,02,07,28,18,19419919508,SAT_TAL:13
GPS_SNR:25,19,29,19,35,37,31,26,00,32,19,15,00,28,28,SNR_AVG:26.38
GLO_PRN:00,00,00,00,00,00,00,00,00,00,00,00,00,00,00,SAT_TAL:00
GLO_SNR:00,00,00,00,00,00,00,00,00,00,00,00,00,00,00,SNR_AVG:0.00
GAL_PRN:00,00,00,00,00,00,00,00,00,00,00,00,00,00,00,SAT_TAL:00
GAL_SNR:00,00,00,00,00,00,00,00,00,00,00,00,00,00,00,SNR_AVG:0.00
BEI_PRN:00,00,00,00,00,00,00,00,00,00,00,00,00,00,00,SAT_TAL:00
BEI_SNR:00,00,00,00,00,00,00,00,00,00,00,00,00,00,00,SNR_AVG:0.00
QZS_PRN:00,00,00,00,00,SAT_TAL:00
QZS_SNR:00,00,00,00,00,SNR_AVG:0.00
SatInView:21 GDOP:133
Roll:25.697113 Pitch:2.757496
X_AVG:-1.466861 Y_AVG:9.354574 Z_AVG:19.604118
X_SD:0.075164 Y_SD:0.059257 Z_SD:0.000000
$MXCM10033,2,66,20240103,071435,12,0E710046,47EF9D32,00C2,0000,6ED3,0D,C202*66
GPS_PRN:08,04,16,09,31,26,21,02,28,18,19419919519600,SAT_TAL:12
GPS_SNR:30,14,30,21,33,37,29,28,32,23,00,00,30,27,00,SNR_AVG:27.83
GLO_PRN:77,67,75,76,66,65,00,00,00,00,00,00,00,00,00,SAT_TAL:03
GLO_SNR:00,00,34,17,00,15,00,00,00,00,00,00,00,00,00,SNR_AVG:22.00
GAL_PRN:00,00,00,00,00,00,00,00,00,00,00,00,00,00,00,SAT_TAL:00
GAL_SNR:00,00,00,00,00,00,00,00,00,00,00,00,00,00,00,SNR_AVG:0.00
BEI_PRN:00,00,00,00,00,00,00,00,00,00,00,00,00,00,00,SAT_TAL:00
BEI_SNR:00,00,00,00,00,00,00,00,00,00,00,00,00,00,00,SNR_AVG:0.00
QZS_PRN:00,00,00,00,00,SAT_TAL:00
QZS_SNR:00,00,00,00,00,SNR_AVG:0.00
SatInView:20 GDOP:123
Roll:25.715935 Pitch:2.759315
X_AVG:-1.465329 Y_AVG:9.347247 Z_AVG:19.604118
X_SD:0.076355 Y_SD:0.062029 Z_SD:0.000000
$MXCM10033,2,67,20240103,071651,12,0E70FD12,47EFA337,00C2,0000,2DB4,0D,C202*6B
GPS_PRN:19604,16,09,31,26,21,02,07,28,18,19419919508,SAT_TAL:13
GPS_SNR:25,17,26,18,39,31,23,23,17,20,20,00,00,24,25,SNR_AVG:23.69
GLO_PRN:00,00,00,00,00,00,00,00,00,00,00,00,00,00,00,SAT_TAL:00
GLO_SNR:00,00,00,00,00,00,00,00,00,00,00,00,00,00,00,SNR_AVG:0.00
GAL_PRN:00,00,00,00,00,00,00,00,00,00,00,00,00,00,00,SAT_TAL:00
GAL_SNR:00,00,00,00,00,00,00,00,00,00,00,00,00,00,00,SNR_AVG:0.00
BEI_PRN:00,00,00,00,00,00,00,00,00,00,00,00,00,00,00,SAT_TAL:00
BEI_SNR:00,00,00,00,00,00,00,00,00,00,00,00,00,00,00,SNR_AVG:0.00
QZS_PRN:00,00,00,00,00,SAT_TAL:00
QZS_SNR:00,00,00,00,00,SNR_AVG:0.00
SatInView:20 GDOP:116
Roll:25.697113 Pitch:2.757496
X_AVG:-1.462504 Y_AVG:9.359937 Z_AVG:19.604118
X_SD:0.079999 Y_SD:0.062230 Z_SD:0.000000
$MXCM10033,2,68,20240103,071706,12,0E70FE4E,47EFA19D,00C2,0000,6E98,0D,C202*1D
GPS_PRN:08,04,16,09,31,26,21,02,28,18,19419919519600,SAT_TAL:13
GPS_SNR:23,17,29,19,37,33,19,20,22,23,00,15,22,29,00,SNR_AVG:23.69
GLO_PRN:77,67,75,76,66,65,00,00,00,00,00,00,00,00,00,SAT_TAL:02
GLO_SNR:00,00,38,26,00,00,00,00,00,00,00,00,00,00,00,SNR_AVG:32.00
GAL_PRN:00,00,00,00,00,00,00,00,00,00,00,00,00,00,00,SAT_TAL:00
GAL_SNR:00,00,00,00,00,00,00,00,00,00,00,00,00,00,00,SNR_AVG:0.00
BEI_PRN:00,00,00,00,00,00,00,00,00,00,00,00,00,00,00,SAT_TAL:00
BEI_SNR:00,00,00,00,00,00,00,00,00,00,00,00,00,00,00,SNR_AVG:0.00
QZS_PRN:00,00,00,00,00,SAT_TAL:00
QZS_SNR:00,00,00,00,00,SNR_AVG:0.00
SatInView:20 GDOP:125
Roll:25.715935 Pitch:2.759315
X_AVG:-1.461163 Y_AVG:9.366832 Z_AVG:19.604118
X_SD:0.071093 Y_SD:0.057567 Z_SD:0.000000
$MXCM10033,2,69,20240103,071922,12,0E710815,47EF962C,00C2,0000,343D,0A,C202*1F
GPS_PRN:19604,16,09,31,26,21,02,07,28,18,19419919508,SAT_TAL:11
GPS_SNR:27,00,29,18,40,40,19,24,00,24,22,00,00,30,27,SNR_AVG:27.27
GLO_PRN:00,00,00,00,00,00,00,00,00,00,00,00,00,00,00,SAT_TAL:00
GLO_SNR:00,00,00,00,00,00,00,00,00,00,00,00,00,00,00,SNR_AVG:0.00
GAL_PRN:00,00,00,00,00,00,00,00,00,00,00,00,00,00,00,SAT_TAL:00
GAL_SNR:00,00,00,00,00,00,00,00,00,00,00,00,00,00,00,SNR_AVG:0.00
BEI_PRN:00,00,00,00,00,00,00,00,00,00,00,00,00,00,00,SAT_TAL:00
BEI_SNR:00,00,00,00,00,00,00,00,00,00,00,00,00,00,00,SNR_AVG:0.00
QZS_PRN:00,00,00,00,00,SAT_TAL:00
QZS_SNR:00,00,00,00,00,SNR_AVG:0.00
SatInView:20 GDOP:133
Roll:25.697113 Pitch:2.757496
X_AVG:-1.473038 Y_AVG:9.363720 Z_AVG:19.604118
X_SD:0.078265 Y_SD:0.056144 Z_SD:0.000000
$MXCM10033,2,70,20240103,071937,12,0E7103E4,47EF9D5E,00C2,0000,343D,0C,C202*1C
GPS_PRN:08,04,16,09,31,26,21,02,28,18,19419919519600,SAT_TAL:13
GPS_SNR:28,22,31,17,40,40,20,28,24,20,00,13,34,30,00,SNR_AVG:26.69
GLO_PRN:77,67,75,76,66,65,00,00,00,00,00,00,00,00,00,SAT_TAL:02
GLO_SNR:00,00,32,23,00,00,00,00,00,00,00,00,00,00,00,SNR_AVG:27.50
GAL_PRN:00,00,00,00,00,00,00,00,00,00,00,00,00,00,00,SAT_TAL:00
GAL_SNR:00,00,00,00,00,00,00,00,00,00,00,00,00,00,00,SNR_AVG:0.00
BEI_PRN:00,00,00,00,00,00,00,00,00,00,00,00,00,00,00,SAT_TAL:00
BEI_SNR:00,00,00,00,00,00,00,00,00,00,00,00,00,00,00,SNR_AVG:0.00
QZS_PRN:00,00,00,00,00,SAT_TAL:00
QZS_SNR:00,00,00,00,00,SNR_AVG:0.00
SatInView:20 GDOP:129
Roll:25.715935 Pitch:2.759315
X_AVG:-1.470931 Y_AVG:9.357255 Z_AVG:19.604118
X_SD:0.073195 Y_SD:0.060299 Z_SD:0.000000
$MXCM10033,2,71,20240103,072153,12,0E7100CB,47EF9B00,00C2,0000,3A88,0E,C202*15
GPS_PRN:08,04,16,09,31,26,21,02,28,18,19419919519600,SAT_TAL:13
GPS_SNR:27,22,33,16,35,41,28,25,30,21,16,00,20,24,00,SNR_AVG:26.00
GLO_PRN:77,67,75,76,66,65,00,00,00,00,00,00,00,00,00,SAT_TAL:02
GLO_SNR:00,00,24,19,00,00,00,00,00,00,00,00,00,00,00,SNR_AVG:21.50
GAL_PRN:00,00,00,00,00,00,00,00,00,00,00,00,00,00,00,SAT_TAL:00
GAL_SNR:00,00,00,00,00,00,00,00,00,00,00,00,00,00,00,SNR_AVG:0.00
BEI_PRN:00,00,00,00,00,00,00,00,00,00,00,00,00,00,00,SAT_TAL:00
BEI_SNR:00,00,00,00,00,00,00,00,00,00,00,00,00,00,00,SNR_AVG:0.00
QZS_PRN:00,00,00,00,00,SAT_TAL:00
QZS_SNR:00,00,00,00,00,SNR_AVG:0.00
SatInView:20 GDOP:123
Roll:25.697113 Pitch:2.757496
X_AVG:-1.472176 Y_AVG:9.369083 Z_AVG:19.604118
X_SD:0.074947 Y_SD:0.063285 Z_SD:0.000000
$MXCM10033,2,72,20240103,072208,12,0E7100AE,47EF9BCF,00C2,0000,3A88,0F,C202*18
GPS_PRN:08,04,16,09,31,26,21,02,28,18,19419919519600,SAT_TAL:13
GPS_SNR:28,23,36,00,31,42,13,20,30,20,17,15,25,25,00,SNR_AVG:25.00
GLO_PRN:77,67,75,76,66,65,00,00,00,00,00,00,00,00,00,SAT_TAL:03
GLO_SNR:00,16,18,21,00,00,00,00,00,00,00,00,00,00,00,SNR_AVG:18.33
GAL_PRN:00,00,00,00,00,00,00,00,00,00,00,00,00,00,00,SAT_TAL:00
GAL_SNR:00,00,00,00,00,00,00,00,00,00,00,00,00,00,00,SNR_AVG:0.00
BEI_PRN:00,00,00,00,00,00,00,00,00,00,00,00,00,00,00,SAT_TAL:00
BEI_SNR:00,00,00,00,00,00,00,00,00,00,00,00,00,00,00,SNR_AVG:0.00
QZS_PRN:00,00,00,00,00,SAT_TAL:00
QZS_SNR:00,00,00,00,00,SNR_AVG:0.00
SatInView:20 GDOP:111
Roll:25.715935 Pitch:2.759315
X_AVG:-1.481610 Y_AVG:9.356489 Z_AVG:19.604118
X_SD:0.073061 Y_SD:0.060679 Z_SD:0.000000
$MXCM10033,2,73,20240103,072424,12,0E710246,47EF9E4C,00C3,0000,2D9B,09,C202*61
GPS_PRN:19604,16,09,31,21,26,02,07,28,18,19419919508,SAT_TAL:09
GPS_SNR:18,00,38,00,33,26,40,17,00,26,17,00,00,26,00,SNR_AVG:26.78
GLO_PRN:00,00,00,00,00,00,00,00,00,00,00,00,00,00,00,SAT_TAL:00
GLO_SNR:00,00,00,00,00,00,00,00,00,00,00,00,00,00,00,SNR_AVG:0.00
GAL_PRN:00,00,00,00,00,00,00,00,00,00,00,00,00,00,00,SAT_TAL:00
GAL_SNR:00,00,00,00,00,00,00,00,00,00,00,00,00,00,00,SNR_AVG:0.00
BEI_PRN:00,00,00,00,00,00,00,00,00,00,00,00,00,00,00,SAT_TAL:00
BEI_SNR:00,00,00,00,00,00,00,00,00,00,00,00,00,00,00,SNR_AVG:0.00
QZS_PRN:00,00,00,00,00,SAT_TAL:00
QZS_SNR:00,00,00,00,00,SNR_AVG:0.00
SatInView:21 GDOP:162
Roll:25.697113 Pitch:2.757496
X_AVG:-1.474810 Y_AVG:9.372004 Z_AVG:19.604118
X_SD:0.081407 Y_SD:0.063122 Z_SD:0.000000
$MXCM10033,2,74,20240103,072439,12,0E710104,47EF9F07,00C2,0000,2D9B,0F,C202*62
GPS_PRN:08,04,16,09,31,21,26,02,28,18,19419919519600,SAT_TAL:13
GPS_SNR:19,15,38,15,28,30,40,22,27,17,16,00,28,22,00,SNR_AVG:24.38
GLO_PRN:77,67,76,75,66,65,00,00,00,00,00,00,00,00,00,SAT_TAL:04
GLO_SNR:00,19,28,38,00,19,00,00,00,00,00,00,00,00,00,SNR_AVG:26.00
GAL_PRN:00,00,00,00,00,00,00,00,00,00,00,00,00,00,00,SAT_TAL:00
GAL_SNR:00,00,00,00,00,00,00,00,00,00,00,00,00,00,00,SNR_AVG:0.00
BEI_PRN:00,00,00,00,00,00,00,00,00,00,00,00,00,00,00,SAT_TAL:00
BEI_SNR:00,00,00,00,00,00,00,00,00,00,00,00,00,00,00,SNR_AVG:0.00
QZS_PRN:00,00,00,00,00,SAT_TAL:00
QZS_SNR:00,00,00,00,00,SNR_AVG:0.00
SatInView:20 GDOP:111
Roll:25.715935 Pitch:2.759315
X_AVG:-1.477875 Y_AVG:9.355484 Z_AVG:19.604118
X_SD:0.072003 Y_SD:0.062363 Z_SD:0.000000
$MXCM10033,2,75,20240103,072655,12,0E710313,47EF9CD2,00C2,0000,6329,0B,C202*1C
GPS_PRN:19604,16,09,21,31,26,02,07,28,01,18,194199195SAT_TAL:09
GPS_SNR:23,00,36,00,17,34,41,21,00,00,17,00,17,00,29,SNR_AVG:26.11
GLO_PRN:00,00,00,00,00,00,00,00,00,00,00,00,00,00,00,SAT_TAL:00
GLO_SNR:00,00,00,00,00,00,00,00,00,00,00,00,00,00,00,SNR_AVG:0.00
GAL_PRN:00,00,00,00,00,00,00,00,00,00,00,00,00,00,00,SAT_TAL:00
GAL_SNR:00,00,00,00,00,00,00,00,00,00,00,00,00,00,00,SNR_AVG:0.00
BEI_PRN:00,00,00,00,00,00,00,00,00,00,00,00,00,00,00,SAT_TAL:00
BEI_SNR:00,00,00,00,00,00,00,00,00,00,00,00,00,00,00,SNR_AVG:0.00
QZS_PRN:00,00,00,00,00,SAT_TAL:00
QZS_SNR:00,00,00,00,00,SNR_AVG:0.00
SatInView:22 GDOP:149
Roll:25.697113 Pitch:2.757496
X_AVG:-1.471219 Y_AVG:9.364055 Z_AVG:19.604118
X_SD:0.068236 Y_SD:0.057907 Z_SD:0.000000
$MXCM10033,2,76,20240103,072710,12,0E710400,47EF9AFC,00C2,0000,6329,0B,C202*6B
GPS_PRN:19604,16,09,21,31,26,02,28,01,18,19419919508,SAT_TAL:11
GPS_SNR:25,00,36,18,23,34,43,27,00,20,00,19,00,26,21,SNR_AVG:26.55
GLO_PRN:00,00,00,00,00,00,00,00,00,00,00,00,00,00,00,SAT_TAL:00
GLO_SNR:00,00,00,00,00,00,00,00,00,00,00,00,00,00,00,SNR_AVG:0.00
GAL_PRN:00,00,00,00,00,00,00,00,00,00,00,00,00,00,00,SAT_TAL:00
GAL_SNR:00,00,00,00,00,00,00,00,00,00,00,00,00,00,00,SNR_AVG:0.00
BEI_PRN:00,00,00,00,00,00,00,00,00,00,00,00,00,00,00,SAT_TAL:00
BEI_SNR:00,00,00,00,00,00,00,00,00,00,00,00,00,00,00,SNR_AVG:0.00
QZS_PRN:00,00,00,00,00,SAT_TAL:00
QZS_SNR:00,00,00,00,00,SNR_AVG:0.00
SatInView:21 GDOP:149
Roll:25.715935 Pitch:2.759315
X_AVG:-1.470357 Y_AVG:9.368796 Z_AVG:19.604118
X_SD:0.074417 Y_SD:0.062853 Z_SD:0.000000
$MXCM10033,2,77,20240103,072925,12,0E7102A8,47EFA50D,00C2,0000,47F6,0B,C202*1D
GPS_PRN:19604,16,09,21,31,26,02,01,28,18,19419919508,SAT_TAL:08
GPS_SNR:19,00,38,17,28,41,41,00,00,00,00,00,00,23,16,SNR_AVG:27.88
GLO_PRN:00,00,00,00,00,00,00,00,00,00,00,00,00,00,00,SAT_TAL:00
GLO_SNR:00,00,00,00,00,00,00,00,00,00,00,00,00,00,00,SNR_AVG:0.00
GAL_PRN:00,00,00,00,00,00,00,00,00,00,00,00,00,00,00,SAT_TAL:00
GAL_SNR:00,00,00,00,00,00,00,00,00,00,00,00,00,00,00,SNR_AVG:0.00
BEI_PRN:00,00,00,00,00,00,00,00,00,00,00,00,00,00,00,SAT_TAL:00
BEI_SNR:00,00,00,00,00,00,00,00,00,00,00,00,00,00,00,SNR_AVG:0.00
QZS_PRN:00,00,00,00,00,SAT_TAL:00
QZS_SNR:00,00,00,00,00,SNR_AVG:0.00
SatInView:21 GDOP:124
Roll:25.697113 Pitch:2.757496
X_AVG:-1.468058 Y_AVG:9.367694 Z_AVG:19.604118
X_SD:0.070224 Y_SD:0.057768 Z_SD:0.000000
$MXCM10033,2,78,20240103,072941,12,0E710302,47EFA114,00C2,0000,62E4,10,C202*6A
GPS_PRN:08,04,16,09,21,31,26,02,28,19419919519600,00,SAT_TAL:12
GPS_SNR:16,20,38,17,25,41,42,25,00,17,17,27,22,00,00,SNR_AVG:25.58
GLO_PRN:77,67,76,75,66,65,00,00,00,00,00,00,00,00,00,SAT_TAL:04
GLO_SNR:00,19,16,34,00,17,00,00,00,00,00,00,00,00,00,SNR_AVG:21.50
GAL_PRN:00,00,00,00,00,00,00,00,00,00,00,00,00,00,00,SAT_TAL:00
GAL_SNR:00,00,00,00,00,00,00,00,00,00,00,00,00,00,00,SNR_AVG:0.00
BEI_PRN:00,00,00,00,00,00,00,00,00,00,00,00,00,00,00,SAT_TAL:00
BEI_SNR:00,00,00,00,00,00,00,00,00,00,00,00,00,00,00,SNR_AVG:0.00
QZS_PRN:00,00,00,00,00,SAT_TAL:00
QZS_SNR:00,00,00,00,00,SNR_AVG:0.00
SatInView:19 GDOP:109
Roll:25.715935 Pitch:2.759315
X_AVG:-1.485105 Y_AVG:9.363002 Z_AVG:19.604118
X_SD:0.079116 Y_SD:0.065409 Z_SD:0.000000
$MXCM10033,2,79,20240103,073157,12,0E70FE2F,47EFA36F,00C2,0000,69EB,0B,C202*6B
GPS_PRN:19604,16,09,21,31,26,02,07,01,28,19419919508,SAT_TAL:09
GPS_SNR:16,15,35,00,26,40,33,16,00,00,00,00,16,20,00,SNR_AVG:24.11
GLO_PRN:00,00,00,00,00,00,00,00,00,00,00,00,00,00,00,SAT_TAL:00
GLO_SNR:00,00,00,00,00,00,00,00,00,00,00,00,00,00,00,SNR_AVG:0.00
GAL_PRN:00,00,00,00,00,00,00,00,00,00,00,00,00,00,00,SAT_TAL:00
GAL_SNR:00,00,00,00,00,00,00,00,00,00,00,00,00,00,00,SNR_AVG:0.00
BEI_PRN:00,00,00,00,00,00,00,00,00,00,00,00,00,00,00,SAT_TAL:00
BEI_SNR:00,00,00,00,00,00,00,00,00,00,00,00,00,00,00,SNR_AVG:0.00
QZS_PRN:00,00,00,00,00,SAT_TAL:00
QZS_SNR:00,00,00,00,00,SNR_AVG:0.00
SatInView:21 GDOP:147
Roll:25.697113 Pitch:2.757496
X_AVG:-1.482376 Y_AVG:9.370807 Z_AVG:19.604118
X_SD:0.078560 Y_SD:0.062110 Z_SD:0.000000
$MXCM10033,2,80,20240103,073212,12,0E71018E,47EF9D73,00C2,0000,69EB,0D,C202*18
GPS_PRN:08,04,16,09,21,26,31,02,28,19419919519600,00,SAT_TAL:11
GPS_SNR:00,18,37,21,32,35,40,16,00,16,15,29,24,00,00,SNR_AVG:25.73
GLO_PRN:77,67,76,75,66,65,00,00,00,00,00,00,00,00,00,SAT_TAL:04
GLO_SNR:00,15,25,38,00,17,00,00,00,00,00,00,00,00,00,SNR_AVG:23.75
GAL_PRN:00,00,00,00,00,00,00,00,00,00,00,00,00,00,00,SAT_TAL:00
GAL_SNR:00,00,00,00,00,00,00,00,00,00,00,00,00,00,00,SNR_AVG:0.00
BEI_PRN:00,00,00,00,00,00,00,00,00,00,00,00,00,00,00,SAT_TAL:00
BEI_SNR:00,00,00,00,00,00,00,00,00,00,00,00,00,00,00,SNR_AVG:0.00
QZS_PRN:00,00,00,00,00,SAT_TAL:00
QZS_SNR:00,00,00,00,00,SNR_AVG:0.00
SatInView:19 GDOP:118
Roll:25.715935 Pitch:2.759315
X_AVG:-1.470979 Y_AVG:9.368460 Z_AVG:19.604118
X_SD:0.076040 Y_SD:0.057950 Z_SD:0.000000
$MXCM10033,2,81,20240103,073428,12,0E70FC84,47EFA298,00C2,0000,670B,0D,C202*12
GPS_PRN:19604,16,09,21,31,26,02,07,01,28,19419919508,SAT_TAL:12
GPS_SNR:25,00,37,00,28,35,32,23,16,19,00,17,16,25,25,SNR_AVG:24.83
GLO_PRN:00,00,00,00,00,00,00,00,00,00,00,00,00,00,00,SAT_TAL:00
GLO_SNR:00,00,00,00,00,00,00,00,00,00,00,00,00,00,00,SNR_AVG:0.00
GAL_PRN:00,00,00,00,00,00,00,00,00,00,00,00,00,00,00,SAT_TAL:00
GAL_SNR:00,00,00,00,00,00,00,00,00,00,00,00,00,00,00,SNR_AVG:0.00
BEI_PRN:00,00,00,00,00,00,00,00,00,00,00,00,00,00,00,SAT_TAL:00
BEI_SNR:00,00,00,00,00,00,00,00,00,00,00,00,00,00,00,SNR_AVG:0.00
QZS_PRN:00,00,00,00,00,SAT_TAL:00
QZS_SNR:00,00,00,00,00,SNR_AVG:0.00
SatInView:21 GDOP:126
Roll:25.697113 Pitch:2.757496
X_AVG:-1.472081 Y_AVG:9.363289 Z_AVG:19.604118
X_SD:0.075741 Y_SD:0.056517 Z_SD:0.000000
$MXCM10033,2,82,20240103,073443,12,0E70FF01,47EF9FE6,00C2,0000,6A8B,10,C202*61
GPS_PRN:19604,16,09,21,31,26,02,07,28,01,19419919508,SAT_TAL:14
GPS_SNR:22,19,37,14,27,37,34,19,16,00,19,18,14,27,24,SNR_AVG:23.36
GLO_PRN:00,00,00,00,00,00,00,00,00,00,00,00,00,00,00,SAT_TAL:00
GLO_SNR:00,00,00,00,00,00,00,00,00,00,00,00,00,00,00,SNR_AVG:0.00
GAL_PRN:00,00,00,00,00,00,00,00,00,00,00,00,00,00,00,SAT_TAL:00
GAL_SNR:00,00,00,00,00,00,00,00,00,00,00,00,00,00,00,SNR_AVG:0.00
BEI_PRN:00,00,00,00,00,00,00,00,00,00,00,00,00,00,00,SAT_TAL:00
BEI_SNR:00,00,00,00,00,00,00,00,00,00,00,00,00,00,00,SNR_AVG:0.00
QZS_PRN:00,00,00,00,00,SAT_TAL:00
QZS_SNR:00,00,00,00,00,SNR_AVG:0.00
SatInView:21 GDOP:109
Roll:25.715935 Pitch:2.759315
X_AVG:-1.487356 Y_AVG:9.365779 Z_AVG:19.604118
X_SD:0.073788 Y_SD:0.058789 Z_SD:0.000000
$MXCM10033,2,83,20240103,073659,12,0E710212,47EF9AAC,00C2,0000,7129,0B,C202*6D
GPS_PRN:08,04,16,09,21,02,26,31,19419919519600,00,00,SAT_TAL:09
GPS_SNR:18,00,27,00,27,30,38,38,00,16,13,27,00,00,00,SNR_AVG:26.00
GLO_PRN:77,67,76,75,66,65,00,00,00,00,00,00,00,00,00,SAT_TAL:02
GLO_SNR:00,00,24,37,00,00,00,00,00,00,00,00,00,00,00,SNR_AVG:30.50
GAL_PRN:00,00,00,00,00,00,00,00,00,00,00,00,00,00,00,SAT_TAL:00
GAL_SNR:00,00,00,00,00,00,00,00,00,00,00,00,00,00,00,SNR_AVG:0.00
BEI_PRN:00,00,00,00,00,00,00,00,00,00,00,00,00,00,00,SAT_TAL:00
BEI_SNR:00,00,00,00,00,00,00,00,00,00,00,00,00,00,00,SNR_AVG:0.00
QZS_PRN:00,00,00,00,00,SAT_TAL:00
QZS_SNR:00,00,00,00,00,SNR_AVG:0.00
SatInView:18 GDOP:153
Roll:25.697113 Pitch:2.757496
X_AVG:-1.493102 Y_AVG:9.361852 Z_AVG:19.604118
X_SD:0.079625 Y_SD:0.056511 Z_SD:0.000000
$MXCM10033,2,84,20240103,073714,12,0E710045,47EF9D92,00C2,0000,6C34,0C,C202*10
GPS_PRN:08,04,16,09,21,02,26,31,19419919519600,00,00,SAT_TAL:09
GPS_SNR:24,00,29,00,28,28,36,39,00,15,16,23,00,00,00,SNR_AVG:26.44
GLO_PRN:77,67,76,75,66,65,00,00,00,00,00,00,00,00,00,SAT_TAL:03
GLO_SNR:00,21,28,38,00,00,00,00,00,00,00,00,00,00,00,SNR_AVG:29.00
GAL_PRN:00,00,00,00,00,00,00,00,00,00,00,00,00,00,00,SAT_TAL:00
GAL_SNR:00,00,00,00,00,00,00,00,00,00,00,00,00,00,00,SNR_AVG:0.00
BEI_PRN:00,00,00,00,00,00,00,00,00,00,00,00,00,00,00,SAT_TAL:00
BEI_SNR:00,00,00,00,00,00,00,00,00,00,00,00,00,00,00,SNR_AVG:0.00
QZS_PRN:00,00,00,00,00,SAT_TAL:00
QZS_SNR:00,00,00,00,00,SNR_AVG:0.00
SatInView:18 GDOP:123
Roll:25.715935 Pitch:2.759315
X_AVG:-1.488936 Y_AVG:9.343848 Z_AVG:19.604118
X_SD:0.084081 Y_SD:0.064092 Z_SD:0.000000
$MXCM10033,2,85,20240103,073930,12,0E710097,47EFA25A,00C2,0000,706D,0A,C202*62
GPS_PRN:08,04,16,09,21,02,26,31,07,19419919519600,00,SAT_TAL:08
GPS_SNR:00,00,38,00,23,32,28,42,15,00,00,26,26,00,00,SNR_AVG:28.75
GLO_PRN:65,67,76,75,66,77,00,00,00,00,00,00,00,00,00,SAT_TAL:02
GLO_SNR:00,00,24,40,00,00,00,00,00,00,00,00,00,00,00,SNR_AVG:32.00
GAL_PRN:00,00,00,00,00,00,00,00,00,00,00,00,00,00,00,SAT_TAL:00
GAL_SNR:00,00,00,00,00,00,00,00,00,00,00,00,00,00,00,SNR_AVG:0.00
BEI_PRN:00,00,00,00,00,00,00,00,00,00,00,00,00,00,00,SAT_TAL:00
BEI_SNR:00,00,00,00,00,00,00,00,00,00,00,00,00,00,00,SNR_AVG:0.00
QZS_PRN:00,00,00,00,00,SAT_TAL:00
QZS_SNR:00,00,00,00,00,SNR_AVG:0.00
SatInView:19 GDOP:139
Roll:25.697113 Pitch:2.757496
X_AVG:-1.480700 Y_AVG:9.368029 Z_AVG:19.604118
X_SD:0.075225 Y_SD:0.059019 Z_SD:0.000000
$MXCM10033,2,86,20240103,073945,12,0E7101AB,47EF9F7F,00C2,0000,706D,0C,C202*64
GPS_PRN:08,04,16,09,21,02,26,31,19419919519600,00,00,SAT_TAL:10
GPS_SNR:22,17,39,00,26,29,32,41,00,16,29,23,00,00,00,SNR_AVG:27.40
GLO_PRN:65,67,76,75,66,77,00,00,00,00,00,00,00,00,00,SAT_TAL:02
GLO_SNR:00,00,27,41,00,00,00,00,00,00,00,00,00,00,00,SNR_AVG:34.00
GAL_PRN:00,00,00,00,00,00,00,00,00,00,00,00,00,00,00,SAT_TAL:00
GAL_SNR:00,00,00,00,00,00,00,00,00,00,00,00,00,00,00,SNR_AVG:0.00
BEI_PRN:00,00,00,00,00,00,00,00,00,00,00,00,00,00,00,SAT_TAL:00
BEI_SNR:00,00,00,00,00,00,00,00,00,00,00,00,00,00,00,SNR_AVG:0.00
QZS_PRN:00,00,00,00,00,SAT_TAL:00
QZS_SNR:00,00,00,00,00,SNR_AVG:0.00
SatInView:18 GDOP:144
Roll:25.715935 Pitch:2.759315
X_AVG:-1.480844 Y_AVG:9.358883 Z_AVG:19.604118
X_SD:0.073702 Y_SD:0.057974 Z_SD:0.000000
$MXCM10033,2,87,20240103,074200,00,0E710199,47EF9F5E,00C2,0000,0000,00,C202*6F
GPS_PRN:04,02,26,31,19600,00,00,00,00,00,00,00,00,00,SAT_TAL:00
GPS_SNR:00,00,00,00,00,00,00,00,00,00,00,00,00,00,00,SNR_AVG:0.00
GLO_PRN:00,00,00,00,00,00,00,00,00,00,00,00,00,00,00,SAT_TAL:00
GLO_SNR:00,00,00,00,00,00,00,00,00,00,00,00,00,00,00,SNR_AVG:0.00
GAL_PRN:00,00,00,00,00,00,00,00,00,00,00,00,00,00,00,SAT_TAL:00
GAL_SNR:00,00,00,00,00,00,00,00,00,00,00,00,00,00,00,SNR_AVG:0.00
BEI_PRN:00,00,00,00,00,00,00,00,00,00,00,00,00,00,00,SAT_TAL:00
BEI_SNR:00,00,00,00,00,00,00,00,00,00,00,00,00,00,00,SNR_AVG:0.00
QZS_PRN:00,00,00,00,00,SAT_TAL:00
QZS_SNR:00,00,00,00,00,SNR_AVG:0.00
SatInView:5 GDOP:17319
Roll:8.012042 Pitch:24.316366
X_AVG:-8.825588 Y_AVG:2.789828 Z_AVG:19.604118
X_SD:1.393069 Y_SD:0.364492 Z_SD:0.000000
$MXCM10033,2,88,20240103,074215,00,0E710199,47EF9F5E,00C2,0000,0000,00,C202*64
GPS_PRN:08,19400,00,00,00,00,00,00,00,00,00,00,00,00,SAT_TAL:00
GPS_SNR:00,00,00,00,00,00,00,00,00,00,00,00,00,00,00,SNR_AVG:0.00
GLO_PRN:00,00,00,00,00,00,00,00,00,00,00,00,00,00,00,SAT_TAL:00
GLO_SNR:00,00,00,00,00,00,00,00,00,00,00,00,00,00,00,SNR_AVG:0.00
GAL_PRN:00,00,00,00,00,00,00,00,00,00,00,00,00,00,00,SAT_TAL:00
GAL_SNR:00,00,00,00,00,00,00,00,00,00,00,00,00,00,00,SNR_AVG:0.00
BEI_PRN:00,00,00,00,00,00,00,00,00,00,00,00,00,00,00,SAT_TAL:00
BEI_SNR:00,00,00,00,00,00,00,00,00,00,00,00,00,00,00,SNR_AVG:0.00
QZS_PRN:00,00,00,00,00,SAT_TAL:00
QZS_SNR:00,00,00,00,00,SNR_AVG:0.00
SatInView:2 GDOP:17319
Roll:-3.092640 Pitch:-0.175539
X_AVG:0.643431 Y_AVG:-1.467771 Z_AVG:19.604118
X_SD:0.066964 Y_SD:0.061182 Z_SD:0.000000
$MXCM10033,2,89,20240103,074430,00,0E710C7D,47EF7CCA,00C2,0000,0000,00,C202*1C
GPS_PRN:19604,16,21,09,02,26,31,07,08,19419919500,00,SAT_TAL:02
GPS_SNR:00,20,00,19,00,00,00,00,00,00,00,00,00,00,00,SNR_AVG:19.50
GLO_PRN:76,00,00,00,00,00,00,00,00,00,00,00,00,00,00,SAT_TAL:00
GLO_SNR:00,00,00,00,00,00,00,00,00,00,00,00,00,00,00,SNR_AVG:0.00
GAL_PRN:00,00,00,00,00,00,00,00,00,00,00,00,00,00,00,SAT_TAL:00
GAL_SNR:00,00,00,00,00,00,00,00,00,00,00,00,00,00,00,SNR_AVG:0.00
BEI_PRN:00,00,00,00,00,00,00,00,00,00,00,00,00,00,00,SAT_TAL:00
BEI_SNR:00,00,00,00,00,00,00,00,00,00,00,00,00,00,00,SNR_AVG:0.00
QZS_PRN:00,00,00,00,00,SAT_TAL:00
QZS_SNR:00,00,00,00,00,SNR_AVG:0.00
SatInView:14 GDOP:13436
Roll:-3.191395 Pitch:0.000000
X_AVG:0.651523 Y_AVG:-1.462312 Z_AVG:18.776713
X_SD:0.071218 Y_SD:0.062518 Z_SD:0.142308
$MXCM10033,2,90,20240103,074446,12,0E70F5C7,47EF893F,00C2,0000,7312,0C,C202*66
GPS_PRN:08,04,21,16,09,02,26,07,31,19419919519600,00,SAT_TAL:11
GPS_SNR:16,22,19,13,00,18,22,22,15,17,15,21,00,00,00,SNR_AVG:18.18
GLO_PRN:65,67,76,75,66,77,00,00,00,00,00,00,00,00,00,SAT_TAL:01
GLO_SNR:00,20,00,00,00,00,00,00,00,00,00,00,00,00,00,SNR_AVG:20.00
GAL_PRN:00,00,00,00,00,00,00,00,00,00,00,00,00,00,00,SAT_TAL:00
GAL_SNR:00,00,00,00,00,00,00,00,00,00,00,00,00,00,00,SNR_AVG:0.00
BEI_PRN:00,00,00,00,00,00,00,00,00,00,00,00,00,00,00,SAT_TAL:00
BEI_SNR:00,00,00,00,00,00,00,00,00,00,00,00,00,00,00,SNR_AVG:0.00
QZS_PRN:00,00,00,00,00,SAT_TAL:00
QZS_SNR:00,00,00,00,00,SNR_AVG:0.00
SatInView:19 GDOP:121
Roll:-3.199419 Pitch:0.000000
X_AVG:0.649656 Y_AVG:-1.463653 Z_AVG:18.711015
X_SD:0.066914 Y_SD:0.057455 Z_SD:0.135073
$MXCM10033,2,91,20240103,074701,00,0E70F573,47EF8916,00C2,0000,0000,00,C202*12
GPS_PRN:02,07,26,19600,00,00,00,00,00,00,00,00,00,00,SAT_TAL:01
GPS_SNR:00,21,00,00,00,00,00,00,00,00,00,00,00,00,00,SNR_AVG:21.00
GLO_PRN:00,00,00,00,00,00,00,00,00,00,00,00,00,00,00,SAT_TAL:00
GLO_SNR:00,00,00,00,00,00,00,00,00,00,00,00,00,00,00,SNR_AVG:0.00
GAL_PRN:00,00,00,00,00,00,00,00,00,00,00,00,00,00,00,SAT_TAL:00
GAL_SNR:00,00,00,00,00,00,00,00,00,00,00,00,00,00,00,SNR_AVG:0.00
BEI_PRN:00,00,00,00,00,00,00,00,00,00,00,00,00,00,00,SAT_TAL:00
BEI_SNR:00,00,00,00,00,00,00,00,00,00,00,00,00,00,00,SNR_AVG:0.00
QZS_PRN:00,00,00,00,00,SAT_TAL:00
QZS_SNR:00,00,00,00,00,SNR_AVG:0.00
SatInView:4 GDOP:17123
Roll:-3.199088 Pitch:0.000000
X_AVG:0.661435 Y_AVG:-1.472751 Z_AVG:18.429930
X_SD:0.081427 Y_SD:0.057039 Z_SD:0.130261
$MXCM10033,2,92,20240103,074716,12,0E71006B,47EF8A28,00C2,0000,191C,0B,C202*6B
GPS_PRN:08,04,21,16,09,02,07,26,31,19419919519600,00,SAT_TAL:11
GPS_SNR:00,23,15,23,16,17,20,18,24,17,16,00,20,00,00,SNR_AVG:19.00
GLO_PRN:65,76,66,77,67,00,00,00,00,00,00,00,00,00,00,SAT_TAL:00
GLO_SNR:00,00,00,00,00,00,00,00,00,00,00,00,00,00,00,SNR_AVG:0.00
GAL_PRN:00,00,00,00,00,00,00,00,00,00,00,00,00,00,00,SAT_TAL:00
GAL_SNR:00,00,00,00,00,00,00,00,00,00,00,00,00,00,00,SNR_AVG:0.00
BEI_PRN:00,00,00,00,00,00,00,00,00,00,00,00,00,00,00,SAT_TAL:00
BEI_SNR:00,00,00,00,00,00,00,00,00,00,00,00,00,00,00,SNR_AVG:0.00
QZS_PRN:00,00,00,00,00,SAT_TAL:00
QZS_SNR:00,00,00,00,00,SNR_AVG:0.00
SatInView:18 GDOP:128
Roll:-3.199136 Pitch:0.000000
X_AVG:0.658706 Y_AVG:-1.473852 Z_AVG:18.416714
X_SD:0.071528 Y_SD:0.060958 Z_SD:0.139497
$MXCM10033,2,93,20240103,074931,00,0E71002E,47EF8A17,00C2,0000,0000,00,C202*65
GPS_PRN:02,07,26,19600,00,00,00,00,00,00,00,00,00,00,SAT_TAL:00
GPS_SNR:00,00,00,00,00,00,00,00,00,00,00,00,00,00,00,SNR_AVG:0.00
GLO_PRN:00,00,00,00,00,00,00,00,00,00,00,00,00,00,00,SAT_TAL:00
GLO_SNR:00,00,00,00,00,00,00,00,00,00,00,00,00,00,00,SNR_AVG:0.00
GAL_PRN:00,00,00,00,00,00,00,00,00,00,00,00,00,00,00,SAT_TAL:00
GAL_SNR:00,00,00,00,00,00,00,00,00,00,00,00,00,00,00,SNR_AVG:0.00
BEI_PRN:00,00,00,00,00,00,00,00,00,00,00,00,00,00,00,SAT_TAL:00
BEI_SNR:00,00,00,00,00,00,00,00,00,00,00,00,00,00,00,SNR_AVG:0.00
QZS_PRN:00,00,00,00,00,SAT_TAL:00
QZS_SNR:00,00,00,00,00,SNR_AVG:0.00
SatInView:4 GDOP:17319
Roll:-3.211410 Pitch:0.000000
X_AVG:0.654253 Y_AVG:-1.458481 Z_AVG:18.250984
X_SD:0.075297 Y_SD:0.052434 Z_SD:0.133067
$MXCM10033,2,94,20240103,074947,12,0E70FA3C,47EF8F2A,00C2,0000,5F46,09,C202*6B
GPS_PRN:08,21,04,16,09,02,07,26,31,19419919519600,00,SAT_TAL:09
GPS_SNR:14,00,00,19,16,21,20,00,23,00,15,14,17,00,00,SNR_AVG:17.67
GLO_PRN:67,65,76,75,66,77,00,00,00,00,00,00,00,00,00,SAT_TAL:00
GLO_SNR:00,00,00,00,00,00,00,00,00,00,00,00,00,00,00,SNR_AVG:0.00
GAL_PRN:00,00,00,00,00,00,00,00,00,00,00,00,00,00,00,SAT_TAL:00
GAL_SNR:00,00,00,00,00,00,00,00,00,00,00,00,00,00,00,SNR_AVG:0.00
BEI_PRN:00,00,00,00,00,00,00,00,00,00,00,00,00,00,00,SAT_TAL:00
BEI_SNR:00,00,00,00,00,00,00,00,00,00,00,00,00,00,00,SNR_AVG:0.00
QZS_PRN:00,00,00,00,00,SAT_TAL:00
QZS_SNR:00,00,00,00,00,SNR_AVG:0.00
SatInView:19 GDOP:141
Roll:-3.209517 Pitch:0.000000
X_AVG:0.659616 Y_AVG:-1.470069 Z_AVG:18.224025
X_SD:0.068881 Y_SD:0.056023 Z_SD:0.124550
$MXCM10033,2,95,20240103,075201,00,0E70FA53,47EF8E63,00C2,0000,0000,00,C202*1A
GPS_PRN:16,09,02,07,26,19600,00,00,00,00,00,00,00,00,SAT_TAL:01
GPS_SNR:00,00,17,00,00,00,00,00,00,00,00,00,00,00,00,SNR_AVG:17.00
GLO_PRN:00,00,00,00,00,00,00,00,00,00,00,00,00,00,00,SAT_TAL:00
GLO_SNR:00,00,00,00,00,00,00,00,00,00,00,00,00,00,00,SNR_AVG:0.00
GAL_PRN:00,00,00,00,00,00,00,00,00,00,00,00,00,00,00,SAT_TAL:00
GAL_SNR:00,00,00,00,00,00,00,00,00,00,00,00,00,00,00,SNR_AVG:0.00
BEI_PRN:00,00,00,00,00,00,00,00,00,00,00,00,00,00,00,SAT_TAL:00
BEI_SNR:00,00,00,00,00,00,00,00,00,00,00,00,00,00,00,SNR_AVG:0.00
QZS_PRN:00,00,00,00,00,SAT_TAL:00
QZS_SNR:00,00,00,00,00,SNR_AVG:0.00
SatInView:6 GDOP:17319
Roll:80.287048 Pitch:45.650898
X_AVG:-6.860101 Y_AVG:6.906214 Z_AVG:1.464323
X_SD:0.618718 Y_SD:0.246403 Z_SD:0.581822
$MXCM10033,2,96,20240103,075216,00,0E70FA53,47EF8E63,00C2,0000,0000,00,C202*1F
GPS_PRN:19621,04,16,09,02,07,26,31,19419508,00,00,00,SAT_TAL:02
GPS_SNR:00,19,00,00,00,16,00,00,00,00,00,00,00,00,00,SNR_AVG:17.50
GLO_PRN:65,76,66,77,00,00,00,00,00,00,00,00,00,00,00,SAT_TAL:00
GLO_SNR:00,00,00,00,00,00,00,00,00,00,00,00,00,00,00,SNR_AVG:0.00
GAL_PRN:00,00,00,00,00,00,00,00,00,00,00,00,00,00,00,SAT_TAL:00
GAL_SNR:00,00,00,00,00,00,00,00,00,00,00,00,00,00,00,SNR_AVG:0.00
BEI_PRN:00,00,00,00,00,00,00,00,00,00,00,00,00,00,00,SAT_TAL:00
BEI_SNR:00,00,00,00,00,00,00,00,00,00,00,00,00,00,00,SNR_AVG:0.00
QZS_PRN:00,00,00,00,00,SAT_TAL:00
QZS_SNR:00,00,00,00,00,SNR_AVG:0.00
SatInView:16 GDOP:16897
Roll:179.973846 Pitch:90.000000
X_AVG:-10.160670 Y_AVG:-0.706878 Z_AVG:-0.949607
X_SD:0.066511 Y_SD:0.054668 Z_SD:0.126333
$MXCM10033,2,97,20240103,075431,00,0E70FA53,47EF8E63,00C2,0000,0000,00,C202*1D
GPS_PRN:21,09,07,26,19600,00,00,00,00,00,00,00,00,00,SAT_TAL:00
GPS_SNR:00,00,00,00,00,00,00,00,00,00,00,00,00,00,00,SNR_AVG:0.00
GLO_PRN:00,00,00,00,00,00,00,00,00,00,00,00,00,00,00,SAT_TAL:00
GLO_SNR:00,00,00,00,00,00,00,00,00,00,00,00,00,00,00,SNR_AVG:0.00
GAL_PRN:00,00,00,00,00,00,00,00,00,00,00,00,00,00,00,SAT_TAL:00
GAL_SNR:00,00,00,00,00,00,00,00,00,00,00,00,00,00,00,SNR_AVG:0.00
BEI_PRN:00,00,00,00,00,00,00,00,00,00,00,00,00,00,00,SAT_TAL:00
BEI_SNR:00,00,00,00,00,00,00,00,00,00,00,00,00,00,00,SNR_AVG:0.00
QZS_PRN:00,00,00,00,00,SAT_TAL:00
QZS_SNR:00,00,00,00,00,SNR_AVG:0.00
SatInView:5 GDOP:17319
Roll:0.000000 Pitch:90.000000
X_AVG:-9.941548 Y_AVG:-0.555227 Z_AVG:1.287101
X_SD:0.069932 Y_SD:0.059009 Z_SD:0.139614
$MXCM10033,2,98,20240103,075446,00,0E70FA53,47EF8E63,00C2,0000,0000,00,C202*12
GPS_PRN:08,19400,00,00,00,00,00,00,00,00,00,00,00,00,SAT_TAL:00
GPS_SNR:00,00,00,00,00,00,00,00,00,00,00,00,00,00,00,SNR_AVG:0.00
GLO_PRN:00,00,00,00,00,00,00,00,00,00,00,00,00,00,00,SAT_TAL:00
GLO_SNR:00,00,00,00,00,00,00,00,00,00,00,00,00,00,00,SNR_AVG:0.00
GAL_PRN:00,00,00,00,00,00,00,00,00,00,00,00,00,00,00,SAT_TAL:00
GAL_SNR:00,00,00,00,00,00,00,00,00,00,00,00,00,00,00,SNR_AVG:0.00
BEI_PRN:00,00,00,00,00,00,00,00,00,00,00,00,00,00,00,SAT_TAL:00
BEI_SNR:00,00,00,00,00,00,00,00,00,00,00,00,00,00,00,SNR_AVG:0.00
QZS_PRN:00,00,00,00,00,SAT_TAL:00
QZS_SNR:00,00,00,00,00,SNR_AVG:0.00
SatInView:2 GDOP:17319
Roll:0.000000 Pitch:90.000000
X_AVG:-9.921149 Y_AVG:-0.554317 Z_AVG:1.323781
X_SD:0.069386 Y_SD:0.058690 Z_SD:0.138203
$MXCM10033,2,99,20240103,075701,00,0E7107EB,47EF899C,00C2,0000,0000,00,C202*10
GPS_PRN:19521,04,16,09,02,26,31,19419908,00,00,00,00,SAT_TAL:03
GPS_SNR:00,15,00,00,00,00,00,17,16,00,00,00,00,00,00,SNR_AVG:16.00
GLO_PRN:76,67,65,00,00,00,00,00,00,00,00,00,00,00,00,SAT_TAL:00
GLO_SNR:00,00,00,00,00,00,00,00,00,00,00,00,00,00,00,SNR_AVG:0.00
GAL_PRN:00,00,00,00,00,00,00,00,00,00,00,00,00,00,00,SAT_TAL:00
GAL_SNR:00,00,00,00,00,00,00,00,00,00,00,00,00,00,00,SNR_AVG:0.00
BEI_PRN:00,00,00,00,00,00,00,00,00,00,00,00,00,00,00,SAT_TAL:00
BEI_SNR:00,00,00,00,00,00,00,00,00,00,00,00,00,00,00,SNR_AVG:0.00
QZS_PRN:00,00,00,00,00,SAT_TAL:00
QZS_SNR:00,00,00,00,00,SNR_AVG:0.00
SatInView:14 GDOP:12115
Roll:0.000000 Pitch:90.000000
X_AVG:-9.918324 Y_AVG:-0.556711 Z_AVG:1.321434
X_SD:0.071751 Y_SD:0.061489 Z_SD:0.130602
$MXCM10033,2,100,20240103,075716,12,0E71018F,47EF8B2B,0157,0002,6AC1,04,C202*5B
GPS_PRN:08,21,04,16,09,02,26,31,19419919519600,00,00,SAT_TAL:04
GPS_SNR:00,16,00,18,00,00,00,00,16,00,15,00,00,00,00,SNR_AVG:16.25
GLO_PRN:65,76,77,66,67,00,00,00,00,00,00,00,00,00,00,SAT_TAL:00
GLO_SNR:00,00,00,00,00,00,00,00,00,00,00,00,00,00,00,SNR_AVG:0.00
GAL_PRN:00,00,00,00,00,00,00,00,00,00,00,00,00,00,00,SAT_TAL:00
GAL_SNR:00,00,00,00,00,00,00,00,00,00,00,00,00,00,00,SNR_AVG:0.00
BEI_PRN:00,00,00,00,00,00,00,00,00,00,00,00,00,00,00,SAT_TAL:00
BEI_SNR:00,00,00,00,00,00,00,00,00,00,00,00,00,00,00,SNR_AVG:0.00
QZS_PRN:00,00,00,00,00,SAT_TAL:00
QZS_SNR:00,00,00,00,00,SNR_AVG:0.00
SatInView:17 GDOP:520
Roll:0.000000 Pitch:90.000000
X_AVG:-9.953328 Y_AVG:-0.408315 Z_AVG:1.001850
X_SD:0.072985 Y_SD:0.064991 Z_SD:0.135777
$MXCM10033,2,101,20240103,075931,00,0E710258,47EF8A32,0152,0000,0000,00,C202*56
GPS_PRN:04,07,26,19600,00,00,00,00,00,00,00,00,00,00,SAT_TAL:00
GPS_SNR:00,00,00,00,00,00,00,00,00,00,00,00,00,00,00,SNR_AVG:0.00
GLO_PRN:00,00,00,00,00,00,00,00,00,00,00,00,00,00,00,SAT_TAL:00
GLO_SNR:00,00,00,00,00,00,00,00,00,00,00,00,00,00,00,SNR_AVG:0.00
GAL_PRN:00,00,00,00,00,00,00,00,00,00,00,00,00,00,00,SAT_TAL:00
GAL_SNR:00,00,00,00,00,00,00,00,00,00,00,00,00,00,00,SNR_AVG:0.00
BEI_PRN:00,00,00,00,00,00,00,00,00,00,00,00,00,00,00,SAT_TAL:00
BEI_SNR:00,00,00,00,00,00,00,00,00,00,00,00,00,00,00,SNR_AVG:0.00
QZS_PRN:00,00,00,00,00,SAT_TAL:00
QZS_SNR:00,00,00,00,00,SNR_AVG:0.00
SatInView:4 GDOP:17319
Roll:0.000000 Pitch:90.000000
X_AVG:-9.970519 Y_AVG:-0.399840 Z_AVG:1.000174
X_SD:0.083568 Y_SD:0.069773 Z_SD:0.133181
$MXCM10033,2,102,20240103,075946,00,0E710258,47EF8A32,0152,0000,0000,00,C202*55
GPS_PRN:08,19400,00,00,00,00,00,00,00,00,00,00,00,00,SAT_TAL:00
GPS_SNR:00,00,00,00,00,00,00,00,00,00,00,00,00,00,00,SNR_AVG:0.00
GLO_PRN:75,00,00,00,00,00,00,00,00,00,00,00,00,00,00,SAT_TAL:01
GLO_SNR:20,00,00,00,00,00,00,00,00,00,00,00,00,00,00,SNR_AVG:20.00
GAL_PRN:00,00,00,00,00,00,00,00,00,00,00,00,00,00,00,SAT_TAL:00
GAL_SNR:00,00,00,00,00,00,00,00,00,00,00,00,00,00,00,SNR_AVG:0.00
BEI_PRN:00,00,00,00,00,00,00,00,00,00,00,00,00,00,00,SAT_TAL:00
BEI_SNR:00,00,00,00,00,00,00,00,00,00,00,00,00,00,00,SNR_AVG:0.00
QZS_PRN:00,00,00,00,00,SAT_TAL:00
QZS_SNR:00,00,00,00,00,SNR_AVG:0.00
SatInView:3 GDOP:17319
Roll:0.000000 Pitch:90.000000
X_AVG:-9.954094 Y_AVG:-0.398882 Z_AVG:1.012433
X_SD:0.073845 Y_SD:0.057052 Z_SD:0.127943
$MXCM10033,2,103,20240103,080201,00,0E710258,47EF8A32,0152,0000,0000,00,C202*56
GPS_PRN:19621,02,04,16,09,07,26,31,19919508,00,00,00,SAT_TAL:01
GPS_SNR:00,00,00,00,18,00,00,00,00,00,00,00,00,00,00,SNR_AVG:18.00
GLO_PRN:00,00,00,00,00,00,00,00,00,00,00,00,00,00,00,SAT_TAL:00
GLO_SNR:00,00,00,00,00,00,00,00,00,00,00,00,00,00,00,SNR_AVG:0.00
GAL_PRN:00,00,00,00,00,00,00,00,00,00,00,00,00,00,00,SAT_TAL:00
GAL_SNR:00,00,00,00,00,00,00,00,00,00,00,00,00,00,00,SNR_AVG:0.00
BEI_PRN:00,00,00,00,00,00,00,00,00,00,00,00,00,00,00,SAT_TAL:00
BEI_SNR:00,00,00,00,00,00,00,00,00,00,00,00,00,00,00,SNR_AVG:0.00
QZS_PRN:00,00,00,00,00,SAT_TAL:00
QZS_SNR:00,00,00,00,00,SNR_AVG:0.00
SatInView:12 GDOP:16849
Roll:-44.182156 Pitch:90.000000
X_AVG:-10.245474 Y_AVG:-1.802487 Z_AVG:1.399870
X_SD:0.076015 Y_SD:0.055881 Z_SD:0.132194
$MXCM10033,2,104,20240103,080216,00,0E70E6AC,47EFC08E,0152,0000,0000,00,C202*5E
GPS_PRN:08,21,02,04,16,09,07,26,31,19419919519600,00,SAT_TAL:04
GPS_SNR:14,00,16,00,17,00,00,00,00,00,00,00,15,00,00,SNR_AVG:15.50
GLO_PRN:65,76,77,66,67,00,00,00,00,00,00,00,00,00,00,SAT_TAL:00
GLO_SNR:00,00,00,00,00,00,00,00,00,00,00,00,00,00,00,SNR_AVG:0.00
GAL_PRN:00,00,00,00,00,00,00,00,00,00,00,00,00,00,00,SAT_TAL:00
GAL_SNR:00,00,00,00,00,00,00,00,00,00,00,00,00,00,00,SNR_AVG:0.00
BEI_PRN:00,00,00,00,00,00,00,00,00,00,00,00,00,00,00,SAT_TAL:00
BEI_SNR:00,00,00,00,00,00,00,00,00,00,00,00,00,00,00,SNR_AVG:0.00
QZS_PRN:00,00,00,00,00,SAT_TAL:00
QZS_SNR:00,00,00,00,00,SNR_AVG:0.00
SatInView:18 GDOP:237
Roll:-42.735790 Pitch:90.000000
X_AVG:-10.247437 Y_AVG:-1.790612 Z_AVG:1.426159
X_SD:0.080101 Y_SD:0.056455 Z_SD:0.129654
$MXCM10033,2,105,20240103,080431,00,0E710258,47EF8A32,0152,0000,0000,00,C202*55
GPS_PRN:04,07,26,19600,00,00,00,00,00,00,00,00,00,00,SAT_TAL:01
GPS_SNR:18,00,00,00,00,00,00,00,00,00,00,00,00,00,00,SNR_AVG:18.00
GLO_PRN:00,00,00,00,00,00,00,00,00,00,00,00,00,00,00,SAT_TAL:00
GLO_SNR:00,00,00,00,00,00,00,00,00,00,00,00,00,00,00,SNR_AVG:0.00
GAL_PRN:00,00,00,00,00,00,00,00,00,00,00,00,00,00,00,SAT_TAL:00
GAL_SNR:00,00,00,00,00,00,00,00,00,00,00,00,00,00,00,SNR_AVG:0.00
BEI_PRN:00,00,00,00,00,00,00,00,00,00,00,00,00,00,00,SAT_TAL:00
BEI_SNR:00,00,00,00,00,00,00,00,00,00,00,00,00,00,00,SNR_AVG:0.00
QZS_PRN:00,00,00,00,00,SAT_TAL:00
QZS_SNR:00,00,00,00,00,SNR_AVG:0.00
SatInView:4 GDOP:19998
Roll:180.000015 Pitch:90.000000
X_AVG:-9.948013 Y_AVG:-0.004836 Z_AVG:0.813422
X_SD:0.069413 Y_SD:0.056925 Z_SD:0.129997
$MXCM10033,2,106,20240103,080446,00,0E7101AF,47EFA418,0152,0000,241E,00,C202*29
GPS_PRN:19604,09,07,26,31,02,00,00,00,00,00,00,00,00,SAT_TAL:02
GPS_SNR:00,17,00,00,00,17,00,00,00,00,00,00,00,00,00,SNR_AVG:17.00
GLO_PRN:77,76,00,00,00,00,00,00,00,00,00,00,00,00,00,SAT_TAL:00
GLO_SNR:00,00,00,00,00,00,00,00,00,00,00,00,00,00,00,SNR_AVG:0.00
GAL_PRN:00,00,00,00,00,00,00,00,00,00,00,00,00,00,00,SAT_TAL:00
GAL_SNR:00,00,00,00,00,00,00,00,00,00,00,00,00,00,00,SNR_AVG:0.00
BEI_PRN:00,00,00,00,00,00,00,00,00,00,00,00,00,00,00,SAT_TAL:00
BEI_SNR:00,00,00,00,00,00,00,00,00,00,00,00,00,00,00,SNR_AVG:0.00
QZS_PRN:00,00,00,00,00,SAT_TAL:00
QZS_SNR:00,00,00,00,00,SNR_AVG:0.00
SatInView:9 GDOP:12890
Roll:0.000000 Pitch:90.000000
X_AVG:-9.942889 Y_AVG:-0.040559 Z_AVG:0.913311
X_SD:0.076785 Y_SD:0.060872 Z_SD:0.133131
$MXCM10033,3*35
$MXCM001,10033,0*2B
======== Tracker Setting ========
[System]
COMPort:COM29
SerialNumber:MX231218CW000008
FirmwareVersion:231220163813_v1.0.CN
[Periodic]
Enable:1
Stage:2
WorkMode:0
T0:15
T1:270
T2:120
T3:30
T4:120
FirstFixStage:2
TraceFixStage:0
PeriodicCycle:46
[Dynamic]
Enable:0
PrecisionChk:0
T5:45
T6:175
[Geofencing]
Enable:0
T7:20
T8:60
DistanceThreshold:1000
DestinationLongitude:121.2237164
DestinationLatitude:24.9698319
DestinationAltitude:154
[MotionDetection]
Enable:1
Angle:45
DataRate:200
SampleFrequency:50
[GPS_EPO]
EpoDataNumber:12
FWN:2295
FTOW:259200
LWN:2295
LTOW:518400
[GLO_EPO]
EpoDataNumber:12
FWN:2295
FTOW:259200
LWN:2295
LTOW:518400
[GAL_EPO]
EpoDataNumber:0
FWN:0
FTOW:0
LWN:0
LTOW:0
[BEI_EPO]
EpoDataNumber:0
FWN:0
FTOW:0
LWN:0
LTOW:0
