$MXCM10033,0*36
$MXCM10033,1,86,212*08
$MXCM10033,2,1,19800105,235956,00,35A4E8F5,00000000,0089,0000,0000,00,8102*54
GPS_PRN:31,28,18,16,19619419500,00,00,00,00,00,00,00,SAT_TAL:07
GPS_SNR:32,25,31,28,28,29,30,00,00,00,00,00,00,00,00,SNR_AVG:29.00
GLO_PRN:00,00,00,00,00,00,00,00,00,00,00,00,00,00,00,SAT_TAL:00
GLO_SNR:00,00,00,00,00,00,00,00,00,00,00,00,00,00,00,SNR_AVG:0.00
GAL_PRN:00,00,00,00,00,00,00,00,00,00,00,00,00,00,00,SAT_TAL:00
GAL_SNR:00,00,00,00,00,00,00,00,00,00,00,00,00,00,00,SNR_AVG:0.00
BEI_PRN:00,00,00,00,00,00,00,00,00,00,00,00,00,00,00,SAT_TAL:00
BEI_SNR:00,00,00,00,00,00,00,00,00,00,00,00,00,00,00,SNR_AVG:0.00
QZS_PRN:00,00,00,00,00,SAT_TAL:00
QZS_SNR:00,00,00,00,00,SNR_AVG:0.00
SatInView:7 GDOP:19998
Roll:151.776947 Pitch:64.309235
X_AVG:-10.821770 Y_AVG:4.070560 Z_AVG:-8.047026
X_SD:8.442239 Y_SD:10.065230 Z_SD:9.458407
$MXCM10033,2,2,19800106,000009,00,35A4E8F5,00000000,0089,0000,0000,00,8102*53
GPS_PRN:19604,27,26,16,28,18,09,08,31,19419503,00,00,SAT_TAL:13
GPS_SNR:26,36,37,26,35,33,30,35,33,31,32,32,33,00,00,SNR_AVG:32.23
GLO_PRN:00,00,00,00,00,00,00,00,00,00,00,00,00,00,00,SAT_TAL:00
GLO_SNR:00,00,00,00,00,00,00,00,00,00,00,00,00,00,00,SNR_AVG:0.00
GAL_PRN:00,00,00,00,00,00,00,00,00,00,00,00,00,00,00,SAT_TAL:00
GAL_SNR:00,00,00,00,00,00,00,00,00,00,00,00,00,00,00,SNR_AVG:0.00
BEI_PRN:00,00,00,00,00,00,00,00,00,00,00,00,00,00,00,SAT_TAL:00
BEI_SNR:00,00,00,00,00,00,00,00,00,00,00,00,00,00,00,SNR_AVG:0.00
QZS_PRN:00,00,00,00,00,SAT_TAL:00
QZS_SNR:00,00,00,00,00,SNR_AVG:0.00
SatInView:13 GDOP:19998
Roll:147.986633 Pitch:43.991417
X_AVG:-13.797009 Y_AVG:6.856318 Z_AVG:-11.365552
X_SD:7.238026 Y_SD:10.812799 Z_SD:7.297632
$MXCM10033,2,3,19800108,062041,00,35A4E8F5,00000000,0089,0000,0000,00,8102*54
GPS_PRN:19604,27,26,16,28,18,08,31,19419503,00,00,00,SAT_TAL:12
GPS_SNR:33,24,35,34,34,35,29,27,36,33,36,29,00,00,00,SNR_AVG:32.08
GLO_PRN:00,00,00,00,00,00,00,00,00,00,00,00,00,00,00,SAT_TAL:00
GLO_SNR:00,00,00,00,00,00,00,00,00,00,00,00,00,00,00,SNR_AVG:0.00
GAL_PRN:00,00,00,00,00,00,00,00,00,00,00,00,00,00,00,SAT_TAL:00
GAL_SNR:00,00,00,00,00,00,00,00,00,00,00,00,00,00,00,SNR_AVG:0.00
BEI_PRN:00,00,00,00,00,00,00,00,00,00,00,00,00,00,00,SAT_TAL:00
BEI_SNR:00,00,00,00,00,00,00,00,00,00,00,00,00,00,00,SNR_AVG:0.00
QZS_PRN:00,00,00,00,00,SAT_TAL:00
QZS_SNR:00,00,00,00,00,SNR_AVG:0.00
SatInView:12 GDOP:19998
Roll:166.249054 Pitch:57.622505
X_AVG:-9.310807 Y_AVG:2.623427 Z_AVG:-8.958804
X_SD:7.554154 Y_SD:8.453562 Z_SD:7.519915
$MXCM10033,2,4,19800108,062054,00,35A4E8F5,00000000,0089,0000,0000,00,8102*57
GPS_PRN:19503,04,27,26,16,28,18,31,19419619909,00,00,SAT_TAL:13
GPS_SNR:35,32,30,31,34,34,33,34,33,25,34,21,36,00,00,SNR_AVG:31.69
GLO_PRN:00,00,00,00,00,00,00,00,00,00,00,00,00,00,00,SAT_TAL:00
GLO_SNR:00,00,00,00,00,00,00,00,00,00,00,00,00,00,00,SNR_AVG:0.00
GAL_PRN:00,00,00,00,00,00,00,00,00,00,00,00,00,00,00,SAT_TAL:00
GAL_SNR:00,00,00,00,00,00,00,00,00,00,00,00,00,00,00,SNR_AVG:0.00
BEI_PRN:00,00,00,00,00,00,00,00,00,00,00,00,00,00,00,SAT_TAL:00
BEI_SNR:00,00,00,00,00,00,00,00,00,00,00,00,00,00,00,SNR_AVG:0.00
QZS_PRN:00,00,00,00,00,SAT_TAL:00
QZS_SNR:00,00,00,00,00,SNR_AVG:0.00
SatInView:13 GDOP:19998
Roll:-178.830902 Pitch:64.873550
X_AVG:-4.587718 Y_AVG:1.838688 Z_AVG:-5.422689
X_SD:6.706672 Y_SD:6.170021 Z_SD:3.828945
$MXCM10033,2,5,19800108,062106,00,35A4E8F5,00000000,0089,0000,0000,00,8102*50
GPS_PRN:19504,27,26,08,16,28,18,09,21,31,19419619903,SAT_TAL:15
GPS_SNR:32,28,32,33,32,28,36,35,35,23,37,25,33,22,31,SNR_AVG:30.80
GLO_PRN:00,00,00,00,00,00,00,00,00,00,00,00,00,00,00,SAT_TAL:00
GLO_SNR:00,00,00,00,00,00,00,00,00,00,00,00,00,00,00,SNR_AVG:0.00
GAL_PRN:00,00,00,00,00,00,00,00,00,00,00,00,00,00,00,SAT_TAL:00
GAL_SNR:00,00,00,00,00,00,00,00,00,00,00,00,00,00,00,SNR_AVG:0.00
BEI_PRN:00,00,00,00,00,00,00,00,00,00,00,00,00,00,00,SAT_TAL:00
BEI_SNR:00,00,00,00,00,00,00,00,00,00,00,00,00,00,00,SNR_AVG:0.00
QZS_PRN:00,00,00,00,00,SAT_TAL:00
QZS_SNR:00,00,00,00,00,SNR_AVG:0.00
SatInView:15 GDOP:19998
Roll:5.235871 Pitch:33.381447
X_AVG:-4.587718 Y_AVG:1.838688 Z_AVG:-5.422689
X_SD:6.706672 Y_SD:6.170021 Z_SD:3.828945
$MXCM10033,2,6,19800108,062119,00,35A4E8F5,00000000,0089,0000,0000,00,8102*5D
GPS_PRN:19504,27,26,08,16,28,18,09,21,31,19419619903,SAT_TAL:15
GPS_SNR:36,23,35,34,25,33,36,31,30,23,37,32,32,28,34,SNR_AVG:31.27
GLO_PRN:00,00,00,00,00,00,00,00,00,00,00,00,00,00,00,SAT_TAL:00
GLO_SNR:00,00,00,00,00,00,00,00,00,00,00,00,00,00,00,SNR_AVG:0.00
GAL_PRN:00,00,00,00,00,00,00,00,00,00,00,00,00,00,00,SAT_TAL:00
GAL_SNR:00,00,00,00,00,00,00,00,00,00,00,00,00,00,00,SNR_AVG:0.00
BEI_PRN:00,00,00,00,00,00,00,00,00,00,00,00,00,00,00,SAT_TAL:00
BEI_SNR:00,00,00,00,00,00,00,00,00,00,00,00,00,00,00,SNR_AVG:0.00
QZS_PRN:00,00,00,00,00,SAT_TAL:00
QZS_SNR:00,00,00,00,00,SNR_AVG:0.00
SatInView:15 GDOP:19998
Roll:156.778961 Pitch:45.862816
X_AVG:-8.383227 Y_AVG:2.850833 Z_AVG:-9.222555
X_SD:7.495282 Y_SD:7.038304 Z_SD:5.784872
$MXCM10033,2,7,19800108,062132,00,35A4E8F5,00000000,0089,0000,0000,00,8102*55
GPS_PRN:19531,03,04,27,26,16,28,18,09,08,19419619921,SAT_TAL:15
GPS_SNR:33,30,35,34,32,33,27,34,36,35,36,27,32,23,31,SNR_AVG:31.87
GLO_PRN:00,00,00,00,00,00,00,00,00,00,00,00,00,00,00,SAT_TAL:00
GLO_SNR:00,00,00,00,00,00,00,00,00,00,00,00,00,00,00,SNR_AVG:0.00
GAL_PRN:00,00,00,00,00,00,00,00,00,00,00,00,00,00,00,SAT_TAL:00
GAL_SNR:00,00,00,00,00,00,00,00,00,00,00,00,00,00,00,SNR_AVG:0.00
BEI_PRN:00,00,00,00,00,00,00,00,00,00,00,00,00,00,00,SAT_TAL:00
BEI_SNR:00,00,00,00,00,00,00,00,00,00,00,00,00,00,00,SNR_AVG:0.00
QZS_PRN:00,00,00,00,00,SAT_TAL:00
QZS_SNR:00,00,00,00,00,SNR_AVG:0.00
SatInView:15 GDOP:19998
Roll:160.293167 Pitch:48.002495
X_AVG:-8.367281 Y_AVG:2.830434 Z_AVG:-9.970614
X_SD:8.960518 Y_SD:7.439582 Z_SD:7.578811
$MXCM10033,2,8,19800108,062145,00,35A4E8F5,00000000,0089,0000,0000,00,8102*5A
GPS_PRN:19531,03,04,27,26,16,28,18,09,08,19419619921,SAT_TAL:15
GPS_SNR:32,32,34,35,33,31,30,34,36,35,35,27,32,22,23,SNR_AVG:31.40
GLO_PRN:00,00,00,00,00,00,00,00,00,00,00,00,00,00,00,SAT_TAL:00
GLO_SNR:00,00,00,00,00,00,00,00,00,00,00,00,00,00,00,SNR_AVG:0.00
GAL_PRN:00,00,00,00,00,00,00,00,00,00,00,00,00,00,00,SAT_TAL:00
GAL_SNR:00,00,00,00,00,00,00,00,00,00,00,00,00,00,00,SNR_AVG:0.00
BEI_PRN:00,00,00,00,00,00,00,00,00,00,00,00,00,00,00,SAT_TAL:00
BEI_SNR:00,00,00,00,00,00,00,00,00,00,00,00,00,00,00,SNR_AVG:0.00
QZS_PRN:00,00,00,00,00,SAT_TAL:00
QZS_SNR:00,00,00,00,00,SNR_AVG:0.00
SatInView:15 GDOP:19998
Roll:156.824387 Pitch:67.382874
X_AVG:-10.198595 Y_AVG:2.409382 Z_AVG:-7.330475
X_SD:8.561819 Y_SD:9.489349 Z_SD:9.143578
$MXCM10033,2,9,20240102,062159,12,0E987EAF,47EEC0CF,0077,0011,54A6,08,8102*2D
GPS_PRN:19604,31,26,08,28,09,18,03,21,19419919516,00,SAT_TAL:14
GPS_SNR:35,34,35,24,37,36,33,36,34,28,25,28,34,26,00,SNR_AVG:31.79
GLO_PRN:00,00,00,00,00,00,00,00,00,00,00,00,00,00,00,SAT_TAL:00
GLO_SNR:00,00,00,00,00,00,00,00,00,00,00,00,00,00,00,SNR_AVG:0.00
GAL_PRN:00,00,00,00,00,00,00,00,00,00,00,00,00,00,00,SAT_TAL:00
GAL_SNR:00,00,00,00,00,00,00,00,00,00,00,00,00,00,00,SNR_AVG:0.00
BEI_PRN:00,00,00,00,00,00,00,00,00,00,00,00,00,00,00,SAT_TAL:00
BEI_SNR:00,00,00,00,00,00,00,00,00,00,00,00,00,00,00,SNR_AVG:0.00
QZS_PRN:00,00,00,00,00,SAT_TAL:00
QZS_SNR:00,00,00,00,00,SNR_AVG:0.00
SatInView:14 GDOP:237
Roll:153.053650 Pitch:46.354965
X_AVG:-12.220587 Y_AVG:5.414069 Z_AVG:-11.801497
X_SD:6.652230 Y_SD:8.442871 Z_SD:5.212398
$MXCM10033,2,10,20240102,062214,12,0E98465E,47EEFCBA,0080,0016,38A0,08,8102*6B
GPS_PRN:19604,31,26,08,28,09,18,03,21,19419919516,00,SAT_TAL:14
GPS_SNR:31,36,32,23,33,32,36,33,26,31,32,24,33,33,00,SNR_AVG:31.07
GLO_PRN:00,00,00,00,00,00,00,00,00,00,00,00,00,00,00,SAT_TAL:00
GLO_SNR:00,00,00,00,00,00,00,00,00,00,00,00,00,00,00,SNR_AVG:0.00
GAL_PRN:00,00,00,00,00,00,00,00,00,00,00,00,00,00,00,SAT_TAL:00
GAL_SNR:00,00,00,00,00,00,00,00,00,00,00,00,00,00,00,SNR_AVG:0.00
BEI_PRN:00,00,00,00,00,00,00,00,00,00,00,00,00,00,00,SAT_TAL:00
BEI_SNR:00,00,00,00,00,00,00,00,00,00,00,00,00,00,00,SNR_AVG:0.00
QZS_PRN:00,00,00,00,00,SAT_TAL:00
QZS_SNR:00,00,00,00,00,SNR_AVG:0.00
SatInView:14 GDOP:238
Roll:147.997635 Pitch:90.000000
X_AVG:-12.004147 Y_AVG:4.101494 Z_AVG:-3.869443
X_SD:7.007639 Y_SD:7.916995 Z_SD:5.317801
$MXCM10033,2,11,20240102,062229,12,0E982637,47EF0D8B,009D,0009,34C7,09,8102*6E
GPS_PRN:19604,31,26,08,28,09,18,03,21,19419919516,00,SAT_TAL:14
GPS_SNR:29,36,33,36,28,32,36,27,23,21,35,24,32,36,00,SNR_AVG:30.57
GLO_PRN:00,00,00,00,00,00,00,00,00,00,00,00,00,00,00,SAT_TAL:00
GLO_SNR:00,00,00,00,00,00,00,00,00,00,00,00,00,00,00,SNR_AVG:0.00
GAL_PRN:00,00,00,00,00,00,00,00,00,00,00,00,00,00,00,SAT_TAL:00
GAL_SNR:00,00,00,00,00,00,00,00,00,00,00,00,00,00,00,SNR_AVG:0.00
BEI_PRN:00,00,00,00,00,00,00,00,00,00,00,00,00,00,00,SAT_TAL:00
BEI_SNR:00,00,00,00,00,00,00,00,00,00,00,00,00,00,00,SNR_AVG:0.00
QZS_PRN:00,00,00,00,00,SAT_TAL:00
QZS_SNR:00,00,00,00,00,SNR_AVG:0.00
SatInView:14 GDOP:136
Roll:140.751160 Pitch:59.184113
X_AVG:-11.537795 Y_AVG:4.592842 Z_AVG:-3.942132
X_SD:5.086468 Y_SD:9.181649 Z_SD:4.796678
$MXCM10033,2,12,20240102,062244,12,0E97AD22,47EF4101,00B0,0016,58BD,09,8102*1F
GPS_PRN:19604,31,26,08,28,09,18,03,21,19419919516,00,SAT_TAL:14
GPS_SNR:31,27,36,35,32,35,25,37,31,29,36,27,33,32,00,SNR_AVG:31.86
GLO_PRN:00,00,00,00,00,00,00,00,00,00,00,00,00,00,00,SAT_TAL:00
GLO_SNR:00,00,00,00,00,00,00,00,00,00,00,00,00,00,00,SNR_AVG:0.00
GAL_PRN:00,00,00,00,00,00,00,00,00,00,00,00,00,00,00,SAT_TAL:00
GAL_SNR:00,00,00,00,00,00,00,00,00,00,00,00,00,00,00,SNR_AVG:0.00
BEI_PRN:00,00,00,00,00,00,00,00,00,00,00,00,00,00,00,SAT_TAL:00
BEI_SNR:00,00,00,00,00,00,00,00,00,00,00,00,00,00,00,SNR_AVG:0.00
QZS_PRN:00,00,00,00,00,SAT_TAL:00
QZS_SNR:00,00,00,00,00,SNR_AVG:0.00
SatInView:14 GDOP:228
Roll:122.240341 Pitch:64.198151
X_AVG:-11.645057 Y_AVG:4.796113 Z_AVG:-3.497999
X_SD:6.216614 Y_SD:7.386097 Z_SD:4.639552
$MXCM10033,2,13,20240102,062259,12,0E9723CA,47EF32B0,00A8,001A,484E,09,8102*69
GPS_PRN:19604,31,26,08,28,09,18,03,21,19419919516,00,SAT_TAL:14
GPS_SNR:31,34,28,34,34,32,36,35,32,32,26,21,28,34,00,SNR_AVG:31.21
GLO_PRN:00,00,00,00,00,00,00,00,00,00,00,00,00,00,00,SAT_TAL:00
GLO_SNR:00,00,00,00,00,00,00,00,00,00,00,00,00,00,00,SNR_AVG:0.00
GAL_PRN:00,00,00,00,00,00,00,00,00,00,00,00,00,00,00,SAT_TAL:00
GAL_SNR:00,00,00,00,00,00,00,00,00,00,00,00,00,00,00,SNR_AVG:0.00
BEI_PRN:00,00,00,00,00,00,00,00,00,00,00,00,00,00,00,SAT_TAL:00
BEI_SNR:00,00,00,00,00,00,00,00,00,00,00,00,00,00,00,SNR_AVG:0.00
QZS_PRN:00,00,00,00,00,SAT_TAL:00
QZS_SNR:00,00,00,00,00,SNR_AVG:0.00
SatInView:14 GDOP:229
Roll:151.322906 Pitch:58.837582
X_AVG:-8.506147 Y_AVG:1.062616 Z_AVG:-6.922782
X_SD:7.740456 Y_SD:7.602925 Z_SD:7.231275
$MXCM10033,2,14,20240102,062314,12,0E96BA90,47EF759A,00B3,0015,2D33,09,8102*10
GPS_PRN:19604,31,26,08,28,09,18,03,21,19419919516,00,SAT_TAL:14
GPS_SNR:33,34,33,32,36,36,34,33,35,28,26,25,34,25,00,SNR_AVG:31.71
GLO_PRN:00,00,00,00,00,00,00,00,00,00,00,00,00,00,00,SAT_TAL:00
GLO_SNR:00,00,00,00,00,00,00,00,00,00,00,00,00,00,00,SNR_AVG:0.00
GAL_PRN:00,00,00,00,00,00,00,00,00,00,00,00,00,00,00,SAT_TAL:00
GAL_SNR:00,00,00,00,00,00,00,00,00,00,00,00,00,00,00,SNR_AVG:0.00
BEI_PRN:00,00,00,00,00,00,00,00,00,00,00,00,00,00,00,SAT_TAL:00
BEI_SNR:00,00,00,00,00,00,00,00,00,00,00,00,00,00,00,SNR_AVG:0.00
QZS_PRN:00,00,00,00,00,SAT_TAL:00
QZS_SNR:00,00,00,00,00,SNR_AVG:0.00
SatInView:14 GDOP:229
Roll:175.188095 Pitch:70.925591
X_AVG:-6.957594 Y_AVG:1.494347 Z_AVG:-6.734163
X_SD:6.537776 Y_SD:7.520920 Z_SD:6.091546
$MXCM10033,2,15,20240102,062329,12,0E9657A2,47EFA899,00CD,0019,4614,09,8102*6C
GPS_PRN:19604,31,26,08,28,09,18,03,21,19419919516,00,SAT_TAL:14
GPS_SNR:32,37,31,36,32,32,37,27,27,28,36,25,30,37,00,SNR_AVG:31.93
GLO_PRN:00,00,00,00,00,00,00,00,00,00,00,00,00,00,00,SAT_TAL:00
GLO_SNR:00,00,00,00,00,00,00,00,00,00,00,00,00,00,00,SNR_AVG:0.00
GAL_PRN:00,00,00,00,00,00,00,00,00,00,00,00,00,00,00,SAT_TAL:00
GAL_SNR:00,00,00,00,00,00,00,00,00,00,00,00,00,00,00,SNR_AVG:0.00
BEI_PRN:00,00,00,00,00,00,00,00,00,00,00,00,00,00,00,SAT_TAL:00
BEI_SNR:00,00,00,00,00,00,00,00,00,00,00,00,00,00,00,SNR_AVG:0.00
QZS_PRN:00,00,00,00,00,SAT_TAL:00
QZS_SNR:00,00,00,00,00,SNR_AVG:0.00
SatInView:14 GDOP:229
Roll:112.494240 Pitch:72.741852
X_AVG:-9.519825 Y_AVG:2.869461 Z_AVG:-1.642791
X_SD:6.274952 Y_SD:8.130384 Z_SD:1.909663
$MXCM10033,2,16,20240102,062344,12,0E96412D,47EF7AEE,00D6,000C,0432,0A,8102*1D
GPS_PRN:19604,31,26,08,28,09,18,03,21,19419919516,00,SAT_TAL:14
GPS_SNR:35,31,33,31,35,35,35,35,37,36,27,28,34,32,00,SNR_AVG:33.14
GLO_PRN:00,00,00,00,00,00,00,00,00,00,00,00,00,00,00,SAT_TAL:00
GLO_SNR:00,00,00,00,00,00,00,00,00,00,00,00,00,00,00,SNR_AVG:0.00
GAL_PRN:00,00,00,00,00,00,00,00,00,00,00,00,00,00,00,SAT_TAL:00
GAL_SNR:00,00,00,00,00,00,00,00,00,00,00,00,00,00,00,SNR_AVG:0.00
BEI_PRN:00,00,00,00,00,00,00,00,00,00,00,00,00,00,00,SAT_TAL:00
BEI_SNR:00,00,00,00,00,00,00,00,00,00,00,00,00,00,00,SNR_AVG:0.00
QZS_PRN:00,00,00,00,00,SAT_TAL:00
QZS_SNR:00,00,00,00,00,SNR_AVG:0.00
SatInView:14 GDOP:134
Roll:164.212936 Pitch:64.577797
X_AVG:-8.830089 Y_AVG:2.858351 Z_AVG:-4.799849
X_SD:7.616879 Y_SD:7.788544 Z_SD:2.654246
$MXCM10033,2,17,20240102,062359,12,0E95D84E,47EFC36A,00DF,0019,44E5,0A,8102*62
GPS_PRN:19604,31,26,08,28,09,18,03,21,19419919516,00,SAT_TAL:14
GPS_SNR:33,34,25,36,35,36,36,31,32,31,30,20,25,33,00,SNR_AVG:31.21
GLO_PRN:00,00,00,00,00,00,00,00,00,00,00,00,00,00,00,SAT_TAL:00
GLO_SNR:00,00,00,00,00,00,00,00,00,00,00,00,00,00,00,SNR_AVG:0.00
GAL_PRN:00,00,00,00,00,00,00,00,00,00,00,00,00,00,00,SAT_TAL:00
GAL_SNR:00,00,00,00,00,00,00,00,00,00,00,00,00,00,00,SNR_AVG:0.00
BEI_PRN:00,00,00,00,00,00,00,00,00,00,00,00,00,00,00,SAT_TAL:00
BEI_SNR:00,00,00,00,00,00,00,00,00,00,00,00,00,00,00,SNR_AVG:0.00
QZS_PRN:00,00,00,00,00,SAT_TAL:00
QZS_SNR:00,00,00,00,00,SNR_AVG:0.00
SatInView:14 GDOP:224
Roll:176.537445 Pitch:56.700672
X_AVG:-8.321359 Y_AVG:1.820779 Z_AVG:-8.381072
X_SD:8.150469 Y_SD:6.831132 Z_SD:5.558632
$MXCM10033,2,18,20240102,062414,12,0E954EE1,47EFBD88,00FB,001B,40DF,0A,8102*61
GPS_PRN:19604,31,26,08,28,09,18,03,21,19419919516,00,SAT_TAL:14
GPS_SNR:33,36,39,33,34,36,36,37,30,30,28,20,29,33,00,SNR_AVG:32.43
GLO_PRN:00,00,00,00,00,00,00,00,00,00,00,00,00,00,00,SAT_TAL:00
GLO_SNR:00,00,00,00,00,00,00,00,00,00,00,00,00,00,00,SNR_AVG:0.00
GAL_PRN:00,00,00,00,00,00,00,00,00,00,00,00,00,00,00,SAT_TAL:00
GAL_SNR:00,00,00,00,00,00,00,00,00,00,00,00,00,00,00,SNR_AVG:0.00
BEI_PRN:00,00,00,00,00,00,00,00,00,00,00,00,00,00,00,SAT_TAL:00
BEI_SNR:00,00,00,00,00,00,00,00,00,00,00,00,00,00,00,SNR_AVG:0.00
QZS_PRN:00,00,00,00,00,SAT_TAL:00
QZS_SNR:00,00,00,00,00,SNR_AVG:0.00
SatInView:14 GDOP:224
Roll:-149.714401 Pitch:72.187378
X_AVG:-6.375792 Y_AVG:0.866671 Z_AVG:-7.148991
X_SD:6.645648 Y_SD:7.789844 Z_SD:6.891688
$MXCM10033,2,19,20240102,062630,12,0E906197,47EFBD1D,0121,001A,44B2,0A,8202*68
GPS_PRN:19616,31,08,26,28,09,18,03,21,19419919504,00,SAT_TAL:13
GPS_SNR:32,34,32,32,33,36,36,36,32,33,24,00,32,35,00,SNR_AVG:32.85
GLO_PRN:00,00,00,00,00,00,00,00,00,00,00,00,00,00,00,SAT_TAL:00
GLO_SNR:00,00,00,00,00,00,00,00,00,00,00,00,00,00,00,SNR_AVG:0.00
GAL_PRN:00,00,00,00,00,00,00,00,00,00,00,00,00,00,00,SAT_TAL:00
GAL_SNR:00,00,00,00,00,00,00,00,00,00,00,00,00,00,00,SNR_AVG:0.00
BEI_PRN:00,00,00,00,00,00,00,00,00,00,00,00,00,00,00,SAT_TAL:00
BEI_SNR:00,00,00,00,00,00,00,00,00,00,00,00,00,00,00,SNR_AVG:0.00
QZS_PRN:00,00,00,00,00,SAT_TAL:00
QZS_SNR:00,00,00,00,00,SNR_AVG:0.00
SatInView:14 GDOP:227
Roll:24.841455 Pitch:90.000000
X_AVG:-7.351018 Y_AVG:1.489319 Z_AVG:-7.761392
X_SD:7.085824 Y_SD:8.221227 Z_SD:7.410238
$MXCM10033,2,20,20240102,062645,12,0E8FD68E,47EFDFD7,012D,001B,3E3B,0A,8202*12
GPS_PRN:19616,31,08,26,28,09,18,03,21,19419919504,00,SAT_TAL:14
GPS_SNR:34,33,33,33,28,31,36,33,29,31,26,20,28,36,00,SNR_AVG:30.79
GLO_PRN:00,00,00,00,00,00,00,00,00,00,00,00,00,00,00,SAT_TAL:00
GLO_SNR:00,00,00,00,00,00,00,00,00,00,00,00,00,00,00,SNR_AVG:0.00
GAL_PRN:00,00,00,00,00,00,00,00,00,00,00,00,00,00,00,SAT_TAL:00
GAL_SNR:00,00,00,00,00,00,00,00,00,00,00,00,00,00,00,SNR_AVG:0.00
BEI_PRN:00,00,00,00,00,00,00,00,00,00,00,00,00,00,00,SAT_TAL:00
BEI_SNR:00,00,00,00,00,00,00,00,00,00,00,00,00,00,00,SNR_AVG:0.00
QZS_PRN:00,00,00,00,00,SAT_TAL:00
QZS_SNR:00,00,00,00,00,SNR_AVG:0.00
SatInView:14 GDOP:227
Roll:-153.877258 Pitch:67.119240
X_AVG:-6.790476 Y_AVG:0.967085 Z_AVG:-7.702589
X_SD:7.403546 Y_SD:7.772881 Z_SD:6.479905
$MXCM10033,2,21,20240102,062901,12,0E8ABD28,47F05247,0169,0019,45D3,0A,8202*6B
GPS_PRN:19616,31,08,26,09,28,18,21,03,19419919504,00,SAT_TAL:13
GPS_SNR:31,32,35,33,32,36,37,36,34,32,24,00,32,35,00,SNR_AVG:33.00
GLO_PRN:00,00,00,00,00,00,00,00,00,00,00,00,00,00,00,SAT_TAL:00
GLO_SNR:00,00,00,00,00,00,00,00,00,00,00,00,00,00,00,SNR_AVG:0.00
GAL_PRN:00,00,00,00,00,00,00,00,00,00,00,00,00,00,00,SAT_TAL:00
GAL_SNR:00,00,00,00,00,00,00,00,00,00,00,00,00,00,00,SNR_AVG:0.00
BEI_PRN:00,00,00,00,00,00,00,00,00,00,00,00,00,00,00,SAT_TAL:00
BEI_SNR:00,00,00,00,00,00,00,00,00,00,00,00,00,00,00,SNR_AVG:0.00
QZS_PRN:00,00,00,00,00,SAT_TAL:00
QZS_SNR:00,00,00,00,00,SNR_AVG:0.00
SatInView:14 GDOP:228
Roll:-178.489532 Pitch:90.000000
X_AVG:-7.439126 Y_AVG:1.143685 Z_AVG:-6.689582
X_SD:7.299825 Y_SD:8.328627 Z_SD:5.425812
$MXCM10033,2,22,20240102,062916,12,0E8A358B,47F07A7A,0179,001A,42D7,0A,8202*60
GPS_PRN:19616,31,08,26,09,28,18,21,03,19419919504,00,SAT_TAL:13
GPS_SNR:33,30,36,30,33,36,36,37,34,30,25,00,31,34,00,SNR_AVG:32.69
GLO_PRN:00,00,00,00,00,00,00,00,00,00,00,00,00,00,00,SAT_TAL:00
GLO_SNR:00,00,00,00,00,00,00,00,00,00,00,00,00,00,00,SNR_AVG:0.00
GAL_PRN:00,00,00,00,00,00,00,00,00,00,00,00,00,00,00,SAT_TAL:00
GAL_SNR:00,00,00,00,00,00,00,00,00,00,00,00,00,00,00,SNR_AVG:0.00
BEI_PRN:00,00,00,00,00,00,00,00,00,00,00,00,00,00,00,SAT_TAL:00
BEI_SNR:00,00,00,00,00,00,00,00,00,00,00,00,00,00,00,SNR_AVG:0.00
QZS_PRN:00,00,00,00,00,SAT_TAL:00
QZS_SNR:00,00,00,00,00,SNR_AVG:0.00
SatInView:14 GDOP:228
Roll:-172.702225 Pitch:68.599541
X_AVG:-8.174975 Y_AVG:1.367356 Z_AVG:-7.463116
X_SD:7.777099 Y_SD:9.210744 Z_SD:7.126904
$MXCM10033,2,23,20240102,063131,12,0E856116,47F19F9C,01A9,001C,423B,0A,8202*17
GPS_PRN:19616,31,08,26,09,28,18,21,03,19419919504,00,SAT_TAL:13
GPS_SNR:31,33,34,31,33,35,36,36,33,30,23,00,27,34,00,SNR_AVG:32.00
GLO_PRN:00,00,00,00,00,00,00,00,00,00,00,00,00,00,00,SAT_TAL:00
GLO_SNR:00,00,00,00,00,00,00,00,00,00,00,00,00,00,00,SNR_AVG:0.00
GAL_PRN:00,00,00,00,00,00,00,00,00,00,00,00,00,00,00,SAT_TAL:00
GAL_SNR:00,00,00,00,00,00,00,00,00,00,00,00,00,00,00,SNR_AVG:0.00
BEI_PRN:00,00,00,00,00,00,00,00,00,00,00,00,00,00,00,SAT_TAL:00
BEI_SNR:00,00,00,00,00,00,00,00,00,00,00,00,00,00,00,SNR_AVG:0.00
QZS_PRN:00,00,00,00,00,SAT_TAL:00
QZS_SNR:00,00,00,00,00,SNR_AVG:0.00
SatInView:14 GDOP:229
Roll:123.724228 Pitch:90.000000
X_AVG:-7.036269 Y_AVG:1.016551 Z_AVG:-8.710760
X_SD:7.585912 Y_SD:8.283194 Z_SD:7.614945
$MXCM10033,2,24,20240102,063147,12,0E84C9E7,47F1DA2F,019B,001D,3F13,0A,8202*68
GPS_PRN:19616,31,08,26,09,28,18,21,03,19419919504,00,SAT_TAL:13
GPS_SNR:32,31,36,30,32,35,35,37,33,31,23,00,28,34,00,SNR_AVG:32.08
GLO_PRN:00,00,00,00,00,00,00,00,00,00,00,00,00,00,00,SAT_TAL:00
GLO_SNR:00,00,00,00,00,00,00,00,00,00,00,00,00,00,00,SNR_AVG:0.00
GAL_PRN:00,00,00,00,00,00,00,00,00,00,00,00,00,00,00,SAT_TAL:00
GAL_SNR:00,00,00,00,00,00,00,00,00,00,00,00,00,00,00,SNR_AVG:0.00
BEI_PRN:00,00,00,00,00,00,00,00,00,00,00,00,00,00,00,SAT_TAL:00
BEI_SNR:00,00,00,00,00,00,00,00,00,00,00,00,00,00,00,SNR_AVG:0.00
QZS_PRN:00,00,00,00,00,SAT_TAL:00
QZS_SNR:00,00,00,00,00,SNR_AVG:0.00
SatInView:14 GDOP:229
Roll:-138.729507 Pitch:61.149433
X_AVG:-6.129328 Y_AVG:0.990741 Z_AVG:-7.498168
X_SD:7.478742 Y_SD:7.405814 Z_SD:7.746692
$MXCM10033,2,25,20240102,063403,12,0E7FF7E9,47F3C529,0182,001C,3BE8,0B,8202*14
GPS_PRN:19616,08,31,26,09,28,18,21,03,19419919504,00,SAT_TAL:14
GPS_SNR:33,36,38,39,35,37,37,31,27,28,37,31,38,35,00,SNR_AVG:34.43
GLO_PRN:00,00,00,00,00,00,00,00,00,00,00,00,00,00,00,SAT_TAL:00
GLO_SNR:00,00,00,00,00,00,00,00,00,00,00,00,00,00,00,SNR_AVG:0.00
GAL_PRN:00,00,00,00,00,00,00,00,00,00,00,00,00,00,00,SAT_TAL:00
GAL_SNR:00,00,00,00,00,00,00,00,00,00,00,00,00,00,00,SNR_AVG:0.00
BEI_PRN:00,00,00,00,00,00,00,00,00,00,00,00,00,00,00,SAT_TAL:00
BEI_SNR:00,00,00,00,00,00,00,00,00,00,00,00,00,00,00,SNR_AVG:0.00
QZS_PRN:00,00,00,00,00,SAT_TAL:00
QZS_SNR:00,00,00,00,00,SNR_AVG:0.00
SatInView:14 GDOP:179
Roll:-174.812317 Pitch:-90.000000
X_AVG:8.299811 Y_AVG:2.584832 Z_AVG:-6.365688
X_SD:7.917730 Y_SD:7.010531 Z_SD:6.034423
$MXCM10033,2,26,20240102,063418,12,0E7F6ED0,47F3E92C,0182,0019,464B,0B,8202*65
GPS_PRN:19616,08,31,26,09,28,18,21,03,19419919504,00,SAT_TAL:14
GPS_SNR:35,36,36,40,35,37,37,32,34,26,36,32,38,36,00,SNR_AVG:35.00
GLO_PRN:00,00,00,00,00,00,00,00,00,00,00,00,00,00,00,SAT_TAL:00
GLO_SNR:00,00,00,00,00,00,00,00,00,00,00,00,00,00,00,SNR_AVG:0.00
GAL_PRN:00,00,00,00,00,00,00,00,00,00,00,00,00,00,00,SAT_TAL:00
GAL_SNR:00,00,00,00,00,00,00,00,00,00,00,00,00,00,00,SNR_AVG:0.00
BEI_PRN:00,00,00,00,00,00,00,00,00,00,00,00,00,00,00,SAT_TAL:00
BEI_SNR:00,00,00,00,00,00,00,00,00,00,00,00,00,00,00,SNR_AVG:0.00
QZS_PRN:00,00,00,00,00,SAT_TAL:00
QZS_SNR:00,00,00,00,00,SNR_AVG:0.00
SatInView:14 GDOP:179
Roll:165.541092 Pitch:-90.000000
X_AVG:7.887234 Y_AVG:2.608583 Z_AVG:-5.651100
X_SD:7.798724 Y_SD:7.285760 Z_SD:6.976372
$MXCM10033,2,27,20240102,063634,12,0E7A7C94,47F43504,0173,001D,44FD,0B,8202*1C
GPS_PRN:19616,08,31,26,09,28,18,21,03,19419919504,00,SAT_TAL:13
GPS_SNR:31,34,31,36,35,29,36,37,32,29,36,00,34,32,00,SNR_AVG:33.23
GLO_PRN:00,00,00,00,00,00,00,00,00,00,00,00,00,00,00,SAT_TAL:00
GLO_SNR:00,00,00,00,00,00,00,00,00,00,00,00,00,00,00,SNR_AVG:0.00
GAL_PRN:00,00,00,00,00,00,00,00,00,00,00,00,00,00,00,SAT_TAL:00
GAL_SNR:00,00,00,00,00,00,00,00,00,00,00,00,00,00,00,SNR_AVG:0.00
BEI_PRN:00,00,00,00,00,00,00,00,00,00,00,00,00,00,00,SAT_TAL:00
BEI_SNR:00,00,00,00,00,00,00,00,00,00,00,00,00,00,00,SNR_AVG:0.00
QZS_PRN:00,00,00,00,00,SAT_TAL:00
QZS_SNR:00,00,00,00,00,SNR_AVG:0.00
SatInView:14 GDOP:181
Roll:164.115036 Pitch:66.222649
X_AVG:-8.160801 Y_AVG:1.308505 Z_AVG:-8.872659
X_SD:7.932238 Y_SD:8.930886 Z_SD:7.471813
$MXCM10033,2,28,20240102,063649,12,0E79EDA9,47F41164,016B,001A,4F21,0B,8202*67
GPS_PRN:19616,08,31,26,09,28,18,21,03,19419919504,00,SAT_TAL:14
GPS_SNR:31,35,28,35,35,35,36,36,30,32,29,25,34,28,00,SNR_AVG:32.07
GLO_PRN:00,00,00,00,00,00,00,00,00,00,00,00,00,00,00,SAT_TAL:00
GLO_SNR:00,00,00,00,00,00,00,00,00,00,00,00,00,00,00,SNR_AVG:0.00
GAL_PRN:00,00,00,00,00,00,00,00,00,00,00,00,00,00,00,SAT_TAL:00
GAL_SNR:00,00,00,00,00,00,00,00,00,00,00,00,00,00,00,SNR_AVG:0.00
BEI_PRN:00,00,00,00,00,00,00,00,00,00,00,00,00,00,00,SAT_TAL:00
BEI_SNR:00,00,00,00,00,00,00,00,00,00,00,00,00,00,00,SNR_AVG:0.00
QZS_PRN:00,00,00,00,00,SAT_TAL:00
QZS_SNR:00,00,00,00,00,SNR_AVG:0.00
SatInView:14 GDOP:181
Roll:-170.426910 Pitch:61.248653
X_AVG:-7.652023 Y_AVG:0.822185 Z_AVG:-9.101071
X_SD:8.035272 Y_SD:8.969707 Z_SD:8.135477
$MXCM10033,2,29,20240102,063905,12,0E752100,47F34E3F,017B,001A,4DC1,0B,8202*64
GPS_PRN:19616,08,31,26,09,28,18,21,03,19419919504,00,SAT_TAL:14
GPS_SNR:29,36,31,24,34,34,33,36,30,34,32,20,32,30,00,SNR_AVG:31.07
GLO_PRN:00,00,00,00,00,00,00,00,00,00,00,00,00,00,00,SAT_TAL:00
GLO_SNR:00,00,00,00,00,00,00,00,00,00,00,00,00,00,00,SNR_AVG:0.00
GAL_PRN:00,00,00,00,00,00,00,00,00,00,00,00,00,00,00,SAT_TAL:00
GAL_SNR:00,00,00,00,00,00,00,00,00,00,00,00,00,00,00,SNR_AVG:0.00
BEI_PRN:00,00,00,00,00,00,00,00,00,00,00,00,00,00,00,SAT_TAL:00
BEI_SNR:00,00,00,00,00,00,00,00,00,00,00,00,00,00,00,SNR_AVG:0.00
QZS_PRN:00,00,00,00,00,SAT_TAL:00
QZS_SNR:00,00,00,00,00,SNR_AVG:0.00
SatInView:14 GDOP:182
Roll:-168.539383 Pitch:55.012058
X_AVG:-6.609806 Y_AVG:0.844596 Z_AVG:-8.120051
X_SD:8.018828 Y_SD:8.018063 Z_SD:6.660522
$MXCM10033,2,30,20240102,063920,12,0E74958C,47F32CF0,0168,001C,4CEB,0B,8202*16
GPS_PRN:19616,08,31,26,09,28,18,21,03,19419919504,00,SAT_TAL:14
GPS_SNR:29,35,33,24,36,34,30,37,31,32,32,23,33,31,00,SNR_AVG:31.43
GLO_PRN:00,00,00,00,00,00,00,00,00,00,00,00,00,00,00,SAT_TAL:00
GLO_SNR:00,00,00,00,00,00,00,00,00,00,00,00,00,00,00,SNR_AVG:0.00
GAL_PRN:00,00,00,00,00,00,00,00,00,00,00,00,00,00,00,SAT_TAL:00
GAL_SNR:00,00,00,00,00,00,00,00,00,00,00,00,00,00,00,SNR_AVG:0.00
BEI_PRN:00,00,00,00,00,00,00,00,00,00,00,00,00,00,00,SAT_TAL:00
BEI_SNR:00,00,00,00,00,00,00,00,00,00,00,00,00,00,00,SNR_AVG:0.00
QZS_PRN:00,00,00,00,00,SAT_TAL:00
QZS_SNR:00,00,00,00,00,SNR_AVG:0.00
SatInView:14 GDOP:182
Roll:-170.940262 Pitch:64.004982
X_AVG:-7.826180 Y_AVG:1.438992 Z_AVG:-9.591317
X_SD:8.964282 Y_SD:7.552011 Z_SD:8.868629
$MXCM10033,2,31,20240102,064136,12,0E701220,47F15E9C,0114,0017,5730,0B,8202*6C
GPS_PRN:19616,08,31,26,09,28,18,21,02,03,19419919504,SAT_TAL:15
GPS_SNR:34,35,33,34,35,33,35,37,34,34,30,30,23,32,21,SNR_AVG:32.00
GLO_PRN:00,00,00,00,00,00,00,00,00,00,00,00,00,00,00,SAT_TAL:00
GLO_SNR:00,00,00,00,00,00,00,00,00,00,00,00,00,00,00,SNR_AVG:0.00
GAL_PRN:00,00,00,00,00,00,00,00,00,00,00,00,00,00,00,SAT_TAL:00
GAL_SNR:00,00,00,00,00,00,00,00,00,00,00,00,00,00,00,SNR_AVG:0.00
BEI_PRN:00,00,00,00,00,00,00,00,00,00,00,00,00,00,00,SAT_TAL:00
BEI_SNR:00,00,00,00,00,00,00,00,00,00,00,00,00,00,00,SNR_AVG:0.00
QZS_PRN:00,00,00,00,00,SAT_TAL:00
QZS_SNR:00,00,00,00,00,SNR_AVG:0.00
SatInView:15 GDOP:183
Roll:157.971558 Pitch:60.136604
X_AVG:-8.211272 Y_AVG:1.975400 Z_AVG:-9.380384
X_SD:7.786255 Y_SD:7.347523 Z_SD:6.876828
$MXCM10033,2,32,20240102,064151,12,0E6FD215,47F0F3A9,010C,0015,5DE1,0B,8202*1C
GPS_PRN:19608,16,31,26,09,28,18,21,02,03,19419919504,SAT_TAL:15
GPS_SNR:31,29,36,32,36,33,33,38,33,31,32,33,23,27,32,SNR_AVG:31.93
GLO_PRN:00,00,00,00,00,00,00,00,00,00,00,00,00,00,00,SAT_TAL:00
GLO_SNR:00,00,00,00,00,00,00,00,00,00,00,00,00,00,00,SNR_AVG:0.00
GAL_PRN:00,00,00,00,00,00,00,00,00,00,00,00,00,00,00,SAT_TAL:00
GAL_SNR:00,00,00,00,00,00,00,00,00,00,00,00,00,00,00,SNR_AVG:0.00
BEI_PRN:00,00,00,00,00,00,00,00,00,00,00,00,00,00,00,SAT_TAL:00
BEI_SNR:00,00,00,00,00,00,00,00,00,00,00,00,00,00,00,SNR_AVG:0.00
QZS_PRN:00,00,00,00,00,SAT_TAL:00
QZS_SNR:00,00,00,00,00,SNR_AVG:0.00
SatInView:15 GDOP:126
Roll:154.768951 Pitch:90.000000
X_AVG:-8.849914 Y_AVG:2.822342 Z_AVG:-6.645097
X_SD:7.806858 Y_SD:7.500432 Z_SD:6.213881
$MXCM10033,2,33,20240102,064407,12,0E6DF8B0,47EE509D,00C9,0012,75DF,0B,8202*6E
GPS_PRN:19608,16,31,26,09,28,18,21,02,03,19419919504,SAT_TAL:15
GPS_SNR:32,34,32,37,36,33,37,32,35,35,31,32,23,34,31,SNR_AVG:32.93
GLO_PRN:00,00,00,00,00,00,00,00,00,00,00,00,00,00,00,SAT_TAL:00
GLO_SNR:00,00,00,00,00,00,00,00,00,00,00,00,00,00,00,SNR_AVG:0.00
GAL_PRN:00,00,00,00,00,00,00,00,00,00,00,00,00,00,00,SAT_TAL:00
GAL_SNR:00,00,00,00,00,00,00,00,00,00,00,00,00,00,00,SNR_AVG:0.00
BEI_PRN:00,00,00,00,00,00,00,00,00,00,00,00,00,00,00,SAT_TAL:00
BEI_SNR:00,00,00,00,00,00,00,00,00,00,00,00,00,00,00,SNR_AVG:0.00
QZS_PRN:00,00,00,00,00,SAT_TAL:00
QZS_SNR:00,00,00,00,00,SNR_AVG:0.00
SatInView:15 GDOP:185
Roll:161.019302 Pitch:53.140526
X_AVG:-9.164758 Y_AVG:2.605183 Z_AVG:-8.058231
X_SD:7.885821 Y_SD:7.397995 Z_SD:5.501917
$MXCM10033,2,34,20240102,064422,12,0E6E444E,47EE2B3F,00CD,0010,0ADD,0B,8202*61
GPS_PRN:19608,16,31,26,09,28,18,21,02,03,19419919504,SAT_TAL:15
GPS_SNR:31,31,34,31,32,37,33,33,34,32,31,35,22,27,34,SNR_AVG:31.80
GLO_PRN:00,00,00,00,00,00,00,00,00,00,00,00,00,00,00,SAT_TAL:00
GLO_SNR:00,00,00,00,00,00,00,00,00,00,00,00,00,00,00,SNR_AVG:0.00
GAL_PRN:00,00,00,00,00,00,00,00,00,00,00,00,00,00,00,SAT_TAL:00
GAL_SNR:00,00,00,00,00,00,00,00,00,00,00,00,00,00,00,SNR_AVG:0.00
BEI_PRN:00,00,00,00,00,00,00,00,00,00,00,00,00,00,00,SAT_TAL:00
BEI_SNR:00,00,00,00,00,00,00,00,00,00,00,00,00,00,00,SNR_AVG:0.00
QZS_PRN:00,00,00,00,00,SAT_TAL:00
QZS_SNR:00,00,00,00,00,SNR_AVG:0.00
SatInView:15 GDOP:126
Roll:162.548874 Pitch:53.646069
X_AVG:-12.944081 Y_AVG:4.532985 Z_AVG:-11.018721
X_SD:5.711859 Y_SD:7.570142 Z_SD:4.595379
$MXCM10033,2,35,20240102,064637,12,0E711E4D,47EF2B73,00C9,0012,128A,0B,8202*60
GPS_PRN:19608,16,31,26,09,28,18,21,02,19419919504,00,SAT_TAL:14
GPS_SNR:35,34,34,34,33,25,33,31,34,34,30,29,33,31,00,SNR_AVG:32.14
GLO_PRN:00,00,00,00,00,00,00,00,00,00,00,00,00,00,00,SAT_TAL:00
GLO_SNR:00,00,00,00,00,00,00,00,00,00,00,00,00,00,00,SNR_AVG:0.00
GAL_PRN:00,00,00,00,00,00,00,00,00,00,00,00,00,00,00,SAT_TAL:00
GAL_SNR:00,00,00,00,00,00,00,00,00,00,00,00,00,00,00,SNR_AVG:0.00
BEI_PRN:00,00,00,00,00,00,00,00,00,00,00,00,00,00,00,SAT_TAL:00
BEI_SNR:00,00,00,00,00,00,00,00,00,00,00,00,00,00,00,SNR_AVG:0.00
QZS_PRN:00,00,00,00,00,SAT_TAL:00
QZS_SNR:00,00,00,00,00,SNR_AVG:0.00
SatInView:14 GDOP:186
Roll:160.937393 Pitch:67.000114
X_AVG:-6.399303 Y_AVG:2.021130 Z_AVG:-7.461201
X_SD:7.823810 Y_SD:6.694172 Z_SD:7.032012
$MXCM10033,2,36,20240102,064653,12,0E71566E,47EF7704,00D9,0012,1704,0B,8202*1A
GPS_PRN:19608,16,31,26,09,28,21,18,02,19419919504,00,SAT_TAL:14
GPS_SNR:33,27,34,32,34,36,31,34,32,32,31,25,28,33,00,SNR_AVG:31.57
GLO_PRN:00,00,00,00,00,00,00,00,00,00,00,00,00,00,00,SAT_TAL:00
GLO_SNR:00,00,00,00,00,00,00,00,00,00,00,00,00,00,00,SNR_AVG:0.00
GAL_PRN:00,00,00,00,00,00,00,00,00,00,00,00,00,00,00,SAT_TAL:00
GAL_SNR:00,00,00,00,00,00,00,00,00,00,00,00,00,00,00,SNR_AVG:0.00
BEI_PRN:00,00,00,00,00,00,00,00,00,00,00,00,00,00,00,SAT_TAL:00
BEI_SNR:00,00,00,00,00,00,00,00,00,00,00,00,00,00,00,SNR_AVG:0.00
QZS_PRN:00,00,00,00,00,SAT_TAL:00
QZS_SNR:00,00,00,00,00,SNR_AVG:0.00
SatInView:14 GDOP:126
Roll:168.267731 Pitch:59.793484
X_AVG:-10.726048 Y_AVG:3.707544 Z_AVG:-7.437881
X_SD:6.277176 Y_SD:8.193923 Z_SD:5.179812
$MXCM10033,2,37,20240102,064909,12,0E71042E,47EF9DC8,00D9,0000,68A7,08,8201*1A
GPS_PRN:19608,16,31,26,09,28,21,18,02,19419919504,00,SAT_TAL:10
GPS_SNR:30,29,35,38,33,00,00,22,27,19,31,00,32,00,00,SNR_AVG:29.60
GLO_PRN:00,00,00,00,00,00,00,00,00,00,00,00,00,00,00,SAT_TAL:00
GLO_SNR:00,00,00,00,00,00,00,00,00,00,00,00,00,00,00,SNR_AVG:0.00
GAL_PRN:00,00,00,00,00,00,00,00,00,00,00,00,00,00,00,SAT_TAL:00
GAL_SNR:00,00,00,00,00,00,00,00,00,00,00,00,00,00,00,SNR_AVG:0.00
BEI_PRN:00,00,00,00,00,00,00,00,00,00,00,00,00,00,00,SAT_TAL:00
BEI_SNR:00,00,00,00,00,00,00,00,00,00,00,00,00,00,00,SNR_AVG:0.00
QZS_PRN:00,00,00,00,00,SAT_TAL:00
QZS_SNR:00,00,00,00,00,SNR_AVG:0.00
SatInView:14 GDOP:170
Roll:103.482521 Pitch:17.714977
X_AVG:-3.127417 Y_AVG:8.938453 Z_AVG:-2.576213
X_SD:0.169377 Y_SD:0.173415 Z_SD:0.138410
$MXCM10033,2,38,20240102,064924,12,0E71051E,47EF9D64,00D9,0000,68A7,0B,8201*1B
GPS_PRN:19608,16,31,26,09,28,21,18,02,19419919504,00,SAT_TAL:14
GPS_SNR:31,28,37,39,40,22,39,29,35,29,32,29,40,17,00,SNR_AVG:31.93
GLO_PRN:00,00,00,00,00,00,00,00,00,00,00,00,00,00,00,SAT_TAL:00
GLO_SNR:00,00,00,00,00,00,00,00,00,00,00,00,00,00,00,SNR_AVG:0.00
GAL_PRN:00,00,00,00,00,00,00,00,00,00,00,00,00,00,00,SAT_TAL:00
GAL_SNR:00,00,00,00,00,00,00,00,00,00,00,00,00,00,00,SNR_AVG:0.00
BEI_PRN:00,00,00,00,00,00,00,00,00,00,00,00,00,00,00,SAT_TAL:00
BEI_SNR:00,00,00,00,00,00,00,00,00,00,00,00,00,00,00,SNR_AVG:0.00
QZS_PRN:00,00,00,00,00,SAT_TAL:00
QZS_SNR:00,00,00,00,00,SNR_AVG:0.00
SatInView:14 GDOP:126
Roll:95.914513 Pitch:23.242054
X_AVG:-5.720007 Y_AVG:8.202700 Z_AVG:-2.464449
X_SD:9.072945 Y_SD:9.862419 Z_SD:6.164361
$MXCM10033,2,39,20240102,065140,12,0E7103B2,47EFA04E,00D9,0000,0000,09,8201*6F
GPS_PRN:19608,16,31,26,09,28,21,18,02,07,19419919504,SAT_TAL:11
GPS_SNR:17,24,22,33,28,00,33,24,17,25,00,20,00,26,00,SNR_AVG:24.45
GLO_PRN:00,00,00,00,00,00,00,00,00,00,00,00,00,00,00,SAT_TAL:00
GLO_SNR:00,00,00,00,00,00,00,00,00,00,00,00,00,00,00,SNR_AVG:0.00
GAL_PRN:00,00,00,00,00,00,00,00,00,00,00,00,00,00,00,SAT_TAL:00
GAL_SNR:00,00,00,00,00,00,00,00,00,00,00,00,00,00,00,SNR_AVG:0.00
BEI_PRN:00,00,00,00,00,00,00,00,00,00,00,00,00,00,00,SAT_TAL:00
BEI_SNR:00,00,00,00,00,00,00,00,00,00,00,00,00,00,00,SNR_AVG:0.00
QZS_PRN:00,00,00,00,00,SAT_TAL:00
QZS_SNR:00,00,00,00,00,SNR_AVG:0.00
SatInView:15 GDOP:159
Roll:109.541183 Pitch:18.836914
X_AVG:-3.161846 Y_AVG:8.755916 Z_AVG:-3.136707
X_SD:0.119201 Y_SD:0.079446 Z_SD:0.154115
$MXCM10033,2,40,20240102,065155,12,0E7102D4,47EF9F94,00D9,0000,0000,0A,8201*6E
GPS_PRN:19608,16,31,26,09,28,21,18,02,19419919504,00,SAT_TAL:13
GPS_SNR:18,21,23,33,27,15,33,19,16,17,20,15,25,00,00,SNR_AVG:21.69
GLO_PRN:00,00,00,00,00,00,00,00,00,00,00,00,00,00,00,SAT_TAL:00
GLO_SNR:00,00,00,00,00,00,00,00,00,00,00,00,00,00,00,SNR_AVG:0.00
GAL_PRN:00,00,00,00,00,00,00,00,00,00,00,00,00,00,00,SAT_TAL:00
GAL_SNR:00,00,00,00,00,00,00,00,00,00,00,00,00,00,00,SNR_AVG:0.00
BEI_PRN:00,00,00,00,00,00,00,00,00,00,00,00,00,00,00,SAT_TAL:00
BEI_SNR:00,00,00,00,00,00,00,00,00,00,00,00,00,00,00,SNR_AVG:0.00
QZS_PRN:00,00,00,00,00,SAT_TAL:00
QZS_SNR:00,00,00,00,00,SNR_AVG:0.00
SatInView:14 GDOP:129
Roll:103.614594 Pitch:13.508955
X_AVG:-2.786620 Y_AVG:8.966322 Z_AVG:-2.825502
X_SD:0.113857 Y_SD:0.084294 Z_SD:0.133282
$MXCM10033,2,41,20240102,065411,12,0E70F88D,47EFA28D,00D9,0000,0000,0A,8201*66
GPS_PRN:19604,16,31,26,09,28,21,18,02,07,19419919508,SAT_TAL:10
GPS_SNR:29,00,18,36,00,15,36,27,22,19,00,00,00,27,22,SNR_AVG:25.10
GLO_PRN:00,00,00,00,00,00,00,00,00,00,00,00,00,00,00,SAT_TAL:00
GLO_SNR:00,00,00,00,00,00,00,00,00,00,00,00,00,00,00,SNR_AVG:0.00
GAL_PRN:00,00,00,00,00,00,00,00,00,00,00,00,00,00,00,SAT_TAL:00
GAL_SNR:00,00,00,00,00,00,00,00,00,00,00,00,00,00,00,SNR_AVG:0.00
BEI_PRN:00,00,00,00,00,00,00,00,00,00,00,00,00,00,00,SAT_TAL:00
BEI_SNR:00,00,00,00,00,00,00,00,00,00,00,00,00,00,00,SNR_AVG:0.00
QZS_PRN:00,00,00,00,00,SAT_TAL:00
QZS_SNR:00,00,00,00,00,SNR_AVG:0.00
SatInView:15 GDOP:127
Roll:110.842049 Pitch:19.089188
X_AVG:-3.718510 Y_AVG:8.394096 Z_AVG:-3.579116
X_SD:0.215257 Y_SD:0.116984 Z_SD:0.204422
$MXCM10033,2,42,20240102,065426,12,0E70FD5D,47EF9F25,00D9,0000,8089,09,8201*16
GPS_PRN:19604,16,31,26,09,28,21,18,02,19419919508,00,SAT_TAL:09
GPS_SNR:19,00,16,36,25,00,34,28,20,24,00,00,18,00,00,SNR_AVG:24.44
GLO_PRN:00,00,00,00,00,00,00,00,00,00,00,00,00,00,00,SAT_TAL:00
GLO_SNR:00,00,00,00,00,00,00,00,00,00,00,00,00,00,00,SNR_AVG:0.00
GAL_PRN:00,00,00,00,00,00,00,00,00,00,00,00,00,00,00,SAT_TAL:00
GAL_SNR:00,00,00,00,00,00,00,00,00,00,00,00,00,00,00,SNR_AVG:0.00
BEI_PRN:00,00,00,00,00,00,00,00,00,00,00,00,00,00,00,SAT_TAL:00
BEI_SNR:00,00,00,00,00,00,00,00,00,00,00,00,00,00,00,SNR_AVG:0.00
QZS_PRN:00,00,00,00,00,SAT_TAL:00
QZS_SNR:00,00,00,00,00,SNR_AVG:0.00
SatInView:14 GDOP:174
Roll:104.042068 Pitch:23.732191
X_AVG:-4.040440 Y_AVG:8.562939 Z_AVG:-2.627881
X_SD:0.100009 Y_SD:0.106766 Z_SD:0.136145
$MXCM10033,2,43,20240102,065642,12,0E7104E1,47EF9A4D,00D9,0000,7298,0A,8201*10
GPS_PRN:19604,16,31,26,09,28,21,18,02,19419919508,00,SAT_TAL:12
GPS_SNR:21,00,28,38,15,00,27,28,17,13,22,14,31,18,00,SNR_AVG:22.67
GLO_PRN:00,00,00,00,00,00,00,00,00,00,00,00,00,00,00,SAT_TAL:00
GLO_SNR:00,00,00,00,00,00,00,00,00,00,00,00,00,00,00,SNR_AVG:0.00
GAL_PRN:00,00,00,00,00,00,00,00,00,00,00,00,00,00,00,SAT_TAL:00
GAL_SNR:00,00,00,00,00,00,00,00,00,00,00,00,00,00,00,SNR_AVG:0.00
BEI_PRN:00,00,00,00,00,00,00,00,00,00,00,00,00,00,00,SAT_TAL:00
BEI_SNR:00,00,00,00,00,00,00,00,00,00,00,00,00,00,00,SNR_AVG:0.00
QZS_PRN:00,00,00,00,00,SAT_TAL:00
QZS_SNR:00,00,00,00,00,SNR_AVG:0.00
SatInView:14 GDOP:153
Roll:99.061188 Pitch:19.973063
X_AVG:-3.447672 Y_AVG:8.923417 Z_AVG:-2.008057
X_SD:0.096934 Y_SD:0.077458 Z_SD:0.127741
$MXCM10033,2,44,20240102,065657,12,0E7102E4,47EF9A0F,00D9,0000,7298,0A,8201*16
GPS_PRN:19604,16,31,26,09,28,21,18,02,19419919508,00,SAT_TAL:11
GPS_SNR:22,15,29,40,15,00,22,25,00,22,23,00,31,18,00,SNR_AVG:23.82
GLO_PRN:00,00,00,00,00,00,00,00,00,00,00,00,00,00,00,SAT_TAL:00
GLO_SNR:00,00,00,00,00,00,00,00,00,00,00,00,00,00,00,SNR_AVG:0.00
GAL_PRN:00,00,00,00,00,00,00,00,00,00,00,00,00,00,00,SAT_TAL:00
GAL_SNR:00,00,00,00,00,00,00,00,00,00,00,00,00,00,00,SNR_AVG:0.00
BEI_PRN:00,00,00,00,00,00,00,00,00,00,00,00,00,00,00,SAT_TAL:00
BEI_SNR:00,00,00,00,00,00,00,00,00,00,00,00,00,00,00,SNR_AVG:0.00
QZS_PRN:00,00,00,00,00,SAT_TAL:00
QZS_SNR:00,00,00,00,00,SNR_AVG:0.00
SatInView:14 GDOP:149
Roll:101.583702 Pitch:16.408430
X_AVG:-3.068183 Y_AVG:9.033601 Z_AVG:-2.058337
X_SD:0.192076 Y_SD:0.136035 Z_SD:0.146716
$MXCM10033,2,45,20240102,065913,12,0E7102E1,47EF9D1A,00D9,0000,0E04,0B,8201*68
GPS_PRN:19604,16,31,26,09,28,21,18,02,19419919508,00,SAT_TAL:11
GPS_SNR:20,18,24,34,24,15,15,20,00,19,00,00,23,18,00,SNR_AVG:20.91
GLO_PRN:00,00,00,00,00,00,00,00,00,00,00,00,00,00,00,SAT_TAL:00
GLO_SNR:00,00,00,00,00,00,00,00,00,00,00,00,00,00,00,SNR_AVG:0.00
GAL_PRN:00,00,00,00,00,00,00,00,00,00,00,00,00,00,00,SAT_TAL:00
GAL_SNR:00,00,00,00,00,00,00,00,00,00,00,00,00,00,00,SNR_AVG:0.00
BEI_PRN:00,00,00,00,00,00,00,00,00,00,00,00,00,00,00,SAT_TAL:00
BEI_SNR:00,00,00,00,00,00,00,00,00,00,00,00,00,00,00,SNR_AVG:0.00
QZS_PRN:00,00,00,00,00,SAT_TAL:00
QZS_SNR:00,00,00,00,00,SNR_AVG:0.00
SatInView:14 GDOP:131
Roll:106.412590 Pitch:25.292158
X_AVG:-4.589107 Y_AVG:8.241966 Z_AVG:-2.964560
X_SD:0.720521 Y_SD:0.550953 Z_SD:0.247548
$MXCM10033,2,46,20240102,065928,12,0E71041C,47EF9C31,00D9,0000,3EF7,0B,8201*60
GPS_PRN:19604,16,31,26,09,28,21,02,18,19419919508,00,SAT_TAL:11
GPS_SNR:20,14,22,33,26,16,20,23,21,00,00,00,24,20,00,SNR_AVG:21.73
GLO_PRN:00,00,00,00,00,00,00,00,00,00,00,00,00,00,00,SAT_TAL:00
GLO_SNR:00,00,00,00,00,00,00,00,00,00,00,00,00,00,00,SNR_AVG:0.00
GAL_PRN:00,00,00,00,00,00,00,00,00,00,00,00,00,00,00,SAT_TAL:00
GAL_SNR:00,00,00,00,00,00,00,00,00,00,00,00,00,00,00,SNR_AVG:0.00
BEI_PRN:00,00,00,00,00,00,00,00,00,00,00,00,00,00,00,SAT_TAL:00
BEI_SNR:00,00,00,00,00,00,00,00,00,00,00,00,00,00,00,SNR_AVG:0.00
QZS_PRN:00,00,00,00,00,SAT_TAL:00
QZS_SNR:00,00,00,00,00,SNR_AVG:0.00
SatInView:14 GDOP:131
Roll:110.828835 Pitch:24.709665
X_AVG:-4.328469 Y_AVG:8.254224 Z_AVG:-3.222229
X_SD:0.537649 Y_SD:0.674264 Z_SD:0.247846
$MXCM10033,2,47,20240102,070143,12,0E710681,47EFA8FE,00D9,0000,6E08,0A,8201*64
GPS_PRN:19604,16,31,26,09,21,28,02,18,07,19919508,00,SAT_TAL:10
GPS_SNR:20,00,21,28,29,17,29,18,23,00,00,00,28,17,00,SNR_AVG:23.00
GLO_PRN:00,00,00,00,00,00,00,00,00,00,00,00,00,00,00,SAT_TAL:00
GLO_SNR:00,00,00,00,00,00,00,00,00,00,00,00,00,00,00,SNR_AVG:0.00
GAL_PRN:00,00,00,00,00,00,00,00,00,00,00,00,00,00,00,SAT_TAL:00
GAL_SNR:00,00,00,00,00,00,00,00,00,00,00,00,00,00,00,SNR_AVG:0.00
BEI_PRN:00,00,00,00,00,00,00,00,00,00,00,00,00,00,00,SAT_TAL:00
BEI_SNR:00,00,00,00,00,00,00,00,00,00,00,00,00,00,00,SNR_AVG:0.00
QZS_PRN:00,00,00,00,00,SAT_TAL:00
QZS_SNR:00,00,00,00,00,SNR_AVG:0.00
SatInView:14 GDOP:136
Roll:110.567612 Pitch:24.979538
X_AVG:-4.218956 Y_AVG:8.238758 Z_AVG:-3.459500
X_SD:0.124857 Y_SD:0.075455 Z_SD:0.140295
$MXCM10033,2,48,20240102,070158,12,0E710681,47EFA11C,00D9,0000,741C,0A,8201*13
GPS_PRN:19604,16,31,26,09,21,28,02,18,19419919508,00,SAT_TAL:11
GPS_SNR:19,00,21,22,22,00,20,19,27,19,21,00,28,20,00,SNR_AVG:21.64
GLO_PRN:00,00,00,00,00,00,00,00,00,00,00,00,00,00,00,SAT_TAL:00
GLO_SNR:00,00,00,00,00,00,00,00,00,00,00,00,00,00,00,SNR_AVG:0.00
GAL_PRN:00,00,00,00,00,00,00,00,00,00,00,00,00,00,00,SAT_TAL:00
GAL_SNR:00,00,00,00,00,00,00,00,00,00,00,00,00,00,00,SNR_AVG:0.00
BEI_PRN:00,00,00,00,00,00,00,00,00,00,00,00,00,00,00,SAT_TAL:00
BEI_SNR:00,00,00,00,00,00,00,00,00,00,00,00,00,00,00,SNR_AVG:0.00
QZS_PRN:00,00,00,00,00,SAT_TAL:00
QZS_SNR:00,00,00,00,00,SNR_AVG:0.00
SatInView:14 GDOP:153
Roll:106.798683 Pitch:25.587545
X_AVG:-4.515507 Y_AVG:8.233682 Z_AVG:-2.962693
X_SD:0.161979 Y_SD:0.158913 Z_SD:0.134399
$MXCM10033,2,49,20240102,070413,12,0E7103DB,47EF9FA3,00D9,0000,27A1,08,8201*60
GPS_PRN:19604,16,31,09,26,21,28,02,18,07,19419919508,SAT_TAL:10
GPS_SNR:18,00,19,25,00,00,19,17,17,13,00,22,21,31,00,SNR_AVG:20.20
GLO_PRN:00,00,00,00,00,00,00,00,00,00,00,00,00,00,00,SAT_TAL:00
GLO_SNR:00,00,00,00,00,00,00,00,00,00,00,00,00,00,00,SNR_AVG:0.00
GAL_PRN:00,00,00,00,00,00,00,00,00,00,00,00,00,00,00,SAT_TAL:00
GAL_SNR:00,00,00,00,00,00,00,00,00,00,00,00,00,00,00,SNR_AVG:0.00
BEI_PRN:00,00,00,00,00,00,00,00,00,00,00,00,00,00,00,SAT_TAL:00
BEI_SNR:00,00,00,00,00,00,00,00,00,00,00,00,00,00,00,SNR_AVG:0.00
QZS_PRN:00,00,00,00,00,SAT_TAL:00
QZS_SNR:00,00,00,00,00,SNR_AVG:0.00
SatInView:15 GDOP:184
Roll:110.265846 Pitch:17.588963
X_AVG:-4.121270 Y_AVG:8.403913 Z_AVG:-2.716803
X_SD:2.104305 Y_SD:2.114711 Z_SD:1.400175
$MXCM10033,2,50,20240102,070429,12,0E710494,47EF9DDF,00D9,0000,2EF5,0A,8202*14
GPS_PRN:19604,16,31,09,26,21,28,02,18,07,19419919508,SAT_TAL:11
GPS_SNR:14,00,20,32,15,24,21,15,23,12,00,00,18,31,00,SNR_AVG:20.45
GLO_PRN:00,00,00,00,00,00,00,00,00,00,00,00,00,00,00,SAT_TAL:00
GLO_SNR:00,00,00,00,00,00,00,00,00,00,00,00,00,00,00,SNR_AVG:0.00
GAL_PRN:00,00,00,00,00,00,00,00,00,00,00,00,00,00,00,SAT_TAL:00
GAL_SNR:00,00,00,00,00,00,00,00,00,00,00,00,00,00,00,SNR_AVG:0.00
BEI_PRN:00,00,00,00,00,00,00,00,00,00,00,00,00,00,00,SAT_TAL:00
BEI_SNR:00,00,00,00,00,00,00,00,00,00,00,00,00,00,00,SNR_AVG:0.00
QZS_PRN:00,00,00,00,00,SAT_TAL:00
QZS_SNR:00,00,00,00,00,SNR_AVG:0.00
SatInView:15 GDOP:131
Roll:147.296478 Pitch:65.917099
X_AVG:-8.969531 Y_AVG:2.721209 Z_AVG:-3.727081
X_SD:0.152492 Y_SD:0.214401 Z_SD:0.173336
$MXCM10033,2,51,20240102,070643,12,0E70FBE2,47EF9FD4,00D9,0000,2EC0,0B,8201*10
GPS_PRN:19604,16,31,09,26,21,28,02,18,07,19419919508,SAT_TAL:12
GPS_SNR:19,14,20,37,00,22,29,22,21,17,00,20,00,20,15,SNR_AVG:21.33
GLO_PRN:00,00,00,00,00,00,00,00,00,00,00,00,00,00,00,SAT_TAL:00
GLO_SNR:00,00,00,00,00,00,00,00,00,00,00,00,00,00,00,SNR_AVG:0.00
GAL_PRN:00,00,00,00,00,00,00,00,00,00,00,00,00,00,00,SAT_TAL:00
GAL_SNR:00,00,00,00,00,00,00,00,00,00,00,00,00,00,00,SNR_AVG:0.00
BEI_PRN:00,00,00,00,00,00,00,00,00,00,00,00,00,00,00,SAT_TAL:00
BEI_SNR:00,00,00,00,00,00,00,00,00,00,00,00,00,00,00,SNR_AVG:0.00
QZS_PRN:00,00,00,00,00,SAT_TAL:00
QZS_SNR:00,00,00,00,00,SNR_AVG:0.00
SatInView:15 GDOP:139
Roll:110.011719 Pitch:31.975433
X_AVG:-4.947957 Y_AVG:7.776572 Z_AVG:-1.942120
X_SD:3.274322 Y_SD:4.852841 Z_SD:2.730404
$MXCM10033,2,52,20240102,070659,12,0E70FD82,47EF9F0B,00D9,0000,2EC0,0B,8201*61
GPS_PRN:19604,16,31,09,26,21,28,02,18,19419919508,00,SAT_TAL:12
GPS_SNR:10,16,17,36,00,19,23,28,22,17,16,00,26,13,00,SNR_AVG:20.25
GLO_PRN:00,00,00,00,00,00,00,00,00,00,00,00,00,00,00,SAT_TAL:00
GLO_SNR:00,00,00,00,00,00,00,00,00,00,00,00,00,00,00,SNR_AVG:0.00
GAL_PRN:00,00,00,00,00,00,00,00,00,00,00,00,00,00,00,SAT_TAL:00
GAL_SNR:00,00,00,00,00,00,00,00,00,00,00,00,00,00,00,SNR_AVG:0.00
BEI_PRN:00,00,00,00,00,00,00,00,00,00,00,00,00,00,00,SAT_TAL:00
BEI_SNR:00,00,00,00,00,00,00,00,00,00,00,00,00,00,00,SNR_AVG:0.00
QZS_PRN:00,00,00,00,00,SAT_TAL:00
QZS_SNR:00,00,00,00,00,SNR_AVG:0.00
SatInView:14 GDOP:140
Roll:96.767708 Pitch:20.984116
X_AVG:-3.919291 Y_AVG:8.816394 Z_AVG:-1.537635
X_SD:0.085010 Y_SD:0.095070 Z_SD:0.150379
$MXCM10033,2,53,20240102,070915,12,0E70FD66,47EFA0AA,00D8,0000,3C13,0C,8201*67
GPS_PRN:19604,16,31,09,26,21,28,02,18,07,19419919508,SAT_TAL:13
GPS_SNR:39,19,28,48,00,25,41,49,33,29,22,00,24,40,31,SNR_AVG:32.92
GLO_PRN:00,00,00,00,00,00,00,00,00,00,00,00,00,00,00,SAT_TAL:00
GLO_SNR:00,00,00,00,00,00,00,00,00,00,00,00,00,00,00,SNR_AVG:0.00
GAL_PRN:00,00,00,00,00,00,00,00,00,00,00,00,00,00,00,SAT_TAL:00
GAL_SNR:00,00,00,00,00,00,00,00,00,00,00,00,00,00,00,SNR_AVG:0.00
BEI_PRN:00,00,00,00,00,00,00,00,00,00,00,00,00,00,00,SAT_TAL:00
BEI_SNR:00,00,00,00,00,00,00,00,00,00,00,00,00,00,00,SNR_AVG:0.00
QZS_PRN:00,00,00,00,00,SAT_TAL:00
QZS_SNR:00,00,00,00,00,SNR_AVG:0.00
SatInView:15 GDOP:114
Roll:109.798759 Pitch:13.267162
X_AVG:-2.648711 Y_AVG:8.917863 Z_AVG:-3.119564
X_SD:0.068014 Y_SD:0.064710 Z_SD:0.113525
$MXCM10033,2,54,20240102,070930,12,0E70FBD7,47EF9DB7,00D8,0000,3C13,0C,8201*6B
GPS_PRN:19604,16,31,09,26,21,28,02,18,07,19419919508,SAT_TAL:13
GPS_SNR:39,18,25,47,00,29,38,49,35,30,23,00,25,40,27,SNR_AVG:32.69
GLO_PRN:00,00,00,00,00,00,00,00,00,00,00,00,00,00,00,SAT_TAL:00
GLO_SNR:00,00,00,00,00,00,00,00,00,00,00,00,00,00,00,SNR_AVG:0.00
GAL_PRN:00,00,00,00,00,00,00,00,00,00,00,00,00,00,00,SAT_TAL:00
GAL_SNR:00,00,00,00,00,00,00,00,00,00,00,00,00,00,00,SNR_AVG:0.00
BEI_PRN:00,00,00,00,00,00,00,00,00,00,00,00,00,00,00,SAT_TAL:00
BEI_SNR:00,00,00,00,00,00,00,00,00,00,00,00,00,00,00,SNR_AVG:0.00
QZS_PRN:00,00,00,00,00,SAT_TAL:00
QZS_SNR:00,00,00,00,00,SNR_AVG:0.00
SatInView:15 GDOP:114
Roll:109.065582 Pitch:13.081400
X_AVG:-2.641911 Y_AVG:8.912452 Z_AVG:-3.107736
X_SD:0.077893 Y_SD:0.061523 Z_SD:0.114512
$MXCM10033,2,55,20240102,071146,12,0E70FFE2,47EFA047,00D8,0000,3806,0A,8201*65
GPS_PRN:19604,16,31,09,26,21,02,28,07,18,19419919508,SAT_TAL:10
GPS_SNR:35,00,29,49,00,32,39,40,49,00,23,00,00,33,32,SNR_AVG:36.10
GLO_PRN:00,00,00,00,00,00,00,00,00,00,00,00,00,00,00,SAT_TAL:00
GLO_SNR:00,00,00,00,00,00,00,00,00,00,00,00,00,00,00,SNR_AVG:0.00
GAL_PRN:00,00,00,00,00,00,00,00,00,00,00,00,00,00,00,SAT_TAL:00
GAL_SNR:00,00,00,00,00,00,00,00,00,00,00,00,00,00,00,SNR_AVG:0.00
BEI_PRN:00,00,00,00,00,00,00,00,00,00,00,00,00,00,00,SAT_TAL:00
BEI_SNR:00,00,00,00,00,00,00,00,00,00,00,00,00,00,00,SNR_AVG:0.00
QZS_PRN:00,00,00,00,00,SAT_TAL:00
QZS_SNR:00,00,00,00,00,SNR_AVG:0.00
SatInView:15 GDOP:155
Roll:109.410896 Pitch:13.008327
X_AVG:-2.670546 Y_AVG:8.915229 Z_AVG:-3.109221
X_SD:0.077175 Y_SD:0.062110 Z_SD:0.116228
$MXCM10033,2,56,20240102,071201,12,0E70FEDA,47EFA169,00D8,0000,3806,0B,8201*19
GPS_PRN:19604,16,31,09,26,21,02,28,07,18,19419919508,SAT_TAL:12
GPS_SNR:30,15,29,49,00,32,40,40,49,16,20,00,00,31,34,SNR_AVG:32.08
GLO_PRN:00,00,00,00,00,00,00,00,00,00,00,00,00,00,00,SAT_TAL:00
GLO_SNR:00,00,00,00,00,00,00,00,00,00,00,00,00,00,00,SNR_AVG:0.00
GAL_PRN:00,00,00,00,00,00,00,00,00,00,00,00,00,00,00,SAT_TAL:00
GAL_SNR:00,00,00,00,00,00,00,00,00,00,00,00,00,00,00,SNR_AVG:0.00
BEI_PRN:00,00,00,00,00,00,00,00,00,00,00,00,00,00,00,SAT_TAL:00
BEI_SNR:00,00,00,00,00,00,00,00,00,00,00,00,00,00,00,SNR_AVG:0.00
QZS_PRN:00,00,00,00,00,SAT_TAL:00
QZS_SNR:00,00,00,00,00,SNR_AVG:0.00
SatInView:15 GDOP:140
Roll:108.480301 Pitch:12.877999
X_AVG:-2.676484 Y_AVG:8.911781 Z_AVG:-3.105246
X_SD:0.065537 Y_SD:0.073036 Z_SD:0.115800
$MXCM10033,2,57,20240102,071417,12,0E70FCC9,47EF9F92,00D7,0000,326C,0D,8201*1B
GPS_PRN:19604,16,09,31,26,21,02,28,07,18,19419919508,SAT_TAL:15
GPS_SNR:29,27,34,21,51,32,43,37,48,18,27,27,22,35,32,SNR_AVG:32.20
GLO_PRN:00,00,00,00,00,00,00,00,00,00,00,00,00,00,00,SAT_TAL:00
GLO_SNR:00,00,00,00,00,00,00,00,00,00,00,00,00,00,00,SNR_AVG:0.00
GAL_PRN:00,00,00,00,00,00,00,00,00,00,00,00,00,00,00,SAT_TAL:00
GAL_SNR:00,00,00,00,00,00,00,00,00,00,00,00,00,00,00,SNR_AVG:0.00
BEI_PRN:00,00,00,00,00,00,00,00,00,00,00,00,00,00,00,SAT_TAL:00
BEI_SNR:00,00,00,00,00,00,00,00,00,00,00,00,00,00,00,SNR_AVG:0.00
QZS_PRN:00,00,00,00,00,SAT_TAL:00
QZS_SNR:00,00,00,00,00,SNR_AVG:0.00
SatInView:15 GDOP:123
Roll:108.666512 Pitch:12.665944
X_AVG:-2.692478 Y_AVG:8.918485 Z_AVG:-3.088630
X_SD:0.080498 Y_SD:0.073320 Z_SD:0.120883
$MXCM10033,2,58,20240102,071432,12,0E70FC98,47EFA038,00D7,0000,326C,0B,8201*60
GPS_PRN:19604,16,09,31,26,21,02,28,07,18,19419919508,SAT_TAL:14
GPS_SNR:29,15,29,22,51,34,45,37,48,00,23,28,28,36,21,SNR_AVG:31.86
GLO_PRN:00,00,00,00,00,00,00,00,00,00,00,00,00,00,00,SAT_TAL:00
GLO_SNR:00,00,00,00,00,00,00,00,00,00,00,00,00,00,00,SNR_AVG:0.00
GAL_PRN:00,00,00,00,00,00,00,00,00,00,00,00,00,00,00,SAT_TAL:00
GAL_SNR:00,00,00,00,00,00,00,00,00,00,00,00,00,00,00,SNR_AVG:0.00
BEI_PRN:00,00,00,00,00,00,00,00,00,00,00,00,00,00,00,SAT_TAL:00
BEI_SNR:00,00,00,00,00,00,00,00,00,00,00,00,00,00,00,SNR_AVG:0.00
QZS_PRN:00,00,00,00,00,SAT_TAL:00
QZS_SNR:00,00,00,00,00,SNR_AVG:0.00
SatInView:15 GDOP:126
Roll:109.549988 Pitch:12.649313
X_AVG:-2.702534 Y_AVG:8.913457 Z_AVG:-3.088965
X_SD:0.074556 Y_SD:0.062525 Z_SD:0.115242
$MXCM10033,2,59,20240102,071648,12,0E70FE00,47EFA465,00D7,0000,0000,0A,8201*12
GPS_PRN:19604,16,09,31,26,21,02,07,28,18,19419919508,SAT_TAL:13
GPS_SNR:21,18,00,18,50,33,44,26,00,49,28,24,29,35,28,SNR_AVG:31.00
GLO_PRN:00,00,00,00,00,00,00,00,00,00,00,00,00,00,00,SAT_TAL:00
GLO_SNR:00,00,00,00,00,00,00,00,00,00,00,00,00,00,00,SNR_AVG:0.00
GAL_PRN:00,00,00,00,00,00,00,00,00,00,00,00,00,00,00,SAT_TAL:00
GAL_SNR:00,00,00,00,00,00,00,00,00,00,00,00,00,00,00,SNR_AVG:0.00
BEI_PRN:00,00,00,00,00,00,00,00,00,00,00,00,00,00,00,SAT_TAL:00
BEI_SNR:00,00,00,00,00,00,00,00,00,00,00,00,00,00,00,SNR_AVG:0.00
QZS_PRN:00,00,00,00,00,SAT_TAL:00
QZS_SNR:00,00,00,00,00,SNR_AVG:0.00
SatInView:15 GDOP:144
Roll:108.446198 Pitch:13.470496
X_AVG:-2.713595 Y_AVG:8.912452 Z_AVG:-3.088726
X_SD:0.137831 Y_SD:0.236400 Z_SD:0.123246
$MXCM10033,2,60,20240102,071703,12,0E70FCAC,47EFA30D,00D7,0000,0000,0A,8201*62
GPS_PRN:19604,16,09,31,26,21,02,28,18,19419919508,00,SAT_TAL:12
GPS_SNR:19,18,00,00,50,29,42,28,49,28,25,29,36,26,00,SNR_AVG:31.58
GLO_PRN:00,00,00,00,00,00,00,00,00,00,00,00,00,00,00,SAT_TAL:00
GLO_SNR:00,00,00,00,00,00,00,00,00,00,00,00,00,00,00,SNR_AVG:0.00
GAL_PRN:00,00,00,00,00,00,00,00,00,00,00,00,00,00,00,SAT_TAL:00
GAL_SNR:00,00,00,00,00,00,00,00,00,00,00,00,00,00,00,SNR_AVG:0.00
BEI_PRN:00,00,00,00,00,00,00,00,00,00,00,00,00,00,00,SAT_TAL:00
BEI_SNR:00,00,00,00,00,00,00,00,00,00,00,00,00,00,00,SNR_AVG:0.00
QZS_PRN:00,00,00,00,00,SAT_TAL:00
QZS_SNR:00,00,00,00,00,SNR_AVG:0.00
SatInView:14 GDOP:169
Roll:108.608147 Pitch:13.250596
X_AVG:-2.701815 Y_AVG:8.915373 Z_AVG:-3.104193
X_SD:0.121670 Y_SD:0.227180 Z_SD:0.119242
$MXCM10033,2,61,20240102,071919,12,0E70FAE4,47EFA192,00D6,0000,38CE,0B,8201*65
GPS_PRN:19604,16,09,31,26,21,02,07,28,18,19419919508,SAT_TAL:13
GPS_SNR:24,20,33,00,49,18,35,31,00,49,26,28,29,37,17,SNR_AVG:30.46
GLO_PRN:00,00,00,00,00,00,00,00,00,00,00,00,00,00,00,SAT_TAL:00
GLO_SNR:00,00,00,00,00,00,00,00,00,00,00,00,00,00,00,SNR_AVG:0.00
GAL_PRN:00,00,00,00,00,00,00,00,00,00,00,00,00,00,00,SAT_TAL:00
GAL_SNR:00,00,00,00,00,00,00,00,00,00,00,00,00,00,00,SNR_AVG:0.00
BEI_PRN:00,00,00,00,00,00,00,00,00,00,00,00,00,00,00,SAT_TAL:00
BEI_SNR:00,00,00,00,00,00,00,00,00,00,00,00,00,00,00,SNR_AVG:0.00
QZS_PRN:00,00,00,00,00,SAT_TAL:00
QZS_SNR:00,00,00,00,00,SNR_AVG:0.00
SatInView:15 GDOP:155
Roll:108.765060 Pitch:12.863585
X_AVG:-2.699325 Y_AVG:8.920305 Z_AVG:-3.099692
X_SD:0.148089 Y_SD:0.145805 Z_SD:0.118106
$MXCM10033,2,62,20240102,071934,12,0E70F71C,47EFA0B9,00D6,0000,38CE,0C,8201*6C
GPS_PRN:19604,16,09,31,26,21,02,28,18,19419919508,00,SAT_TAL:14
GPS_SNR:32,22,25,20,49,27,32,31,49,32,27,30,37,31,00,SNR_AVG:31.71
GLO_PRN:00,00,00,00,00,00,00,00,00,00,00,00,00,00,00,SAT_TAL:00
GLO_SNR:00,00,00,00,00,00,00,00,00,00,00,00,00,00,00,SNR_AVG:0.00
GAL_PRN:00,00,00,00,00,00,00,00,00,00,00,00,00,00,00,SAT_TAL:00
GAL_SNR:00,00,00,00,00,00,00,00,00,00,00,00,00,00,00,SNR_AVG:0.00
BEI_PRN:00,00,00,00,00,00,00,00,00,00,00,00,00,00,00,SAT_TAL:00
BEI_SNR:00,00,00,00,00,00,00,00,00,00,00,00,00,00,00,SNR_AVG:0.00
QZS_PRN:00,00,00,00,00,SAT_TAL:00
QZS_SNR:00,00,00,00,00,SNR_AVG:0.00
SatInView:14 GDOP:136
Roll:107.352684 Pitch:13.773975
X_AVG:-2.690610 Y_AVG:8.920161 Z_AVG:-3.094903
X_SD:0.263025 Y_SD:0.301280 Z_SD:0.149433
$MXCM10033,2,63,20240102,072149,12,0E70F951,47EF9A0D,00D6,0000,4C5C,0E,8201*18
GPS_PRN:19604,16,09,31,26,21,02,07,28,18,19419919508,SAT_TAL:14
GPS_SNR:26,22,22,19,27,22,29,20,20,28,00,20,17,24,22,SNR_AVG:22.71
GLO_PRN:00,00,00,00,00,00,00,00,00,00,00,00,00,00,00,SAT_TAL:00
GLO_SNR:00,00,00,00,00,00,00,00,00,00,00,00,00,00,00,SNR_AVG:0.00
GAL_PRN:00,00,00,00,00,00,00,00,00,00,00,00,00,00,00,SAT_TAL:00
GAL_SNR:00,00,00,00,00,00,00,00,00,00,00,00,00,00,00,SNR_AVG:0.00
BEI_PRN:00,00,00,00,00,00,00,00,00,00,00,00,00,00,00,SAT_TAL:00
BEI_SNR:00,00,00,00,00,00,00,00,00,00,00,00,00,00,00,SNR_AVG:0.00
QZS_PRN:00,00,00,00,00,SAT_TAL:00
QZS_SNR:00,00,00,00,00,SNR_AVG:0.00
SatInView:15 GDOP:114
Roll:97.176186 Pitch:14.213301
X_AVG:-2.930610 Y_AVG:9.063002 Z_AVG:-2.197059
X_SD:1.395169 Y_SD:1.021725 Z_SD:1.211134
$MXCM10033,2,64,20240102,072204,12,0E70F8FD,47EF989F,00D6,0000,61EE,0E,8201*66
GPS_PRN:19604,16,09,31,26,21,02,07,28,18,19419919508,SAT_TAL:14
GPS_SNR:13,18,14,20,31,15,29,22,17,29,00,20,19,26,27,SNR_AVG:21.43
GLO_PRN:00,00,00,00,00,00,00,00,00,00,00,00,00,00,00,SAT_TAL:00
GLO_SNR:00,00,00,00,00,00,00,00,00,00,00,00,00,00,00,SNR_AVG:0.00
GAL_PRN:00,00,00,00,00,00,00,00,00,00,00,00,00,00,00,SAT_TAL:00
GAL_SNR:00,00,00,00,00,00,00,00,00,00,00,00,00,00,00,SNR_AVG:0.00
BEI_PRN:00,00,00,00,00,00,00,00,00,00,00,00,00,00,00,SAT_TAL:00
BEI_SNR:00,00,00,00,00,00,00,00,00,00,00,00,00,00,00,SNR_AVG:0.00
QZS_PRN:00,00,00,00,00,SAT_TAL:00
QZS_SNR:00,00,00,00,00,SNR_AVG:0.00
SatInView:15 GDOP:114
Roll:102.999413 Pitch:15.235769
X_AVG:-2.971647 Y_AVG:9.042076 Z_AVG:-2.311409
X_SD:0.081256 Y_SD:0.061825 Z_SD:0.117011
$MXCM10033,2,65,20240102,072419,12,0E70EF7A,47EF8AA3,00D6,0000,8B84,0C,8201*66
GPS_PRN:19604,16,09,31,26,21,02,07,28,18,19419919508,SAT_TAL:12
GPS_SNR:25,34,24,00,28,23,27,26,19,25,00,00,17,31,27,SNR_AVG:25.50
GLO_PRN:00,00,00,00,00,00,00,00,00,00,00,00,00,00,00,SAT_TAL:00
GLO_SNR:00,00,00,00,00,00,00,00,00,00,00,00,00,00,00,SNR_AVG:0.00
GAL_PRN:00,00,00,00,00,00,00,00,00,00,00,00,00,00,00,SAT_TAL:00
GAL_SNR:00,00,00,00,00,00,00,00,00,00,00,00,00,00,00,SNR_AVG:0.00
BEI_PRN:00,00,00,00,00,00,00,00,00,00,00,00,00,00,00,SAT_TAL:00
BEI_SNR:00,00,00,00,00,00,00,00,00,00,00,00,00,00,00,SNR_AVG:0.00
QZS_PRN:00,00,00,00,00,SAT_TAL:00
QZS_SNR:00,00,00,00,00,SNR_AVG:0.00
SatInView:15 GDOP:122
Roll:102.498055 Pitch:12.547028
X_AVG:-2.581241 Y_AVG:9.064391 Z_AVG:-2.635734
X_SD:0.081826 Y_SD:0.065851 Z_SD:0.115917
$MXCM10033,2,66,20240102,072435,12,0E70F31D,47EF89F1,00D6,0000,02D0,0E,8201*65
GPS_PRN:19604,16,09,31,26,21,02,07,28,18,19419919508,SAT_TAL:14
GPS_SNR:27,33,27,15,28,17,27,29,18,19,00,16,17,30,26,SNR_AVG:23.50
GLO_PRN:00,00,00,00,00,00,00,00,00,00,00,00,00,00,00,SAT_TAL:00
GLO_SNR:00,00,00,00,00,00,00,00,00,00,00,00,00,00,00,SNR_AVG:0.00
GAL_PRN:00,00,00,00,00,00,00,00,00,00,00,00,00,00,00,SAT_TAL:00
GAL_SNR:00,00,00,00,00,00,00,00,00,00,00,00,00,00,00,SNR_AVG:0.00
BEI_PRN:00,00,00,00,00,00,00,00,00,00,00,00,00,00,00,SAT_TAL:00
BEI_SNR:00,00,00,00,00,00,00,00,00,00,00,00,00,00,00,SNR_AVG:0.00
QZS_PRN:00,00,00,00,00,SAT_TAL:00
QZS_SNR:00,00,00,00,00,SNR_AVG:0.00
SatInView:15 GDOP:115
Roll:102.990150 Pitch:12.453241
X_AVG:-2.576883 Y_AVG:9.052707 Z_AVG:-2.644880
X_SD:0.074254 Y_SD:0.065845 Z_SD:0.123885
$MXCM10033,2,67,20240102,072650,00,0E70F337,47EF89ED,00D6,0000,0000,00,8202*61
GPS_PRN:19616,09,31,21,02,07,28,18,19419919504,00,00,SAT_TAL:01
GPS_SNR:00,00,00,19,00,00,00,00,00,00,00,00,00,00,00,SNR_AVG:19.00
GLO_PRN:00,00,00,00,00,00,00,00,00,00,00,00,00,00,00,SAT_TAL:00
GLO_SNR:00,00,00,00,00,00,00,00,00,00,00,00,00,00,00,SNR_AVG:0.00
GAL_PRN:00,00,00,00,00,00,00,00,00,00,00,00,00,00,00,SAT_TAL:00
GAL_SNR:00,00,00,00,00,00,00,00,00,00,00,00,00,00,00,SNR_AVG:0.00
BEI_PRN:00,00,00,00,00,00,00,00,00,00,00,00,00,00,00,SAT_TAL:00
BEI_SNR:00,00,00,00,00,00,00,00,00,00,00,00,00,00,00,SNR_AVG:0.00
QZS_PRN:00,00,00,00,00,SAT_TAL:00
QZS_SNR:00,00,00,00,00,SNR_AVG:0.00
SatInView:13 GDOP:16980
Roll:0.000000 Pitch:90.000000
X_AVG:-9.870726 Y_AVG:-0.053583 Z_AVG:1.156614
X_SD:0.078380 Y_SD:0.063679 Z_SD:0.117660
$MXCM10033,2,68,20240102,072705,00,0E70EC04,47EF9CB6,00D6,0000,0000,00,8202*12
GPS_PRN:19604,16,09,31,21,26,02,07,28,18,19419919508,SAT_TAL:04
GPS_SNR:00,00,15,00,20,00,14,00,00,00,00,00,00,17,00,SNR_AVG:16.50
GLO_PRN:00,00,00,00,00,00,00,00,00,00,00,00,00,00,00,SAT_TAL:00
GLO_SNR:00,00,00,00,00,00,00,00,00,00,00,00,00,00,00,SNR_AVG:0.00
GAL_PRN:00,00,00,00,00,00,00,00,00,00,00,00,00,00,00,SAT_TAL:00
GAL_SNR:00,00,00,00,00,00,00,00,00,00,00,00,00,00,00,SNR_AVG:0.00
BEI_PRN:00,00,00,00,00,00,00,00,00,00,00,00,00,00,00,SAT_TAL:00
BEI_SNR:00,00,00,00,00,00,00,00,00,00,00,00,00,00,00,SNR_AVG:0.00
QZS_PRN:00,00,00,00,00,SAT_TAL:00
QZS_SNR:00,00,00,00,00,SNR_AVG:0.00
SatInView:15 GDOP:653
Roll:0.000000 Pitch:90.000000
X_AVG:-9.861197 Y_AVG:-0.071061 Z_AVG:1.161355
X_SD:0.072387 Y_SD:0.062913 Z_SD:0.115828
$MXCM10033,2,69,20240102,072920,00,0E70F337,47EF89ED,00D6,0000,0000,00,8202*67
GPS_PRN:19604,09,21,31,02,07,28,18,19419919508,00,00,SAT_TAL:01
GPS_SNR:00,00,00,00,18,00,00,00,00,00,00,00,00,00,00,SNR_AVG:18.00
GLO_PRN:00,00,00,00,00,00,00,00,00,00,00,00,00,00,00,SAT_TAL:00
GLO_SNR:00,00,00,00,00,00,00,00,00,00,00,00,00,00,00,SNR_AVG:0.00
GAL_PRN:00,00,00,00,00,00,00,00,00,00,00,00,00,00,00,SAT_TAL:00
GAL_SNR:00,00,00,00,00,00,00,00,00,00,00,00,00,00,00,SNR_AVG:0.00
BEI_PRN:00,00,00,00,00,00,00,00,00,00,00,00,00,00,00,SAT_TAL:00
BEI_SNR:00,00,00,00,00,00,00,00,00,00,00,00,00,00,00,SNR_AVG:0.00
QZS_PRN:00,00,00,00,00,SAT_TAL:00
QZS_SNR:00,00,00,00,00,SNR_AVG:0.00
SatInView:13 GDOP:17002
Roll:0.000000 Pitch:90.000000
X_AVG:-9.902665 Y_AVG:0.009912 Z_AVG:0.893630
X_SD:0.070477 Y_SD:0.051817 Z_SD:0.115824
$MXCM10033,2,70,20240102,072935,12,0E710944,47EF7BAC,00D6,0000,808E,05,8202*16
GPS_PRN:19604,16,09,21,31,26,02,07,28,18,19419919508,SAT_TAL:05
GPS_SNR:00,17,00,00,20,22,00,17,00,00,00,00,00,16,00,SNR_AVG:18.40
GLO_PRN:00,00,00,00,00,00,00,00,00,00,00,00,00,00,00,SAT_TAL:00
GLO_SNR:00,00,00,00,00,00,00,00,00,00,00,00,00,00,00,SNR_AVG:0.00
GAL_PRN:00,00,00,00,00,00,00,00,00,00,00,00,00,00,00,SAT_TAL:00
GAL_SNR:00,00,00,00,00,00,00,00,00,00,00,00,00,00,00,SNR_AVG:0.00
BEI_PRN:00,00,00,00,00,00,00,00,00,00,00,00,00,00,00,SAT_TAL:00
BEI_SNR:00,00,00,00,00,00,00,00,00,00,00,00,00,00,00,SNR_AVG:0.00
QZS_PRN:00,00,00,00,00,SAT_TAL:00
QZS_SNR:00,00,00,00,00,SNR_AVG:0.00
SatInView:15 GDOP:295
Roll:120.400810 Pitch:90.000000
X_AVG:-10.073232 Y_AVG:0.229130 Z_AVG:-0.257909
X_SD:3.729094 Y_SD:2.994251 Z_SD:2.455112
$MXCM10033,2,71,20240102,073150,00,0E70FFBD,47EF4F6A,00D6,0000,896D,00,8202*61
GPS_PRN:19604,16,09,21,31,26,02,07,28,18,19419919508,SAT_TAL:07
GPS_SNR:15,00,17,00,23,20,18,25,00,00,00,00,00,21,00,SNR_AVG:19.86
GLO_PRN:00,00,00,00,00,00,00,00,00,00,00,00,00,00,00,SAT_TAL:00
GLO_SNR:00,00,00,00,00,00,00,00,00,00,00,00,00,00,00,SNR_AVG:0.00
GAL_PRN:00,00,00,00,00,00,00,00,00,00,00,00,00,00,00,SAT_TAL:00
GAL_SNR:00,00,00,00,00,00,00,00,00,00,00,00,00,00,00,SNR_AVG:0.00
BEI_PRN:00,00,00,00,00,00,00,00,00,00,00,00,00,00,00,SAT_TAL:00
BEI_SNR:00,00,00,00,00,00,00,00,00,00,00,00,00,00,00,SNR_AVG:0.00
QZS_PRN:00,00,00,00,00,SAT_TAL:00
QZS_SNR:00,00,00,00,00,SNR_AVG:0.00
SatInView:15 GDOP:390
Roll:0.000000 Pitch:90.000000
X_AVG:-9.805459 Y_AVG:-0.622170 Z_AVG:1.438513
X_SD:0.071305 Y_SD:0.056580 Z_SD:0.113322
$MXCM10033,2,72,20240102,073206,12,0E70FC38,47EF8492,00D6,0000,8448,0A,8202*69
GPS_PRN:19604,16,09,21,31,26,02,07,28,18,19419919508,SAT_TAL:11
GPS_SNR:16,00,18,00,23,22,15,25,16,13,00,16,00,22,14,SNR_AVG:18.18
GLO_PRN:00,00,00,00,00,00,00,00,00,00,00,00,00,00,00,SAT_TAL:00
GLO_SNR:00,00,00,00,00,00,00,00,00,00,00,00,00,00,00,SNR_AVG:0.00
GAL_PRN:00,00,00,00,00,00,00,00,00,00,00,00,00,00,00,SAT_TAL:00
GAL_SNR:00,00,00,00,00,00,00,00,00,00,00,00,00,00,00,SNR_AVG:0.00
BEI_PRN:00,00,00,00,00,00,00,00,00,00,00,00,00,00,00,SAT_TAL:00
BEI_SNR:00,00,00,00,00,00,00,00,00,00,00,00,00,00,00,SNR_AVG:0.00
QZS_PRN:00,00,00,00,00,SAT_TAL:00
QZS_SNR:00,00,00,00,00,SNR_AVG:0.00
SatInView:15 GDOP:133
Roll:0.000000 Pitch:90.000000
X_AVG:-9.812833 Y_AVG:-0.624133 Z_AVG:1.424866
X_SD:0.075223 Y_SD:0.060054 Z_SD:0.112031
$MXCM10033,2,73,20240102,073421,00,0E710738,47EF8099,00D6,0000,0000,00,8202*15
GPS_PRN:19604,16,09,21,31,26,02,07,28,19419919508,00,SAT_TAL:07
GPS_SNR:16,17,20,00,17,19,00,17,00,00,00,00,18,00,00,SNR_AVG:17.71
GLO_PRN:00,00,00,00,00,00,00,00,00,00,00,00,00,00,00,SAT_TAL:00
GLO_SNR:00,00,00,00,00,00,00,00,00,00,00,00,00,00,00,SNR_AVG:0.00
GAL_PRN:00,00,00,00,00,00,00,00,00,00,00,00,00,00,00,SAT_TAL:00
GAL_SNR:00,00,00,00,00,00,00,00,00,00,00,00,00,00,00,SNR_AVG:0.00
BEI_PRN:00,00,00,00,00,00,00,00,00,00,00,00,00,00,00,SAT_TAL:00
BEI_SNR:00,00,00,00,00,00,00,00,00,00,00,00,00,00,00,SNR_AVG:0.00
QZS_PRN:00,00,00,00,00,SAT_TAL:00
QZS_SNR:00,00,00,00,00,SNR_AVG:0.00
SatInView:14 GDOP:320
Roll:0.000000 Pitch:90.000000
X_AVG:-9.808476 Y_AVG:-0.621260 Z_AVG:1.435832
X_SD:0.073232 Y_SD:0.059696 Z_SD:0.113861
$MXCM10033,2,74,20240102,073436,12,0E70FFC0,47EF99BA,00D6,0000,2590,08,8202*64
GPS_PRN:19604,16,09,21,31,26,02,07,28,19419919508,00,SAT_TAL:08
GPS_SNR:19,19,21,00,17,24,00,18,00,00,17,00,21,00,00,SNR_AVG:19.50
GLO_PRN:00,00,00,00,00,00,00,00,00,00,00,00,00,00,00,SAT_TAL:00
GLO_SNR:00,00,00,00,00,00,00,00,00,00,00,00,00,00,00,SNR_AVG:0.00
GAL_PRN:00,00,00,00,00,00,00,00,00,00,00,00,00,00,00,SAT_TAL:00
GAL_SNR:00,00,00,00,00,00,00,00,00,00,00,00,00,00,00,SNR_AVG:0.00
BEI_PRN:00,00,00,00,00,00,00,00,00,00,00,00,00,00,00,SAT_TAL:00
BEI_SNR:00,00,00,00,00,00,00,00,00,00,00,00,00,00,00,SNR_AVG:0.00
QZS_PRN:00,00,00,00,00,SAT_TAL:00
QZS_SNR:00,00,00,00,00,SNR_AVG:0.00
SatInView:14 GDOP:180
Roll:0.000000 Pitch:90.000000
X_AVG:-9.808428 Y_AVG:-0.613455 Z_AVG:1.425872
X_SD:0.068238 Y_SD:0.059764 Z_SD:0.103539
$MXCM10033,2,75,20240102,073651,12,0E70FE95,47EF7AA4,00D5,0000,844E,05,8202*67
GPS_PRN:19604,16,09,21,31,26,02,07,28,19419919508,00,SAT_TAL:06
GPS_SNR:22,00,00,00,17,17,14,26,21,00,00,00,00,00,00,SNR_AVG:19.50
GLO_PRN:00,00,00,00,00,00,00,00,00,00,00,00,00,00,00,SAT_TAL:00
GLO_SNR:00,00,00,00,00,00,00,00,00,00,00,00,00,00,00,SNR_AVG:0.00
GAL_PRN:00,00,00,00,00,00,00,00,00,00,00,00,00,00,00,SAT_TAL:00
GAL_SNR:00,00,00,00,00,00,00,00,00,00,00,00,00,00,00,SNR_AVG:0.00
BEI_PRN:00,00,00,00,00,00,00,00,00,00,00,00,00,00,00,SAT_TAL:00
BEI_SNR:00,00,00,00,00,00,00,00,00,00,00,00,00,00,00,SNR_AVG:0.00
QZS_PRN:00,00,00,00,00,SAT_TAL:00
QZS_SNR:00,00,00,00,00,SNR_AVG:0.00
SatInView:14 GDOP:165
Roll:0.000000 Pitch:90.000000
X_AVG:-9.806608 Y_AVG:-0.614365 Z_AVG:1.433964
X_SD:0.068724 Y_SD:0.054822 Z_SD:0.123464
$MXCM10033,2,76,20240102,073707,12,0E710720,47EF96F5,00D6,0000,0732,09,8202*66
GPS_PRN:19604,16,09,21,31,26,02,07,28,19419919508,00,SAT_TAL:09
GPS_SNR:21,16,17,00,15,18,00,25,23,00,16,00,16,00,00,SNR_AVG:18.56
GLO_PRN:00,00,00,00,00,00,00,00,00,00,00,00,00,00,00,SAT_TAL:00
GLO_SNR:00,00,00,00,00,00,00,00,00,00,00,00,00,00,00,SNR_AVG:0.00
GAL_PRN:00,00,00,00,00,00,00,00,00,00,00,00,00,00,00,SAT_TAL:00
GAL_SNR:00,00,00,00,00,00,00,00,00,00,00,00,00,00,00,SNR_AVG:0.00
BEI_PRN:00,00,00,00,00,00,00,00,00,00,00,00,00,00,00,SAT_TAL:00
BEI_SNR:00,00,00,00,00,00,00,00,00,00,00,00,00,00,00,SNR_AVG:0.00
QZS_PRN:00,00,00,00,00,SAT_TAL:00
QZS_SNR:00,00,00,00,00,SNR_AVG:0.00
SatInView:14 GDOP:143
Roll:0.000000 Pitch:90.000000
X_AVG:-9.794350 Y_AVG:-0.623223 Z_AVG:1.433533
X_SD:0.070071 Y_SD:0.064940 Z_SD:0.113908
$MXCM10033,2,77,20240102,073922,00,0E7108FB,47EF9828,00D6,0000,0000,00,8202*1C
GPS_PRN:19604,16,09,21,31,26,02,07,19419919508,00,00,SAT_TAL:02
GPS_SNR:00,00,00,00,25,00,19,00,00,00,00,00,00,00,00,SNR_AVG:22.00
GLO_PRN:00,00,00,00,00,00,00,00,00,00,00,00,00,00,00,SAT_TAL:00
GLO_SNR:00,00,00,00,00,00,00,00,00,00,00,00,00,00,00,SNR_AVG:0.00
GAL_PRN:00,00,00,00,00,00,00,00,00,00,00,00,00,00,00,SAT_TAL:00
GAL_SNR:00,00,00,00,00,00,00,00,00,00,00,00,00,00,00,SNR_AVG:0.00
BEI_PRN:00,00,00,00,00,00,00,00,00,00,00,00,00,00,00,SAT_TAL:00
BEI_SNR:00,00,00,00,00,00,00,00,00,00,00,00,00,00,00,SNR_AVG:0.00
QZS_PRN:00,00,00,00,00,SAT_TAL:00
QZS_SNR:00,00,00,00,00,SNR_AVG:0.00
SatInView:13 GDOP:13948
Roll:0.000000 Pitch:90.000000
X_AVG:-9.792674 Y_AVG:-0.621547 Z_AVG:1.426111
X_SD:0.074927 Y_SD:0.057574 Z_SD:0.121489
$MXCM10033,2,78,20240102,073938,12,0E7110D3,47EF8BD3,00D6,0000,3525,07,8202*61
GPS_PRN:19604,16,09,21,31,26,02,07,19419919508,00,00,SAT_TAL:07
GPS_SNR:00,00,17,00,23,13,18,18,16,00,00,19,00,00,00,SNR_AVG:17.71
GLO_PRN:00,00,00,00,00,00,00,00,00,00,00,00,00,00,00,SAT_TAL:00
GLO_SNR:00,00,00,00,00,00,00,00,00,00,00,00,00,00,00,SNR_AVG:0.00
GAL_PRN:00,00,00,00,00,00,00,00,00,00,00,00,00,00,00,SAT_TAL:00
GAL_SNR:00,00,00,00,00,00,00,00,00,00,00,00,00,00,00,SNR_AVG:0.00
BEI_PRN:00,00,00,00,00,00,00,00,00,00,00,00,00,00,00,SAT_TAL:00
BEI_SNR:00,00,00,00,00,00,00,00,00,00,00,00,00,00,00,SNR_AVG:0.00
QZS_PRN:00,00,00,00,00,SAT_TAL:00
QZS_SNR:00,00,00,00,00,SNR_AVG:0.00
SatInView:13 GDOP:150
Roll:0.000000 Pitch:90.000000
X_AVG:-9.802682 Y_AVG:-0.623942 Z_AVG:1.426255
X_SD:0.073827 Y_SD:0.054343 Z_SD:0.114648
$MXCM10033,2,79,20240102,074153,00,0E710176,47EF88E5,00D6,0000,0000,00,8202*6C
GPS_PRN:19604,16,09,21,02,31,26,07,19419919508,00,00,SAT_TAL:06
GPS_SNR:14,17,17,00,22,00,16,00,00,00,00,17,00,00,00,SNR_AVG:17.17
GLO_PRN:00,00,00,00,00,00,00,00,00,00,00,00,00,00,00,SAT_TAL:00
GLO_SNR:00,00,00,00,00,00,00,00,00,00,00,00,00,00,00,SNR_AVG:0.00
GAL_PRN:00,00,00,00,00,00,00,00,00,00,00,00,00,00,00,SAT_TAL:00
GAL_SNR:00,00,00,00,00,00,00,00,00,00,00,00,00,00,00,SNR_AVG:0.00
BEI_PRN:00,00,00,00,00,00,00,00,00,00,00,00,00,00,00,SAT_TAL:00
BEI_SNR:00,00,00,00,00,00,00,00,00,00,00,00,00,00,00,SNR_AVG:0.00
QZS_PRN:00,00,00,00,00,SAT_TAL:00
QZS_SNR:00,00,00,00,00,SNR_AVG:0.00
SatInView:13 GDOP:11917
Roll:0.000000 Pitch:90.000000
X_AVG:-9.804358 Y_AVG:-0.613981 Z_AVG:1.438226
X_SD:0.070136 Y_SD:0.060569 Z_SD:0.114874
$MXCM10033,2,80,20240102,074208,12,0E71057E,47EF8831,00D5,0000,3502,09,8202*6F
GPS_PRN:19604,16,09,21,02,31,26,07,19419919508,00,00,SAT_TAL:09
GPS_SNR:18,17,15,00,19,00,16,16,15,16,00,16,00,00,00,SNR_AVG:16.44
GLO_PRN:00,00,00,00,00,00,00,00,00,00,00,00,00,00,00,SAT_TAL:00
GLO_SNR:00,00,00,00,00,00,00,00,00,00,00,00,00,00,00,SNR_AVG:0.00
GAL_PRN:00,00,00,00,00,00,00,00,00,00,00,00,00,00,00,SAT_TAL:00
GAL_SNR:00,00,00,00,00,00,00,00,00,00,00,00,00,00,00,SNR_AVG:0.00
BEI_PRN:00,00,00,00,00,00,00,00,00,00,00,00,00,00,00,SAT_TAL:00
BEI_SNR:00,00,00,00,00,00,00,00,00,00,00,00,00,00,00,SNR_AVG:0.00
QZS_PRN:00,00,00,00,00,SAT_TAL:00
QZS_SNR:00,00,00,00,00,SNR_AVG:0.00
SatInView:13 GDOP:138
Roll:0.000000 Pitch:90.000000
X_AVG:-9.799521 Y_AVG:-0.628778 Z_AVG:1.418066
X_SD:0.073917 Y_SD:0.059951 Z_SD:0.106986
$MXCM10033,2,81,20240102,074423,12,0E710C07,47EF8E3F,00D5,0000,0000,07,8202*62
GPS_PRN:19604,16,09,21,02,26,31,07,19419919508,00,00,SAT_TAL:07
GPS_SNR:17,17,17,00,00,18,16,22,20,00,00,00,00,00,00,SNR_AVG:18.14
GLO_PRN:00,00,00,00,00,00,00,00,00,00,00,00,00,00,00,SAT_TAL:00
GLO_SNR:00,00,00,00,00,00,00,00,00,00,00,00,00,00,00,SNR_AVG:0.00
GAL_PRN:00,00,00,00,00,00,00,00,00,00,00,00,00,00,00,SAT_TAL:00
GAL_SNR:00,00,00,00,00,00,00,00,00,00,00,00,00,00,00,SNR_AVG:0.00
BEI_PRN:00,00,00,00,00,00,00,00,00,00,00,00,00,00,00,SAT_TAL:00
BEI_SNR:00,00,00,00,00,00,00,00,00,00,00,00,00,00,00,SNR_AVG:0.00
QZS_PRN:00,00,00,00,00,SAT_TAL:00
QZS_SNR:00,00,00,00,00,SNR_AVG:0.00
SatInView:13 GDOP:145
Roll:0.000000 Pitch:90.000000
X_AVG:-9.798372 Y_AVG:-0.611491 Z_AVG:1.428793
X_SD:0.075258 Y_SD:0.067283 Z_SD:0.103902
$MXCM10033,2,82,20240102,074439,12,0E7107B1,47EF8CA6,00D5,0000,0000,08,8202*61
GPS_PRN:19604,16,21,09,02,26,31,07,19419919508,00,00,SAT_TAL:08
GPS_SNR:18,17,18,00,00,21,15,23,18,16,00,00,00,00,00,SNR_AVG:18.25
GLO_PRN:00,00,00,00,00,00,00,00,00,00,00,00,00,00,00,SAT_TAL:00
GLO_SNR:00,00,00,00,00,00,00,00,00,00,00,00,00,00,00,SNR_AVG:0.00
GAL_PRN:00,00,00,00,00,00,00,00,00,00,00,00,00,00,00,SAT_TAL:00
GAL_SNR:00,00,00,00,00,00,00,00,00,00,00,00,00,00,00,SNR_AVG:0.00
BEI_PRN:00,00,00,00,00,00,00,00,00,00,00,00,00,00,00,SAT_TAL:00
BEI_SNR:00,00,00,00,00,00,00,00,00,00,00,00,00,00,00,SNR_AVG:0.00
QZS_PRN:00,00,00,00,00,SAT_TAL:00
QZS_SNR:00,00,00,00,00,SNR_AVG:0.00
SatInView:13 GDOP:138
Roll:0.000000 Pitch:90.000000
X_AVG:-9.800144 Y_AVG:-0.618147 Z_AVG:1.420604
X_SD:0.065236 Y_SD:0.061344 Z_SD:0.121640
$MXCM10033,2,83,20240102,074653,12,0E710110,47EF9649,00D5,0001,29BF,09,8202*1B
GPS_PRN:19604,16,21,09,02,26,31,07,19419919508,00,00,SAT_TAL:09
GPS_SNR:18,16,21,22,00,19,18,18,00,17,00,16,00,00,00,SNR_AVG:18.33
GLO_PRN:00,00,00,00,00,00,00,00,00,00,00,00,00,00,00,SAT_TAL:00
GLO_SNR:00,00,00,00,00,00,00,00,00,00,00,00,00,00,00,SNR_AVG:0.00
GAL_PRN:00,00,00,00,00,00,00,00,00,00,00,00,00,00,00,SAT_TAL:00
GAL_SNR:00,00,00,00,00,00,00,00,00,00,00,00,00,00,00,SNR_AVG:0.00
BEI_PRN:00,00,00,00,00,00,00,00,00,00,00,00,00,00,00,SAT_TAL:00
BEI_SNR:00,00,00,00,00,00,00,00,00,00,00,00,00,00,00,SNR_AVG:0.00
QZS_PRN:00,00,00,00,00,SAT_TAL:00
QZS_SNR:00,00,00,00,00,SNR_AVG:0.00
SatInView:13 GDOP:179
Roll:0.000000 Pitch:90.000000
X_AVG:-9.792626 Y_AVG:-0.622936 Z_AVG:1.429224
X_SD:0.076154 Y_SD:0.059772 Z_SD:0.117778
$MXCM10033,2,84,20240102,074708,12,0E710171,47EF94B3,00D5,0000,343E,09,8202*15
GPS_PRN:19604,16,21,09,02,26,31,07,19419919508,00,00,SAT_TAL:09
GPS_SNR:18,18,15,21,00,18,00,18,00,17,00,16,16,00,00,SNR_AVG:17.44
GLO_PRN:00,00,00,00,00,00,00,00,00,00,00,00,00,00,00,SAT_TAL:00
GLO_SNR:00,00,00,00,00,00,00,00,00,00,00,00,00,00,00,SNR_AVG:0.00
GAL_PRN:00,00,00,00,00,00,00,00,00,00,00,00,00,00,00,SAT_TAL:00
GAL_SNR:00,00,00,00,00,00,00,00,00,00,00,00,00,00,00,SNR_AVG:0.00
BEI_PRN:00,00,00,00,00,00,00,00,00,00,00,00,00,00,00,SAT_TAL:00
BEI_SNR:00,00,00,00,00,00,00,00,00,00,00,00,00,00,00,SNR_AVG:0.00
QZS_PRN:00,00,00,00,00,SAT_TAL:00
QZS_SNR:00,00,00,00,00,SNR_AVG:0.00
SatInView:13 GDOP:172
Roll:0.000000 Pitch:90.000000
X_AVG:-9.794302 Y_AVG:-0.620877 Z_AVG:1.427404
X_SD:0.072699 Y_SD:0.061793 Z_SD:0.123993
$MXCM10033,2,85,20240102,074923,00,0E7107BC,47EF7C14,00D5,0000,0000,00,8202*64
GPS_PRN:19604,21,16,09,02,26,31,07,19419919508,00,00,SAT_TAL:04
GPS_SNR:00,00,00,17,00,18,00,18,19,00,00,00,00,00,00,SNR_AVG:18.00
GLO_PRN:00,00,00,00,00,00,00,00,00,00,00,00,00,00,00,SAT_TAL:00
GLO_SNR:00,00,00,00,00,00,00,00,00,00,00,00,00,00,00,SNR_AVG:0.00
GAL_PRN:00,00,00,00,00,00,00,00,00,00,00,00,00,00,00,SAT_TAL:00
GAL_SNR:00,00,00,00,00,00,00,00,00,00,00,00,00,00,00,SNR_AVG:0.00
BEI_PRN:00,00,00,00,00,00,00,00,00,00,00,00,00,00,00,SAT_TAL:00
BEI_SNR:00,00,00,00,00,00,00,00,00,00,00,00,00,00,00,SNR_AVG:0.00
QZS_PRN:00,00,00,00,00,SAT_TAL:00
QZS_SNR:00,00,00,00,00,SNR_AVG:0.00
SatInView:13 GDOP:175
Roll:0.000000 Pitch:90.000000
X_AVG:-9.798037 Y_AVG:-0.649895 Z_AVG:1.414666
X_SD:0.066132 Y_SD:0.055662 Z_SD:0.127019
$MXCM10033,2,86,20240102,074939,12,0E710A79,47EF9127,00D5,0000,52A3,07,8202*18
GPS_PRN:19604,21,16,09,02,26,31,07,19419919508,00,00,SAT_TAL:07
GPS_SNR:00,20,18,00,00,12,17,21,16,00,00,14,00,00,00,SNR_AVG:16.86
GLO_PRN:00,00,00,00,00,00,00,00,00,00,00,00,00,00,00,SAT_TAL:00
GLO_SNR:00,00,00,00,00,00,00,00,00,00,00,00,00,00,00,SNR_AVG:0.00
GAL_PRN:00,00,00,00,00,00,00,00,00,00,00,00,00,00,00,SAT_TAL:00
GAL_SNR:00,00,00,00,00,00,00,00,00,00,00,00,00,00,00,SNR_AVG:0.00
BEI_PRN:00,00,00,00,00,00,00,00,00,00,00,00,00,00,00,SAT_TAL:00
BEI_SNR:00,00,00,00,00,00,00,00,00,00,00,00,00,00,00,SNR_AVG:0.00
QZS_PRN:00,00,00,00,00,SAT_TAL:00
QZS_SNR:00,00,00,00,00,SNR_AVG:0.00
SatInView:13 GDOP:150
Roll:0.000000 Pitch:90.000000
X_AVG:-9.794589 Y_AVG:-0.651571 Z_AVG:1.405473
X_SD:0.069228 Y_SD:0.062650 Z_SD:0.110611
$MXCM10033,3*35
$MXCM001,10033,0*2B
======== Tracker Setting ========
[System]
COMPort:COM29
SerialNumber:MX231214ES000020
FirmwareVersion:231220163813_v1.0.CN
[Periodic]
Enable:1
Stage:2
WorkMode:0
T0:15
T1:270
T2:120
T3:30
T4:120
FirstFixStage:2
TraceFixStage:27
PeriodicCycle:36
[Dynamic]
Enable:0
PrecisionChk:1
T5:300
T6:15
[Geofencing]
Enable:0
T7:90
T8:60
DistanceThreshold:500
DestinationLongitude:120.6886122
DestinationLatitude:24.2287275
DestinationAltitude:134
[MotionDetection]
Enable:1
Angle:45
DataRate:200
SampleFrequency:50
[GPS_EPO]
EpoDataNumber:12
FWN:2295
FTOW:172800
LWN:2295
LTOW:432000
[GLO_EPO]
EpoDataNumber:12
FWN:2295
FTOW:172800
LWN:2295
LTOW:432000
[GAL_EPO]
EpoDataNumber:0
FWN:0
FTOW:0
LWN:0
LTOW:0
[BEI_EPO]
EpoDataNumber:0
FWN:0
FTOW:0
LWN:0
LTOW:0
