$MXCM10033,0*36
$MXCM10033,1,104,212*33
$MXCM10033,2,1,19800105,235956,00,35A4E8F5,00000000,0089,0000,0000,00,C101*2C
GPS_PRN:00,00,00,00,00,00,00,00,00,00,00,00,00,00,00,SAT_TAL:00
GPS_SNR:00,00,00,00,00,00,00,00,00,00,00,00,00,00,00,SNR_AVG:0.00
GLO_PRN:00,00,00,00,00,00,00,00,00,00,00,00,00,00,00,SAT_TAL:00
GLO_SNR:00,00,00,00,00,00,00,00,00,00,00,00,00,00,00,SNR_AVG:0.00
GAL_PRN:00,00,00,00,00,00,00,00,00,00,00,00,00,00,00,SAT_TAL:00
GAL_SNR:00,00,00,00,00,00,00,00,00,00,00,00,00,00,00,SNR_AVG:0.00
BEI_PRN:00,00,00,00,00,00,00,00,00,00,00,00,00,00,00,SAT_TAL:00
BEI_SNR:00,00,00,00,00,00,00,00,00,00,00,00,00,00,00,SNR_AVG:0.00
QZS_PRN:00,00,00,00,00,SAT_TAL:00
QZS_SNR:00,00,00,00,00,SNR_AVG:0.00
SatInView:0 GDOP:19998
Roll:120.297607 Pitch:26.843737
X_AVG:-2.658958 Y_AVG:5.793654 Z_AVG:-7.129166
X_SD:4.272052 Y_SD:5.450095 Z_SD:4.254217
$MXCM10033,2,2,19800106,000011,00,35A4E8F5,00000000,0089,0000,0000,00,C102*21
GPS_PRN:00,00,00,00,00,00,00,00,00,00,00,00,00,00,00,SAT_TAL:00
GPS_SNR:00,00,00,00,00,00,00,00,00,00,00,00,00,00,00,SNR_AVG:0.00
GLO_PRN:00,00,00,00,00,00,00,00,00,00,00,00,00,00,00,SAT_TAL:00
GLO_SNR:00,00,00,00,00,00,00,00,00,00,00,00,00,00,00,SNR_AVG:0.00
GAL_PRN:00,00,00,00,00,00,00,00,00,00,00,00,00,00,00,SAT_TAL:00
GAL_SNR:00,00,00,00,00,00,00,00,00,00,00,00,00,00,00,SNR_AVG:0.00
BEI_PRN:00,00,00,00,00,00,00,00,00,00,00,00,00,00,00,SAT_TAL:00
BEI_SNR:00,00,00,00,00,00,00,00,00,00,00,00,00,00,00,SNR_AVG:0.00
QZS_PRN:00,00,00,00,00,SAT_TAL:00
QZS_SNR:00,00,00,00,00,SNR_AVG:0.00
SatInView:0 GDOP:19998
Roll:85.492233 Pitch:64.721352
X_AVG:-7.555151 Y_AVG:2.605327 Z_AVG:-4.587383
X_SD:10.356441 Y_SD:14.738803 Z_SD:13.281440
$MXCM10033,2,3,19800106,000025,00,35A4E8F5,00000000,0089,0000,0000,00,C102*27
GPS_PRN:19409,04,31,08,19919528,00,00,00,00,00,00,00,SAT_TAL:08
GPS_SNR:33,26,29,35,32,26,31,32,00,00,00,00,00,00,00,SNR_AVG:30.50
GLO_PRN:00,00,00,00,00,00,00,00,00,00,00,00,00,00,00,SAT_TAL:00
GLO_SNR:00,00,00,00,00,00,00,00,00,00,00,00,00,00,00,SNR_AVG:0.00
GAL_PRN:00,00,00,00,00,00,00,00,00,00,00,00,00,00,00,SAT_TAL:00
GAL_SNR:00,00,00,00,00,00,00,00,00,00,00,00,00,00,00,SNR_AVG:0.00
BEI_PRN:00,00,00,00,00,00,00,00,00,00,00,00,00,00,00,SAT_TAL:00
BEI_SNR:00,00,00,00,00,00,00,00,00,00,00,00,00,00,00,SNR_AVG:0.00
QZS_PRN:00,00,00,00,00,SAT_TAL:00
QZS_SNR:00,00,00,00,00,SNR_AVG:0.00
SatInView:8 GDOP:19998
Roll:125.844002 Pitch:46.131371
X_AVG:-11.077380 Y_AVG:7.647186 Z_AVG:-5.808307
X_SD:8.873530 Y_SD:9.634454 Z_SD:7.670054
$MXCM10033,2,4,19800109,061056,00,35A4E8F5,00000000,0089,0000,0000,00,C102*2C
GPS_PRN:19427,26,28,04,31,08,09,16,19619919518,00,00,SAT_TAL:13
GPS_SNR:31,34,29,22,30,33,32,31,34,31,25,32,30,00,00,SNR_AVG:30.31
GLO_PRN:00,00,00,00,00,00,00,00,00,00,00,00,00,00,00,SAT_TAL:00
GLO_SNR:00,00,00,00,00,00,00,00,00,00,00,00,00,00,00,SNR_AVG:0.00
GAL_PRN:00,00,00,00,00,00,00,00,00,00,00,00,00,00,00,SAT_TAL:00
GAL_SNR:00,00,00,00,00,00,00,00,00,00,00,00,00,00,00,SNR_AVG:0.00
BEI_PRN:00,00,00,00,00,00,00,00,00,00,00,00,00,00,00,SAT_TAL:00
BEI_SNR:00,00,00,00,00,00,00,00,00,00,00,00,00,00,00,SNR_AVG:0.00
QZS_PRN:00,00,00,00,00,SAT_TAL:00
QZS_SNR:00,00,00,00,00,SNR_AVG:0.00
SatInView:13 GDOP:19998
Roll:84.867622 Pitch:64.073708
X_AVG:-7.294944 Y_AVG:4.878859 Z_AVG:-1.282169
X_SD:9.345264 Y_SD:11.173627 Z_SD:6.611893
$MXCM10033,2,5,19800109,061109,00,35A4E8F5,00000000,0089,0000,0000,00,C102*26
GPS_PRN:19418,27,26,04,08,16,09,31,28,19919619503,00,SAT_TAL:14
GPS_SNR:27,34,34,33,35,32,26,37,32,33,24,31,30,35,00,SNR_AVG:31.64
GLO_PRN:00,00,00,00,00,00,00,00,00,00,00,00,00,00,00,SAT_TAL:00
GLO_SNR:00,00,00,00,00,00,00,00,00,00,00,00,00,00,00,SNR_AVG:0.00
GAL_PRN:00,00,00,00,00,00,00,00,00,00,00,00,00,00,00,SAT_TAL:00
GAL_SNR:00,00,00,00,00,00,00,00,00,00,00,00,00,00,00,SNR_AVG:0.00
BEI_PRN:00,00,00,00,00,00,00,00,00,00,00,00,00,00,00,SAT_TAL:00
BEI_SNR:00,00,00,00,00,00,00,00,00,00,00,00,00,00,00,SNR_AVG:0.00
QZS_PRN:00,00,00,00,00,SAT_TAL:00
QZS_SNR:00,00,00,00,00,SNR_AVG:0.00
SatInView:14 GDOP:19998
Roll:91.473862 Pitch:90.000000
X_AVG:-6.123965 Y_AVG:2.662933 Z_AVG:-1.071475
X_SD:6.622986 Y_SD:6.453100 Z_SD:4.323975
$MXCM10033,2,6,19800109,061122,00,35A4E8F5,00000000,0089,0000,0000,00,C102*2C
GPS_PRN:19418,27,26,04,08,16,09,31,28,19919619503,00,SAT_TAL:14
GPS_SNR:29,33,30,34,33,32,33,32,32,33,23,31,32,28,00,SNR_AVG:31.07
GLO_PRN:00,00,00,00,00,00,00,00,00,00,00,00,00,00,00,SAT_TAL:00
GLO_SNR:00,00,00,00,00,00,00,00,00,00,00,00,00,00,00,SNR_AVG:0.00
GAL_PRN:00,00,00,00,00,00,00,00,00,00,00,00,00,00,00,SAT_TAL:00
GAL_SNR:00,00,00,00,00,00,00,00,00,00,00,00,00,00,00,SNR_AVG:0.00
BEI_PRN:00,00,00,00,00,00,00,00,00,00,00,00,00,00,00,SAT_TAL:00
BEI_SNR:00,00,00,00,00,00,00,00,00,00,00,00,00,00,00,SNR_AVG:0.00
QZS_PRN:00,00,00,00,00,SAT_TAL:00
QZS_SNR:00,00,00,00,00,SNR_AVG:0.00
SatInView:14 GDOP:19998
Roll:73.317825 Pitch:58.515205
X_AVG:-7.010843 Y_AVG:5.184940 Z_AVG:-1.994075
X_SD:10.592327 Y_SD:10.640155 Z_SD:9.536989
$MXCM10033,2,7,19800109,061135,00,35A4E8F5,00000000,0089,0000,0000,00,C102*2B
GPS_PRN:19418,27,26,04,08,16,09,31,28,19919619503,00,SAT_TAL:14
GPS_SNR:26,32,32,28,35,34,31,35,34,34,24,32,31,24,00,SNR_AVG:30.86
GLO_PRN:00,00,00,00,00,00,00,00,00,00,00,00,00,00,00,SAT_TAL:00
GLO_SNR:00,00,00,00,00,00,00,00,00,00,00,00,00,00,00,SNR_AVG:0.00
GAL_PRN:00,00,00,00,00,00,00,00,00,00,00,00,00,00,00,SAT_TAL:00
GAL_SNR:00,00,00,00,00,00,00,00,00,00,00,00,00,00,00,SNR_AVG:0.00
BEI_PRN:00,00,00,00,00,00,00,00,00,00,00,00,00,00,00,SAT_TAL:00
BEI_SNR:00,00,00,00,00,00,00,00,00,00,00,00,00,00,00,SNR_AVG:0.00
QZS_PRN:00,00,00,00,00,SAT_TAL:00
QZS_SNR:00,00,00,00,00,SNR_AVG:0.00
SatInView:14 GDOP:19998
Roll:97.089119 Pitch:57.326199
X_AVG:-9.640926 Y_AVG:5.909727 Z_AVG:-1.813692
X_SD:7.736525 Y_SD:8.772587 Z_SD:3.865069
$MXCM10033,2,8,20200101,061148,00,35A4E8F5,00000000,0089,0000,0000,00,C102*26
GPS_PRN:04,08,16,09,31,03,18,27,26,28,19919419619500,SAT_TAL:14
GPS_SNR:31,26,31,31,34,29,33,33,30,33,23,30,20,30,00,SNR_AVG:29.57
GLO_PRN:66,65,86,72,74,66,00,00,00,00,00,00,00,00,00,SAT_TAL:06
GLO_SNR:34,33,30,34,28,34,00,00,00,00,00,00,00,00,00,SNR_AVG:32.17
GAL_PRN:00,00,00,00,00,00,00,00,00,00,00,00,00,00,00,SAT_TAL:00
GAL_SNR:00,00,00,00,00,00,00,00,00,00,00,00,00,00,00,SNR_AVG:0.00
BEI_PRN:00,00,00,00,00,00,00,00,00,00,00,00,00,00,00,SAT_TAL:00
BEI_SNR:00,00,00,00,00,00,00,00,00,00,00,00,00,00,00,SNR_AVG:0.00
QZS_PRN:00,00,00,00,00,SAT_TAL:00
QZS_SNR:00,00,00,00,00,SNR_AVG:0.00
SatInView:20 GDOP:19998
Roll:62.906464 Pitch:64.561348
X_AVG:-10.453008 Y_AVG:5.810557 Z_AVG:0.996630
X_SD:7.526462 Y_SD:7.648793 Z_SD:4.402890
$MXCM10033,2,9,20200101,061200,00,35A4E8F5,00000000,0089,0000,0000,00,C102*28
GPS_PRN:04,08,16,09,31,03,18,26,28,19919619419500,00,SAT_TAL:13
GPS_SNR:33,34,33,33,24,29,34,36,33,23,29,28,30,00,00,SNR_AVG:30.69
GLO_PRN:66,66,86,65,72,74,00,00,00,00,00,00,00,00,00,SAT_TAL:06
GLO_SNR:38,38,32,33,35,30,00,00,00,00,00,00,00,00,00,SNR_AVG:34.33
GAL_PRN:00,00,00,00,00,00,00,00,00,00,00,00,00,00,00,SAT_TAL:00
GAL_SNR:00,00,00,00,00,00,00,00,00,00,00,00,00,00,00,SNR_AVG:0.00
BEI_PRN:00,00,00,00,00,00,00,00,00,00,00,00,00,00,00,SAT_TAL:00
BEI_SNR:00,00,00,00,00,00,00,00,00,00,00,00,00,00,00,SNR_AVG:0.00
QZS_PRN:00,00,00,00,00,SAT_TAL:00
QZS_SNR:00,00,00,00,00,SNR_AVG:0.00
SatInView:19 GDOP:19998
Roll:24.185877 Pitch:28.652679
X_AVG:-10.453008 Y_AVG:5.810557 Z_AVG:0.996630
X_SD:7.526462 Y_SD:7.648793 Z_SD:4.402890
$MXCM10033,2,10,20240103,061215,12,0E98D583,47EE544B,0062,001D,3D1D,0F,C102*12
GPS_PRN:16,04,31,26,08,28,09,18,03,19919619519400,00,SAT_TAL:13
GPS_SNR:33,31,32,32,33,31,29,30,26,24,32,33,30,00,00,SNR_AVG:30.46
GLO_PRN:72,84,65,86,66,76,00,00,00,00,00,00,00,00,00,SAT_TAL:06
GLO_SNR:36,20,29,36,31,33,00,00,00,00,00,00,00,00,00,SNR_AVG:30.83
GAL_PRN:00,00,00,00,00,00,00,00,00,00,00,00,00,00,00,SAT_TAL:00
GAL_SNR:00,00,00,00,00,00,00,00,00,00,00,00,00,00,00,SNR_AVG:0.00
BEI_PRN:00,00,00,00,00,00,00,00,00,00,00,00,00,00,00,SAT_TAL:00
BEI_SNR:00,00,00,00,00,00,00,00,00,00,00,00,00,00,00,SNR_AVG:0.00
QZS_PRN:00,00,00,00,00,SAT_TAL:00
QZS_SNR:00,00,00,00,00,SNR_AVG:0.00
SatInView:19 GDOP:149
Roll:58.728729 Pitch:70.664040
X_AVG:-8.558677 Y_AVG:4.651214 Z_AVG:-0.078196
X_SD:7.987774 Y_SD:7.970477 Z_SD:2.534234
$MXCM10033,2,11,20240103,061230,12,0E98EBBD,47EE7302,0076,000D,7E64,0D,C102*6A
GPS_PRN:16,04,31,26,08,28,09,18,03,19919619519400,00,SAT_TAL:13
GPS_SNR:29,29,33,33,33,30,31,32,32,26,33,30,29,00,00,SNR_AVG:30.77
GLO_PRN:72,84,65,86,66,76,00,00,00,00,00,00,00,00,00,SAT_TAL:04
GLO_SNR:36,22,32,35,00,00,00,00,00,00,00,00,00,00,00,SNR_AVG:31.25
GAL_PRN:00,00,00,00,00,00,00,00,00,00,00,00,00,00,00,SAT_TAL:00
GAL_SNR:00,00,00,00,00,00,00,00,00,00,00,00,00,00,00,SNR_AVG:0.00
BEI_PRN:00,00,00,00,00,00,00,00,00,00,00,00,00,00,00,SAT_TAL:00
BEI_SNR:00,00,00,00,00,00,00,00,00,00,00,00,00,00,00,SNR_AVG:0.00
QZS_PRN:00,00,00,00,00,SAT_TAL:00
QZS_SNR:00,00,00,00,00,SNR_AVG:0.00
SatInView:19 GDOP:113
Roll:105.604324 Pitch:67.679649
X_AVG:-10.418531 Y_AVG:5.644827 Z_AVG:-2.566732
X_SD:9.056693 Y_SD:8.718964 Z_SD:4.935354
$MXCM10033,2,12,20240103,061245,12,0E98E359,47EEA231,0088,0008,1409,0E,C102*67
GPS_PRN:16,04,31,26,08,28,09,18,03,19919619519400,00,SAT_TAL:13
GPS_SNR:31,31,35,33,29,34,30,33,26,25,27,33,29,00,00,SNR_AVG:30.46
GLO_PRN:72,84,65,86,66,76,00,00,00,00,00,00,00,00,00,SAT_TAL:05
GLO_SNR:32,22,31,00,33,34,00,00,00,00,00,00,00,00,00,SNR_AVG:30.40
GAL_PRN:00,00,00,00,00,00,00,00,00,00,00,00,00,00,00,SAT_TAL:00
GAL_SNR:00,00,00,00,00,00,00,00,00,00,00,00,00,00,00,SNR_AVG:0.00
BEI_PRN:00,00,00,00,00,00,00,00,00,00,00,00,00,00,00,SAT_TAL:00
BEI_SNR:00,00,00,00,00,00,00,00,00,00,00,00,00,00,00,SNR_AVG:0.00
QZS_PRN:00,00,00,00,00,SAT_TAL:00
QZS_SNR:00,00,00,00,00,SNR_AVG:0.00
SatInView:19 GDOP:151
Roll:41.705231 Pitch:72.601669
X_AVG:-8.097257 Y_AVG:4.290256 Z_AVG:0.579887
X_SD:7.087556 Y_SD:8.087555 Z_SD:4.264550
$MXCM10033,2,13,20240103,061300,12,0E98987A,47EEC252,0098,0020,453B,10,C102*6F
GPS_PRN:16,04,31,26,08,28,09,18,03,19419919619500,00,SAT_TAL:13
GPS_SNR:34,32,31,33,32,27,26,32,31,29,23,32,31,00,00,SNR_AVG:30.23
GLO_PRN:72,84,65,86,66,76,00,00,00,00,00,00,00,00,00,SAT_TAL:06
GLO_SNR:36,24,30,37,30,31,00,00,00,00,00,00,00,00,00,SNR_AVG:31.33
GAL_PRN:00,00,00,00,00,00,00,00,00,00,00,00,00,00,00,SAT_TAL:00
GAL_SNR:00,00,00,00,00,00,00,00,00,00,00,00,00,00,00,SNR_AVG:0.00
BEI_PRN:00,00,00,00,00,00,00,00,00,00,00,00,00,00,00,SAT_TAL:00
BEI_SNR:00,00,00,00,00,00,00,00,00,00,00,00,00,00,00,SNR_AVG:0.00
QZS_PRN:00,00,00,00,00,SAT_TAL:00
QZS_SNR:00,00,00,00,00,SNR_AVG:0.00
SatInView:19 GDOP:138
Roll:70.786362 Pitch:56.172230
X_AVG:-9.999489 Y_AVG:5.832201 Z_AVG:1.369415
X_SD:7.798294 Y_SD:7.526837 Z_SD:4.418428
$MXCM10033,2,14,20240103,061315,12,0E9861E8,47EED33E,00AA,0007,00AB,10,C102*61
GPS_PRN:16,04,31,26,08,28,09,18,03,19419919619500,00,SAT_TAL:13
GPS_SNR:29,32,34,33,33,33,29,34,32,29,27,28,31,00,00,SNR_AVG:31.08
GLO_PRN:72,84,65,86,66,76,00,00,00,00,00,00,00,00,00,SAT_TAL:06
GLO_SNR:34,25,32,32,33,33,00,00,00,00,00,00,00,00,00,SNR_AVG:31.50
GAL_PRN:00,00,00,00,00,00,00,00,00,00,00,00,00,00,00,SAT_TAL:00
GAL_SNR:00,00,00,00,00,00,00,00,00,00,00,00,00,00,00,SNR_AVG:0.00
BEI_PRN:00,00,00,00,00,00,00,00,00,00,00,00,00,00,00,SAT_TAL:00
BEI_SNR:00,00,00,00,00,00,00,00,00,00,00,00,00,00,00,SNR_AVG:0.00
QZS_PRN:00,00,00,00,00,SAT_TAL:00
QZS_SNR:00,00,00,00,00,SNR_AVG:0.00
SatInView:19 GDOP:138
Roll:51.448185 Pitch:55.119411
X_AVG:-7.970266 Y_AVG:4.825946 Z_AVG:0.480861
X_SD:8.309529 Y_SD:8.948008 Z_SD:6.457665
$MXCM10033,2,15,20240103,061330,12,0E98030E,47EEFFC3,00B7,001A,4094,10,C102*12
GPS_PRN:16,04,31,26,08,28,09,18,03,19419919619500,00,SAT_TAL:13
GPS_SNR:34,31,31,33,34,24,30,30,29,30,24,32,33,00,00,SNR_AVG:30.38
GLO_PRN:72,84,65,86,66,76,00,00,00,00,00,00,00,00,00,SAT_TAL:06
GLO_SNR:37,23,30,37,34,32,00,00,00,00,00,00,00,00,00,SNR_AVG:32.17
GAL_PRN:00,00,00,00,00,00,00,00,00,00,00,00,00,00,00,SAT_TAL:00
GAL_SNR:00,00,00,00,00,00,00,00,00,00,00,00,00,00,00,SNR_AVG:0.00
BEI_PRN:00,00,00,00,00,00,00,00,00,00,00,00,00,00,00,SAT_TAL:00
BEI_SNR:00,00,00,00,00,00,00,00,00,00,00,00,00,00,00,SNR_AVG:0.00
QZS_PRN:00,00,00,00,00,SAT_TAL:00
QZS_SNR:00,00,00,00,00,SNR_AVG:0.00
SatInView:19 GDOP:138
Roll:23.830275 Pitch:70.107040
X_AVG:-7.122175 Y_AVG:3.538079 Z_AVG:1.166191
X_SD:7.057267 Y_SD:7.279630 Z_SD:3.864613
$MXCM10033,2,16,20240103,061345,12,0E97699C,47EF257B,009C,0025,489F,10,C102*1C
GPS_PRN:16,04,31,26,08,28,09,18,03,19419919619500,00,SAT_TAL:13
GPS_SNR:34,31,31,33,32,28,24,33,31,30,23,32,28,00,00,SNR_AVG:30.00
GLO_PRN:72,84,65,86,66,76,00,00,00,00,00,00,00,00,00,SAT_TAL:06
GLO_SNR:37,25,31,35,27,28,00,00,00,00,00,00,00,00,00,SNR_AVG:30.50
GAL_PRN:00,00,00,00,00,00,00,00,00,00,00,00,00,00,00,SAT_TAL:00
GAL_SNR:00,00,00,00,00,00,00,00,00,00,00,00,00,00,00,SNR_AVG:0.00
BEI_PRN:00,00,00,00,00,00,00,00,00,00,00,00,00,00,00,SAT_TAL:00
BEI_SNR:00,00,00,00,00,00,00,00,00,00,00,00,00,00,00,SNR_AVG:0.00
QZS_PRN:00,00,00,00,00,SAT_TAL:00
QZS_SNR:00,00,00,00,00,SNR_AVG:0.00
SatInView:19 GDOP:138
Roll:39.857765 Pitch:69.900795
X_AVG:-8.946306 Y_AVG:4.715762 Z_AVG:1.673485
X_SD:7.701347 Y_SD:7.433347 Z_SD:3.926060
$MXCM10033,2,17,20240103,061400,12,0E96BE3E,47EF2B90,009A,001D,409F,11,C102*6C
GPS_PRN:16,04,31,26,08,28,09,18,03,19419919619500,00,SAT_TAL:13
GPS_SNR:34,31,30,32,33,29,28,31,28,29,24,32,33,00,00,SNR_AVG:30.31
GLO_PRN:72,84,65,86,76,66,00,00,00,00,00,00,00,00,00,SAT_TAL:06
GLO_SNR:37,24,31,36,33,33,00,00,00,00,00,00,00,00,00,SNR_AVG:32.33
GAL_PRN:00,00,00,00,00,00,00,00,00,00,00,00,00,00,00,SAT_TAL:00
GAL_SNR:00,00,00,00,00,00,00,00,00,00,00,00,00,00,00,SNR_AVG:0.00
BEI_PRN:00,00,00,00,00,00,00,00,00,00,00,00,00,00,00,SAT_TAL:00
BEI_SNR:00,00,00,00,00,00,00,00,00,00,00,00,00,00,00,SNR_AVG:0.00
QZS_PRN:00,00,00,00,00,SAT_TAL:00
QZS_SNR:00,00,00,00,00,SNR_AVG:0.00
SatInView:19 GDOP:137
Roll:44.514236 Pitch:90.000000
X_AVG:-8.300433 Y_AVG:4.244861 Z_AVG:0.945824
X_SD:7.932062 Y_SD:7.721687 Z_SD:4.133473
$MXCM10033,2,18,20240103,061415,12,0E960DF0,47EF2EE1,009E,0024,4CAD,11,C102*10
GPS_PRN:16,04,31,26,08,28,09,18,03,19419919619500,00,SAT_TAL:13
GPS_SNR:33,32,33,34,33,29,27,33,31,31,23,31,25,00,00,SNR_AVG:30.38
GLO_PRN:72,84,65,86,76,66,00,00,00,00,00,00,00,00,00,SAT_TAL:06
GLO_SNR:37,24,32,23,32,32,00,00,00,00,00,00,00,00,00,SNR_AVG:30.00
GAL_PRN:00,00,00,00,00,00,00,00,00,00,00,00,00,00,00,SAT_TAL:00
GAL_SNR:00,00,00,00,00,00,00,00,00,00,00,00,00,00,00,SNR_AVG:0.00
BEI_PRN:00,00,00,00,00,00,00,00,00,00,00,00,00,00,00,SAT_TAL:00
BEI_SNR:00,00,00,00,00,00,00,00,00,00,00,00,00,00,00,SNR_AVG:0.00
QZS_PRN:00,00,00,00,00,SAT_TAL:00
QZS_SNR:00,00,00,00,00,SNR_AVG:0.00
SatInView:19 GDOP:137
Roll:60.062496 Pitch:61.211998
X_AVG:-9.070903 Y_AVG:4.748420 Z_AVG:1.270916
X_SD:8.589252 Y_SD:8.732323 Z_SD:4.221444
$MXCM10033,2,19,20240103,061631,12,0E9358B9,47EEF282,0108,001B,6A1A,11,C202*6C
GPS_PRN:16,04,31,26,08,28,09,18,03,21,19419919619500,SAT_TAL:14
GPS_SNR:29,24,34,32,35,28,31,31,33,31,29,26,32,32,00,SNR_AVG:30.50
GLO_PRN:72,84,65,86,66,76,00,00,00,00,00,00,00,00,00,SAT_TAL:06
GLO_SNR:38,21,30,35,33,33,00,00,00,00,00,00,00,00,00,SNR_AVG:31.67
GAL_PRN:00,00,00,00,00,00,00,00,00,00,00,00,00,00,00,SAT_TAL:00
GAL_SNR:00,00,00,00,00,00,00,00,00,00,00,00,00,00,00,SNR_AVG:0.00
BEI_PRN:00,00,00,00,00,00,00,00,00,00,00,00,00,00,00,SAT_TAL:00
BEI_SNR:00,00,00,00,00,00,00,00,00,00,00,00,00,00,00,SNR_AVG:0.00
QZS_PRN:00,00,00,00,00,SAT_TAL:00
QZS_SNR:00,00,00,00,00,SNR_AVG:0.00
SatInView:20 GDOP:136
Roll:37.327438 Pitch:69.371552
X_AVG:-7.227953 Y_AVG:2.641959 Z_AVG:-0.729289
X_SD:7.440122 Y_SD:6.847109 Z_SD:4.757369
$MXCM10033,2,20,20240103,061646,12,0E93016F,47EF09EC,00F0,0023,4200,11,C202*1F
GPS_PRN:16,04,31,26,08,28,09,18,03,21,19419919619500,SAT_TAL:14
GPS_SNR:33,34,28,34,34,27,30,33,26,31,29,22,31,33,00,SNR_AVG:30.36
GLO_PRN:72,84,65,86,66,76,00,00,00,00,00,00,00,00,00,SAT_TAL:06
GLO_SNR:37,25,33,36,33,34,00,00,00,00,00,00,00,00,00,SNR_AVG:33.00
GAL_PRN:00,00,00,00,00,00,00,00,00,00,00,00,00,00,00,SAT_TAL:00
GAL_SNR:00,00,00,00,00,00,00,00,00,00,00,00,00,00,00,SNR_AVG:0.00
BEI_PRN:00,00,00,00,00,00,00,00,00,00,00,00,00,00,00,SAT_TAL:00
BEI_SNR:00,00,00,00,00,00,00,00,00,00,00,00,00,00,00,SNR_AVG:0.00
QZS_PRN:00,00,00,00,00,SAT_TAL:00
QZS_SNR:00,00,00,00,00,SNR_AVG:0.00
SatInView:20 GDOP:136
Roll:93.944389 Pitch:69.679764
X_AVG:-9.996233 Y_AVG:4.612810 Z_AVG:-0.345251
X_SD:7.279273 Y_SD:6.642686 Z_SD:3.693411
$MXCM10033,2,21,20240103,061901,12,0E8EB767,47EF4894,0105,0011,61F0,0E,C202*1F
GPS_PRN:19516,31,26,08,28,09,18,03,21,19419604,00,00,SAT_TAL:13
GPS_SNR:30,34,31,31,30,31,33,25,18,28,30,31,32,00,00,SNR_AVG:29.54
GLO_PRN:76,72,84,65,86,66,00,00,00,00,00,00,00,00,00,SAT_TAL:04
GLO_SNR:35,00,14,00,34,34,00,00,00,00,00,00,00,00,00,SNR_AVG:29.25
GAL_PRN:00,00,00,00,00,00,00,00,00,00,00,00,00,00,00,SAT_TAL:00
GAL_SNR:00,00,00,00,00,00,00,00,00,00,00,00,00,00,00,SNR_AVG:0.00
BEI_PRN:00,00,00,00,00,00,00,00,00,00,00,00,00,00,00,SAT_TAL:00
BEI_SNR:00,00,00,00,00,00,00,00,00,00,00,00,00,00,00,SNR_AVG:0.00
QZS_PRN:00,00,00,00,00,SAT_TAL:00
QZS_SNR:00,00,00,00,00,SNR_AVG:0.00
SatInView:19 GDOP:166
Roll:104.701744 Pitch:65.352562
X_AVG:-11.625807 Y_AVG:6.460835 Z_AVG:-1.968409
X_SD:7.515776 Y_SD:9.028014 Z_SD:3.997679
$MXCM10033,2,22,20240103,061917,12,0E8E3FC5,47EF4F02,010F,000D,31E7,10,C202*6F
GPS_PRN:16,04,31,26,08,28,09,18,03,21,19419919619500,SAT_TAL:13
GPS_SNR:31,32,35,29,32,34,32,31,22,29,29,00,32,34,00,SNR_AVG:30.92
GLO_PRN:72,84,65,86,66,76,00,00,00,00,00,00,00,00,00,SAT_TAL:06
GLO_SNR:34,21,28,37,35,35,00,00,00,00,00,00,00,00,00,SNR_AVG:31.67
GAL_PRN:00,00,00,00,00,00,00,00,00,00,00,00,00,00,00,SAT_TAL:00
GAL_SNR:00,00,00,00,00,00,00,00,00,00,00,00,00,00,00,SNR_AVG:0.00
BEI_PRN:00,00,00,00,00,00,00,00,00,00,00,00,00,00,00,SAT_TAL:00
BEI_SNR:00,00,00,00,00,00,00,00,00,00,00,00,00,00,00,SNR_AVG:0.00
QZS_PRN:00,00,00,00,00,SAT_TAL:00
QZS_SNR:00,00,00,00,00,SNR_AVG:0.00
SatInView:20 GDOP:151
Roll:78.362541 Pitch:56.377121
X_AVG:-9.208668 Y_AVG:6.315552 Z_AVG:-0.848235
X_SD:8.931170 Y_SD:10.567951 Z_SD:8.540234
$MXCM10033,2,23,20240103,062133,12,0E88D830,47EFED8F,0197,000F,3205,10,C202*63
GPS_PRN:04,16,31,08,26,28,09,18,03,21,19419919619500,SAT_TAL:13
GPS_SNR:32,31,33,31,29,35,33,31,23,26,26,00,30,33,00,SNR_AVG:30.23
GLO_PRN:72,84,65,86,66,76,00,00,00,00,00,00,00,00,00,SAT_TAL:06
GLO_SNR:33,19,23,35,36,36,00,00,00,00,00,00,00,00,00,SNR_AVG:30.33
GAL_PRN:00,00,00,00,00,00,00,00,00,00,00,00,00,00,00,SAT_TAL:00
GAL_SNR:00,00,00,00,00,00,00,00,00,00,00,00,00,00,00,SNR_AVG:0.00
BEI_PRN:00,00,00,00,00,00,00,00,00,00,00,00,00,00,00,SAT_TAL:00
BEI_SNR:00,00,00,00,00,00,00,00,00,00,00,00,00,00,00,SNR_AVG:0.00
QZS_PRN:00,00,00,00,00,SAT_TAL:00
QZS_SNR:00,00,00,00,00,SNR_AVG:0.00
SatInView:20 GDOP:149
Roll:119.936958 Pitch:71.114830
X_AVG:-8.620593 Y_AVG:4.375348 Z_AVG:-2.598479
X_SD:9.047207 Y_SD:10.812204 Z_SD:6.202430
$MXCM10033,2,24,20240103,062148,12,0E8857E8,47F0259B,01A7,0023,4282,10,C202*19
GPS_PRN:04,16,31,08,26,28,09,18,03,21,19419919619500,SAT_TAL:13
GPS_SNR:32,33,29,32,33,24,27,32,27,30,30,00,31,30,00,SNR_AVG:30.00
GLO_PRN:72,84,65,86,66,76,00,00,00,00,00,00,00,00,00,SAT_TAL:06
GLO_SNR:37,24,30,35,32,33,00,00,00,00,00,00,00,00,00,SNR_AVG:31.83
GAL_PRN:00,00,00,00,00,00,00,00,00,00,00,00,00,00,00,SAT_TAL:00
GAL_SNR:00,00,00,00,00,00,00,00,00,00,00,00,00,00,00,SNR_AVG:0.00
BEI_PRN:00,00,00,00,00,00,00,00,00,00,00,00,00,00,00,SAT_TAL:00
BEI_SNR:00,00,00,00,00,00,00,00,00,00,00,00,00,00,00,SNR_AVG:0.00
QZS_PRN:00,00,00,00,00,SAT_TAL:00
QZS_SNR:00,00,00,00,00,SNR_AVG:0.00
SatInView:20 GDOP:149
Roll:80.271637 Pitch:68.279022
X_AVG:-9.190855 Y_AVG:4.418540 Z_AVG:0.631507
X_SD:7.334081 Y_SD:7.038748 Z_SD:3.021597
$MXCM10033,2,25,20240103,062404,12,0E82A9A5,47F1CC0C,01E9,0020,3A82,10,C202*1F
GPS_PRN:04,16,31,08,26,28,09,18,03,21,19419919619500,SAT_TAL:13
GPS_SNR:31,34,26,33,32,29,33,33,27,30,30,00,31,32,00,SNR_AVG:30.85
GLO_PRN:72,84,65,86,66,76,00,00,00,00,00,00,00,00,00,SAT_TAL:06
GLO_SNR:36,23,30,36,35,32,00,00,00,00,00,00,00,00,00,SNR_AVG:32.00
GAL_PRN:00,00,00,00,00,00,00,00,00,00,00,00,00,00,00,SAT_TAL:00
GAL_SNR:00,00,00,00,00,00,00,00,00,00,00,00,00,00,00,SNR_AVG:0.00
BEI_PRN:00,00,00,00,00,00,00,00,00,00,00,00,00,00,00,SAT_TAL:00
BEI_SNR:00,00,00,00,00,00,00,00,00,00,00,00,00,00,00,SNR_AVG:0.00
QZS_PRN:00,00,00,00,00,SAT_TAL:00
QZS_SNR:00,00,00,00,00,SNR_AVG:0.00
SatInView:20 GDOP:148
Roll:7.519170 Pitch:9.261202
X_AVG:0.000000 Y_AVG:0.000000 Z_AVG:0.000000
X_SD:0.000000 Y_SD:0.000000 Z_SD:0.000000
$MXCM10033,2,26,20240103,062419,12,0E81EE6B,47F1F3D9,01F9,0024,4594,0E,C202*17
GPS_PRN:04,16,31,08,26,28,09,18,03,21,19419919619500,SAT_TAL:13
GPS_SNR:29,33,34,34,33,31,24,31,30,33,31,00,33,30,00,SNR_AVG:31.23
GLO_PRN:72,84,65,86,66,76,00,00,00,00,00,00,00,00,00,SAT_TAL:04
GLO_SNR:38,00,00,36,26,25,00,00,00,00,00,00,00,00,00,SNR_AVG:31.25
GAL_PRN:00,00,00,00,00,00,00,00,00,00,00,00,00,00,00,SAT_TAL:00
GAL_SNR:00,00,00,00,00,00,00,00,00,00,00,00,00,00,00,SNR_AVG:0.00
BEI_PRN:00,00,00,00,00,00,00,00,00,00,00,00,00,00,00,SAT_TAL:00
BEI_SNR:00,00,00,00,00,00,00,00,00,00,00,00,00,00,00,SNR_AVG:0.00
QZS_PRN:00,00,00,00,00,SAT_TAL:00
QZS_SNR:00,00,00,00,00,SNR_AVG:0.00
SatInView:20 GDOP:161
Roll:86.019958 Pitch:60.425652
X_AVG:0.000000 Y_AVG:0.000000 Z_AVG:0.000000
X_SD:0.000000 Y_SD:0.000000 Z_SD:0.000000
$MXCM10033,2,27,20240103,062635,12,0E7B0F17,47F2138A,01C0,0026,474A,10,C202*12
GPS_PRN:04,16,31,08,26,09,28,18,21,03,19419919619500,SAT_TAL:14
GPS_SNR:31,34,30,32,34,26,25,33,34,30,31,21,33,28,00,SNR_AVG:30.14
GLO_PRN:72,84,86,65,66,76,00,00,00,00,00,00,00,00,00,SAT_TAL:06
GLO_SNR:39,25,34,32,30,30,00,00,00,00,00,00,00,00,00,SNR_AVG:31.67
GAL_PRN:00,00,00,00,00,00,00,00,00,00,00,00,00,00,00,SAT_TAL:00
GAL_SNR:00,00,00,00,00,00,00,00,00,00,00,00,00,00,00,SNR_AVG:0.00
BEI_PRN:00,00,00,00,00,00,00,00,00,00,00,00,00,00,00,SAT_TAL:00
BEI_SNR:00,00,00,00,00,00,00,00,00,00,00,00,00,00,00,SNR_AVG:0.00
QZS_PRN:00,00,00,00,00,SAT_TAL:00
QZS_SNR:00,00,00,00,00,SNR_AVG:0.00
SatInView:20 GDOP:146
Roll:83.075844 Pitch:66.402786
X_AVG:-9.239219 Y_AVG:4.868563 Z_AVG:-0.103384
X_SD:8.705746 Y_SD:7.301684 Z_SD:4.478352
$MXCM10033,2,28,20240103,062650,12,0E7A473F,47F1FF6C,01AF,0027,4C77,10,C202*62
GPS_PRN:04,16,31,08,26,09,28,18,21,03,19419919619500,SAT_TAL:14
GPS_SNR:32,34,34,33,35,27,31,34,32,32,32,22,32,28,00,SNR_AVG:31.29
GLO_PRN:72,84,86,65,66,76,00,00,00,00,00,00,00,00,00,SAT_TAL:06
GLO_SNR:37,24,30,32,32,31,00,00,00,00,00,00,00,00,00,SNR_AVG:31.00
GAL_PRN:00,00,00,00,00,00,00,00,00,00,00,00,00,00,00,SAT_TAL:00
GAL_SNR:00,00,00,00,00,00,00,00,00,00,00,00,00,00,00,SNR_AVG:0.00
BEI_PRN:00,00,00,00,00,00,00,00,00,00,00,00,00,00,00,SAT_TAL:00
BEI_SNR:00,00,00,00,00,00,00,00,00,00,00,00,00,00,00,SNR_AVG:0.00
QZS_PRN:00,00,00,00,00,SAT_TAL:00
QZS_SNR:00,00,00,00,00,SNR_AVG:0.00
SatInView:20 GDOP:146
Roll:74.665337 Pitch:69.161018
X_AVG:-7.844903 Y_AVG:3.666985 Z_AVG:-0.025666
X_SD:8.646640 Y_SD:7.789031 Z_SD:4.170312
$MXCM10033,2,29,20240103,062906,12,0E736552,47F050F5,015F,0025,4B2B,11,C202*6B
GPS_PRN:04,16,08,31,26,09,28,18,21,03,19419919619500,SAT_TAL:14
GPS_SNR:31,32,33,34,34,29,31,34,30,31,32,22,31,27,00,SNR_AVG:30.79
GLO_PRN:72,84,86,65,66,76,00,00,00,00,00,00,00,00,00,SAT_TAL:06
GLO_SNR:37,22,27,31,32,29,00,00,00,00,00,00,00,00,00,SNR_AVG:29.67
GAL_PRN:00,00,00,00,00,00,00,00,00,00,00,00,00,00,00,SAT_TAL:00
GAL_SNR:00,00,00,00,00,00,00,00,00,00,00,00,00,00,00,SNR_AVG:0.00
BEI_PRN:00,00,00,00,00,00,00,00,00,00,00,00,00,00,00,SAT_TAL:00
BEI_SNR:00,00,00,00,00,00,00,00,00,00,00,00,00,00,00,SNR_AVG:0.00
QZS_PRN:00,00,00,00,00,SAT_TAL:00
QZS_SNR:00,00,00,00,00,SNR_AVG:0.00
SatInView:20 GDOP:132
Roll:69.528122 Pitch:90.000000
X_AVG:-8.438677 Y_AVG:3.611582 Z_AVG:0.564133
X_SD:7.589662 Y_SD:6.649333 Z_SD:4.164166
$MXCM10033,2,30,20240103,062921,12,0E72A5F0,47F0150C,0147,0023,4BFB,11,C202*62
GPS_PRN:04,16,08,31,26,09,28,18,21,03,19419919619500,SAT_TAL:14
GPS_SNR:32,33,33,34,34,29,32,35,30,32,33,22,27,29,00,SNR_AVG:31.07
GLO_PRN:72,84,86,65,66,76,00,00,00,00,00,00,00,00,00,SAT_TAL:06
GLO_SNR:36,23,28,30,32,32,00,00,00,00,00,00,00,00,00,SNR_AVG:30.17
GAL_PRN:00,00,00,00,00,00,00,00,00,00,00,00,00,00,00,SAT_TAL:00
GAL_SNR:00,00,00,00,00,00,00,00,00,00,00,00,00,00,00,SNR_AVG:0.00
BEI_PRN:00,00,00,00,00,00,00,00,00,00,00,00,00,00,00,SAT_TAL:00
BEI_SNR:00,00,00,00,00,00,00,00,00,00,00,00,00,00,00,SNR_AVG:0.00
QZS_PRN:00,00,00,00,00,SAT_TAL:00
QZS_SNR:00,00,00,00,00,SNR_AVG:0.00
SatInView:20 GDOP:132
Roll:31.041262 Pitch:90.000000
X_AVG:-6.358505 Y_AVG:2.273436 Z_AVG:0.661771
X_SD:6.272654 Y_SD:5.396798 Z_SD:3.522283
$MXCM10033,2,31,20240103,063137,12,0E710360,47EFA221,00D6,0000,3358,0D,C201*62
GPS_PRN:04,16,08,31,26,09,28,18,21,03,19419919619500,SAT_TAL:13
GPS_SNR:16,26,17,41,38,18,37,34,19,00,33,21,27,37,00,SNR_AVG:28.00
GLO_PRN:72,84,86,65,76,66,00,00,00,00,00,00,00,00,00,SAT_TAL:03
GLO_SNR:30,00,27,15,00,00,00,00,00,00,00,00,00,00,00,SNR_AVG:24.00
GAL_PRN:00,00,00,00,00,00,00,00,00,00,00,00,00,00,00,SAT_TAL:00
GAL_SNR:00,00,00,00,00,00,00,00,00,00,00,00,00,00,00,SNR_AVG:0.00
BEI_PRN:00,00,00,00,00,00,00,00,00,00,00,00,00,00,00,SAT_TAL:00
BEI_SNR:00,00,00,00,00,00,00,00,00,00,00,00,00,00,00,SNR_AVG:0.00
QZS_PRN:00,00,00,00,00,SAT_TAL:00
QZS_SNR:00,00,00,00,00,SNR_AVG:0.00
SatInView:20 GDOP:120
Roll:111.212738 Pitch:0.707704
X_AVG:-0.852975 Y_AVG:7.707090 Z_AVG:-4.570671
X_SD:5.194858 Y_SD:6.154058 Z_SD:4.787764
$MXCM10033,2,32,20240103,063152,12,0E710324,47EFA285,00D4,0000,3358,0D,C201*6E
GPS_PRN:04,16,08,31,26,09,28,18,21,19419919619500,00,SAT_TAL:13
GPS_SNR:14,18,16,26,19,12,23,23,23,18,15,21,23,00,00,SNR_AVG:19.31
GLO_PRN:84,72,86,65,76,66,00,00,00,00,00,00,00,00,00,SAT_TAL:02
GLO_SNR:00,17,27,00,00,00,00,00,00,00,00,00,00,00,00,SNR_AVG:22.00
GAL_PRN:00,00,00,00,00,00,00,00,00,00,00,00,00,00,00,SAT_TAL:00
GAL_SNR:00,00,00,00,00,00,00,00,00,00,00,00,00,00,00,SNR_AVG:0.00
BEI_PRN:00,00,00,00,00,00,00,00,00,00,00,00,00,00,00,SAT_TAL:00
BEI_SNR:00,00,00,00,00,00,00,00,00,00,00,00,00,00,00,SNR_AVG:0.00
QZS_PRN:00,00,00,00,00,SAT_TAL:00
QZS_SNR:00,00,00,00,00,SNR_AVG:0.00
SatInView:19 GDOP:118
Roll:86.310677 Pitch:22.390429
X_AVG:-6.106199 Y_AVG:7.301409 Z_AVG:-0.691603
X_SD:4.939357 Y_SD:5.705546 Z_SD:4.953038
$MXCM10033,2,33,20240103,063407,12,0E70FDAD,47EFA2B8,00D4,0000,0000,08,C202*6C
GPS_PRN:19616,08,31,26,09,28,18,21,03,19419904,00,00,SAT_TAL:06
GPS_SNR:00,00,19,31,23,00,18,19,18,00,00,00,00,00,00,SNR_AVG:21.33
GLO_PRN:66,84,72,86,65,76,00,00,00,00,00,00,00,00,00,SAT_TAL:02
GLO_SNR:00,00,22,28,00,00,00,00,00,00,00,00,00,00,00,SNR_AVG:25.00
GAL_PRN:00,00,00,00,00,00,00,00,00,00,00,00,00,00,00,SAT_TAL:00
GAL_SNR:00,00,00,00,00,00,00,00,00,00,00,00,00,00,00,SNR_AVG:0.00
BEI_PRN:00,00,00,00,00,00,00,00,00,00,00,00,00,00,00,SAT_TAL:00
BEI_SNR:00,00,00,00,00,00,00,00,00,00,00,00,00,00,00,SNR_AVG:0.00
QZS_PRN:00,00,00,00,00,SAT_TAL:00
QZS_SNR:00,00,00,00,00,SNR_AVG:0.00
SatInView:19 GDOP:174
Roll:135.002457 Pitch:19.597483
X_AVG:-3.890704 Y_AVG:6.602575 Z_AVG:-6.688672
X_SD:0.082156 Y_SD:0.077977 Z_SD:0.103548
$MXCM10033,2,34,20240103,063423,12,0E70FF05,47EF9F03,00D4,0000,6978,09,C201*18
GPS_PRN:04,16,08,31,26,28,18,21,19419919600,00,00,00,SAT_TAL:07
GPS_SNR:00,00,00,21,17,21,14,26,16,00,16,00,00,00,00,SNR_AVG:18.71
GLO_PRN:66,84,72,86,65,76,00,00,00,00,00,00,00,00,00,SAT_TAL:02
GLO_SNR:00,00,19,19,00,00,00,00,00,00,00,00,00,00,00,SNR_AVG:19.00
GAL_PRN:00,00,00,00,00,00,00,00,00,00,00,00,00,00,00,SAT_TAL:00
GAL_SNR:00,00,00,00,00,00,00,00,00,00,00,00,00,00,00,SNR_AVG:0.00
BEI_PRN:00,00,00,00,00,00,00,00,00,00,00,00,00,00,00,SAT_TAL:00
BEI_SNR:00,00,00,00,00,00,00,00,00,00,00,00,00,00,00,SNR_AVG:0.00
QZS_PRN:00,00,00,00,00,SAT_TAL:00
QZS_SNR:00,00,00,00,00,SNR_AVG:0.00
SatInView:17 GDOP:188
Roll:127.799667 Pitch:44.735443
X_AVG:-5.356847 Y_AVG:7.066054 Z_AVG:-2.444242
X_SD:5.045269 Y_SD:6.737486 Z_SD:4.688338
$MXCM10033,2,35,20240103,063637,12,0E70F3CC,47EF9ACC,00D4,0000,2598,09,C201*6C
GPS_PRN:19616,08,31,26,28,18,21,02,03,19419904,00,00,SAT_TAL:07
GPS_SNR:16,00,16,27,17,22,24,17,00,00,00,00,00,00,00,SNR_AVG:19.86
GLO_PRN:66,84,72,86,65,76,00,00,00,00,00,00,00,00,00,SAT_TAL:02
GLO_SNR:00,00,26,19,00,00,00,00,00,00,00,00,00,00,00,SNR_AVG:22.50
GAL_PRN:00,00,00,00,00,00,00,00,00,00,00,00,00,00,00,SAT_TAL:00
GAL_SNR:00,00,00,00,00,00,00,00,00,00,00,00,00,00,00,SNR_AVG:0.00
BEI_PRN:00,00,00,00,00,00,00,00,00,00,00,00,00,00,00,SAT_TAL:00
BEI_SNR:00,00,00,00,00,00,00,00,00,00,00,00,00,00,00,SNR_AVG:0.00
QZS_PRN:00,00,00,00,00,SAT_TAL:00
QZS_SNR:00,00,00,00,00,SNR_AVG:0.00
SatInView:19 GDOP:173
Roll:126.125381 Pitch:23.564510
X_AVG:-4.062420 Y_AVG:7.181265 Z_AVG:-5.869408
X_SD:0.084234 Y_SD:0.082039 Z_SD:0.123315
$MXCM10033,2,36,20240103,063653,12,0E70FAC6,47EF9B3C,00D4,0000,29BF,0C,C201*6A
GPS_PRN:04,16,08,31,26,28,18,21,19419919600,00,00,00,SAT_TAL:11
GPS_SNR:17,18,17,31,20,31,25,13,21,20,15,00,00,00,00,SNR_AVG:20.73
GLO_PRN:66,84,72,86,65,76,00,00,00,00,00,00,00,00,00,SAT_TAL:02
GLO_SNR:00,00,17,25,00,00,00,00,00,00,00,00,00,00,00,SNR_AVG:21.00
GAL_PRN:00,00,00,00,00,00,00,00,00,00,00,00,00,00,00,SAT_TAL:00
GAL_SNR:00,00,00,00,00,00,00,00,00,00,00,00,00,00,00,SNR_AVG:0.00
BEI_PRN:00,00,00,00,00,00,00,00,00,00,00,00,00,00,00,SAT_TAL:00
BEI_SNR:00,00,00,00,00,00,00,00,00,00,00,00,00,00,00,SNR_AVG:0.00
QZS_PRN:00,00,00,00,00,SAT_TAL:00
QZS_SNR:00,00,00,00,00,SNR_AVG:0.00
SatInView:17 GDOP:136
Roll:112.833847 Pitch:24.836451
X_AVG:-4.166953 Y_AVG:8.322125 Z_AVG:-3.714583
X_SD:0.309619 Y_SD:0.210613 Z_SD:0.277132
$MXCM10033,2,37,20240103,063908,12,0E710A99,47EF97D2,00D4,0000,8178,05,C201*64
GPS_PRN:19608,16,31,26,09,28,18,21,02,19419904,00,00,SAT_TAL:04
GPS_SNR:00,00,00,00,16,00,28,00,26,16,00,00,00,00,00,SNR_AVG:21.50
GLO_PRN:66,72,84,86,65,76,00,00,00,00,00,00,00,00,00,SAT_TAL:01
GLO_SNR:00,00,00,27,00,00,00,00,00,00,00,00,00,00,00,SNR_AVG:27.00
GAL_PRN:00,00,00,00,00,00,00,00,00,00,00,00,00,00,00,SAT_TAL:00
GAL_SNR:00,00,00,00,00,00,00,00,00,00,00,00,00,00,00,SNR_AVG:0.00
BEI_PRN:00,00,00,00,00,00,00,00,00,00,00,00,00,00,00,SAT_TAL:00
BEI_SNR:00,00,00,00,00,00,00,00,00,00,00,00,00,00,00,SNR_AVG:0.00
QZS_PRN:00,00,00,00,00,SAT_TAL:00
QZS_SNR:00,00,00,00,00,SNR_AVG:0.00
SatInView:19 GDOP:244
Roll:125.610985 Pitch:23.084751
X_AVG:-4.063090 Y_AVG:7.393539 Z_AVG:-5.599528
X_SD:0.078933 Y_SD:0.074208 Z_SD:0.107042
$MXCM10033,2,38,20240103,063924,12,0E70FF79,47EF9A46,00D3,0000,33C0,09,C201*67
GPS_PRN:04,08,16,31,26,28,18,21,02,19419919600,00,00,SAT_TAL:09
GPS_SNR:00,00,12,21,16,27,18,23,17,16,15,00,00,00,00,SNR_AVG:18.33
GLO_PRN:66,72,84,86,65,76,00,00,00,00,00,00,00,00,00,SAT_TAL:02
GLO_SNR:00,18,00,28,00,00,00,00,00,00,00,00,00,00,00,SNR_AVG:23.00
GAL_PRN:00,00,00,00,00,00,00,00,00,00,00,00,00,00,00,SAT_TAL:00
GAL_SNR:00,00,00,00,00,00,00,00,00,00,00,00,00,00,00,SNR_AVG:0.00
BEI_PRN:00,00,00,00,00,00,00,00,00,00,00,00,00,00,00,SAT_TAL:00
BEI_SNR:00,00,00,00,00,00,00,00,00,00,00,00,00,00,00,SNR_AVG:0.00
QZS_PRN:00,00,00,00,00,SAT_TAL:00
QZS_SNR:00,00,00,00,00,SNR_AVG:0.00
SatInView:18 GDOP:165
Roll:116.550087 Pitch:18.594044
X_AVG:-4.062946 Y_AVG:8.009101 Z_AVG:-4.544717
X_SD:0.149552 Y_SD:0.186480 Z_SD:0.283346
$MXCM10033,2,39,20240103,064139,12,0E7101C3,47EFA478,00D3,0000,702A,0A,C201*64
GPS_PRN:04,08,16,31,26,09,28,18,21,02,19419919619500,SAT_TAL:10
GPS_SNR:00,00,16,21,22,00,18,16,19,13,17,00,17,17,00,SNR_AVG:17.60
GLO_PRN:84,72,86,65,76,66,00,00,00,00,00,00,00,00,00,SAT_TAL:02
GLO_SNR:00,19,18,00,00,00,00,00,00,00,00,00,00,00,00,SNR_AVG:18.50
GAL_PRN:00,00,00,00,00,00,00,00,00,00,00,00,00,00,00,SAT_TAL:00
GAL_SNR:00,00,00,00,00,00,00,00,00,00,00,00,00,00,00,SNR_AVG:0.00
BEI_PRN:00,00,00,00,00,00,00,00,00,00,00,00,00,00,00,SAT_TAL:00
BEI_SNR:00,00,00,00,00,00,00,00,00,00,00,00,00,00,00,SNR_AVG:0.00
QZS_PRN:00,00,00,00,00,SAT_TAL:00
QZS_SNR:00,00,00,00,00,SNR_AVG:0.00
SatInView:20 GDOP:165
Roll:81.471169 Pitch:30.796486
X_AVG:-4.524893 Y_AVG:8.347696 Z_AVG:1.980236
X_SD:1.538201 Y_SD:1.185408 Z_SD:1.370479
$MXCM10033,2,40,20240103,064154,12,0E70FDE3,47EFA0C0,00D3,0000,1AA0,0A,C202*6B
GPS_PRN:04,08,16,31,26,09,28,18,21,02,19419919619500,SAT_TAL:10
GPS_SNR:00,00,20,32,22,00,23,15,21,17,17,00,18,28,00,SNR_AVG:21.30
GLO_PRN:84,72,86,65,76,66,00,00,00,00,00,00,00,00,00,SAT_TAL:02
GLO_SNR:00,26,24,00,00,00,00,00,00,00,00,00,00,00,00,SNR_AVG:25.00
GAL_PRN:00,00,00,00,00,00,00,00,00,00,00,00,00,00,00,SAT_TAL:00
GAL_SNR:00,00,00,00,00,00,00,00,00,00,00,00,00,00,00,SNR_AVG:0.00
BEI_PRN:00,00,00,00,00,00,00,00,00,00,00,00,00,00,00,SAT_TAL:00
BEI_SNR:00,00,00,00,00,00,00,00,00,00,00,00,00,00,00,SNR_AVG:0.00
QZS_PRN:00,00,00,00,00,SAT_TAL:00
QZS_SNR:00,00,00,00,00,SNR_AVG:0.00
SatInView:20 GDOP:165
Roll:107.212120 Pitch:45.786823
X_AVG:-6.807140 Y_AVG:5.613606 Z_AVG:-2.465838
X_SD:7.818169 Y_SD:8.559441 Z_SD:6.332090
$MXCM10033,2,41,20240103,064408,12,0E710279,47EF9DD5,00D2,0000,2AA1,0B,C201*12
GPS_PRN:19608,16,31,26,09,28,21,18,02,19419904,00,00,SAT_TAL:11
GPS_SNR:20,18,18,32,19,00,32,22,17,20,18,00,14,00,00,SNR_AVG:20.91
GLO_PRN:66,72,84,86,65,76,00,00,00,00,00,00,00,00,00,SAT_TAL:02
GLO_SNR:00,23,00,20,00,00,00,00,00,00,00,00,00,00,00,SNR_AVG:21.50
GAL_PRN:00,00,00,00,00,00,00,00,00,00,00,00,00,00,00,SAT_TAL:00
GAL_SNR:00,00,00,00,00,00,00,00,00,00,00,00,00,00,00,SNR_AVG:0.00
BEI_PRN:00,00,00,00,00,00,00,00,00,00,00,00,00,00,00,SAT_TAL:00
BEI_SNR:00,00,00,00,00,00,00,00,00,00,00,00,00,00,00,SNR_AVG:0.00
QZS_PRN:00,00,00,00,00,SAT_TAL:00
QZS_SNR:00,00,00,00,00,SNR_AVG:0.00
SatInView:19 GDOP:141
Roll:122.103546 Pitch:28.994825
X_AVG:-3.749347 Y_AVG:7.018791 Z_AVG:-4.458237
X_SD:5.109951 Y_SD:6.104829 Z_SD:3.302920
$MXCM10033,2,42,20240103,064423,12,0E710148,47EF9D06,00D3,0000,236C,0B,C201*18
GPS_PRN:19608,16,31,26,09,28,21,18,02,19419904,00,00,SAT_TAL:12
GPS_SNR:21,16,20,28,24,00,32,19,17,28,18,17,17,00,00,SNR_AVG:21.42
GLO_PRN:66,72,84,86,65,76,00,00,00,00,00,00,00,00,00,SAT_TAL:02
GLO_SNR:00,32,00,26,00,00,00,00,00,00,00,00,00,00,00,SNR_AVG:29.00
GAL_PRN:00,00,00,00,00,00,00,00,00,00,00,00,00,00,00,SAT_TAL:00
GAL_SNR:00,00,00,00,00,00,00,00,00,00,00,00,00,00,00,SNR_AVG:0.00
BEI_PRN:00,00,00,00,00,00,00,00,00,00,00,00,00,00,00,SAT_TAL:00
BEI_SNR:00,00,00,00,00,00,00,00,00,00,00,00,00,00,00,SNR_AVG:0.00
QZS_PRN:00,00,00,00,00,SAT_TAL:00
QZS_SNR:00,00,00,00,00,SNR_AVG:0.00
SatInView:19 GDOP:141
Roll:128.140076 Pitch:-0.427772
X_AVG:0.160127 Y_AVG:4.489458 Z_AVG:-7.080515
X_SD:6.697712 Y_SD:8.513143 Z_SD:6.478018
$MXCM10033,2,43,20240103,064639,12,0E70FF0E,47EF99AF,00D2,0000,7995,07,C202*14
GPS_PRN:19608,16,31,26,09,28,21,18,02,07,19419904,00,SAT_TAL:08
GPS_SNR:15,00,20,25,27,00,24,29,00,21,00,19,00,00,00,SNR_AVG:22.50
GLO_PRN:72,84,76,65,66,00,00,00,00,00,00,00,00,00,00,SAT_TAL:00
GLO_SNR:00,00,00,00,00,00,00,00,00,00,00,00,00,00,00,SNR_AVG:0.00
GAL_PRN:00,00,00,00,00,00,00,00,00,00,00,00,00,00,00,SAT_TAL:00
GAL_SNR:00,00,00,00,00,00,00,00,00,00,00,00,00,00,00,SNR_AVG:0.00
BEI_PRN:00,00,00,00,00,00,00,00,00,00,00,00,00,00,00,SAT_TAL:00
BEI_SNR:00,00,00,00,00,00,00,00,00,00,00,00,00,00,00,SNR_AVG:0.00
QZS_PRN:00,00,00,00,00,SAT_TAL:00
QZS_SNR:00,00,00,00,00,SNR_AVG:0.00
SatInView:19 GDOP:193
Roll:0.552901 Pitch:35.524895
X_AVG:-5.488483 Y_AVG:0.720334 Z_AVG:7.503579
X_SD:0.198443 Y_SD:0.194002 Z_SD:0.189143
$MXCM10033,2,44,20240103,064654,12,0E70FE6F,47EF993A,00D2,0000,7995,08,C202*64
GPS_PRN:19608,16,31,26,28,21,18,02,19419904,00,00,00,SAT_TAL:09
GPS_SNR:00,18,21,27,23,20,28,18,17,19,00,00,00,00,00,SNR_AVG:21.22
GLO_PRN:84,72,76,65,66,00,00,00,00,00,00,00,00,00,00,SAT_TAL:00
GLO_SNR:00,00,00,00,00,00,00,00,00,00,00,00,00,00,00,SNR_AVG:0.00
GAL_PRN:00,00,00,00,00,00,00,00,00,00,00,00,00,00,00,SAT_TAL:00
GAL_SNR:00,00,00,00,00,00,00,00,00,00,00,00,00,00,00,SNR_AVG:0.00
BEI_PRN:00,00,00,00,00,00,00,00,00,00,00,00,00,00,00,SAT_TAL:00
BEI_SNR:00,00,00,00,00,00,00,00,00,00,00,00,00,00,00,SNR_AVG:0.00
QZS_PRN:00,00,00,00,00,SAT_TAL:00
QZS_SNR:00,00,00,00,00,SNR_AVG:0.00
SatInView:17 GDOP:165
Roll:0.012573 Pitch:21.337940
X_AVG:-3.857999 Y_AVG:0.013456 Z_AVG:8.424360
X_SD:0.221408 Y_SD:0.263646 Z_SD:0.127762
$MXCM10033,2,45,20240103,064910,12,0E71016F,47EF996F,00D3,0000,2871,09,C201*66
GPS_PRN:19604,16,31,26,09,28,21,18,02,07,19419908,00,SAT_TAL:09
GPS_SNR:17,00,19,30,16,00,28,19,17,21,00,20,00,00,00,SNR_AVG:20.78
GLO_PRN:72,84,76,65,66,00,00,00,00,00,00,00,00,00,00,SAT_TAL:01
GLO_SNR:27,00,00,00,00,00,00,00,00,00,00,00,00,00,00,SNR_AVG:27.00
GAL_PRN:00,00,00,00,00,00,00,00,00,00,00,00,00,00,00,SAT_TAL:00
GAL_SNR:00,00,00,00,00,00,00,00,00,00,00,00,00,00,00,SNR_AVG:0.00
BEI_PRN:00,00,00,00,00,00,00,00,00,00,00,00,00,00,00,SAT_TAL:00
BEI_SNR:00,00,00,00,00,00,00,00,00,00,00,00,00,00,00,SNR_AVG:0.00
QZS_PRN:00,00,00,00,00,SAT_TAL:00
QZS_SNR:00,00,00,00,00,SNR_AVG:0.00
SatInView:19 GDOP:172
Roll:119.560997 Pitch:26.600218
X_AVG:-4.806265 Y_AVG:7.606292 Z_AVG:-4.545436
X_SD:0.216812 Y_SD:0.152176 Z_SD:0.175885
$MXCM10033,2,46,20240103,064925,12,0E7100EB,47EF995D,00D3,0000,2675,0A,C201*66
GPS_PRN:04,08,16,31,26,28,21,18,02,19419919619500,00,SAT_TAL:11
GPS_SNR:00,17,18,30,26,22,22,17,20,21,00,18,18,00,00,SNR_AVG:20.82
GLO_PRN:84,76,65,66,72,00,00,00,00,00,00,00,00,00,00,SAT_TAL:01
GLO_SNR:00,00,00,00,25,00,00,00,00,00,00,00,00,00,00,SNR_AVG:25.00
GAL_PRN:00,00,00,00,00,00,00,00,00,00,00,00,00,00,00,SAT_TAL:00
GAL_SNR:00,00,00,00,00,00,00,00,00,00,00,00,00,00,00,SNR_AVG:0.00
BEI_PRN:00,00,00,00,00,00,00,00,00,00,00,00,00,00,00,SAT_TAL:00
BEI_SNR:00,00,00,00,00,00,00,00,00,00,00,00,00,00,00,SNR_AVG:0.00
QZS_PRN:00,00,00,00,00,SAT_TAL:00
QZS_SNR:00,00,00,00,00,SNR_AVG:0.00
SatInView:18 GDOP:155
Roll:120.903427 Pitch:40.586109
X_AVG:-5.227222 Y_AVG:5.982991 Z_AVG:-4.781700
X_SD:3.614483 Y_SD:4.363826 Z_SD:3.024477
$MXCM10033,2,47,20240103,065141,12,0E70F7FD,47EFA46B,00D2,0000,317D,09,C201*67
GPS_PRN:19504,16,31,26,28,21,18,02,07,19419919608,00,SAT_TAL:12
GPS_SNR:32,00,15,27,22,26,16,21,21,17,00,20,20,16,00,SNR_AVG:21.08
GLO_PRN:84,76,65,66,72,00,00,00,00,00,00,00,00,00,00,SAT_TAL:01
GLO_SNR:00,00,00,00,27,00,00,00,00,00,00,00,00,00,00,SNR_AVG:27.00
GAL_PRN:00,00,00,00,00,00,00,00,00,00,00,00,00,00,00,SAT_TAL:00
GAL_SNR:00,00,00,00,00,00,00,00,00,00,00,00,00,00,00,SNR_AVG:0.00
BEI_PRN:00,00,00,00,00,00,00,00,00,00,00,00,00,00,00,SAT_TAL:00
BEI_SNR:00,00,00,00,00,00,00,00,00,00,00,00,00,00,00,SNR_AVG:0.00
QZS_PRN:00,00,00,00,00,SAT_TAL:00
QZS_SNR:00,00,00,00,00,SNR_AVG:0.00
SatInView:19 GDOP:158
Roll:126.368294 Pitch:-4.775561
X_AVG:1.714235 Y_AVG:7.588671 Z_AVG:-6.352089
X_SD:0.483576 Y_SD:0.413205 Z_SD:0.484575
$MXCM10033,2,48,20240103,065156,12,0E70FA1C,47EFA065,00D2,0000,317D,0A,C201*63
GPS_PRN:19504,16,31,26,28,21,18,02,07,19419919608,00,SAT_TAL:13
GPS_SNR:33,14,00,32,23,24,26,17,28,17,17,18,24,18,00,SNR_AVG:22.38
GLO_PRN:84,76,65,66,72,00,00,00,00,00,00,00,00,00,00,SAT_TAL:01
GLO_SNR:00,00,00,00,21,00,00,00,00,00,00,00,00,00,00,SNR_AVG:21.00
GAL_PRN:00,00,00,00,00,00,00,00,00,00,00,00,00,00,00,SAT_TAL:00
GAL_SNR:00,00,00,00,00,00,00,00,00,00,00,00,00,00,00,SNR_AVG:0.00
BEI_PRN:00,00,00,00,00,00,00,00,00,00,00,00,00,00,00,SAT_TAL:00
BEI_SNR:00,00,00,00,00,00,00,00,00,00,00,00,00,00,00,SNR_AVG:0.00
QZS_PRN:00,00,00,00,00,SAT_TAL:00
QZS_SNR:00,00,00,00,00,SNR_AVG:0.00
SatInView:19 GDOP:145
Roll:132.078033 Pitch:34.548801
X_AVG:-5.774883 Y_AVG:6.059894 Z_AVG:-5.806056
X_SD:0.228199 Y_SD:0.167270 Z_SD:0.161658
$MXCM10033,2,49,20240103,065410,12,0E70FD37,47EF8DE6,00D2,0000,33C8,0A,C201*61
GPS_PRN:19604,16,31,26,09,28,21,18,02,07,19419908,00,SAT_TAL:10
GPS_SNR:20,00,18,27,23,00,24,23,19,20,00,20,00,15,00,SNR_AVG:20.90
GLO_PRN:76,65,66,00,00,00,00,00,00,00,00,00,00,00,00,SAT_TAL:00
GLO_SNR:00,00,00,00,00,00,00,00,00,00,00,00,00,00,00,SNR_AVG:0.00
GAL_PRN:00,00,00,00,00,00,00,00,00,00,00,00,00,00,00,SAT_TAL:00
GAL_SNR:00,00,00,00,00,00,00,00,00,00,00,00,00,00,00,SNR_AVG:0.00
BEI_PRN:00,00,00,00,00,00,00,00,00,00,00,00,00,00,00,SAT_TAL:00
BEI_SNR:00,00,00,00,00,00,00,00,00,00,00,00,00,00,00,SNR_AVG:0.00
QZS_PRN:00,00,00,00,00,SAT_TAL:00
QZS_SNR:00,00,00,00,00,SNR_AVG:0.00
SatInView:17 GDOP:157
Roll:88.984711 Pitch:8.510451
X_AVG:-4.206122 Y_AVG:8.187042 Z_AVG:-3.698829
X_SD:3.660194 Y_SD:3.709299 Z_SD:3.198345
$MXCM10033,2,50,20240103,065425,12,0E70FD6C,47EF98D5,00D2,0000,33C8,0A,C201*61
GPS_PRN:19504,16,31,26,09,28,21,18,02,07,19919608,194SAT_TAL:11
GPS_SNR:29,00,17,34,19,00,27,28,15,18,00,00,24,16,17,SNR_AVG:22.18
GLO_PRN:00,00,00,00,00,00,00,00,00,00,00,00,00,00,00,SAT_TAL:00
GLO_SNR:00,00,00,00,00,00,00,00,00,00,00,00,00,00,00,SNR_AVG:0.00
GAL_PRN:00,00,00,00,00,00,00,00,00,00,00,00,00,00,00,SAT_TAL:00
GAL_SNR:00,00,00,00,00,00,00,00,00,00,00,00,00,00,00,SNR_AVG:0.00
BEI_PRN:00,00,00,00,00,00,00,00,00,00,00,00,00,00,00,SAT_TAL:00
BEI_SNR:00,00,00,00,00,00,00,00,00,00,00,00,00,00,00,SNR_AVG:0.00
QZS_PRN:00,00,00,00,00,SAT_TAL:00
QZS_SNR:00,00,00,00,00,SNR_AVG:0.00
SatInView:18 GDOP:157
Roll:99.974663 Pitch:30.886486
X_AVG:-5.117326 Y_AVG:8.307329 Z_AVG:-2.000587
X_SD:0.093283 Y_SD:0.071105 Z_SD:0.096620
$MXCM10033,2,51,20240103,065641,12,0E710262,47EFA3B6,00D2,0000,7F88,08,C201*15
GPS_PRN:19604,16,31,26,21,28,18,07,19419908,00,00,00,SAT_TAL:08
GPS_SNR:25,00,21,33,30,22,30,16,00,18,00,00,00,00,00,SNR_AVG:24.38
GLO_PRN:76,66,65,00,00,00,00,00,00,00,00,00,00,00,00,SAT_TAL:00
GLO_SNR:00,00,00,00,00,00,00,00,00,00,00,00,00,00,00,SNR_AVG:0.00
GAL_PRN:00,00,00,00,00,00,00,00,00,00,00,00,00,00,00,SAT_TAL:00
GAL_SNR:00,00,00,00,00,00,00,00,00,00,00,00,00,00,00,SNR_AVG:0.00
BEI_PRN:00,00,00,00,00,00,00,00,00,00,00,00,00,00,00,SAT_TAL:00
BEI_SNR:00,00,00,00,00,00,00,00,00,00,00,00,00,00,00,SNR_AVG:0.00
QZS_PRN:00,00,00,00,00,SAT_TAL:00
QZS_SNR:00,00,00,00,00,SNR_AVG:0.00
SatInView:15 GDOP:191
Roll:93.980324 Pitch:32.659950
X_AVG:-5.396448 Y_AVG:7.315583 Z_AVG:-1.600795
X_SD:3.838348 Y_SD:4.361883 Z_SD:2.388110
$MXCM10033,2,52,20240103,065657,12,0E7101A5,47EF9B42,00D2,0000,6C53,0B,C201*61
GPS_PRN:19504,16,31,26,21,28,18,02,19919608,19400,00,SAT_TAL:13
GPS_SNR:26,14,24,28,27,23,25,17,24,15,18,19,13,00,00,SNR_AVG:21.00
GLO_PRN:76,66,65,00,00,00,00,00,00,00,00,00,00,00,00,SAT_TAL:00
GLO_SNR:00,00,00,00,00,00,00,00,00,00,00,00,00,00,00,SNR_AVG:0.00
GAL_PRN:00,00,00,00,00,00,00,00,00,00,00,00,00,00,00,SAT_TAL:00
GAL_SNR:00,00,00,00,00,00,00,00,00,00,00,00,00,00,00,SNR_AVG:0.00
BEI_PRN:00,00,00,00,00,00,00,00,00,00,00,00,00,00,00,SAT_TAL:00
BEI_SNR:00,00,00,00,00,00,00,00,00,00,00,00,00,00,00,SNR_AVG:0.00
QZS_PRN:00,00,00,00,00,SAT_TAL:00
QZS_SNR:00,00,00,00,00,SNR_AVG:0.00
SatInView:16 GDOP:142
Roll:116.347649 Pitch:23.069250
X_AVG:-4.117535 Y_AVG:8.136475 Z_AVG:-4.270145
X_SD:0.123155 Y_SD:0.098360 Z_SD:0.137188
$MXCM10033,2,53,20240103,065912,00,0E7102C4,47EF9622,00D2,0000,0A46,00,C201*6D
GPS_PRN:19604,16,31,26,09,21,28,02,18,07,19419908,00,SAT_TAL:06
GPS_SNR:14,00,24,30,22,00,00,29,23,00,00,00,00,00,00,SNR_AVG:23.67
GLO_PRN:67,76,66,65,00,00,00,00,00,00,00,00,00,00,00,SAT_TAL:00
GLO_SNR:00,00,00,00,00,00,00,00,00,00,00,00,00,00,00,SNR_AVG:0.00
GAL_PRN:00,00,00,00,00,00,00,00,00,00,00,00,00,00,00,SAT_TAL:00
GAL_SNR:00,00,00,00,00,00,00,00,00,00,00,00,00,00,00,SNR_AVG:0.00
BEI_PRN:00,00,00,00,00,00,00,00,00,00,00,00,00,00,00,SAT_TAL:00
BEI_SNR:00,00,00,00,00,00,00,00,00,00,00,00,00,00,00,SNR_AVG:0.00
QZS_PRN:00,00,00,00,00,SAT_TAL:00
QZS_SNR:00,00,00,00,00,SNR_AVG:0.00
SatInView:18 GDOP:200
Roll:89.328987 Pitch:26.660036
X_AVG:-4.551086 Y_AVG:8.722827 Z_AVG:0.017382
X_SD:0.149541 Y_SD:0.091986 Z_SD:0.212003
$MXCM10033,2,54,20240103,065928,12,0E7100B8,47EF9F3B,00D2,0000,1DE3,0A,C201*6F
GPS_PRN:19604,16,31,09,26,21,28,02,18,19419908,00,00,SAT_TAL:10
GPS_SNR:00,00,25,31,13,27,19,29,20,16,21,00,17,00,00,SNR_AVG:21.80
GLO_PRN:67,76,66,65,00,00,00,00,00,00,00,00,00,00,00,SAT_TAL:00
GLO_SNR:00,00,00,00,00,00,00,00,00,00,00,00,00,00,00,SNR_AVG:0.00
GAL_PRN:00,00,00,00,00,00,00,00,00,00,00,00,00,00,00,SAT_TAL:00
GAL_SNR:00,00,00,00,00,00,00,00,00,00,00,00,00,00,00,SNR_AVG:0.00
BEI_PRN:00,00,00,00,00,00,00,00,00,00,00,00,00,00,00,SAT_TAL:00
BEI_SNR:00,00,00,00,00,00,00,00,00,00,00,00,00,00,00,SNR_AVG:0.00
QZS_PRN:00,00,00,00,00,SAT_TAL:00
QZS_SNR:00,00,00,00,00,SNR_AVG:0.00
SatInView:17 GDOP:128
Roll:99.259819 Pitch:26.268772
X_AVG:-4.536098 Y_AVG:8.681885 Z_AVG:-1.725919
X_SD:0.103311 Y_SD:0.115099 Z_SD:0.127816
$MXCM10033,2,55,20240103,070143,12,0E70FEAE,47EF9C6A,00D2,0000,0000,07,C201*65
GPS_PRN:08,04,16,31,09,26,21,28,18,19419919619500,00,SAT_TAL:08
GPS_SNR:00,00,21,25,00,00,24,30,19,23,00,24,30,00,00,SNR_AVG:24.50
GLO_PRN:77,76,66,65,67,00,00,00,00,00,00,00,00,00,00,SAT_TAL:00
GLO_SNR:00,00,00,00,00,00,00,00,00,00,00,00,00,00,00,SNR_AVG:0.00
GAL_PRN:00,00,00,00,00,00,00,00,00,00,00,00,00,00,00,SAT_TAL:00
GAL_SNR:00,00,00,00,00,00,00,00,00,00,00,00,00,00,00,SNR_AVG:0.00
BEI_PRN:00,00,00,00,00,00,00,00,00,00,00,00,00,00,00,SAT_TAL:00
BEI_SNR:00,00,00,00,00,00,00,00,00,00,00,00,00,00,00,SNR_AVG:0.00
QZS_PRN:00,00,00,00,00,SAT_TAL:00
QZS_SNR:00,00,00,00,00,SNR_AVG:0.00
SatInView:18 GDOP:198
Roll:125.094406 Pitch:-7.394842
X_AVG:1.893038 Y_AVG:7.846962 Z_AVG:-5.944731
X_SD:0.112811 Y_SD:0.205845 Z_SD:0.143504
$MXCM10033,2,56,20240103,070159,12,0E710040,47EFA25B,00D2,0000,7A64,09,C201*1C
GPS_PRN:08,04,16,31,09,26,21,28,18,19419919619500,00,SAT_TAL:11
GPS_SNR:00,16,17,24,00,15,25,31,12,23,15,25,32,00,00,SNR_AVG:21.36
GLO_PRN:77,76,66,65,67,00,00,00,00,00,00,00,00,00,00,SAT_TAL:00
GLO_SNR:00,00,00,00,00,00,00,00,00,00,00,00,00,00,00,SNR_AVG:0.00
GAL_PRN:00,00,00,00,00,00,00,00,00,00,00,00,00,00,00,SAT_TAL:00
GAL_SNR:00,00,00,00,00,00,00,00,00,00,00,00,00,00,00,SNR_AVG:0.00
BEI_PRN:00,00,00,00,00,00,00,00,00,00,00,00,00,00,00,SAT_TAL:00
BEI_SNR:00,00,00,00,00,00,00,00,00,00,00,00,00,00,00,SNR_AVG:0.00
QZS_PRN:00,00,00,00,00,SAT_TAL:00
QZS_SNR:00,00,00,00,00,SNR_AVG:0.00
SatInView:18 GDOP:153
Roll:124.777077 Pitch:-9.404082
X_AVG:1.969797 Y_AVG:7.890059 Z_AVG:-5.858586
X_SD:0.101506 Y_SD:0.150793 Z_SD:0.108982
$MXCM10033,2,57,20240103,070413,12,0E70FCEA,47EF98F6,00D2,0001,6D6C,08,C201*14
GPS_PRN:19504,16,31,09,26,21,28,02,07,18,19419919608,SAT_TAL:09
GPS_SNR:26,00,23,24,00,26,20,31,21,00,00,24,00,20,00,SNR_AVG:23.89
GLO_PRN:00,00,00,00,00,00,00,00,00,00,00,00,00,00,00,SAT_TAL:00
GLO_SNR:00,00,00,00,00,00,00,00,00,00,00,00,00,00,00,SNR_AVG:0.00
GAL_PRN:00,00,00,00,00,00,00,00,00,00,00,00,00,00,00,SAT_TAL:00
GAL_SNR:00,00,00,00,00,00,00,00,00,00,00,00,00,00,00,SNR_AVG:0.00
BEI_PRN:00,00,00,00,00,00,00,00,00,00,00,00,00,00,00,SAT_TAL:00
BEI_SNR:00,00,00,00,00,00,00,00,00,00,00,00,00,00,00,SNR_AVG:0.00
QZS_PRN:00,00,00,00,00,SAT_TAL:00
QZS_SNR:00,00,00,00,00,SNR_AVG:0.00
SatInView:20 GDOP:192
Roll:110.918518 Pitch:23.612619
X_AVG:-5.373942 Y_AVG:7.572486 Z_AVG:-4.037711
X_SD:4.479351 Y_SD:4.655367 Z_SD:3.793983
$MXCM10033,2,58,20240103,070429,12,0E710075,47EF989D,00D2,0000,512A,08,C201*6C
GPS_PRN:08,04,16,31,26,21,28,02,18,19419919619500,00,SAT_TAL:09
GPS_SNR:00,00,19,30,29,19,23,23,00,24,00,19,27,00,00,SNR_AVG:23.67
GLO_PRN:77,76,66,65,67,00,00,00,00,00,00,00,00,00,00,SAT_TAL:00
GLO_SNR:00,00,00,00,00,00,00,00,00,00,00,00,00,00,00,SNR_AVG:0.00
GAL_PRN:00,00,00,00,00,00,00,00,00,00,00,00,00,00,00,SAT_TAL:00
GAL_SNR:00,00,00,00,00,00,00,00,00,00,00,00,00,00,00,SNR_AVG:0.00
BEI_PRN:00,00,00,00,00,00,00,00,00,00,00,00,00,00,00,SAT_TAL:00
BEI_SNR:00,00,00,00,00,00,00,00,00,00,00,00,00,00,00,SNR_AVG:0.00
QZS_PRN:00,00,00,00,00,SAT_TAL:00
QZS_SNR:00,00,00,00,00,SNR_AVG:0.00
SatInView:18 GDOP:192
Roll:110.650558 Pitch:21.192932
X_AVG:-3.978046 Y_AVG:8.484839 Z_AVG:-3.629922
X_SD:0.160049 Y_SD:0.114488 Z_SD:0.145811
$MXCM10033,2,59,20240103,070644,12,0E70FEA8,47EFA405,00D2,0004,383A,09,C201*1A
GPS_PRN:19604,16,31,09,26,21,02,28,07,18,19419908,00,SAT_TAL:10
GPS_SNR:20,00,16,30,15,22,24,22,30,00,00,17,17,00,00,SNR_AVG:21.30
GLO_PRN:67,77,76,66,65,00,00,00,00,00,00,00,00,00,00,SAT_TAL:00
GLO_SNR:00,00,00,00,00,00,00,00,00,00,00,00,00,00,00,SNR_AVG:0.00
GAL_PRN:00,00,00,00,00,00,00,00,00,00,00,00,00,00,00,SAT_TAL:00
GAL_SNR:00,00,00,00,00,00,00,00,00,00,00,00,00,00,00,SNR_AVG:0.00
BEI_PRN:00,00,00,00,00,00,00,00,00,00,00,00,00,00,00,SAT_TAL:00
BEI_SNR:00,00,00,00,00,00,00,00,00,00,00,00,00,00,00,SNR_AVG:0.00
QZS_PRN:00,00,00,00,00,SAT_TAL:00
QZS_SNR:00,00,00,00,00,SNR_AVG:0.00
SatInView:19 GDOP:144
Roll:112.528465 Pitch:30.133978
X_AVG:-5.668339 Y_AVG:6.634562 Z_AVG:-4.383345
X_SD:5.180338 Y_SD:7.276231 Z_SD:4.659012
$MXCM10033,2,60,20240103,070700,12,0E70FF4D,47EFA3F1,00D2,0000,1D5B,0D,C201*6C
GPS_PRN:19504,16,31,09,26,21,02,28,07,18,19419919608,SAT_TAL:15
GPS_SNR:30,17,18,24,13,28,20,16,27,14,17,27,15,26,19,SNR_AVG:20.73
GLO_PRN:00,00,00,00,00,00,00,00,00,00,00,00,00,00,00,SAT_TAL:00
GLO_SNR:00,00,00,00,00,00,00,00,00,00,00,00,00,00,00,SNR_AVG:0.00
GAL_PRN:00,00,00,00,00,00,00,00,00,00,00,00,00,00,00,SAT_TAL:00
GAL_SNR:00,00,00,00,00,00,00,00,00,00,00,00,00,00,00,SNR_AVG:0.00
BEI_PRN:00,00,00,00,00,00,00,00,00,00,00,00,00,00,00,SAT_TAL:00
BEI_SNR:00,00,00,00,00,00,00,00,00,00,00,00,00,00,00,SNR_AVG:0.00
QZS_PRN:00,00,00,00,00,SAT_TAL:00
QZS_SNR:00,00,00,00,00,SNR_AVG:0.00
SatInView:20 GDOP:109
Roll:91.541855 Pitch:12.484817
X_AVG:-2.618783 Y_AVG:9.456377 Z_AVG:-0.999695
X_SD:0.089777 Y_SD:0.086867 Z_SD:0.121408
$MXCM10033,2,61,20240103,070914,00,0E70FF4D,47EFA417,00D2,0000,0000,00,C202*66
GPS_PRN:21,02,28,19600,00,00,00,00,00,00,00,00,00,00,SAT_TAL:00
GPS_SNR:00,00,00,00,00,00,00,00,00,00,00,00,00,00,00,SNR_AVG:0.00
GLO_PRN:00,00,00,00,00,00,00,00,00,00,00,00,00,00,00,SAT_TAL:00
GLO_SNR:00,00,00,00,00,00,00,00,00,00,00,00,00,00,00,SNR_AVG:0.00
GAL_PRN:00,00,00,00,00,00,00,00,00,00,00,00,00,00,00,SAT_TAL:00
GAL_SNR:00,00,00,00,00,00,00,00,00,00,00,00,00,00,00,SNR_AVG:0.00
BEI_PRN:00,00,00,00,00,00,00,00,00,00,00,00,00,00,00,SAT_TAL:00
BEI_SNR:00,00,00,00,00,00,00,00,00,00,00,00,00,00,00,SNR_AVG:0.00
QZS_PRN:00,00,00,00,00,SAT_TAL:00
QZS_SNR:00,00,00,00,00,SNR_AVG:0.00
SatInView:4 GDOP:17319
Roll:-44.746578 Pitch:12.560290
X_AVG:-1.940061 Y_AVG:-6.463086 Z_AVG:6.436654
X_SD:0.550004 Y_SD:0.441845 Z_SD:0.456936
$MXCM10033,2,62,20240103,070929,00,0E70FF4D,47EFA417,00D2,0000,0000,00,C202*6B
GPS_PRN:08,00,00,00,00,00,00,00,00,00,00,00,00,00,00,SAT_TAL:00
GPS_SNR:00,00,00,00,00,00,00,00,00,00,00,00,00,00,00,SNR_AVG:0.00
GLO_PRN:00,00,00,00,00,00,00,00,00,00,00,00,00,00,00,SAT_TAL:00
GLO_SNR:00,00,00,00,00,00,00,00,00,00,00,00,00,00,00,SNR_AVG:0.00
GAL_PRN:00,00,00,00,00,00,00,00,00,00,00,00,00,00,00,SAT_TAL:00
GAL_SNR:00,00,00,00,00,00,00,00,00,00,00,00,00,00,00,SNR_AVG:0.00
BEI_PRN:00,00,00,00,00,00,00,00,00,00,00,00,00,00,00,SAT_TAL:00
BEI_SNR:00,00,00,00,00,00,00,00,00,00,00,00,00,00,00,SNR_AVG:0.00
QZS_PRN:00,00,00,00,00,SAT_TAL:00
QZS_SNR:00,00,00,00,00,SNR_AVG:0.00
SatInView:1 GDOP:17319
Roll:88.647713 Pitch:-57.206142
X_AVG:8.294256 Y_AVG:4.891692 Z_AVG:-1.089719
X_SD:0.427827 Y_SD:0.563877 Z_SD:1.095420
$MXCM10033,2,63,20240103,071145,12,0E70FBEF,47EFA106,00D2,0000,72EB,0D,C201*6D
GPS_PRN:19504,16,09,31,26,21,02,28,07,18,19419919608,SAT_TAL:14
GPS_SNR:28,22,31,00,39,39,25,37,32,18,17,24,18,30,27,SNR_AVG:27.64
GLO_PRN:00,00,00,00,00,00,00,00,00,00,00,00,00,00,00,SAT_TAL:00
GLO_SNR:00,00,00,00,00,00,00,00,00,00,00,00,00,00,00,SNR_AVG:0.00
GAL_PRN:00,00,00,00,00,00,00,00,00,00,00,00,00,00,00,SAT_TAL:00
GAL_SNR:00,00,00,00,00,00,00,00,00,00,00,00,00,00,00,SNR_AVG:0.00
BEI_PRN:00,00,00,00,00,00,00,00,00,00,00,00,00,00,00,SAT_TAL:00
BEI_SNR:00,00,00,00,00,00,00,00,00,00,00,00,00,00,00,SNR_AVG:0.00
QZS_PRN:00,00,00,00,00,SAT_TAL:00
QZS_SNR:00,00,00,00,00,SNR_AVG:0.00
SatInView:20 GDOP:112
Roll:98.637123 Pitch:43.339851
X_AVG:-6.933221 Y_AVG:7.030859 Z_AVG:-1.276566
X_SD:0.071931 Y_SD:0.053168 Z_SD:0.096209
$MXCM10033,2,64,20240103,071200,12,0E70FD13,47EF9EE6,00D2,0000,72EB,0E,C201*17
GPS_PRN:19504,16,31,26,21,02,28,07,18,19419919608,00,SAT_TAL:14
GPS_SNR:33,18,33,38,38,27,36,33,13,22,24,19,29,27,00,SNR_AVG:27.86
GLO_PRN:77,76,66,65,67,00,00,00,00,00,00,00,00,00,00,SAT_TAL:04
GLO_SNR:00,20,19,16,22,00,00,00,00,00,00,00,00,00,00,SNR_AVG:19.25
GAL_PRN:00,00,00,00,00,00,00,00,00,00,00,00,00,00,00,SAT_TAL:00
GAL_SNR:00,00,00,00,00,00,00,00,00,00,00,00,00,00,00,SNR_AVG:0.00
BEI_PRN:00,00,00,00,00,00,00,00,00,00,00,00,00,00,00,SAT_TAL:00
BEI_SNR:00,00,00,00,00,00,00,00,00,00,00,00,00,00,00,SNR_AVG:0.00
QZS_PRN:00,00,00,00,00,SAT_TAL:00
QZS_SNR:00,00,00,00,00,SNR_AVG:0.00
SatInView:19 GDOP:110
Roll:98.430420 Pitch:41.469028
X_AVG:-6.929246 Y_AVG:7.032008 Z_AVG:-1.272879
X_SD:0.072330 Y_SD:0.061384 Z_SD:0.096082
$MXCM10033,2,65,20240103,071416,12,0E70F982,47EFAAA5,00D2,0000,0000,0E,C201*1B
GPS_PRN:19504,16,09,31,26,21,02,07,28,18,19419919608,SAT_TAL:15
GPS_SNR:39,19,38,18,33,33,38,37,19,36,22,20,20,30,28,SNR_AVG:28.67
GLO_PRN:00,00,00,00,00,00,00,00,00,00,00,00,00,00,00,SAT_TAL:00
GLO_SNR:00,00,00,00,00,00,00,00,00,00,00,00,00,00,00,SNR_AVG:0.00
GAL_PRN:00,00,00,00,00,00,00,00,00,00,00,00,00,00,00,SAT_TAL:00
GAL_SNR:00,00,00,00,00,00,00,00,00,00,00,00,00,00,00,SNR_AVG:0.00
BEI_PRN:00,00,00,00,00,00,00,00,00,00,00,00,00,00,00,SAT_TAL:00
BEI_SNR:00,00,00,00,00,00,00,00,00,00,00,00,00,00,00,SNR_AVG:0.00
QZS_PRN:00,00,00,00,00,SAT_TAL:00
QZS_SNR:00,00,00,00,00,SNR_AVG:0.00
SatInView:20 GDOP:111
Roll:97.927933 Pitch:42.961525
X_AVG:-6.961186 Y_AVG:7.028464 Z_AVG:-1.260429
X_SD:0.068331 Y_SD:0.059453 Z_SD:0.095644
$MXCM10033,2,66,20240103,071431,12,0E70FA22,47EFA7BB,00D2,0000,0000,10,C201*19
GPS_PRN:19604,16,09,31,26,21,02,07,28,18,19419919508,SAT_TAL:15
GPS_SNR:33,25,38,21,35,33,37,36,21,37,28,20,19,39,24,SNR_AVG:29.73
GLO_PRN:00,00,00,00,00,00,00,00,00,00,00,00,00,00,00,SAT_TAL:00
GLO_SNR:00,00,00,00,00,00,00,00,00,00,00,00,00,00,00,SNR_AVG:0.00
GAL_PRN:00,00,00,00,00,00,00,00,00,00,00,00,00,00,00,SAT_TAL:00
GAL_SNR:00,00,00,00,00,00,00,00,00,00,00,00,00,00,00,SNR_AVG:0.00
BEI_PRN:00,00,00,00,00,00,00,00,00,00,00,00,00,00,00,SAT_TAL:00
BEI_SNR:00,00,00,00,00,00,00,00,00,00,00,00,00,00,00,SNR_AVG:0.00
QZS_PRN:00,00,00,00,00,SAT_TAL:00
QZS_SNR:00,00,00,00,00,SNR_AVG:0.00
SatInView:20 GDOP:107
Roll:98.541405 Pitch:43.082790
X_AVG:-6.961186 Y_AVG:7.025447 Z_AVG:-1.275561
X_SD:0.074342 Y_SD:0.064504 Z_SD:0.088960
$MXCM10033,2,67,20240103,071647,12,0E70FFE7,47EF99A5,00D1,0000,2DC8,0E,C201*16
GPS_PRN:08,04,16,31,26,21,02,28,18,19419919519600,00,SAT_TAL:12
GPS_SNR:18,25,25,42,35,40,39,26,30,21,00,42,37,00,00,SNR_AVG:31.67
GLO_PRN:67,76,66,65,77,00,00,00,00,00,00,00,00,00,00,SAT_TAL:03
GLO_SNR:00,29,19,18,00,00,00,00,00,00,00,00,00,00,00,SNR_AVG:22.00
GAL_PRN:00,00,00,00,00,00,00,00,00,00,00,00,00,00,00,SAT_TAL:00
GAL_SNR:00,00,00,00,00,00,00,00,00,00,00,00,00,00,00,SNR_AVG:0.00
BEI_PRN:00,00,00,00,00,00,00,00,00,00,00,00,00,00,00,SAT_TAL:00
BEI_SNR:00,00,00,00,00,00,00,00,00,00,00,00,00,00,00,SNR_AVG:0.00
QZS_PRN:00,00,00,00,00,SAT_TAL:00
QZS_SNR:00,00,00,00,00,SNR_AVG:0.00
SatInView:18 GDOP:119
Roll:97.846115 Pitch:43.084541
X_AVG:-6.976365 Y_AVG:7.028608 Z_AVG:-1.270102
X_SD:0.069694 Y_SD:0.063726 Z_SD:0.101505
$MXCM10033,2,68,20240103,071702,12,0E710086,47EF98C1,00D2,0000,2DC8,0D,C201*61
GPS_PRN:08,04,16,31,26,21,02,28,18,19419919519600,00,SAT_TAL:13
GPS_SNR:19,16,20,41,35,41,39,26,26,20,19,42,37,00,00,SNR_AVG:29.31
GLO_PRN:67,76,66,65,77,00,00,00,00,00,00,00,00,00,00,SAT_TAL:03
GLO_SNR:25,30,00,18,00,00,00,00,00,00,00,00,00,00,00,SNR_AVG:24.33
GAL_PRN:00,00,00,00,00,00,00,00,00,00,00,00,00,00,00,SAT_TAL:00
GAL_SNR:00,00,00,00,00,00,00,00,00,00,00,00,00,00,00,SNR_AVG:0.00
BEI_PRN:00,00,00,00,00,00,00,00,00,00,00,00,00,00,00,SAT_TAL:00
BEI_SNR:00,00,00,00,00,00,00,00,00,00,00,00,00,00,00,SNR_AVG:0.00
QZS_PRN:00,00,00,00,00,SAT_TAL:00
QZS_SNR:00,00,00,00,00,SNR_AVG:0.00
SatInView:18 GDOP:127
Roll:98.256409 Pitch:41.559845
X_AVG:-6.970715 Y_AVG:7.034737 Z_AVG:-1.267612
X_SD:0.068881 Y_SD:0.059283 Z_SD:0.091484
$MXCM10033,2,69,20240103,071918,12,0E70FB8E,47EF9E1A,00D1,0000,7972,0F,C201*6B
GPS_PRN:19604,16,09,31,26,21,02,07,28,18,19419919508,SAT_TAL:15
GPS_SNR:39,14,24,23,37,35,43,34,18,26,26,25,18,48,19,SNR_AVG:28.60
GLO_PRN:00,00,00,00,00,00,00,00,00,00,00,00,00,00,00,SAT_TAL:00
GLO_SNR:00,00,00,00,00,00,00,00,00,00,00,00,00,00,00,SNR_AVG:0.00
GAL_PRN:00,00,00,00,00,00,00,00,00,00,00,00,00,00,00,SAT_TAL:00
GAL_SNR:00,00,00,00,00,00,00,00,00,00,00,00,00,00,00,SNR_AVG:0.00
BEI_PRN:00,00,00,00,00,00,00,00,00,00,00,00,00,00,00,SAT_TAL:00
BEI_SNR:00,00,00,00,00,00,00,00,00,00,00,00,00,00,00,SNR_AVG:0.00
QZS_PRN:00,00,00,00,00,SAT_TAL:00
QZS_SNR:00,00,00,00,00,SNR_AVG:0.00
SatInView:20 GDOP:110
Roll:98.590759 Pitch:44.222713
X_AVG:-6.980483 Y_AVG:7.025735 Z_AVG:-1.267037
X_SD:0.069316 Y_SD:0.061082 Z_SD:0.098722
$MXCM10033,2,70,20240103,071933,12,0E70FC2D,47EF9CE8,00D0,0000,7972,10,C201*1D
GPS_PRN:19604,16,09,31,26,21,02,07,28,18,19419919508,SAT_TAL:15
GPS_SNR:38,18,22,20,35,36,42,37,20,18,27,16,20,48,17,SNR_AVG:27.60
GLO_PRN:00,00,00,00,00,00,00,00,00,00,00,00,00,00,00,SAT_TAL:00
GLO_SNR:00,00,00,00,00,00,00,00,00,00,00,00,00,00,00,SNR_AVG:0.00
GAL_PRN:00,00,00,00,00,00,00,00,00,00,00,00,00,00,00,SAT_TAL:00
GAL_SNR:00,00,00,00,00,00,00,00,00,00,00,00,00,00,00,SNR_AVG:0.00
BEI_PRN:00,00,00,00,00,00,00,00,00,00,00,00,00,00,00,SAT_TAL:00
BEI_SNR:00,00,00,00,00,00,00,00,00,00,00,00,00,00,00,SNR_AVG:0.00
QZS_PRN:00,00,00,00,00,SAT_TAL:00
QZS_SNR:00,00,00,00,00,SNR_AVG:0.00
SatInView:20 GDOP:107
Roll:98.007339 Pitch:42.522964
X_AVG:-6.978664 Y_AVG:7.044506 Z_AVG:-1.263637
X_SD:0.073901 Y_SD:0.058424 Z_SD:0.096951
$MXCM10033,2,71,20240103,072149,12,0E70FFC7,47EF9F56,00D0,0000,09DC,0E,C201*17
GPS_PRN:08,04,16,31,26,21,02,28,18,19419919519600,00,SAT_TAL:12
GPS_SNR:19,31,36,40,41,44,34,31,24,20,00,42,37,00,00,SNR_AVG:33.25
GLO_PRN:67,76,66,65,77,00,00,00,00,00,00,00,00,00,00,SAT_TAL:03
GLO_SNR:21,28,16,00,00,00,00,00,00,00,00,00,00,00,00,SNR_AVG:21.67
GAL_PRN:00,00,00,00,00,00,00,00,00,00,00,00,00,00,00,SAT_TAL:00
GAL_SNR:00,00,00,00,00,00,00,00,00,00,00,00,00,00,00,SNR_AVG:0.00
BEI_PRN:00,00,00,00,00,00,00,00,00,00,00,00,00,00,00,SAT_TAL:00
BEI_SNR:00,00,00,00,00,00,00,00,00,00,00,00,00,00,00,SNR_AVG:0.00
QZS_PRN:00,00,00,00,00,SAT_TAL:00
QZS_SNR:00,00,00,00,00,SNR_AVG:0.00
SatInView:18 GDOP:110
Roll:98.114883 Pitch:41.638184
X_AVG:-6.980244 Y_AVG:7.031720 Z_AVG:-1.259950
X_SD:0.065443 Y_SD:0.058668 Z_SD:0.093985
$MXCM10033,2,72,20240103,072204,12,0E70FF19,47EF9D33,00CF,0000,09DC,0E,C201*12
GPS_PRN:08,04,16,31,26,21,02,28,18,19419919519600,00,SAT_TAL:13
GPS_SNR:24,25,37,42,43,39,34,34,26,21,20,42,36,00,00,SNR_AVG:32.54
GLO_PRN:67,76,66,65,77,00,00,00,00,00,00,00,00,00,00,SAT_TAL:03
GLO_SNR:17,30,18,00,00,00,00,00,00,00,00,00,00,00,00,SNR_AVG:21.67
GAL_PRN:00,00,00,00,00,00,00,00,00,00,00,00,00,00,00,SAT_TAL:00
GAL_SNR:00,00,00,00,00,00,00,00,00,00,00,00,00,00,00,SNR_AVG:0.00
BEI_PRN:00,00,00,00,00,00,00,00,00,00,00,00,00,00,00,SAT_TAL:00
BEI_SNR:00,00,00,00,00,00,00,00,00,00,00,00,00,00,00,SNR_AVG:0.00
QZS_PRN:00,00,00,00,00,SAT_TAL:00
QZS_SNR:00,00,00,00,00,SNR_AVG:0.00
SatInView:18 GDOP:110
Roll:97.963905 Pitch:41.920094
X_AVG:-6.977562 Y_AVG:7.033109 Z_AVG:-1.266558
X_SD:0.077523 Y_SD:0.061393 Z_SD:0.096170
$MXCM10033,2,73,20240103,072419,12,0E710077,47EF9BBC,00CF,0000,6BEB,0E,C201*6A
GPS_PRN:19604,16,09,31,21,26,02,28,18,19419919508,00,SAT_TAL:13
GPS_SNR:32,24,37,00,44,39,39,39,29,18,20,17,31,25,00,SNR_AVG:30.31
GLO_PRN:67,76,66,65,77,00,00,00,00,00,00,00,00,00,00,SAT_TAL:04
GLO_SNR:23,33,26,21,00,00,00,00,00,00,00,00,00,00,00,SNR_AVG:25.75
GAL_PRN:00,00,00,00,00,00,00,00,00,00,00,00,00,00,00,SAT_TAL:00
GAL_SNR:00,00,00,00,00,00,00,00,00,00,00,00,00,00,00,SNR_AVG:0.00
BEI_PRN:00,00,00,00,00,00,00,00,00,00,00,00,00,00,00,SAT_TAL:00
BEI_SNR:00,00,00,00,00,00,00,00,00,00,00,00,00,00,00,SNR_AVG:0.00
QZS_PRN:00,00,00,00,00,SAT_TAL:00
QZS_SNR:00,00,00,00,00,SNR_AVG:0.00
SatInView:19 GDOP:113
Roll:98.758301 Pitch:44.330597
X_AVG:-6.973061 Y_AVG:7.031194 Z_AVG:-1.270581
X_SD:0.067864 Y_SD:0.064908 Z_SD:0.099218
$MXCM10033,2,74,20240103,072435,12,0E710078,47EF9CD6,00CF,0000,6BEB,0D,C201*1F
GPS_PRN:08,04,16,31,21,26,02,28,18,19419919519600,00,SAT_TAL:13
GPS_SNR:24,18,38,43,41,38,37,30,19,18,18,31,34,00,00,SNR_AVG:29.92
GLO_PRN:67,76,66,65,77,00,00,00,00,00,00,00,00,00,00,SAT_TAL:04
GLO_SNR:18,33,19,26,00,00,00,00,00,00,00,00,00,00,00,SNR_AVG:24.00
GAL_PRN:00,00,00,00,00,00,00,00,00,00,00,00,00,00,00,SAT_TAL:00
GAL_SNR:00,00,00,00,00,00,00,00,00,00,00,00,00,00,00,SNR_AVG:0.00
BEI_PRN:00,00,00,00,00,00,00,00,00,00,00,00,00,00,00,SAT_TAL:00
BEI_SNR:00,00,00,00,00,00,00,00,00,00,00,00,00,00,00,SNR_AVG:0.00
QZS_PRN:00,00,00,00,00,SAT_TAL:00
QZS_SNR:00,00,00,00,00,SNR_AVG:0.00
SatInView:18 GDOP:116
Roll:98.322144 Pitch:42.731602
X_AVG:-6.977754 Y_AVG:7.042159 Z_AVG:-1.268952
X_SD:0.077804 Y_SD:0.053851 Z_SD:0.098750
$MXCM10033,2,75,20240103,072651,12,0E70FC71,47EF9EEC,00CF,0000,5737,0C,C201*13
GPS_PRN:19604,16,21,31,26,02,07,28,01,19419919508,00,SAT_TAL:11
GPS_SNR:27,00,39,19,37,46,32,00,00,19,21,19,39,31,00,SNR_AVG:29.91
GLO_PRN:67,76,66,65,77,00,00,00,00,00,00,00,00,00,00,SAT_TAL:03
GLO_SNR:25,31,21,00,00,00,00,00,00,00,00,00,00,00,00,SNR_AVG:25.67
GAL_PRN:00,00,00,00,00,00,00,00,00,00,00,00,00,00,00,SAT_TAL:00
GAL_SNR:00,00,00,00,00,00,00,00,00,00,00,00,00,00,00,SNR_AVG:0.00
BEI_PRN:00,00,00,00,00,00,00,00,00,00,00,00,00,00,00,SAT_TAL:00
BEI_SNR:00,00,00,00,00,00,00,00,00,00,00,00,00,00,00,SNR_AVG:0.00
QZS_PRN:00,00,00,00,00,SAT_TAL:00
QZS_SNR:00,00,00,00,00,SNR_AVG:0.00
SatInView:19 GDOP:119
Roll:98.507683 Pitch:43.020393
X_AVG:-6.980148 Y_AVG:7.043548 Z_AVG:-1.269958
X_SD:0.071905 Y_SD:0.060660 Z_SD:0.097379
$MXCM10033,2,76,20240103,072706,12,0E70FEFA,47EF9EE2,00CF,0000,5737,0D,C201*62
GPS_PRN:19604,16,21,31,26,02,28,01,18,19419919508,00,SAT_TAL:13
GPS_SNR:31,20,39,29,39,46,37,18,18,00,19,22,40,26,00,SNR_AVG:29.54
GLO_PRN:67,76,66,65,77,00,00,00,00,00,00,00,00,00,00,SAT_TAL:04
GLO_SNR:16,32,22,22,00,00,00,00,00,00,00,00,00,00,00,SNR_AVG:23.00
GAL_PRN:00,00,00,00,00,00,00,00,00,00,00,00,00,00,00,SAT_TAL:00
GAL_SNR:00,00,00,00,00,00,00,00,00,00,00,00,00,00,00,SNR_AVG:0.00
BEI_PRN:00,00,00,00,00,00,00,00,00,00,00,00,00,00,00,SAT_TAL:00
BEI_SNR:00,00,00,00,00,00,00,00,00,00,00,00,00,00,00,SNR_AVG:0.00
QZS_PRN:00,00,00,00,00,SAT_TAL:00
QZS_SNR:00,00,00,00,00,SNR_AVG:0.00
SatInView:19 GDOP:116
Roll:98.687561 Pitch:44.157055
X_AVG:-6.974594 Y_AVG:7.027746 Z_AVG:-1.258753
X_SD:0.068557 Y_SD:0.063339 Z_SD:0.092191
$MXCM10033,2,77,20240103,072922,12,0E70FDB2,47EFA2CD,00CF,0000,0000,0E,C201*65
GPS_PRN:19604,16,09,21,31,26,02,07,28,18,19419919508,SAT_TAL:12
GPS_SNR:39,21,40,16,32,38,44,33,20,00,00,00,21,43,25,SNR_AVG:31.00
GLO_PRN:00,00,00,00,00,00,00,00,00,00,00,00,00,00,00,SAT_TAL:00
GLO_SNR:00,00,00,00,00,00,00,00,00,00,00,00,00,00,00,SNR_AVG:0.00
GAL_PRN:00,00,00,00,00,00,00,00,00,00,00,00,00,00,00,SAT_TAL:00
GAL_SNR:00,00,00,00,00,00,00,00,00,00,00,00,00,00,00,SNR_AVG:0.00
BEI_PRN:00,00,00,00,00,00,00,00,00,00,00,00,00,00,00,SAT_TAL:00
BEI_SNR:00,00,00,00,00,00,00,00,00,00,00,00,00,00,00,SNR_AVG:0.00
QZS_PRN:00,00,00,00,00,SAT_TAL:00
QZS_SNR:00,00,00,00,00,SNR_AVG:0.00
SatInView:20 GDOP:113
Roll:98.559067 Pitch:43.883778
X_AVG:-6.981872 Y_AVG:7.041154 Z_AVG:-1.260812
X_SD:0.072719 Y_SD:0.057970 Z_SD:0.092227
$MXCM10033,2,78,20240103,072937,12,0E70FDD2,47EFA2BA,00CF,0000,0000,0D,C201*6D
GPS_PRN:08,04,16,21,31,26,02,07,28,19419919519600,00,SAT_TAL:11
GPS_SNR:28,14,41,26,38,44,37,15,00,00,20,43,38,00,00,SNR_AVG:31.27
GLO_PRN:67,76,66,65,77,00,00,00,00,00,00,00,00,00,00,SAT_TAL:04
GLO_SNR:20,27,18,20,00,00,00,00,00,00,00,00,00,00,00,SNR_AVG:21.25
GAL_PRN:00,00,00,00,00,00,00,00,00,00,00,00,00,00,00,SAT_TAL:00
GAL_SNR:00,00,00,00,00,00,00,00,00,00,00,00,00,00,00,SNR_AVG:0.00
BEI_PRN:00,00,00,00,00,00,00,00,00,00,00,00,00,00,00,SAT_TAL:00
BEI_SNR:00,00,00,00,00,00,00,00,00,00,00,00,00,00,00,SNR_AVG:0.00
QZS_PRN:00,00,00,00,00,SAT_TAL:00
QZS_SNR:00,00,00,00,00,SNR_AVG:0.00
SatInView:18 GDOP:115
Roll:98.654404 Pitch:43.185051
X_AVG:-6.981633 Y_AVG:7.039526 Z_AVG:-1.262201
X_SD:0.068064 Y_SD:0.063687 Z_SD:0.093046
$MXCM10033,2,79,20240103,073153,12,0E70FC8F,47EFA5F6,00CF,0000,7267,0C,C201*1F
GPS_PRN:19604,16,09,21,26,31,02,07,01,28,19419919508,SAT_TAL:13
GPS_SNR:41,21,36,18,41,42,38,23,23,22,00,00,21,41,24,SNR_AVG:30.08
GLO_PRN:00,00,00,00,00,00,00,00,00,00,00,00,00,00,00,SAT_TAL:00
GLO_SNR:00,00,00,00,00,00,00,00,00,00,00,00,00,00,00,SNR_AVG:0.00
GAL_PRN:00,00,00,00,00,00,00,00,00,00,00,00,00,00,00,SAT_TAL:00
GAL_SNR:00,00,00,00,00,00,00,00,00,00,00,00,00,00,00,SNR_AVG:0.00
BEI_PRN:00,00,00,00,00,00,00,00,00,00,00,00,00,00,00,SAT_TAL:00
BEI_SNR:00,00,00,00,00,00,00,00,00,00,00,00,00,00,00,SNR_AVG:0.00
QZS_PRN:00,00,00,00,00,SAT_TAL:00
QZS_SNR:00,00,00,00,00,SNR_AVG:0.00
SatInView:20 GDOP:119
Roll:98.121246 Pitch:41.649982
X_AVG:-6.981441 Y_AVG:7.033875 Z_AVG:-1.264882
X_SD:0.073131 Y_SD:0.066149 Z_SD:0.092615
$MXCM10033,2,80,20240103,073208,12,0E70FDC7,47EFA47E,00CF,0000,7267,0F,C201*1F
GPS_PRN:19604,16,09,21,26,31,02,07,01,28,19419919508,SAT_TAL:13
GPS_SNR:40,19,36,28,37,42,42,18,18,24,00,00,21,41,28,SNR_AVG:30.31
GLO_PRN:00,00,00,00,00,00,00,00,00,00,00,00,00,00,00,SAT_TAL:00
GLO_SNR:00,00,00,00,00,00,00,00,00,00,00,00,00,00,00,SNR_AVG:0.00
GAL_PRN:00,00,00,00,00,00,00,00,00,00,00,00,00,00,00,SAT_TAL:00
GAL_SNR:00,00,00,00,00,00,00,00,00,00,00,00,00,00,00,SNR_AVG:0.00
BEI_PRN:00,00,00,00,00,00,00,00,00,00,00,00,00,00,00,SAT_TAL:00
BEI_SNR:00,00,00,00,00,00,00,00,00,00,00,00,00,00,00,SNR_AVG:0.00
QZS_PRN:00,00,00,00,00,SAT_TAL:00
QZS_SNR:00,00,00,00,00,SNR_AVG:0.00
SatInView:20 GDOP:110
Roll:97.450302 Pitch:42.727234
X_AVG:-6.975120 Y_AVG:7.041106 Z_AVG:-1.266846
X_SD:0.069357 Y_SD:0.063833 Z_SD:0.092393
$MXCM10033,2,81,20240103,073424,12,0E70FD22,47EFA341,00CF,0000,0000,0E,C201*15
GPS_PRN:19604,16,09,21,31,26,02,07,28,19419919508,00,SAT_TAL:12
GPS_SNR:40,24,35,21,40,42,41,37,20,00,00,20,25,17,00,SNR_AVG:30.17
GLO_PRN:67,76,66,65,77,00,00,00,00,00,00,00,00,00,00,SAT_TAL:03
GLO_SNR:21,31,23,00,00,00,00,00,00,00,00,00,00,00,00,SNR_AVG:25.00
GAL_PRN:00,00,00,00,00,00,00,00,00,00,00,00,00,00,00,SAT_TAL:00
GAL_SNR:00,00,00,00,00,00,00,00,00,00,00,00,00,00,00,SNR_AVG:0.00
BEI_PRN:00,00,00,00,00,00,00,00,00,00,00,00,00,00,00,SAT_TAL:00
BEI_SNR:00,00,00,00,00,00,00,00,00,00,00,00,00,00,00,SNR_AVG:0.00
QZS_PRN:00,00,00,00,00,SAT_TAL:00
QZS_SNR:00,00,00,00,00,SNR_AVG:0.00
SatInView:19 GDOP:114
Roll:98.209167 Pitch:42.040554
X_AVG:-6.980148 Y_AVG:7.034881 Z_AVG:-1.262919
X_SD:0.075416 Y_SD:0.060302 Z_SD:0.101459
$MXCM10033,2,82,20240103,073439,12,0E70FD79,47EFA2DD,00CF,0000,0000,10,C201*64
GPS_PRN:19604,16,09,21,31,26,02,07,28,19419919508,00,SAT_TAL:13
GPS_SNR:40,24,34,18,42,42,41,35,17,00,23,20,24,20,00,SNR_AVG:29.23
GLO_PRN:67,76,66,65,77,00,00,00,00,00,00,00,00,00,00,SAT_TAL:04
GLO_SNR:20,34,18,25,00,00,00,00,00,00,00,00,00,00,00,SNR_AVG:24.25
GAL_PRN:00,00,00,00,00,00,00,00,00,00,00,00,00,00,00,SAT_TAL:00
GAL_SNR:00,00,00,00,00,00,00,00,00,00,00,00,00,00,00,SNR_AVG:0.00
BEI_PRN:00,00,00,00,00,00,00,00,00,00,00,00,00,00,00,SAT_TAL:00
BEI_SNR:00,00,00,00,00,00,00,00,00,00,00,00,00,00,00,SNR_AVG:0.00
QZS_PRN:00,00,00,00,00,SAT_TAL:00
QZS_SNR:00,00,00,00,00,SNR_AVG:0.00
SatInView:19 GDOP:107
Roll:98.542168 Pitch:44.186451
X_AVG:-6.986709 Y_AVG:7.030763 Z_AVG:-1.271347
X_SD:0.072203 Y_SD:0.059719 Z_SD:0.097308
$MXCM10033,2,83,20240103,073654,12,0E70FCEE,47EF9FB9,00CF,0000,1D85,0F,C201*1D
GPS_PRN:19604,16,09,21,02,26,31,07,01,19419919508,00,SAT_TAL:12
GPS_SNR:39,24,32,16,33,29,43,38,00,24,00,18,33,33,00,SNR_AVG:30.17
GLO_PRN:67,76,66,65,77,00,00,00,00,00,00,00,00,00,00,SAT_TAL:04
GLO_SNR:22,37,17,18,00,00,00,00,00,00,00,00,00,00,00,SNR_AVG:23.50
GAL_PRN:00,00,00,00,00,00,00,00,00,00,00,00,00,00,00,SAT_TAL:00
GAL_SNR:00,00,00,00,00,00,00,00,00,00,00,00,00,00,00,SNR_AVG:0.00
BEI_PRN:00,00,00,00,00,00,00,00,00,00,00,00,00,00,00,SAT_TAL:00
BEI_SNR:00,00,00,00,00,00,00,00,00,00,00,00,00,00,00,SNR_AVG:0.00
QZS_PRN:00,00,00,00,00,SAT_TAL:00
QZS_SNR:00,00,00,00,00,SNR_AVG:0.00
SatInView:19 GDOP:109
Roll:98.443062 Pitch:42.917534
X_AVG:-6.985511 Y_AVG:7.030475 Z_AVG:-1.260189
X_SD:0.067977 Y_SD:0.061755 Z_SD:0.101210
$MXCM10033,2,84,20240103,073710,12,0E70FCB1,47EFA233,00CF,0000,1D85,0F,C201*1F
GPS_PRN:19604,16,09,21,02,26,31,07,01,19419919508,00,SAT_TAL:13
GPS_SNR:39,20,17,16,36,30,43,38,14,22,00,20,32,29,00,SNR_AVG:27.38
GLO_PRN:67,76,66,65,77,00,00,00,00,00,00,00,00,00,00,SAT_TAL:03
GLO_SNR:24,37,17,00,00,00,00,00,00,00,00,00,00,00,00,SNR_AVG:26.00
GAL_PRN:00,00,00,00,00,00,00,00,00,00,00,00,00,00,00,SAT_TAL:00
GAL_SNR:00,00,00,00,00,00,00,00,00,00,00,00,00,00,00,SNR_AVG:0.00
BEI_PRN:00,00,00,00,00,00,00,00,00,00,00,00,00,00,00,SAT_TAL:00
BEI_SNR:00,00,00,00,00,00,00,00,00,00,00,00,00,00,00,SNR_AVG:0.00
QZS_PRN:00,00,00,00,00,SAT_TAL:00
QZS_SNR:00,00,00,00,00,SNR_AVG:0.00
SatInView:19 GDOP:108
Roll:98.663155 Pitch:42.739315
X_AVG:-6.971960 Y_AVG:7.032343 Z_AVG:-1.271107
X_SD:0.073406 Y_SD:0.065164 Z_SD:0.095645
$MXCM10033,2,85,20240103,073925,12,0E70FC73,47EFA5D3,00CF,0000,3317,0D,C201*6D
GPS_PRN:19604,16,21,09,02,26,31,07,01,19419919508,00,SAT_TAL:13
GPS_SNR:37,19,40,37,17,36,40,36,00,27,22,18,40,19,00,SNR_AVG:29.85
GLO_PRN:67,76,66,77,65,00,00,00,00,00,00,00,00,00,00,SAT_TAL:02
GLO_SNR:00,30,00,00,25,00,00,00,00,00,00,00,00,00,00,SNR_AVG:27.50
GAL_PRN:00,00,00,00,00,00,00,00,00,00,00,00,00,00,00,SAT_TAL:00
GAL_SNR:00,00,00,00,00,00,00,00,00,00,00,00,00,00,00,SNR_AVG:0.00
BEI_PRN:00,00,00,00,00,00,00,00,00,00,00,00,00,00,00,SAT_TAL:00
BEI_SNR:00,00,00,00,00,00,00,00,00,00,00,00,00,00,00,SNR_AVG:0.00
QZS_PRN:00,00,00,00,00,SAT_TAL:00
QZS_SNR:00,00,00,00,00,SNR_AVG:0.00
SatInView:19 GDOP:131
Roll:98.320442 Pitch:42.717808
X_AVG:-6.979765 Y_AVG:7.034019 Z_AVG:-1.272113
X_SD:0.073254 Y_SD:0.061643 Z_SD:0.094822
$MXCM10033,2,86,20240103,073941,12,0E70FC4D,47EFA354,00CF,0000,3317,0E,C201*69
GPS_PRN:08,04,16,21,02,26,31,01,19419919519600,00,00,SAT_TAL:12
GPS_SNR:31,26,40,36,35,40,32,28,24,19,40,36,00,00,00,SNR_AVG:32.25
GLO_PRN:67,76,66,77,65,00,00,00,00,00,00,00,00,00,00,SAT_TAL:03
GLO_SNR:00,30,17,00,23,00,00,00,00,00,00,00,00,00,00,SNR_AVG:23.33
GAL_PRN:00,00,00,00,00,00,00,00,00,00,00,00,00,00,00,SAT_TAL:00
GAL_SNR:00,00,00,00,00,00,00,00,00,00,00,00,00,00,00,SNR_AVG:0.00
BEI_PRN:00,00,00,00,00,00,00,00,00,00,00,00,00,00,00,SAT_TAL:00
BEI_SNR:00,00,00,00,00,00,00,00,00,00,00,00,00,00,00,SNR_AVG:0.00
QZS_PRN:00,00,00,00,00,SAT_TAL:00
QZS_SNR:00,00,00,00,00,SNR_AVG:0.00
SatInView:17 GDOP:121
Roll:98.368950 Pitch:44.133953
X_AVG:-6.975360 Y_AVG:7.036174 Z_AVG:-1.256838
X_SD:0.068082 Y_SD:0.063195 Z_SD:0.098708
$MXCM10033,2,87,20240103,074156,12,0E70F77C,47EF90AD,00CF,0002,31C7,08,C202*62
GPS_PRN:08,04,16,21,02,26,31,19419919519600,00,00,00,SAT_TAL:08
GPS_SNR:00,17,14,19,22,00,21,14,00,15,18,00,00,00,00,SNR_AVG:17.50
GLO_PRN:67,76,66,77,65,00,00,00,00,00,00,00,00,00,00,SAT_TAL:00
GLO_SNR:00,00,00,00,00,00,00,00,00,00,00,00,00,00,00,SNR_AVG:0.00
GAL_PRN:00,00,00,00,00,00,00,00,00,00,00,00,00,00,00,SAT_TAL:00
GAL_SNR:00,00,00,00,00,00,00,00,00,00,00,00,00,00,00,SNR_AVG:0.00
BEI_PRN:00,00,00,00,00,00,00,00,00,00,00,00,00,00,00,SAT_TAL:00
BEI_SNR:00,00,00,00,00,00,00,00,00,00,00,00,00,00,00,SNR_AVG:0.00
QZS_PRN:00,00,00,00,00,SAT_TAL:00
QZS_SNR:00,00,00,00,00,SNR_AVG:0.00
SatInView:16 GDOP:185
Roll:81.360657 Pitch:90.000000
X_AVG:-10.171540 Y_AVG:0.940461 Z_AVG:-0.567102
X_SD:1.300040 Y_SD:0.918078 Z_SD:0.769407
$MXCM10033,2,88,20240103,074211,12,0E70F605,47EF9330,00CF,0000,400E,08,C202*1D
GPS_PRN:19604,16,21,09,02,26,31,07,01,19419919508,00,SAT_TAL:09
GPS_SNR:18,16,16,18,00,18,15,17,00,00,13,00,16,00,00,SNR_AVG:16.33
GLO_PRN:67,76,66,77,65,00,00,00,00,00,00,00,00,00,00,SAT_TAL:00
GLO_SNR:00,00,00,00,00,00,00,00,00,00,00,00,00,00,00,SNR_AVG:0.00
GAL_PRN:00,00,00,00,00,00,00,00,00,00,00,00,00,00,00,SAT_TAL:00
GAL_SNR:00,00,00,00,00,00,00,00,00,00,00,00,00,00,00,SNR_AVG:0.00
BEI_PRN:00,00,00,00,00,00,00,00,00,00,00,00,00,00,00,SAT_TAL:00
BEI_SNR:00,00,00,00,00,00,00,00,00,00,00,00,00,00,00,SNR_AVG:0.00
QZS_PRN:00,00,00,00,00,SAT_TAL:00
QZS_SNR:00,00,00,00,00,SNR_AVG:0.00
SatInView:19 GDOP:187
Roll:167.531464 Pitch:66.262321
X_AVG:-9.703751 Y_AVG:1.278290 Z_AVG:-2.770913
X_SD:1.800314 Y_SD:0.565164 Z_SD:1.032483
$MXCM10033,2,89,20240103,074426,00,0E70F64F,47EF9316,00CF,0000,0000,00,C202*17
GPS_PRN:19604,16,21,09,02,07,01,08,19419919500,00,00,SAT_TAL:01
GPS_SNR:00,00,17,00,00,00,00,00,00,00,00,00,00,00,00,SNR_AVG:17.00
GLO_PRN:76,00,00,00,00,00,00,00,00,00,00,00,00,00,00,SAT_TAL:00
GLO_SNR:00,00,00,00,00,00,00,00,00,00,00,00,00,00,00,SNR_AVG:0.00
GAL_PRN:00,00,00,00,00,00,00,00,00,00,00,00,00,00,00,SAT_TAL:00
GAL_SNR:00,00,00,00,00,00,00,00,00,00,00,00,00,00,00,SNR_AVG:0.00
BEI_PRN:00,00,00,00,00,00,00,00,00,00,00,00,00,00,00,SAT_TAL:00
BEI_SNR:00,00,00,00,00,00,00,00,00,00,00,00,00,00,00,SNR_AVG:0.00
QZS_PRN:00,00,00,00,00,SAT_TAL:00
QZS_SNR:00,00,00,00,00,SNR_AVG:0.00
SatInView:13 GDOP:16741
Roll:180.000015 Pitch:-90.000000
X_AVG:9.529498 Y_AVG:0.598562 Z_AVG:-2.064035
X_SD:0.077134 Y_SD:0.056957 Z_SD:0.095010
$MXCM10033,2,90,20240103,074442,12,0E710058,47EF8F0B,00D3,0000,2595,06,C202*6E
GPS_PRN:08,04,21,16,02,26,07,31,01,19419919519600,00,SAT_TAL:05
GPS_SNR:00,16,00,17,21,00,16,00,00,00,00,00,17,00,00,SNR_AVG:17.40
GLO_PRN:67,76,66,77,65,00,00,00,00,00,00,00,00,00,00,SAT_TAL:01
GLO_SNR:00,18,00,00,00,00,00,00,00,00,00,00,00,00,00,SNR_AVG:18.00
GAL_PRN:00,00,00,00,00,00,00,00,00,00,00,00,00,00,00,SAT_TAL:00
GAL_SNR:00,00,00,00,00,00,00,00,00,00,00,00,00,00,00,SNR_AVG:0.00
BEI_PRN:00,00,00,00,00,00,00,00,00,00,00,00,00,00,00,SAT_TAL:00
BEI_SNR:00,00,00,00,00,00,00,00,00,00,00,00,00,00,00,SNR_AVG:0.00
QZS_PRN:00,00,00,00,00,SAT_TAL:00
QZS_SNR:00,00,00,00,00,SNR_AVG:0.00
SatInView:18 GDOP:161
Roll:180.000015 Pitch:-90.000000
X_AVG:9.531461 Y_AVG:0.601914 Z_AVG:-2.055368
X_SD:0.075879 Y_SD:0.063619 Z_SD:0.091813
$MXCM10033,2,91,20240103,074657,00,0E71004D,47EF904D,00D5,0000,0000,00,C202*69
GPS_PRN:02,07,26,19600,00,00,00,00,00,00,00,00,00,00,SAT_TAL:00
GPS_SNR:00,00,00,00,00,00,00,00,00,00,00,00,00,00,00,SNR_AVG:0.00
GLO_PRN:00,00,00,00,00,00,00,00,00,00,00,00,00,00,00,SAT_TAL:00
GLO_SNR:00,00,00,00,00,00,00,00,00,00,00,00,00,00,00,SNR_AVG:0.00
GAL_PRN:00,00,00,00,00,00,00,00,00,00,00,00,00,00,00,SAT_TAL:00
GAL_SNR:00,00,00,00,00,00,00,00,00,00,00,00,00,00,00,SNR_AVG:0.00
BEI_PRN:00,00,00,00,00,00,00,00,00,00,00,00,00,00,00,SAT_TAL:00
BEI_SNR:00,00,00,00,00,00,00,00,00,00,00,00,00,00,00,SNR_AVG:0.00
QZS_PRN:00,00,00,00,00,SAT_TAL:00
QZS_SNR:00,00,00,00,00,SNR_AVG:0.00
SatInView:4 GDOP:17319
Roll:180.000015 Pitch:-90.000000
X_AVG:9.536058 Y_AVG:0.602393 Z_AVG:-2.067195
X_SD:0.072127 Y_SD:0.061075 Z_SD:0.093731
$MXCM10033,2,92,20240103,074712,00,0E71004D,47EF904D,00D5,0000,0000,00,C202*6A
GPS_PRN:08,19400,00,00,00,00,00,00,00,00,00,00,00,00,SAT_TAL:00
GPS_SNR:00,00,00,00,00,00,00,00,00,00,00,00,00,00,00,SNR_AVG:0.00
GLO_PRN:00,00,00,00,00,00,00,00,00,00,00,00,00,00,00,SAT_TAL:00
GLO_SNR:00,00,00,00,00,00,00,00,00,00,00,00,00,00,00,SNR_AVG:0.00
GAL_PRN:00,00,00,00,00,00,00,00,00,00,00,00,00,00,00,SAT_TAL:00
GAL_SNR:00,00,00,00,00,00,00,00,00,00,00,00,00,00,00,SNR_AVG:0.00
BEI_PRN:00,00,00,00,00,00,00,00,00,00,00,00,00,00,00,SAT_TAL:00
BEI_SNR:00,00,00,00,00,00,00,00,00,00,00,00,00,00,00,SNR_AVG:0.00
QZS_PRN:00,00,00,00,00,SAT_TAL:00
QZS_SNR:00,00,00,00,00,SNR_AVG:0.00
SatInView:2 GDOP:17319
Roll:180.000015 Pitch:-90.000000
X_AVG:9.550854 Y_AVG:0.610151 Z_AVG:-2.069159
X_SD:0.067894 Y_SD:0.063754 Z_SD:0.095175
$MXCM10033,2,93,20240103,074927,00,0E71004D,47EF904D,00D5,0000,0000,00,C202*63
GPS_PRN:21,02,07,26,19600,00,00,00,00,00,00,00,00,00,SAT_TAL:00
GPS_SNR:00,00,00,00,00,00,00,00,00,00,00,00,00,00,00,SNR_AVG:0.00
GLO_PRN:00,00,00,00,00,00,00,00,00,00,00,00,00,00,00,SAT_TAL:00
GLO_SNR:00,00,00,00,00,00,00,00,00,00,00,00,00,00,00,SNR_AVG:0.00
GAL_PRN:00,00,00,00,00,00,00,00,00,00,00,00,00,00,00,SAT_TAL:00
GAL_SNR:00,00,00,00,00,00,00,00,00,00,00,00,00,00,00,SNR_AVG:0.00
BEI_PRN:00,00,00,00,00,00,00,00,00,00,00,00,00,00,00,SAT_TAL:00
BEI_SNR:00,00,00,00,00,00,00,00,00,00,00,00,00,00,00,SNR_AVG:0.00
QZS_PRN:00,00,00,00,00,SAT_TAL:00
QZS_SNR:00,00,00,00,00,SNR_AVG:0.00
SatInView:5 GDOP:17319
Roll:180.000015 Pitch:-90.000000
X_AVG:9.550567 Y_AVG:0.605075 Z_AVG:-2.069829
X_SD:0.070852 Y_SD:0.063648 Z_SD:0.104063
$MXCM10033,2,94,20240103,074942,00,0E71004D,47EF904D,00D5,0000,0000,00,C202*67
GPS_PRN:08,19400,00,00,00,00,00,00,00,00,00,00,00,00,SAT_TAL:00
GPS_SNR:00,00,00,00,00,00,00,00,00,00,00,00,00,00,00,SNR_AVG:0.00
GLO_PRN:00,00,00,00,00,00,00,00,00,00,00,00,00,00,00,SAT_TAL:00
GLO_SNR:00,00,00,00,00,00,00,00,00,00,00,00,00,00,00,SNR_AVG:0.00
GAL_PRN:00,00,00,00,00,00,00,00,00,00,00,00,00,00,00,SAT_TAL:00
GAL_SNR:00,00,00,00,00,00,00,00,00,00,00,00,00,00,00,SNR_AVG:0.00
BEI_PRN:00,00,00,00,00,00,00,00,00,00,00,00,00,00,00,SAT_TAL:00
BEI_SNR:00,00,00,00,00,00,00,00,00,00,00,00,00,00,00,SNR_AVG:0.00
QZS_PRN:00,00,00,00,00,SAT_TAL:00
QZS_SNR:00,00,00,00,00,SNR_AVG:0.00
SatInView:2 GDOP:17319
Roll:180.000015 Pitch:-90.000000
X_AVG:9.553153 Y_AVG:0.603351 Z_AVG:-2.070212
X_SD:0.072917 Y_SD:0.062815 Z_SD:0.079954
$MXCM10033,2,95,20240103,075157,00,0E71004D,47EF904D,00D5,0000,0000,00,C202*6B
GPS_PRN:09,07,26,19600,00,00,00,00,00,00,00,00,00,00,SAT_TAL:00
GPS_SNR:00,00,00,00,00,00,00,00,00,00,00,00,00,00,00,SNR_AVG:0.00
GLO_PRN:00,00,00,00,00,00,00,00,00,00,00,00,00,00,00,SAT_TAL:00
GLO_SNR:00,00,00,00,00,00,00,00,00,00,00,00,00,00,00,SNR_AVG:0.00
GAL_PRN:00,00,00,00,00,00,00,00,00,00,00,00,00,00,00,SAT_TAL:00
GAL_SNR:00,00,00,00,00,00,00,00,00,00,00,00,00,00,00,SNR_AVG:0.00
BEI_PRN:00,00,00,00,00,00,00,00,00,00,00,00,00,00,00,SAT_TAL:00
BEI_SNR:00,00,00,00,00,00,00,00,00,00,00,00,00,00,00,SNR_AVG:0.00
QZS_PRN:00,00,00,00,00,SAT_TAL:00
QZS_SNR:00,00,00,00,00,SNR_AVG:0.00
SatInView:4 GDOP:19998
Roll:0.000000 Pitch:90.000000
X_AVG:-9.788124 Y_AVG:0.039840 Z_AVG:0.752944
X_SD:0.074647 Y_SD:0.061610 Z_SD:0.093950
$MXCM10033,2,96,20240103,075212,00,0E70FD2C,47EF996D,00DC,0000,4094,00,C202*1C
GPS_PRN:19621,04,16,09,02,07,26,31,01,19419919508,00,SAT_TAL:05
GPS_SNR:00,00,18,00,00,19,22,00,00,16,00,00,14,00,00,SNR_AVG:17.80
GLO_PRN:65,76,66,77,67,00,00,00,00,00,00,00,00,00,00,SAT_TAL:00
GLO_SNR:00,00,00,00,00,00,00,00,00,00,00,00,00,00,00,SNR_AVG:0.00
GAL_PRN:00,00,00,00,00,00,00,00,00,00,00,00,00,00,00,SAT_TAL:00
GAL_SNR:00,00,00,00,00,00,00,00,00,00,00,00,00,00,00,SNR_AVG:0.00
BEI_PRN:00,00,00,00,00,00,00,00,00,00,00,00,00,00,00,SAT_TAL:00
BEI_SNR:00,00,00,00,00,00,00,00,00,00,00,00,00,00,00,SNR_AVG:0.00
QZS_PRN:00,00,00,00,00,SAT_TAL:00
QZS_SNR:00,00,00,00,00,SNR_AVG:0.00
SatInView:19 GDOP:251
Roll:0.000000 Pitch:90.000000
X_AVG:-9.778308 Y_AVG:0.034190 Z_AVG:0.746192
X_SD:0.074300 Y_SD:0.061692 Z_SD:0.094569
$MXCM10033,2,97,20240103,075427,00,0E70E15D,47EFA9D2,00E3,0000,0000,00,C202*6F
GPS_PRN:19621,04,16,09,02,07,26,31,01,19919508,19400,SAT_TAL:03
GPS_SNR:20,00,18,00,00,00,00,00,00,00,00,22,00,00,00,SNR_AVG:20.00
GLO_PRN:76,66,77,00,00,00,00,00,00,00,00,00,00,00,00,SAT_TAL:00
GLO_SNR:00,00,00,00,00,00,00,00,00,00,00,00,00,00,00,SNR_AVG:0.00
GAL_PRN:00,00,00,00,00,00,00,00,00,00,00,00,00,00,00,SAT_TAL:00
GAL_SNR:00,00,00,00,00,00,00,00,00,00,00,00,00,00,00,SNR_AVG:0.00
BEI_PRN:00,00,00,00,00,00,00,00,00,00,00,00,00,00,00,SAT_TAL:00
BEI_SNR:00,00,00,00,00,00,00,00,00,00,00,00,00,00,00,SNR_AVG:0.00
QZS_PRN:00,00,00,00,00,SAT_TAL:00
QZS_SNR:00,00,00,00,00,SNR_AVG:0.00
SatInView:17 GDOP:374
Roll:0.000000 Pitch:90.000000
X_AVG:-9.795068 Y_AVG:-0.396057 Z_AVG:0.518642
X_SD:0.071120 Y_SD:0.065558 Z_SD:0.095990
$MXCM10033,2,98,20240103,075442,12,0E71101E,47EF8EF8,00E2,0000,455A,0D,C202*1C
GPS_PRN:19621,04,16,09,02,07,26,31,01,19419919508,00,SAT_TAL:10
GPS_SNR:20,16,17,16,00,16,18,17,14,00,16,00,22,00,00,SNR_AVG:17.20
GLO_PRN:65,76,66,77,67,00,00,00,00,00,00,00,00,00,00,SAT_TAL:03
GLO_SNR:00,23,19,00,17,00,00,00,00,00,00,00,00,00,00,SNR_AVG:19.67
GAL_PRN:00,00,00,00,00,00,00,00,00,00,00,00,00,00,00,SAT_TAL:00
GAL_SNR:00,00,00,00,00,00,00,00,00,00,00,00,00,00,00,SNR_AVG:0.00
BEI_PRN:00,00,00,00,00,00,00,00,00,00,00,00,00,00,00,SAT_TAL:00
BEI_SNR:00,00,00,00,00,00,00,00,00,00,00,00,00,00,00,SNR_AVG:0.00
QZS_PRN:00,00,00,00,00,SAT_TAL:00
QZS_SNR:00,00,00,00,00,SNR_AVG:0.00
SatInView:19 GDOP:115
Roll:0.000000 Pitch:90.000000
X_AVG:-9.793919 Y_AVG:-0.408746 Z_AVG:0.530135
X_SD:0.071165 Y_SD:0.064499 Z_SD:0.101040
$MXCM10033,2,99,20240103,075657,00,0E711050,47EF8EDF,00E2,0000,0000,00,C202*14
GPS_PRN:19604,16,09,02,07,26,31,01,21,19419919500,00,SAT_TAL:01
GPS_SNR:00,00,00,00,00,00,00,00,00,22,00,00,00,00,00,SNR_AVG:22.00
GLO_PRN:76,00,00,00,00,00,00,00,00,00,00,00,00,00,00,SAT_TAL:00
GLO_SNR:00,00,00,00,00,00,00,00,00,00,00,00,00,00,00,SNR_AVG:0.00
GAL_PRN:00,00,00,00,00,00,00,00,00,00,00,00,00,00,00,SAT_TAL:00
GAL_SNR:00,00,00,00,00,00,00,00,00,00,00,00,00,00,00,SNR_AVG:0.00
BEI_PRN:00,00,00,00,00,00,00,00,00,00,00,00,00,00,00,SAT_TAL:00
BEI_SNR:00,00,00,00,00,00,00,00,00,00,00,00,00,00,00,SNR_AVG:0.00
QZS_PRN:00,00,00,00,00,SAT_TAL:00
QZS_SNR:00,00,00,00,00,SNR_AVG:0.00
SatInView:14 GDOP:16497
Roll:0.000000 Pitch:90.000000
X_AVG:-9.790854 Y_AVG:-0.404054 Z_AVG:0.527070
X_SD:0.068982 Y_SD:0.062577 Z_SD:0.085758
$MXCM10033,2,100,20240103,075713,12,0E70FE69,47EF94A0,00E2,0000,07E0,0A,C202*2E
GPS_PRN:19621,04,16,09,02,07,26,31,01,19419919508,00,SAT_TAL:09
GPS_SNR:23,18,17,15,20,00,00,17,20,13,00,00,18,00,00,SNR_AVG:17.89
GLO_PRN:65,76,77,66,67,00,00,00,00,00,00,00,00,00,00,SAT_TAL:01
GLO_SNR:00,23,00,00,00,00,00,00,00,00,00,00,00,00,00,SNR_AVG:23.00
GAL_PRN:00,00,00,00,00,00,00,00,00,00,00,00,00,00,00,SAT_TAL:00
GAL_SNR:00,00,00,00,00,00,00,00,00,00,00,00,00,00,00,SNR_AVG:0.00
BEI_PRN:00,00,00,00,00,00,00,00,00,00,00,00,00,00,00,SAT_TAL:00
BEI_SNR:00,00,00,00,00,00,00,00,00,00,00,00,00,00,00,SNR_AVG:0.00
QZS_PRN:00,00,00,00,00,SAT_TAL:00
QZS_SNR:00,00,00,00,00,SNR_AVG:0.00
SatInView:19 GDOP:137
Roll:0.000000 Pitch:90.000000
X_AVG:-9.796026 Y_AVG:-0.331556 Z_AVG:0.577589
X_SD:0.081676 Y_SD:0.077978 Z_SD:0.103336
$MXCM10033,2,101,20240103,075928,00,0E70FE19,47EF94F6,00E2,0000,0000,00,C202*2F
GPS_PRN:04,07,26,19600,00,00,00,00,00,00,00,00,00,00,SAT_TAL:00
GPS_SNR:00,00,00,00,00,00,00,00,00,00,00,00,00,00,00,SNR_AVG:0.00
GLO_PRN:67,00,00,00,00,00,00,00,00,00,00,00,00,00,00,SAT_TAL:00
GLO_SNR:00,00,00,00,00,00,00,00,00,00,00,00,00,00,00,SNR_AVG:0.00
GAL_PRN:00,00,00,00,00,00,00,00,00,00,00,00,00,00,00,SAT_TAL:00
GAL_SNR:00,00,00,00,00,00,00,00,00,00,00,00,00,00,00,SNR_AVG:0.00
BEI_PRN:00,00,00,00,00,00,00,00,00,00,00,00,00,00,00,SAT_TAL:00
BEI_SNR:00,00,00,00,00,00,00,00,00,00,00,00,00,00,00,SNR_AVG:0.00
QZS_PRN:00,00,00,00,00,SAT_TAL:00
QZS_SNR:00,00,00,00,00,SNR_AVG:0.00
SatInView:5 GDOP:17319
Roll:0.000000 Pitch:90.000000
X_AVG:-9.795978 Y_AVG:-0.334285 Z_AVG:0.596743
X_SD:0.074212 Y_SD:0.058424 Z_SD:0.095032
$MXCM10033,2,102,20240103,075943,00,0E70AC70,47F06965,0118,0000,0000,00,C202*54
GPS_PRN:19621,04,02,09,16,07,26,31,01,08,19419919500,SAT_TAL:04
GPS_SNR:00,21,00,16,00,00,00,19,18,00,00,00,00,00,00,SNR_AVG:18.50
GLO_PRN:67,00,00,00,00,00,00,00,00,00,00,00,00,00,00,SAT_TAL:00
GLO_SNR:00,00,00,00,00,00,00,00,00,00,00,00,00,00,00,SNR_AVG:0.00
GAL_PRN:00,00,00,00,00,00,00,00,00,00,00,00,00,00,00,SAT_TAL:00
GAL_SNR:00,00,00,00,00,00,00,00,00,00,00,00,00,00,00,SNR_AVG:0.00
BEI_PRN:00,00,00,00,00,00,00,00,00,00,00,00,00,00,00,SAT_TAL:00
BEI_SNR:00,00,00,00,00,00,00,00,00,00,00,00,00,00,00,SNR_AVG:0.00
QZS_PRN:00,00,00,00,00,SAT_TAL:00
QZS_SNR:00,00,00,00,00,SNR_AVG:0.00
SatInView:15 GDOP:436
Roll:0.000000 Pitch:90.000000
X_AVG:-9.785395 Y_AVG:-0.329928 Z_AVG:0.593295
X_SD:0.069776 Y_SD:0.067044 Z_SD:0.094985
$MXCM10033,2,103,20240103,080158,00,0E70E8E8,47EF6E8F,00E2,0000,83F6,00,C202*28
GPS_PRN:19621,02,04,16,09,07,26,31,01,08,19419919500,SAT_TAL:04
GPS_SNR:21,00,16,00,00,00,17,00,00,00,16,00,00,00,00,SNR_AVG:17.50
GLO_PRN:65,00,00,00,00,00,00,00,00,00,00,00,00,00,00,SAT_TAL:00
GLO_SNR:00,00,00,00,00,00,00,00,00,00,00,00,00,00,00,SNR_AVG:0.00
GAL_PRN:00,00,00,00,00,00,00,00,00,00,00,00,00,00,00,SAT_TAL:00
GAL_SNR:00,00,00,00,00,00,00,00,00,00,00,00,00,00,00,SNR_AVG:0.00
BEI_PRN:00,00,00,00,00,00,00,00,00,00,00,00,00,00,00,SAT_TAL:00
BEI_SNR:00,00,00,00,00,00,00,00,00,00,00,00,00,00,00,SNR_AVG:0.00
QZS_PRN:00,00,00,00,00,SAT_TAL:00
QZS_SNR:00,00,00,00,00,SNR_AVG:0.00
SatInView:15 GDOP:1667
Roll:0.000000 Pitch:90.000000
X_AVG:-9.797271 Y_AVG:-0.446959 Z_AVG:0.481771
X_SD:0.070967 Y_SD:0.061577 Z_SD:0.089959
$MXCM10033,2,104,20240103,080213,12,0E7106DF,47EF7B6D,005D,0000,8065,07,C202*5E
GPS_PRN:08,21,02,04,16,07,26,01,31,19419919519600,00,SAT_TAL:06
GPS_SNR:00,00,00,17,18,18,00,18,17,00,00,00,21,00,00,SNR_AVG:18.17
GLO_PRN:65,76,77,66,67,00,00,00,00,00,00,00,00,00,00,SAT_TAL:01
GLO_SNR:00,00,00,18,00,00,00,00,00,00,00,00,00,00,00,SNR_AVG:18.00
GAL_PRN:00,00,00,00,00,00,00,00,00,00,00,00,00,00,00,SAT_TAL:00
GAL_SNR:00,00,00,00,00,00,00,00,00,00,00,00,00,00,00,SNR_AVG:0.00
BEI_PRN:00,00,00,00,00,00,00,00,00,00,00,00,00,00,00,SAT_TAL:00
BEI_SNR:00,00,00,00,00,00,00,00,00,00,00,00,00,00,00,SNR_AVG:0.00
QZS_PRN:00,00,00,00,00,SAT_TAL:00
QZS_SNR:00,00,00,00,00,SNR_AVG:0.00
SatInView:18 GDOP:144
Roll:0.000000 Pitch:90.000000
X_AVG:-9.797941 Y_AVG:-0.443271 Z_AVG:0.482537
X_SD:0.070718 Y_SD:0.058179 Z_SD:0.096868
$MXCM10033,3*35
$MXCM001,10033,0*2B
======== Tracker Setting ========
[System]
COMPort:COM29
SerialNumber:MX231218CW000006
FirmwareVersion:231220163813_v1.0.CN
[Periodic]
Enable:1
Stage:2
WorkMode:0
T0:15
T1:270
T2:120
T3:30
T4:120
FirstFixStage:2
TraceFixStage:44
PeriodicCycle:45
[Dynamic]
Enable:0
PrecisionChk:0
T5:45
T6:175
[Geofencing]
Enable:0
T7:20
T8:60
DistanceThreshold:1000
DestinationLongitude:121.2237164
DestinationLatitude:24.9698319
DestinationAltitude:154
[MotionDetection]
Enable:1
Angle:45
DataRate:200
SampleFrequency:50
[GPS_EPO]
EpoDataNumber:12
FWN:2295
FTOW:259200
LWN:2295
LTOW:518400
[GLO_EPO]
EpoDataNumber:12
FWN:2295
FTOW:259200
LWN:2295
LTOW:518400
[GAL_EPO]
EpoDataNumber:0
FWN:0
FTOW:0
LWN:0
LTOW:0
[BEI_EPO]
EpoDataNumber:0
FWN:0
FTOW:0
LWN:0
LTOW:0
