$MXCM10033,0*36
$MXCM10033,1,76,212*07
$MXCM10033,2,1,19800105,235956,00,35A4E8F5,00000000,0089,0000,0000,00,A102*2D
GPS_PRN:00,00,00,00,00,00,00,00,00,00,00,00,00,00,00,SAT_TAL:00
GPS_SNR:00,00,00,00,00,00,00,00,00,00,00,00,00,00,00,SNR_AVG:0.00
GLO_PRN:00,00,00,00,00,00,00,00,00,00,00,00,00,00,00,SAT_TAL:00
GLO_SNR:00,00,00,00,00,00,00,00,00,00,00,00,00,00,00,SNR_AVG:0.00
GAL_PRN:00,00,00,00,00,00,00,00,00,00,00,00,00,00,00,SAT_TAL:00
GAL_SNR:00,00,00,00,00,00,00,00,00,00,00,00,00,00,00,SNR_AVG:0.00
BEI_PRN:00,00,00,00,00,00,00,00,00,00,00,00,00,00,00,SAT_TAL:00
BEI_SNR:00,00,00,00,00,00,00,00,00,00,00,00,00,00,00,SNR_AVG:0.00
QZS_PRN:00,00,00,00,00,SAT_TAL:00
QZS_SNR:00,00,00,00,00,SNR_AVG:0.00
SatInView:0 GDOP:19998
Roll:104.767204 Pitch:57.765968
X_AVG:-8.414879 Y_AVG:5.540486 Z_AVG:-6.198234
X_SD:10.329127 Y_SD:9.366488 Z_SD:11.230073
$MXCM10033,2,2,19800106,000011,00,35A4E8F5,00000000,0089,0000,0000,00,A102*23
GPS_PRN:26,28,16,00,00,00,00,00,00,00,00,00,00,00,00,SAT_TAL:03
GPS_SNR:26,29,19,00,00,00,00,00,00,00,00,00,00,00,00,SNR_AVG:24.67
GLO_PRN:00,00,00,00,00,00,00,00,00,00,00,00,00,00,00,SAT_TAL:00
GLO_SNR:00,00,00,00,00,00,00,00,00,00,00,00,00,00,00,SNR_AVG:0.00
GAL_PRN:00,00,00,00,00,00,00,00,00,00,00,00,00,00,00,SAT_TAL:00
GAL_SNR:00,00,00,00,00,00,00,00,00,00,00,00,00,00,00,SNR_AVG:0.00
BEI_PRN:00,00,00,00,00,00,00,00,00,00,00,00,00,00,00,SAT_TAL:00
BEI_SNR:00,00,00,00,00,00,00,00,00,00,00,00,00,00,00,SNR_AVG:0.00
QZS_PRN:00,00,00,00,00,SAT_TAL:00
QZS_SNR:00,00,00,00,00,SNR_AVG:0.00
SatInView:3 GDOP:19998
Roll:126.635681 Pitch:45.966866
X_AVG:-10.986495 Y_AVG:6.889502 Z_AVG:-8.137672
X_SD:7.423423 Y_SD:8.906126 Z_SD:8.207017
$MXCM10033,2,3,19800106,000026,00,35A4E8F5,00000000,0089,0000,0000,00,A102*26
GPS_PRN:26,23,16,19500,00,00,00,00,00,00,00,00,00,00,SAT_TAL:04
GPS_SNR:24,29,17,30,00,00,00,00,00,00,00,00,00,00,00,SNR_AVG:25.00
GLO_PRN:00,00,00,00,00,00,00,00,00,00,00,00,00,00,00,SAT_TAL:00
GLO_SNR:00,00,00,00,00,00,00,00,00,00,00,00,00,00,00,SNR_AVG:0.00
GAL_PRN:00,00,00,00,00,00,00,00,00,00,00,00,00,00,00,SAT_TAL:00
GAL_SNR:00,00,00,00,00,00,00,00,00,00,00,00,00,00,00,SNR_AVG:0.00
BEI_PRN:00,00,00,00,00,00,00,00,00,00,00,00,00,00,00,SAT_TAL:00
BEI_SNR:00,00,00,00,00,00,00,00,00,00,00,00,00,00,00,SNR_AVG:0.00
QZS_PRN:00,00,00,00,00,SAT_TAL:00
QZS_SNR:00,00,00,00,00,SNR_AVG:0.00
SatInView:4 GDOP:19998
Roll:130.266006 Pitch:53.478863
X_AVG:-10.313567 Y_AVG:6.896397 Z_AVG:-7.656428
X_SD:8.648537 Y_SD:7.703869 Z_SD:9.359269
$MXCM10033,2,4,19800106,000038,00,35A4E8F5,00000000,0089,0000,0000,00,A102*2E
GPS_PRN:19623,26,16,12,10,31,25,19532,00,00,00,00,00,SAT_TAL:10
GPS_SNR:32,25,26,23,33,36,30,36,22,36,00,00,00,00,00,SNR_AVG:29.90
GLO_PRN:00,00,00,00,00,00,00,00,00,00,00,00,00,00,00,SAT_TAL:00
GLO_SNR:00,00,00,00,00,00,00,00,00,00,00,00,00,00,00,SNR_AVG:0.00
GAL_PRN:00,00,00,00,00,00,00,00,00,00,00,00,00,00,00,SAT_TAL:00
GAL_SNR:00,00,00,00,00,00,00,00,00,00,00,00,00,00,00,SNR_AVG:0.00
BEI_PRN:00,00,00,00,00,00,00,00,00,00,00,00,00,00,00,SAT_TAL:00
BEI_SNR:00,00,00,00,00,00,00,00,00,00,00,00,00,00,00,SNR_AVG:0.00
QZS_PRN:00,00,00,00,00,SAT_TAL:00
QZS_SNR:00,00,00,00,00,SNR_AVG:0.00
SatInView:10 GDOP:19998
Roll:138.783447 Pitch:47.205982
X_AVG:-16.091466 Y_AVG:8.540625 Z_AVG:-10.953502
X_SD:4.081496 Y_SD:9.169991 Z_SD:7.877877
$MXCM10033,2,5,19800110,021109,00,35A4E8F5,00000000,0089,0000,0000,00,A101*2B
GPS_PRN:10,31,32,25,03,19600,00,00,00,00,00,00,00,00,SAT_TAL:06
GPS_SNR:34,32,34,30,24,30,00,00,00,00,00,00,00,00,00,SNR_AVG:30.67
GLO_PRN:00,00,00,00,00,00,00,00,00,00,00,00,00,00,00,SAT_TAL:00
GLO_SNR:00,00,00,00,00,00,00,00,00,00,00,00,00,00,00,SNR_AVG:0.00
GAL_PRN:00,00,00,00,00,00,00,00,00,00,00,00,00,00,00,SAT_TAL:00
GAL_SNR:00,00,00,00,00,00,00,00,00,00,00,00,00,00,00,SNR_AVG:0.00
BEI_PRN:00,00,00,00,00,00,00,00,00,00,00,00,00,00,00,SAT_TAL:00
BEI_SNR:00,00,00,00,00,00,00,00,00,00,00,00,00,00,00,SNR_AVG:0.00
QZS_PRN:00,00,00,00,00,SAT_TAL:00
QZS_SNR:00,00,00,00,00,SNR_AVG:0.00
SatInView:6 GDOP:19998
Roll:131.892502 Pitch:41.730316
X_AVG:-9.292371 Y_AVG:7.067634 Z_AVG:-7.343643
X_SD:9.657533 Y_SD:8.802578 Z_SD:8.375959
$MXCM10033,2,6,19800110,021122,00,35A4E8F5,00000000,0089,0000,0000,00,A102*22
GPS_PRN:19628,12,29,25,10,31,32,03,19423,00,00,00,00,SAT_TAL:11
GPS_SNR:22,30,31,36,24,33,34,28,23,25,33,00,00,00,00,SNR_AVG:29.00
GLO_PRN:00,00,00,00,00,00,00,00,00,00,00,00,00,00,00,SAT_TAL:00
GLO_SNR:00,00,00,00,00,00,00,00,00,00,00,00,00,00,00,SNR_AVG:0.00
GAL_PRN:00,00,00,00,00,00,00,00,00,00,00,00,00,00,00,SAT_TAL:00
GAL_SNR:00,00,00,00,00,00,00,00,00,00,00,00,00,00,00,SNR_AVG:0.00
BEI_PRN:00,00,00,00,00,00,00,00,00,00,00,00,00,00,00,SAT_TAL:00
BEI_SNR:00,00,00,00,00,00,00,00,00,00,00,00,00,00,00,SNR_AVG:0.00
QZS_PRN:00,00,00,00,00,SAT_TAL:00
QZS_SNR:00,00,00,00,00,SNR_AVG:0.00
SatInView:11 GDOP:19998
Roll:152.475174 Pitch:51.743519
X_AVG:-7.300882 Y_AVG:4.047288 Z_AVG:-6.998967
X_SD:8.418175 Y_SD:7.341896 Z_SD:6.954093
$MXCM10033,2,7,20240104,021136,12,0E98EF8D,47EDD2D2,0080,0017,4ABE,09,A102*24
GPS_PRN:19428,10,25,31,26,29,23,12,19919532,19600,00,SAT_TAL:13
GPS_SNR:26,32,34,29,34,33,35,33,33,18,31,26,22,00,00,SNR_AVG:29.69
GLO_PRN:00,00,00,00,00,00,00,00,00,00,00,00,00,00,00,SAT_TAL:00
GLO_SNR:00,00,00,00,00,00,00,00,00,00,00,00,00,00,00,SNR_AVG:0.00
GAL_PRN:24,05,36,00,00,00,00,00,00,00,00,00,00,00,00,SAT_TAL:02
GAL_SNR:30,32,00,00,00,00,00,00,00,00,00,00,00,00,00,SNR_AVG:31.00
BEI_PRN:00,00,00,00,00,00,00,00,00,00,00,00,00,00,00,SAT_TAL:00
BEI_SNR:00,00,00,00,00,00,00,00,00,00,00,00,00,00,00,SNR_AVG:0.00
QZS_PRN:00,00,00,00,00,SAT_TAL:00
QZS_SNR:00,00,00,00,00,SNR_AVG:0.00
SatInView:16 GDOP:218
Roll:152.890121 Pitch:53.884682
X_AVG:-6.680484 Y_AVG:3.139771 Z_AVG:-7.331145
X_SD:7.869061 Y_SD:6.420714 Z_SD:5.727825
$MXCM10033,2,8,20240104,021151,12,0E9899E3,47EDED9C,008A,0012,3C91,09,A102*26
GPS_PRN:32,28,10,25,31,26,29,23,12,19619919519400,00,SAT_TAL:13
GPS_SNR:35,28,27,35,33,30,34,32,37,24,17,32,31,00,00,SNR_AVG:30.38
GLO_PRN:00,00,00,00,00,00,00,00,00,00,00,00,00,00,00,SAT_TAL:00
GLO_SNR:00,00,00,00,00,00,00,00,00,00,00,00,00,00,00,SNR_AVG:0.00
GAL_PRN:09,11,19,36,04,24,05,00,00,00,00,00,00,00,00,SAT_TAL:06
GAL_SNR:27,24,00,29,33,25,29,00,00,00,00,00,00,00,00,SNR_AVG:27.83
BEI_PRN:00,00,00,00,00,00,00,00,00,00,00,00,00,00,00,SAT_TAL:00
BEI_SNR:00,00,00,00,00,00,00,00,00,00,00,00,00,00,00,SNR_AVG:0.00
QZS_PRN:00,00,00,00,00,SAT_TAL:00
QZS_SNR:00,00,00,00,00,SNR_AVG:0.00
SatInView:20 GDOP:137
Roll:157.313507 Pitch:90.000000
X_AVG:-6.356446 Y_AVG:3.277010 Z_AVG:-6.521889
X_SD:8.057254 Y_SD:6.976719 Z_SD:6.770375
$MXCM10033,2,9,20240104,021206,12,0E986410,47EDCCCF,0099,0003,0ACC,0A,A102*25
GPS_PRN:32,28,10,25,31,26,29,23,12,19619919519400,00,SAT_TAL:13
GPS_SNR:37,35,35,31,36,32,31,33,34,24,19,32,24,00,00,SNR_AVG:31.00
GLO_PRN:00,00,00,00,00,00,00,00,00,00,00,00,00,00,00,SAT_TAL:00
GLO_SNR:00,00,00,00,00,00,00,00,00,00,00,00,00,00,00,SNR_AVG:0.00
GAL_PRN:31,36,11,05,09,04,24,00,00,00,00,00,00,00,00,SAT_TAL:07
GAL_SNR:29,29,26,32,34,24,25,00,00,00,00,00,00,00,00,SNR_AVG:28.43
BEI_PRN:00,00,00,00,00,00,00,00,00,00,00,00,00,00,00,SAT_TAL:00
BEI_SNR:00,00,00,00,00,00,00,00,00,00,00,00,00,00,00,SNR_AVG:0.00
QZS_PRN:00,00,00,00,00,SAT_TAL:00
QZS_SNR:00,00,00,00,00,SNR_AVG:0.00
SatInView:20 GDOP:123
Roll:145.477676 Pitch:49.468330
X_AVG:-6.678521 Y_AVG:3.949890 Z_AVG:-7.627697
X_SD:8.931483 Y_SD:7.605679 Z_SD:6.865162
$MXCM10033,2,10,20240104,021221,12,0E981820,47EE148D,0090,0015,33BB,0B,A102*11
GPS_PRN:32,28,10,25,31,26,29,23,12,19619919519400,00,SAT_TAL:13
GPS_SNR:28,30,33,32,33,33,33,31,35,29,21,30,21,00,00,SNR_AVG:29.92
GLO_PRN:00,00,00,00,00,00,00,00,00,00,00,00,00,00,00,SAT_TAL:00
GLO_SNR:00,00,00,00,00,00,00,00,00,00,00,00,00,00,00,SNR_AVG:0.00
GAL_PRN:31,36,11,05,09,04,24,00,00,00,00,00,00,00,00,SAT_TAL:07
GAL_SNR:22,30,23,29,19,23,30,00,00,00,00,00,00,00,00,SNR_AVG:25.14
BEI_PRN:00,00,00,00,00,00,00,00,00,00,00,00,00,00,00,SAT_TAL:00
BEI_SNR:00,00,00,00,00,00,00,00,00,00,00,00,00,00,00,SNR_AVG:0.00
QZS_PRN:00,00,00,00,00,SAT_TAL:00
QZS_SNR:00,00,00,00,00,SNR_AVG:0.00
SatInView:20 GDOP:115
Roll:-170.617447 Pitch:66.459396
X_AVG:-7.170300 Y_AVG:3.750209 Z_AVG:-8.545174
X_SD:8.045398 Y_SD:6.621026 Z_SD:6.946554
$MXCM10033,2,11,20240104,021236,12,0E984228,47EE256D,0094,0013,7711,0B,A102*1F
GPS_PRN:32,28,10,25,31,26,29,23,12,19619919519400,00,SAT_TAL:13
GPS_SNR:34,33,26,31,34,22,33,30,32,29,22,30,30,00,00,SNR_AVG:29.69
GLO_PRN:00,00,00,00,00,00,00,00,00,00,00,00,00,00,00,SAT_TAL:00
GLO_SNR:00,00,00,00,00,00,00,00,00,00,00,00,00,00,00,SNR_AVG:0.00
GAL_PRN:31,36,11,05,09,04,24,00,00,00,00,00,00,00,00,SAT_TAL:07
GAL_SNR:28,30,26,28,30,31,20,00,00,00,00,00,00,00,00,SNR_AVG:27.57
BEI_PRN:00,00,00,00,00,00,00,00,00,00,00,00,00,00,00,SAT_TAL:00
BEI_SNR:00,00,00,00,00,00,00,00,00,00,00,00,00,00,00,SNR_AVG:0.00
QZS_PRN:00,00,00,00,00,SAT_TAL:00
QZS_SNR:00,00,00,00,00,SNR_AVG:0.00
SatInView:20 GDOP:115
Roll:143.290344 Pitch:44.245800
X_AVG:-10.034876 Y_AVG:6.733445 Z_AVG:-9.752833
X_SD:7.469351 Y_SD:8.297392 Z_SD:7.714329
$MXCM10033,2,12,20240104,021251,12,0E97EF7A,47EE5770,0098,0012,380F,0C,A102*6A
GPS_PRN:32,28,10,25,31,26,29,23,12,19619919519400,00,SAT_TAL:13
GPS_SNR:37,29,27,35,32,31,34,33,36,24,19,32,34,00,00,SNR_AVG:31.00
GLO_PRN:00,00,00,00,00,00,00,00,00,00,00,00,00,00,00,SAT_TAL:00
GLO_SNR:00,00,00,00,00,00,00,00,00,00,00,00,00,00,00,SNR_AVG:0.00
GAL_PRN:31,36,11,05,09,04,24,00,00,00,00,00,00,00,00,SAT_TAL:07
GAL_SNR:27,30,24,29,32,30,26,00,00,00,00,00,00,00,00,SNR_AVG:28.29
BEI_PRN:00,00,00,00,00,00,00,00,00,00,00,00,00,00,00,SAT_TAL:00
BEI_SNR:00,00,00,00,00,00,00,00,00,00,00,00,00,00,00,SNR_AVG:0.00
QZS_PRN:00,00,00,00,00,SAT_TAL:00
QZS_SNR:00,00,00,00,00,SNR_AVG:0.00
SatInView:20 GDOP:146
Roll:153.312729 Pitch:64.781349
X_AVG:-6.445369 Y_AVG:3.397249 Z_AVG:-6.769071
X_SD:8.095686 Y_SD:7.622092 Z_SD:7.546907
$MXCM10033,2,13,20240104,021306,12,0E97855D,47EE4175,009A,0013,5B35,0D,A102*10
GPS_PRN:32,28,10,25,31,26,29,23,12,19619919519400,00,SAT_TAL:13
GPS_SNR:31,26,38,25,33,34,36,36,32,31,26,35,31,00,00,SNR_AVG:31.85
GLO_PRN:00,00,00,00,00,00,00,00,00,00,00,00,00,00,00,SAT_TAL:00
GLO_SNR:00,00,00,00,00,00,00,00,00,00,00,00,00,00,00,SNR_AVG:0.00
GAL_PRN:31,36,11,05,09,04,24,00,00,00,00,00,00,00,00,SAT_TAL:07
GAL_SNR:28,26,26,28,25,25,32,00,00,00,00,00,00,00,00,SNR_AVG:27.14
BEI_PRN:00,00,00,00,00,00,00,00,00,00,00,00,00,00,00,SAT_TAL:00
BEI_SNR:00,00,00,00,00,00,00,00,00,00,00,00,00,00,00,SNR_AVG:0.00
QZS_PRN:00,00,00,00,00,SAT_TAL:00
QZS_SNR:00,00,00,00,00,SNR_AVG:0.00
SatInView:20 GDOP:112
Roll:147.399521 Pitch:59.490379
X_AVG:-6.493254 Y_AVG:4.235859 Z_AVG:-6.753030
X_SD:8.505969 Y_SD:8.188609 Z_SD:6.151178
$MXCM10033,2,14,20240104,021321,12,0E975972,47EE41D1,009F,0014,3FB8,0E,A102*6F
GPS_PRN:32,28,10,25,31,26,29,23,12,19619919519400,00,SAT_TAL:13
GPS_SNR:23,33,35,28,36,33,33,33,34,24,22,32,21,00,00,SNR_AVG:29.77
GLO_PRN:00,00,00,00,00,00,00,00,00,00,00,00,00,00,00,SAT_TAL:00
GLO_SNR:00,00,00,00,00,00,00,00,00,00,00,00,00,00,00,SNR_AVG:0.00
GAL_PRN:31,36,11,05,09,04,24,00,00,00,00,00,00,00,00,SAT_TAL:07
GAL_SNR:24,28,22,31,26,25,30,00,00,00,00,00,00,00,00,SNR_AVG:26.57
BEI_PRN:00,00,00,00,00,00,00,00,00,00,00,00,00,00,00,SAT_TAL:00
BEI_SNR:00,00,00,00,00,00,00,00,00,00,00,00,00,00,00,SNR_AVG:0.00
QZS_PRN:00,00,00,00,00,SAT_TAL:00
QZS_SNR:00,00,00,00,00,SNR_AVG:0.00
SatInView:20 GDOP:135
Roll:151.116760 Pitch:59.046947
X_AVG:-6.457196 Y_AVG:3.337249 Z_AVG:-6.853732
X_SD:7.871388 Y_SD:7.672332 Z_SD:6.763598
$MXCM10033,2,15,20240104,021336,12,0E9734AA,47EE8ED0,00B4,0012,381F,0F,A102*60
GPS_PRN:32,28,10,25,31,26,29,23,12,19619919519400,00,SAT_TAL:13
GPS_SNR:36,31,27,37,33,29,34,31,37,20,18,32,32,00,00,SNR_AVG:30.54
GLO_PRN:00,00,00,00,00,00,00,00,00,00,00,00,00,00,00,SAT_TAL:00
GLO_SNR:00,00,00,00,00,00,00,00,00,00,00,00,00,00,00,SNR_AVG:0.00
GAL_PRN:24,36,11,19,31,09,04,05,00,00,00,00,00,00,00,SAT_TAL:07
GAL_SNR:25,29,25,00,30,31,32,31,00,00,00,00,00,00,00,SNR_AVG:29.00
BEI_PRN:00,00,00,00,00,00,00,00,00,00,00,00,00,00,00,SAT_TAL:00
BEI_SNR:00,00,00,00,00,00,00,00,00,00,00,00,00,00,00,SNR_AVG:0.00
QZS_PRN:00,00,00,00,00,SAT_TAL:00
QZS_SNR:00,00,00,00,00,SNR_AVG:0.00
SatInView:21 GDOP:129
Roll:-161.813522 Pitch:64.553436
X_AVG:-6.501346 Y_AVG:3.757105 Z_AVG:-7.455790
X_SD:7.852510 Y_SD:7.453685 Z_SD:6.546270
$MXCM10033,2,16,20240104,021351,12,0E96C24A,47EEAAF3,00AE,0016,4013,0F,A102*10
GPS_PRN:32,28,10,25,31,26,29,23,12,19619919519400,00,SAT_TAL:13
GPS_SNR:33,30,32,33,35,31,35,34,37,19,17,33,29,00,00,SNR_AVG:30.62
GLO_PRN:00,00,00,00,00,00,00,00,00,00,00,00,00,00,00,SAT_TAL:00
GLO_SNR:00,00,00,00,00,00,00,00,00,00,00,00,00,00,00,SNR_AVG:0.00
GAL_PRN:31,36,11,05,09,04,24,00,00,00,00,00,00,00,00,SAT_TAL:07
GAL_SNR:24,29,22,30,23,32,27,00,00,00,00,00,00,00,00,SNR_AVG:26.71
BEI_PRN:00,00,00,00,00,00,00,00,00,00,00,00,00,00,00,SAT_TAL:00
BEI_SNR:00,00,00,00,00,00,00,00,00,00,00,00,00,00,00,SNR_AVG:0.00
QZS_PRN:00,00,00,00,00,SAT_TAL:00
QZS_SNR:00,00,00,00,00,SNR_AVG:0.00
SatInView:20 GDOP:129
Roll:162.321579 Pitch:65.329346
X_AVG:-6.172185 Y_AVG:2.709429 Z_AVG:-6.940595
X_SD:7.087387 Y_SD:6.686894 Z_SD:6.251087
$MXCM10033,2,17,20240104,021406,12,0E964690,47EEA6A4,00B0,0016,3E33,0F,A102*6A
GPS_PRN:32,28,10,25,31,26,29,23,12,19619919519400,00,SAT_TAL:13
GPS_SNR:27,31,35,33,34,32,34,34,35,21,20,33,26,00,00,SNR_AVG:30.38
GLO_PRN:00,00,00,00,00,00,00,00,00,00,00,00,00,00,00,SAT_TAL:00
GLO_SNR:00,00,00,00,00,00,00,00,00,00,00,00,00,00,00,SNR_AVG:0.00
GAL_PRN:31,36,11,05,09,04,24,00,00,00,00,00,00,00,00,SAT_TAL:07
GAL_SNR:23,28,22,30,23,30,29,00,00,00,00,00,00,00,00,SNR_AVG:26.43
BEI_PRN:00,00,00,00,00,00,00,00,00,00,00,00,00,00,00,SAT_TAL:00
BEI_SNR:00,00,00,00,00,00,00,00,00,00,00,00,00,00,00,SNR_AVG:0.00
QZS_PRN:00,00,00,00,00,SAT_TAL:00
QZS_SNR:00,00,00,00,00,SNR_AVG:0.00
SatInView:20 GDOP:128
Roll:-170.282166 Pitch:62.298885
X_AVG:-6.955535 Y_AVG:3.256467 Z_AVG:-7.439940
X_SD:7.950082 Y_SD:6.953983 Z_SD:6.773895
$MXCM10033,2,18,20240104,021421,12,0E964A99,47EEE1AF,00C6,000B,324D,10,A102*6D
GPS_PRN:32,28,10,25,31,26,29,23,12,19619919519400,00,SAT_TAL:13
GPS_SNR:29,29,34,34,34,30,33,32,36,21,19,31,21,00,00,SNR_AVG:29.46
GLO_PRN:00,00,00,00,00,00,00,00,00,00,00,00,00,00,00,SAT_TAL:00
GLO_SNR:00,00,00,00,00,00,00,00,00,00,00,00,00,00,00,SNR_AVG:0.00
GAL_PRN:24,36,11,18,31,09,04,05,00,00,00,00,00,00,00,SAT_TAL:08
GAL_SNR:27,30,24,31,24,18,23,31,00,00,00,00,00,00,00,SNR_AVG:26.00
BEI_PRN:00,00,00,00,00,00,00,00,00,00,00,00,00,00,00,SAT_TAL:00
BEI_SNR:00,00,00,00,00,00,00,00,00,00,00,00,00,00,00,SNR_AVG:0.00
QZS_PRN:00,00,00,00,00,SAT_TAL:00
QZS_SNR:00,00,00,00,00,SNR_AVG:0.00
SatInView:21 GDOP:104
Roll:150.279312 Pitch:58.518082
X_AVG:-6.213462 Y_AVG:3.996051 Z_AVG:-7.202383
X_SD:8.188322 Y_SD:7.687162 Z_SD:6.344946
$MXCM10033,2,19,20240104,021637,12,0E92B47C,47EEB4ED,0126,0017,45A8,10,A202*10
GPS_PRN:28,10,25,31,26,29,23,12,16,19619919500,00,00,SAT_TAL:12
GPS_SNR:31,33,31,34,32,36,33,35,30,20,15,32,00,00,00,SNR_AVG:30.17
GLO_PRN:00,00,00,00,00,00,00,00,00,00,00,00,00,00,00,SAT_TAL:00
GLO_SNR:00,00,00,00,00,00,00,00,00,00,00,00,00,00,00,SNR_AVG:0.00
GAL_PRN:04,05,36,11,19,31,09,24,00,00,00,00,00,00,00,SAT_TAL:07
GAL_SNR:30,30,26,24,00,20,28,30,00,00,00,00,00,00,00,SNR_AVG:26.86
BEI_PRN:00,00,00,00,00,00,00,00,00,00,00,00,00,00,00,SAT_TAL:00
BEI_SNR:00,00,00,00,00,00,00,00,00,00,00,00,00,00,00,SNR_AVG:0.00
QZS_PRN:00,00,00,00,00,SAT_TAL:00
QZS_SNR:00,00,00,00,00,SNR_AVG:0.00
SatInView:20 GDOP:123
Roll:175.558197 Pitch:63.673782
X_AVG:-7.950059 Y_AVG:2.784130 Z_AVG:-7.429118
X_SD:8.090699 Y_SD:8.064102 Z_SD:8.663982
$MXCM10033,2,20,20240104,021652,12,0E92414D,47EE8050,0132,0018,57AD,10,A202*61
GPS_PRN:28,10,25,31,26,29,23,12,16,19619919519400,00,SAT_TAL:13
GPS_SNR:31,32,30,32,32,37,36,34,30,29,26,35,26,00,00,SNR_AVG:31.54
GLO_PRN:00,00,00,00,00,00,00,00,00,00,00,00,00,00,00,SAT_TAL:00
GLO_SNR:00,00,00,00,00,00,00,00,00,00,00,00,00,00,00,SNR_AVG:0.00
GAL_PRN:24,36,11,19,31,09,04,05,00,00,00,00,00,00,00,SAT_TAL:07
GAL_SNR:27,28,25,00,21,26,29,29,00,00,00,00,00,00,00,SNR_AVG:26.43
BEI_PRN:00,00,00,00,00,00,00,00,00,00,00,00,00,00,00,SAT_TAL:00
BEI_SNR:00,00,00,00,00,00,00,00,00,00,00,00,00,00,00,SNR_AVG:0.00
QZS_PRN:00,00,00,00,00,SAT_TAL:00
QZS_SNR:00,00,00,00,00,SNR_AVG:0.00
SatInView:21 GDOP:123
Roll:-177.636124 Pitch:56.196327
X_AVG:-6.227636 Y_AVG:2.874536 Z_AVG:-6.984937
X_SD:7.051015 Y_SD:7.080102 Z_SD:5.958374
$MXCM10033,2,21,20240104,021908,12,0E8E600B,47EEEE73,018E,0018,4BED,10,A202*12
GPS_PRN:19528,10,25,31,26,29,23,16,12,03,19619932,00,SAT_TAL:14
GPS_SNR:33,29,31,33,34,32,37,33,31,36,31,30,24,34,00,SNR_AVG:32.00
GLO_PRN:00,00,00,00,00,00,00,00,00,00,00,00,00,00,00,SAT_TAL:00
GLO_SNR:00,00,00,00,00,00,00,00,00,00,00,00,00,00,00,SNR_AVG:0.00
GAL_PRN:24,05,36,31,09,04,00,00,00,00,00,00,00,00,00,SAT_TAL:06
GAL_SNR:25,31,25,25,21,33,00,00,00,00,00,00,00,00,00,SNR_AVG:26.67
BEI_PRN:00,00,00,00,00,00,00,00,00,00,00,00,00,00,00,SAT_TAL:00
BEI_SNR:00,00,00,00,00,00,00,00,00,00,00,00,00,00,00,SNR_AVG:0.00
QZS_PRN:00,00,00,00,00,SAT_TAL:00
QZS_SNR:00,00,00,00,00,SNR_AVG:0.00
SatInView:20 GDOP:128
Roll:-100.160210 Pitch:90.000000
X_AVG:-5.958905 Y_AVG:3.280505 Z_AVG:-7.646085
X_SD:7.170480 Y_SD:6.707675 Z_SD:6.979367
$MXCM10033,2,22,20240104,021923,12,0E8DDCE7,47EEDC79,019A,001A,48A0,10,A202*63
GPS_PRN:19528,10,25,31,26,29,23,16,12,03,19619932,00,SAT_TAL:14
GPS_SNR:32,30,33,31,34,32,36,33,32,36,32,23,18,23,00,SNR_AVG:30.36
GLO_PRN:00,00,00,00,00,00,00,00,00,00,00,00,00,00,00,SAT_TAL:00
GLO_SNR:00,00,00,00,00,00,00,00,00,00,00,00,00,00,00,SNR_AVG:0.00
GAL_PRN:11,05,36,24,31,09,04,00,00,00,00,00,00,00,00,SAT_TAL:07
GAL_SNR:25,31,26,27,23,24,31,00,00,00,00,00,00,00,00,SNR_AVG:26.71
BEI_PRN:00,00,00,00,00,00,00,00,00,00,00,00,00,00,00,SAT_TAL:00
BEI_SNR:00,00,00,00,00,00,00,00,00,00,00,00,00,00,00,SNR_AVG:0.00
QZS_PRN:00,00,00,00,00,SAT_TAL:00
QZS_SNR:00,00,00,00,00,SNR_AVG:0.00
SatInView:21 GDOP:128
Roll:158.075928 Pitch:65.829597
X_AVG:-6.254691 Y_AVG:2.788391 Z_AVG:-7.452390
X_SD:6.971840 Y_SD:7.037698 Z_SD:7.806267
$MXCM10033,2,23,20240104,022139,12,0E8948BD,47EF21F1,01BE,0019,4552,10,A202*62
GPS_PRN:32,28,10,25,31,26,29,23,16,12,03,196199195194SAT_TAL:14
GPS_SNR:25,31,34,32,35,32,36,33,30,36,31,00,15,32,29,SNR_AVG:30.79
GLO_PRN:00,00,00,00,00,00,00,00,00,00,00,00,00,00,00,SAT_TAL:00
GLO_SNR:00,00,00,00,00,00,00,00,00,00,00,00,00,00,00,SNR_AVG:0.00
GAL_PRN:00,00,00,00,00,00,00,00,00,00,00,00,00,00,00,SAT_TAL:00
GAL_SNR:00,00,00,00,00,00,00,00,00,00,00,00,00,00,00,SNR_AVG:0.00
BEI_PRN:00,00,00,00,00,00,00,00,00,00,00,00,00,00,00,SAT_TAL:00
BEI_SNR:00,00,00,00,00,00,00,00,00,00,00,00,00,00,00,SNR_AVG:0.00
QZS_PRN:00,00,00,00,00,SAT_TAL:00
QZS_SNR:00,00,00,00,00,SNR_AVG:0.00
SatInView:22 GDOP:128
Roll:-179.305450 Pitch:90.000000
X_AVG:-6.730045 Y_AVG:3.287736 Z_AVG:-7.967010
X_SD:7.359335 Y_SD:7.286908 Z_SD:8.475951
$MXCM10033,2,24,20240104,022154,12,0E88C5DD,47EF408D,01C2,0019,40E3,10,A202*1D
GPS_PRN:32,28,10,25,31,26,29,23,16,12,03,196199195194SAT_TAL:15
GPS_SNR:31,29,34,34,34,30,36,33,30,35,32,21,15,32,31,SNR_AVG:30.47
GLO_PRN:00,00,00,00,00,00,00,00,00,00,00,00,00,00,00,SAT_TAL:00
GLO_SNR:00,00,00,00,00,00,00,00,00,00,00,00,00,00,00,SNR_AVG:0.00
GAL_PRN:00,00,00,00,00,00,00,00,00,00,00,00,00,00,00,SAT_TAL:00
GAL_SNR:00,00,00,00,00,00,00,00,00,00,00,00,00,00,00,SNR_AVG:0.00
BEI_PRN:00,00,00,00,00,00,00,00,00,00,00,00,00,00,00,SAT_TAL:00
BEI_SNR:00,00,00,00,00,00,00,00,00,00,00,00,00,00,00,SNR_AVG:0.00
QZS_PRN:00,00,00,00,00,SAT_TAL:00
QZS_SNR:00,00,00,00,00,SNR_AVG:0.00
SatInView:22 GDOP:128
Roll:-168.215012 Pitch:71.641266
X_AVG:-6.114914 Y_AVG:2.787769 Z_AVG:-7.852373
X_SD:7.543975 Y_SD:6.944295 Z_SD:8.069401
$MXCM10033,2,25,20240104,022410,12,0E8438F5,47F113FE,01A4,001A,3E1C,10,A202*1C
GPS_PRN:32,28,10,25,31,26,29,23,16,12,19619919519400,SAT_TAL:14
GPS_SNR:33,29,34,33,34,30,36,32,30,36,20,16,33,30,00,SNR_AVG:30.43
GLO_PRN:00,00,00,00,00,00,00,00,00,00,00,00,00,00,00,SAT_TAL:00
GLO_SNR:00,00,00,00,00,00,00,00,00,00,00,00,00,00,00,SNR_AVG:0.00
GAL_PRN:31,36,11,05,09,04,24,00,00,00,00,00,00,00,00,SAT_TAL:07
GAL_SNR:22,25,23,26,24,31,25,00,00,00,00,00,00,00,00,SNR_AVG:25.14
BEI_PRN:00,00,00,00,00,00,00,00,00,00,00,00,00,00,00,SAT_TAL:00
BEI_SNR:00,00,00,00,00,00,00,00,00,00,00,00,00,00,00,SNR_AVG:0.00
QZS_PRN:00,00,00,00,00,SAT_TAL:00
QZS_SNR:00,00,00,00,00,SNR_AVG:0.00
SatInView:21 GDOP:129
Roll:-169.636307 Pitch:90.000000
X_AVG:-5.841682 Y_AVG:2.373372 Z_AVG:-7.617306
X_SD:6.721057 Y_SD:8.322589 Z_SD:8.572397
$MXCM10033,2,26,20240104,022425,12,0E83BDE5,47F15B8A,01A3,001A,3C5C,10,A202*1A
GPS_PRN:32,28,10,31,25,26,29,23,16,12,19619919519400,SAT_TAL:14
GPS_SNR:33,29,32,33,35,27,35,34,28,36,27,17,34,31,00,SNR_AVG:30.79
GLO_PRN:00,00,00,00,00,00,00,00,00,00,00,00,00,00,00,SAT_TAL:00
GLO_SNR:00,00,00,00,00,00,00,00,00,00,00,00,00,00,00,SNR_AVG:0.00
GAL_PRN:31,36,11,05,09,04,24,00,00,00,00,00,00,00,00,SAT_TAL:07
GAL_SNR:26,26,23,28,26,33,21,00,00,00,00,00,00,00,00,SNR_AVG:26.14
BEI_PRN:00,00,00,00,00,00,00,00,00,00,00,00,00,00,00,SAT_TAL:00
BEI_SNR:00,00,00,00,00,00,00,00,00,00,00,00,00,00,00,SNR_AVG:0.00
QZS_PRN:00,00,00,00,00,SAT_TAL:00
QZS_SNR:00,00,00,00,00,SNR_AVG:0.00
SatInView:21 GDOP:129
Roll:-105.356567 Pitch:72.431702
X_AVG:-4.948244 Y_AVG:2.138640 Z_AVG:-6.734977
X_SD:7.129080 Y_SD:8.590617 Z_SD:7.869711
$MXCM10033,2,27,20240104,022641,12,0E7EDBAD,47F2801C,0174,001A,47B8,11,A202*6F
GPS_PRN:19528,10,31,25,26,29,23,16,03,12,19619932,00,SAT_TAL:14
GPS_SNR:33,30,32,34,32,31,37,32,31,32,36,25,19,29,00,SNR_AVG:30.93
GLO_PRN:00,00,00,00,00,00,00,00,00,00,00,00,00,00,00,SAT_TAL:00
GLO_SNR:00,00,00,00,00,00,00,00,00,00,00,00,00,00,00,SNR_AVG:0.00
GAL_PRN:11,05,36,04,31,09,24,00,00,00,00,00,00,00,00,SAT_TAL:07
GAL_SNR:25,31,27,33,20,23,24,00,00,00,00,00,00,00,00,SNR_AVG:26.14
BEI_PRN:00,00,00,00,00,00,00,00,00,00,00,00,00,00,00,SAT_TAL:00
BEI_SNR:00,00,00,00,00,00,00,00,00,00,00,00,00,00,00,SNR_AVG:0.00
QZS_PRN:00,00,00,00,00,SAT_TAL:00
QZS_SNR:00,00,00,00,00,SNR_AVG:0.00
SatInView:21 GDOP:116
Roll:141.590454 Pitch:69.650513
X_AVG:-6.297979 Y_AVG:3.359324 Z_AVG:-8.349276
X_SD:7.276767 Y_SD:7.706377 Z_SD:8.525553
$MXCM10033,2,28,20240104,022656,12,0E7E4986,47F27EF6,0168,001B,456C,11,A202*1D
GPS_PRN:32,28,10,31,25,26,29,16,23,03,12,196199195194SAT_TAL:15
GPS_SNR:25,33,32,34,33,31,36,32,33,33,37,26,19,32,29,SNR_AVG:31.00
GLO_PRN:00,00,00,00,00,00,00,00,00,00,00,00,00,00,00,SAT_TAL:00
GLO_SNR:00,00,00,00,00,00,00,00,00,00,00,00,00,00,00,SNR_AVG:0.00
GAL_PRN:00,00,00,00,00,00,00,00,00,00,00,00,00,00,00,SAT_TAL:00
GAL_SNR:00,00,00,00,00,00,00,00,00,00,00,00,00,00,00,SNR_AVG:0.00
BEI_PRN:00,00,00,00,00,00,00,00,00,00,00,00,00,00,00,SAT_TAL:00
BEI_SNR:00,00,00,00,00,00,00,00,00,00,00,00,00,00,00,SNR_AVG:0.00
QZS_PRN:00,00,00,00,00,SAT_TAL:00
QZS_SNR:00,00,00,00,00,SNR_AVG:0.00
SatInView:22 GDOP:116
Roll:-125.564392 Pitch:65.989555
X_AVG:-5.453144 Y_AVG:2.568791 Z_AVG:-8.090841
X_SD:7.207762 Y_SD:7.758342 Z_SD:8.491601
$MXCM10033,2,29,20240104,022912,12,0E79669B,47F274D8,0141,001C,49D7,10,A202*6B
GPS_PRN:32,28,10,31,26,25,29,16,23,03,12,19619919500,SAT_TAL:14
GPS_SNR:38,27,32,31,26,34,37,32,32,30,36,29,27,33,00,SNR_AVG:31.71
GLO_PRN:00,00,00,00,00,00,00,00,00,00,00,00,00,00,00,SAT_TAL:00
GLO_SNR:00,00,00,00,00,00,00,00,00,00,00,00,00,00,00,SNR_AVG:0.00
GAL_PRN:24,05,36,11,25,31,09,04,00,00,00,00,00,00,00,SAT_TAL:08
GAL_SNR:24,30,26,27,29,29,27,34,00,00,00,00,00,00,00,SNR_AVG:28.25
BEI_PRN:00,00,00,00,00,00,00,00,00,00,00,00,00,00,00,SAT_TAL:00
BEI_SNR:00,00,00,00,00,00,00,00,00,00,00,00,00,00,00,SNR_AVG:0.00
QZS_PRN:00,00,00,00,00,SAT_TAL:00
QZS_SNR:00,00,00,00,00,SNR_AVG:0.00
SatInView:22 GDOP:133
Roll:-122.134628 Pitch:57.674847
X_AVG:-5.322801 Y_AVG:2.772829 Z_AVG:-8.117992
X_SD:6.657294 Y_SD:8.383576 Z_SD:9.333776
$MXCM10033,2,30,20240104,022927,12,0E78DB82,47F25440,0132,001A,4D1B,10,A202*12
GPS_PRN:32,28,31,10,26,25,29,16,23,03,12,196199195194SAT_TAL:15
GPS_SNR:30,28,32,32,25,33,38,33,34,31,36,31,29,34,31,SNR_AVG:31.80
GLO_PRN:00,00,00,00,00,00,00,00,00,00,00,00,00,00,00,SAT_TAL:00
GLO_SNR:00,00,00,00,00,00,00,00,00,00,00,00,00,00,00,SNR_AVG:0.00
GAL_PRN:00,00,00,00,00,00,00,00,00,00,00,00,00,00,00,SAT_TAL:00
GAL_SNR:00,00,00,00,00,00,00,00,00,00,00,00,00,00,00,SNR_AVG:0.00
BEI_PRN:00,00,00,00,00,00,00,00,00,00,00,00,00,00,00,SAT_TAL:00
BEI_SNR:00,00,00,00,00,00,00,00,00,00,00,00,00,00,00,SNR_AVG:0.00
QZS_PRN:00,00,00,00,00,SAT_TAL:00
QZS_SNR:00,00,00,00,00,SNR_AVG:0.00
SatInView:23 GDOP:133
Roll:168.217255 Pitch:90.000000
X_AVG:-6.431578 Y_AVG:3.291519 Z_AVG:-9.059937
X_SD:6.546505 Y_SD:7.976653 Z_SD:9.213423
$MXCM10033,2,31,20240104,023143,12,0E7464C9,47F1809C,0100,0014,4F3D,10,A202*66
GPS_PRN:32,28,26,31,10,25,29,16,23,03,12,196199195194SAT_TAL:15
GPS_SNR:39,36,33,34,40,34,37,34,33,30,35,32,30,32,36,SNR_AVG:34.33
GLO_PRN:00,00,00,00,00,00,00,00,00,00,00,00,00,00,00,SAT_TAL:00
GLO_SNR:00,00,00,00,00,00,00,00,00,00,00,00,00,00,00,SNR_AVG:0.00
GAL_PRN:00,00,00,00,00,00,00,00,00,00,00,00,00,00,00,SAT_TAL:00
GAL_SNR:00,00,00,00,00,00,00,00,00,00,00,00,00,00,00,SNR_AVG:0.00
BEI_PRN:00,00,00,00,00,00,00,00,00,00,00,00,00,00,00,SAT_TAL:00
BEI_SNR:00,00,00,00,00,00,00,00,00,00,00,00,00,00,00,SNR_AVG:0.00
QZS_PRN:00,00,00,00,00,SAT_TAL:00
QZS_SNR:00,00,00,00,00,SNR_AVG:0.00
SatInView:23 GDOP:134
Roll:83.759415 Pitch:90.000000
X_AVG:-6.196989 Y_AVG:3.013738 Z_AVG:-7.650682
X_SD:10.525209 Y_SD:13.177375 Z_SD:12.352892
$MXCM10033,2,32,20240104,023158,12,0E73EDE8,47F18640,00FF,0017,3EDC,10,A202*62
GPS_PRN:32,28,26,31,10,25,29,16,23,03,12,196199195194SAT_TAL:15
GPS_SNR:38,31,29,34,33,33,35,30,33,32,18,24,19,34,35,SNR_AVG:30.53
GLO_PRN:00,00,00,00,00,00,00,00,00,00,00,00,00,00,00,SAT_TAL:00
GLO_SNR:00,00,00,00,00,00,00,00,00,00,00,00,00,00,00,SNR_AVG:0.00
GAL_PRN:00,00,00,00,00,00,00,00,00,00,00,00,00,00,00,SAT_TAL:00
GAL_SNR:00,00,00,00,00,00,00,00,00,00,00,00,00,00,00,SNR_AVG:0.00
BEI_PRN:00,00,00,00,00,00,00,00,00,00,00,00,00,00,00,SAT_TAL:00
BEI_SNR:00,00,00,00,00,00,00,00,00,00,00,00,00,00,00,SNR_AVG:0.00
QZS_PRN:00,00,00,00,00,SAT_TAL:00
QZS_SNR:00,00,00,00,00,SNR_AVG:0.00
SatInView:23 GDOP:134
Roll:145.836700 Pitch:71.577286
X_AVG:-6.226869 Y_AVG:3.209540 Z_AVG:-8.606323
X_SD:5.939942 Y_SD:9.539176 Z_SD:9.019882
$MXCM10033,2,33,20240104,023413,12,0E70FB8E,47EFA466,00D9,0008,3101,0F,A201*11
GPS_PRN:32,28,26,31,10,25,29,16,23,03,12,196199195194SAT_TAL:14
GPS_SNR:34,27,34,29,00,27,33,30,29,26,25,28,24,24,29,SNR_AVG:28.50
GLO_PRN:00,00,00,00,00,00,00,00,00,00,00,00,00,00,00,SAT_TAL:00
GLO_SNR:00,00,00,00,00,00,00,00,00,00,00,00,00,00,00,SNR_AVG:0.00
GAL_PRN:00,00,00,00,00,00,00,00,00,00,00,00,00,00,00,SAT_TAL:00
GAL_SNR:00,00,00,00,00,00,00,00,00,00,00,00,00,00,00,SNR_AVG:0.00
BEI_PRN:00,00,00,00,00,00,00,00,00,00,00,00,00,00,00,SAT_TAL:00
BEI_SNR:00,00,00,00,00,00,00,00,00,00,00,00,00,00,00,SNR_AVG:0.00
QZS_PRN:00,00,00,00,00,SAT_TAL:00
QZS_SNR:00,00,00,00,00,SNR_AVG:0.00
SatInView:23 GDOP:110
Roll:129.238907 Pitch:41.647507
X_AVG:-8.252501 Y_AVG:7.911559 Z_AVG:-7.057722
X_SD:6.241087 Y_SD:8.732512 Z_SD:6.939745
$MXCM10033,2,34,20240104,023429,12,0E71017C,47EF9D25,00C6,0004,60AC,10,A201*69
GPS_PRN:32,28,26,31,10,25,29,16,23,03,12,196199195194SAT_TAL:15
GPS_SNR:39,34,36,34,38,31,36,34,37,25,24,35,30,32,35,SNR_AVG:33.33
GLO_PRN:00,00,00,00,00,00,00,00,00,00,00,00,00,00,00,SAT_TAL:00
GLO_SNR:00,00,00,00,00,00,00,00,00,00,00,00,00,00,00,SNR_AVG:0.00
GAL_PRN:00,00,00,00,00,00,00,00,00,00,00,00,00,00,00,SAT_TAL:00
GAL_SNR:00,00,00,00,00,00,00,00,00,00,00,00,00,00,00,SNR_AVG:0.00
BEI_PRN:00,00,00,00,00,00,00,00,00,00,00,00,00,00,00,SAT_TAL:00
BEI_SNR:00,00,00,00,00,00,00,00,00,00,00,00,00,00,00,SNR_AVG:0.00
QZS_PRN:00,00,00,00,00,SAT_TAL:00
QZS_SNR:00,00,00,00,00,SNR_AVG:0.00
SatInView:23 GDOP:134
Roll:123.552299 Pitch:15.250463
X_AVG:-3.195893 Y_AVG:10.452864 Z_AVG:-8.480529
X_SD:3.126551 Y_SD:5.810805 Z_SD:3.371920
$MXCM10033,2,35,20240104,023644,12,0E71009E,47EFA211,00C5,0001,754A,08,A201*1D
GPS_PRN:32,28,26,31,10,25,29,23,12,19619919500,00,00,SAT_TAL:08
GPS_SNR:19,00,00,18,21,19,28,29,00,15,00,36,00,00,00,SNR_AVG:23.12
GLO_PRN:00,00,00,00,00,00,00,00,00,00,00,00,00,00,00,SAT_TAL:00
GLO_SNR:00,00,00,00,00,00,00,00,00,00,00,00,00,00,00,SNR_AVG:0.00
GAL_PRN:36,05,25,04,31,09,24,00,00,00,00,00,00,00,00,SAT_TAL:01
GAL_SNR:00,00,00,18,00,00,00,00,00,00,00,00,00,00,00,SNR_AVG:18.00
BEI_PRN:00,00,00,00,00,00,00,00,00,00,00,00,00,00,00,SAT_TAL:00
BEI_SNR:00,00,00,00,00,00,00,00,00,00,00,00,00,00,00,SNR_AVG:0.00
QZS_PRN:00,00,00,00,00,SAT_TAL:00
QZS_SNR:00,00,00,00,00,SNR_AVG:0.00
SatInView:19 GDOP:154
Roll:112.145760 Pitch:30.228737
X_AVG:-4.874118 Y_AVG:7.883834 Z_AVG:-3.512843
X_SD:0.439635 Y_SD:0.221134 Z_SD:0.243580
$MXCM10033,2,36,20240104,023659,12,0E70FE26,47EFA207,00C4,0000,796C,0C,A201*18
GPS_PRN:32,28,26,31,10,25,29,23,12,19619919500,00,00,SAT_TAL:10
GPS_SNR:23,19,19,17,17,19,29,29,00,19,00,35,00,00,00,SNR_AVG:22.60
GLO_PRN:00,00,00,00,00,00,00,00,00,00,00,00,00,00,00,SAT_TAL:00
GLO_SNR:00,00,00,00,00,00,00,00,00,00,00,00,00,00,00,SNR_AVG:0.00
GAL_PRN:36,05,25,04,31,09,24,00,00,00,00,00,00,00,00,SAT_TAL:03
GAL_SNR:00,00,00,24,18,00,16,00,00,00,00,00,00,00,00,SNR_AVG:19.33
BEI_PRN:00,00,00,00,00,00,00,00,00,00,00,00,00,00,00,SAT_TAL:00
BEI_SNR:00,00,00,00,00,00,00,00,00,00,00,00,00,00,00,SNR_AVG:0.00
QZS_PRN:00,00,00,00,00,SAT_TAL:00
QZS_SNR:00,00,00,00,00,SNR_AVG:0.00
SatInView:19 GDOP:136
Roll:110.368240 Pitch:24.452322
X_AVG:-4.400248 Y_AVG:8.159316 Z_AVG:-3.391886
X_SD:0.229398 Y_SD:0.138800 Z_SD:0.170584
$MXCM10033,2,37,20240104,023914,00,0E70FE6E,47EFA23D,00C4,0000,0000,00,A201*13
GPS_PRN:19928,26,31,10,25,29,16,03,23,12,19632,00,00,SAT_TAL:03
GPS_SNR:00,00,00,00,00,24,28,00,00,19,00,00,00,00,00,SNR_AVG:23.67
GLO_PRN:00,00,00,00,00,00,00,00,00,00,00,00,00,00,00,SAT_TAL:00
GLO_SNR:00,00,00,00,00,00,00,00,00,00,00,00,00,00,00,SNR_AVG:0.00
GAL_PRN:25,04,05,24,36,31,09,00,00,00,00,00,00,00,00,SAT_TAL:00
GAL_SNR:00,00,00,00,00,00,00,00,00,00,00,00,00,00,00,SNR_AVG:0.00
BEI_PRN:00,00,00,00,00,00,00,00,00,00,00,00,00,00,00,SAT_TAL:00
BEI_SNR:00,00,00,00,00,00,00,00,00,00,00,00,00,00,00,SNR_AVG:0.00
QZS_PRN:00,00,00,00,00,SAT_TAL:00
QZS_SNR:00,00,00,00,00,SNR_AVG:0.00
SatInView:20 GDOP:329
Roll:113.575188 Pitch:29.506586
X_AVG:-4.798173 Y_AVG:7.839732 Z_AVG:-3.780856
X_SD:0.145107 Y_SD:0.090598 Z_SD:0.147700
$MXCM10033,2,38,20240104,023929,12,0E7106AA,47EF9FE1,00C4,0000,84EC,07,A201*64
GPS_PRN:32,26,31,10,25,29,23,12,19619919500,00,00,00,SAT_TAL:08
GPS_SNR:22,00,15,17,18,25,21,00,16,00,26,00,00,00,00,SNR_AVG:20.00
GLO_PRN:00,00,00,00,00,00,00,00,00,00,00,00,00,00,00,SAT_TAL:00
GLO_SNR:00,00,00,00,00,00,00,00,00,00,00,00,00,00,00,SNR_AVG:0.00
GAL_PRN:36,05,25,04,31,09,24,00,00,00,00,00,00,00,00,SAT_TAL:00
GAL_SNR:00,00,00,00,00,00,00,00,00,00,00,00,00,00,00,SNR_AVG:0.00
BEI_PRN:00,00,00,00,00,00,00,00,00,00,00,00,00,00,00,SAT_TAL:00
BEI_SNR:00,00,00,00,00,00,00,00,00,00,00,00,00,00,00,SNR_AVG:0.00
QZS_PRN:00,00,00,00,00,SAT_TAL:00
QZS_SNR:00,00,00,00,00,SNR_AVG:0.00
SatInView:18 GDOP:157
Roll:61.650753 Pitch:34.537376
X_AVG:-5.045594 Y_AVG:3.613210 Z_AVG:-0.515147
X_SD:7.609842 Y_SD:9.326588 Z_SD:7.310469
$MXCM10033,2,39,20240104,024144,00,0E710670,47EFA10A,00C4,0000,0000,00,A201*62
GPS_PRN:25,00,00,00,00,00,00,00,00,00,00,00,00,00,00,SAT_TAL:00
GPS_SNR:00,00,00,00,00,00,00,00,00,00,00,00,00,00,00,SNR_AVG:0.00
GLO_PRN:00,00,00,00,00,00,00,00,00,00,00,00,00,00,00,SAT_TAL:00
GLO_SNR:00,00,00,00,00,00,00,00,00,00,00,00,00,00,00,SNR_AVG:0.00
GAL_PRN:00,00,00,00,00,00,00,00,00,00,00,00,00,00,00,SAT_TAL:00
GAL_SNR:00,00,00,00,00,00,00,00,00,00,00,00,00,00,00,SNR_AVG:0.00
BEI_PRN:00,00,00,00,00,00,00,00,00,00,00,00,00,00,00,SAT_TAL:00
BEI_SNR:00,00,00,00,00,00,00,00,00,00,00,00,00,00,00,SNR_AVG:0.00
QZS_PRN:00,00,00,00,00,SAT_TAL:00
QZS_SNR:00,00,00,00,00,SNR_AVG:0.00
SatInView:1 GDOP:17319
Roll:129.239548 Pitch:0.836003
X_AVG:-0.853790 Y_AVG:7.676683 Z_AVG:-6.470221
X_SD:3.865192 Y_SD:4.729449 Z_SD:1.989497
$MXCM10033,2,40,20240104,024159,00,0E70F78F,47EFA02F,00C4,0000,0000,00,A202*68
GPS_PRN:32,26,31,10,25,29,16,03,23,19619919500,00,00,SAT_TAL:02
GPS_SNR:20,00,00,00,00,00,00,00,23,00,00,00,00,00,00,SNR_AVG:21.50
GLO_PRN:00,00,00,00,00,00,00,00,00,00,00,00,00,00,00,SAT_TAL:00
GLO_SNR:00,00,00,00,00,00,00,00,00,00,00,00,00,00,00,SNR_AVG:0.00
GAL_PRN:04,05,25,31,09,24,00,00,00,00,00,00,00,00,00,SAT_TAL:00
GAL_SNR:00,00,00,00,00,00,00,00,00,00,00,00,00,00,00,SNR_AVG:0.00
BEI_PRN:00,00,00,00,00,00,00,00,00,00,00,00,00,00,00,SAT_TAL:00
BEI_SNR:00,00,00,00,00,00,00,00,00,00,00,00,00,00,00,SNR_AVG:0.00
QZS_PRN:00,00,00,00,00,SAT_TAL:00
QZS_SNR:00,00,00,00,00,SNR_AVG:0.00
SatInView:18 GDOP:10884
Roll:160.463089 Pitch:9.575084
X_AVG:-1.823604 Y_AVG:1.433246 Z_AVG:-10.651156
X_SD:0.121516 Y_SD:0.212416 Z_SD:0.160584
$MXCM10033,2,41,20240104,024414,00,0E710670,47EFA10A,00C4,0000,0000,00,A202*6E
GPS_PRN:10,00,00,00,00,00,00,00,00,00,00,00,00,00,00,SAT_TAL:00
GPS_SNR:00,00,00,00,00,00,00,00,00,00,00,00,00,00,00,SNR_AVG:0.00
GLO_PRN:00,00,00,00,00,00,00,00,00,00,00,00,00,00,00,SAT_TAL:00
GLO_SNR:00,00,00,00,00,00,00,00,00,00,00,00,00,00,00,SNR_AVG:0.00
GAL_PRN:00,00,00,00,00,00,00,00,00,00,00,00,00,00,00,SAT_TAL:00
GAL_SNR:00,00,00,00,00,00,00,00,00,00,00,00,00,00,00,SNR_AVG:0.00
BEI_PRN:00,00,00,00,00,00,00,00,00,00,00,00,00,00,00,SAT_TAL:00
BEI_SNR:00,00,00,00,00,00,00,00,00,00,00,00,00,00,00,SNR_AVG:0.00
QZS_PRN:00,00,00,00,00,SAT_TAL:00
QZS_SNR:00,00,00,00,00,SNR_AVG:0.00
SatInView:1 GDOP:17319
Roll:122.961281 Pitch:68.068390
X_AVG:-9.155420 Y_AVG:3.382213 Z_AVG:-2.678783
X_SD:0.074633 Y_SD:0.070717 Z_SD:0.119335
$MXCM10033,2,42,20240104,024429,00,0E710670,47EFA10A,00C4,0000,0000,00,A202*63
GPS_PRN:28,26,19619900,00,00,00,00,00,00,00,00,00,00,SAT_TAL:00
GPS_SNR:00,00,00,00,00,00,00,00,00,00,00,00,00,00,00,SNR_AVG:0.00
GLO_PRN:00,00,00,00,00,00,00,00,00,00,00,00,00,00,00,SAT_TAL:00
GLO_SNR:00,00,00,00,00,00,00,00,00,00,00,00,00,00,00,SNR_AVG:0.00
GAL_PRN:00,00,00,00,00,00,00,00,00,00,00,00,00,00,00,SAT_TAL:00
GAL_SNR:00,00,00,00,00,00,00,00,00,00,00,00,00,00,00,SNR_AVG:0.00
BEI_PRN:00,00,00,00,00,00,00,00,00,00,00,00,00,00,00,SAT_TAL:00
BEI_SNR:00,00,00,00,00,00,00,00,00,00,00,00,00,00,00,SNR_AVG:0.00
QZS_PRN:00,00,00,00,00,SAT_TAL:00
QZS_SNR:00,00,00,00,00,SNR_AVG:0.00
SatInView:4 GDOP:17319
Roll:123.036522 Pitch:67.766052
X_AVG:-9.193249 Y_AVG:3.221703 Z_AVG:-2.766077
X_SD:0.074648 Y_SD:0.069708 Z_SD:0.139934
$MXCM10033,2,43,20240104,024644,00,0E710191,47EFA0F5,00C4,0000,0000,00,A202*60
GPS_PRN:19528,26,31,10,25,29,03,19619932,00,00,00,00,SAT_TAL:04
GPS_SNR:30,00,00,00,16,00,00,00,18,00,20,00,00,00,00,SNR_AVG:21.00
GLO_PRN:00,00,00,00,00,00,00,00,00,00,00,00,00,00,00,SAT_TAL:00
GLO_SNR:00,00,00,00,00,00,00,00,00,00,00,00,00,00,00,SNR_AVG:0.00
GAL_PRN:04,09,31,24,00,00,00,00,00,00,00,00,00,00,00,SAT_TAL:00
GAL_SNR:00,00,00,00,00,00,00,00,00,00,00,00,00,00,00,SNR_AVG:0.00
BEI_PRN:00,00,00,00,00,00,00,00,00,00,00,00,00,00,00,SAT_TAL:00
BEI_SNR:00,00,00,00,00,00,00,00,00,00,00,00,00,00,00,SNR_AVG:0.00
QZS_PRN:00,00,00,00,00,SAT_TAL:00
QZS_SNR:00,00,00,00,00,SNR_AVG:0.00
SatInView:15 GDOP:10979
Roll:-26.420160 Pitch:57.082695
X_AVG:-7.749564 Y_AVG:-2.539150 Z_AVG:4.797071
X_SD:0.213829 Y_SD:0.309250 Z_SD:0.232169
$MXCM10033,2,44,20240104,024700,12,0E70FD5E,47EFA46B,00DE,0000,304A,0B,A202*6E
GPS_PRN:32,28,26,31,10,25,29,16,23,19619919500,00,00,SAT_TAL:09
GPS_SNR:21,17,14,17,21,18,19,00,31,00,00,22,00,00,00,SNR_AVG:20.00
GLO_PRN:00,00,00,00,00,00,00,00,00,00,00,00,00,00,00,SAT_TAL:00
GLO_SNR:00,00,00,00,00,00,00,00,00,00,00,00,00,00,00,SNR_AVG:0.00
GAL_PRN:04,05,25,09,31,24,00,00,00,00,00,00,00,00,00,SAT_TAL:03
GAL_SNR:26,00,00,00,18,16,00,00,00,00,00,00,00,00,00,SNR_AVG:20.00
BEI_PRN:00,00,00,00,00,00,00,00,00,00,00,00,00,00,00,SAT_TAL:00
BEI_SNR:00,00,00,00,00,00,00,00,00,00,00,00,00,00,00,SNR_AVG:0.00
QZS_PRN:00,00,00,00,00,SAT_TAL:00
QZS_SNR:00,00,00,00,00,SNR_AVG:0.00
SatInView:18 GDOP:141
Roll:-36.357830 Pitch:66.869202
X_AVG:-8.605988 Y_AVG:-2.606141 Z_AVG:3.409029
X_SD:0.186586 Y_SD:0.160608 Z_SD:0.211831
$MXCM10033,2,45,20240104,024916,12,0E70FCCE,47EFA194,00DF,0000,1177,0F,A202*1A
GPS_PRN:19528,26,31,10,25,29,16,03,23,19619932,00,00,SAT_TAL:12
GPS_SNR:37,20,24,28,23,27,27,18,17,20,20,00,24,00,00,SNR_AVG:23.75
GLO_PRN:00,00,00,00,00,00,00,00,00,00,00,00,00,00,00,SAT_TAL:00
GLO_SNR:00,00,00,00,00,00,00,00,00,00,00,00,00,00,00,SNR_AVG:0.00
GAL_PRN:04,05,25,09,31,24,00,00,00,00,00,00,00,00,00,SAT_TAL:05
GAL_SNR:32,00,16,19,21,25,00,00,00,00,00,00,00,00,00,SNR_AVG:22.60
BEI_PRN:00,00,00,00,00,00,00,00,00,00,00,00,00,00,00,SAT_TAL:00
BEI_SNR:00,00,00,00,00,00,00,00,00,00,00,00,00,00,00,SNR_AVG:0.00
QZS_PRN:00,00,00,00,00,SAT_TAL:00
QZS_SNR:00,00,00,00,00,SNR_AVG:0.00
SatInView:19 GDOP:114
Roll:15.553320 Pitch:22.568754
X_AVG:-3.225150 Y_AVG:2.801272 Z_AVG:7.729979
X_SD:0.125339 Y_SD:0.094483 Z_SD:0.138926
$MXCM10033,2,46,20240104,024931,12,0E70FDC6,47EFA404,00DF,0000,1177,0E,A202*67
GPS_PRN:32,28,26,31,10,25,29,16,03,23,19619919519400,SAT_TAL:13
GPS_SNR:27,18,24,29,25,29,27,22,18,23,22,00,37,30,00,SNR_AVG:25.46
GLO_PRN:00,00,00,00,00,00,00,00,00,00,00,00,00,00,00,SAT_TAL:00
GLO_SNR:00,00,00,00,00,00,00,00,00,00,00,00,00,00,00,SNR_AVG:0.00
GAL_PRN:05,25,09,31,24,04,00,00,00,00,00,00,00,00,00,SAT_TAL:05
GAL_SNR:00,16,21,20,25,32,00,00,00,00,00,00,00,00,00,SNR_AVG:22.80
BEI_PRN:00,00,00,00,00,00,00,00,00,00,00,00,00,00,00,SAT_TAL:00
BEI_SNR:00,00,00,00,00,00,00,00,00,00,00,00,00,00,00,SNR_AVG:0.00
QZS_PRN:00,00,00,00,00,SAT_TAL:00
QZS_SNR:00,00,00,00,00,SNR_AVG:0.00
SatInView:20 GDOP:115
Roll:15.538933 Pitch:22.458805
X_AVG:-3.243538 Y_AVG:2.804864 Z_AVG:7.723371
X_SD:0.099471 Y_SD:0.073143 Z_SD:0.137908
$MXCM10033,2,47,20240104,025147,12,0E70FBAB,47EFA262,00DE,0000,7067,0A,A202*19
GPS_PRN:19528,26,31,10,29,25,16,03,23,19619932,00,00,SAT_TAL:09
GPS_SNR:38,22,15,28,29,31,34,00,00,00,24,00,34,00,00,SNR_AVG:28.33
GLO_PRN:00,00,00,00,00,00,00,00,00,00,00,00,00,00,00,SAT_TAL:00
GLO_SNR:00,00,00,00,00,00,00,00,00,00,00,00,00,00,00,SNR_AVG:0.00
GAL_PRN:04,05,25,09,31,24,00,00,00,00,00,00,00,00,00,SAT_TAL:02
GAL_SNR:27,00,00,00,22,00,00,00,00,00,00,00,00,00,00,SNR_AVG:24.50
BEI_PRN:00,00,00,00,00,00,00,00,00,00,00,00,00,00,00,SAT_TAL:00
BEI_SNR:00,00,00,00,00,00,00,00,00,00,00,00,00,00,00,SNR_AVG:0.00
QZS_PRN:00,00,00,00,00,SAT_TAL:00
QZS_SNR:00,00,00,00,00,SNR_AVG:0.00
SatInView:19 GDOP:144
Roll:15.954422 Pitch:22.367184
X_AVG:-3.214472 Y_AVG:2.820139 Z_AVG:7.737928
X_SD:0.078507 Y_SD:0.063986 Z_SD:0.123461
$MXCM10033,2,48,20240104,025202,12,0E70FBFF,47EFA0AC,00DE,0000,7067,0D,A202*16
GPS_PRN:32,28,26,31,10,25,29,23,19619919519400,00,00,SAT_TAL:10
GPS_SNR:36,22,17,22,28,34,29,00,24,00,38,28,00,00,00,SNR_AVG:27.80
GLO_PRN:00,00,00,00,00,00,00,00,00,00,00,00,00,00,00,SAT_TAL:00
GLO_SNR:00,00,00,00,00,00,00,00,00,00,00,00,00,00,00,SNR_AVG:0.00
GAL_PRN:05,25,09,31,24,04,00,00,00,00,00,00,00,00,00,SAT_TAL:05
GAL_SNR:14,00,19,22,17,29,00,00,00,00,00,00,00,00,00,SNR_AVG:20.20
BEI_PRN:00,00,00,00,00,00,00,00,00,00,00,00,00,00,00,SAT_TAL:00
BEI_SNR:00,00,00,00,00,00,00,00,00,00,00,00,00,00,00,SNR_AVG:0.00
QZS_PRN:00,00,00,00,00,SAT_TAL:00
QZS_SNR:00,00,00,00,00,SNR_AVG:0.00
SatInView:18 GDOP:127
Roll:15.593428 Pitch:21.952362
X_AVG:-3.228838 Y_AVG:2.813818 Z_AVG:7.736444
X_SD:0.077131 Y_SD:0.066133 Z_SD:0.123751
$MXCM10033,2,49,20240104,025418,12,0E70F9D3,47EFA64A,00DE,0000,0000,0F,A202*63
GPS_PRN:19528,26,31,10,29,25,16,03,23,19619932,00,00,SAT_TAL:11
GPS_SNR:39,24,17,18,00,30,28,17,20,00,18,19,38,00,00,SNR_AVG:24.36
GLO_PRN:00,00,00,00,00,00,00,00,00,00,00,00,00,00,00,SAT_TAL:00
GLO_SNR:00,00,00,00,00,00,00,00,00,00,00,00,00,00,00,SNR_AVG:0.00
GAL_PRN:04,05,25,09,31,24,00,00,00,00,00,00,00,00,00,SAT_TAL:06
GAL_SNR:18,18,19,20,20,20,00,00,00,00,00,00,00,00,00,SNR_AVG:19.17
BEI_PRN:00,00,00,00,00,00,00,00,00,00,00,00,00,00,00,SAT_TAL:00
BEI_SNR:00,00,00,00,00,00,00,00,00,00,00,00,00,00,00,SNR_AVG:0.00
QZS_PRN:00,00,00,00,00,SAT_TAL:00
QZS_SNR:00,00,00,00,00,SNR_AVG:0.00
SatInView:19 GDOP:112
Roll:15.892659 Pitch:21.838415
X_AVG:-3.237984 Y_AVG:2.819133 Z_AVG:7.741185
X_SD:0.085825 Y_SD:0.069334 Z_SD:0.134353
$MXCM10033,2,50,20240104,025433,12,0E70F8F1,47EFA37A,00DE,0000,0000,0E,A202*66
GPS_PRN:32,28,26,31,10,29,25,16,03,23,19619919519400,SAT_TAL:11
GPS_SNR:38,21,00,21,00,30,26,21,25,00,18,18,39,28,00,SNR_AVG:25.91
GLO_PRN:00,00,00,00,00,00,00,00,00,00,00,00,00,00,00,SAT_TAL:00
GLO_SNR:00,00,00,00,00,00,00,00,00,00,00,00,00,00,00,SNR_AVG:0.00
GAL_PRN:05,25,09,31,24,04,00,00,00,00,00,00,00,00,00,SAT_TAL:06
GAL_SNR:20,21,20,21,20,22,00,00,00,00,00,00,00,00,00,SNR_AVG:20.67
BEI_PRN:00,00,00,00,00,00,00,00,00,00,00,00,00,00,00,SAT_TAL:00
BEI_SNR:00,00,00,00,00,00,00,00,00,00,00,00,00,00,00,SNR_AVG:0.00
QZS_PRN:00,00,00,00,00,SAT_TAL:00
QZS_SNR:00,00,00,00,00,SNR_AVG:0.00
SatInView:20 GDOP:114
Roll:16.398294 Pitch:22.941965
X_AVG:-3.238319 Y_AVG:2.831344 Z_AVG:7.730075
X_SD:0.088122 Y_SD:0.064629 Z_SD:0.121298
$MXCM10033,2,51,20240104,025649,12,0E70FD27,47EFA036,00DE,0000,3F79,0E,A202*6D
GPS_PRN:32,26,28,31,10,29,25,03,19619919519400,00,00,SAT_TAL:10
GPS_SNR:20,00,23,30,18,36,24,27,22,00,38,24,00,00,00,SNR_AVG:26.20
GLO_PRN:00,00,00,00,00,00,00,00,00,00,00,00,00,00,00,SAT_TAL:00
GLO_SNR:00,00,00,00,00,00,00,00,00,00,00,00,00,00,00,SNR_AVG:0.00
GAL_PRN:05,25,09,31,24,04,00,00,00,00,00,00,00,00,00,SAT_TAL:06
GAL_SNR:18,20,27,19,17,31,00,00,00,00,00,00,00,00,00,SNR_AVG:22.00
BEI_PRN:00,00,00,00,00,00,00,00,00,00,00,00,00,00,00,SAT_TAL:00
BEI_SNR:00,00,00,00,00,00,00,00,00,00,00,00,00,00,00,SNR_AVG:0.00
QZS_PRN:00,00,00,00,00,SAT_TAL:00
QZS_SNR:00,00,00,00,00,SNR_AVG:0.00
SatInView:18 GDOP:115
Roll:15.726391 Pitch:22.394276
X_AVG:-3.242916 Y_AVG:2.822150 Z_AVG:7.755981
X_SD:0.082871 Y_SD:0.064421 Z_SD:0.137387
$MXCM10033,2,52,20240104,025704,12,0E70FDA2,47EF9FC9,00DE,0000,3F79,0F,A202*62
GPS_PRN:32,26,28,31,10,29,25,03,19619919519400,00,00,SAT_TAL:11
GPS_SNR:22,23,27,32,18,34,26,27,20,00,38,27,00,00,00,SNR_AVG:26.73
GLO_PRN:00,00,00,00,00,00,00,00,00,00,00,00,00,00,00,SAT_TAL:00
GLO_SNR:00,00,00,00,00,00,00,00,00,00,00,00,00,00,00,SNR_AVG:0.00
GAL_PRN:05,25,09,31,24,04,00,00,00,00,00,00,00,00,00,SAT_TAL:06
GAL_SNR:19,18,28,18,17,32,00,00,00,00,00,00,00,00,00,SNR_AVG:22.00
BEI_PRN:00,00,00,00,00,00,00,00,00,00,00,00,00,00,00,SAT_TAL:00
BEI_SNR:00,00,00,00,00,00,00,00,00,00,00,00,00,00,00,SNR_AVG:0.00
QZS_PRN:00,00,00,00,00,SAT_TAL:00
QZS_SNR:00,00,00,00,00,SNR_AVG:0.00
SatInView:18 GDOP:113
Roll:16.334230 Pitch:22.684935
X_AVG:-3.245023 Y_AVG:2.817410 Z_AVG:7.749277
X_SD:0.092663 Y_SD:0.084788 Z_SD:0.124957
$MXCM10033,2,53,20240104,025920,12,0E70FCFC,47EF9DA6,00DD,0000,2118,0E,A202*66
GPS_PRN:32,26,28,31,29,10,25,16,03,19619919519400,00,SAT_TAL:11
GPS_SNR:31,00,22,23,37,22,36,20,22,25,00,36,30,00,00,SNR_AVG:27.64
GLO_PRN:00,00,00,00,00,00,00,00,00,00,00,00,00,00,00,SAT_TAL:00
GLO_SNR:00,00,00,00,00,00,00,00,00,00,00,00,00,00,00,SNR_AVG:0.00
GAL_PRN:05,25,09,31,24,04,00,00,00,00,00,00,00,00,00,SAT_TAL:05
GAL_SNR:17,00,27,27,23,28,00,00,00,00,00,00,00,00,00,SNR_AVG:24.40
BEI_PRN:00,00,00,00,00,00,00,00,00,00,00,00,00,00,00,SAT_TAL:00
BEI_SNR:00,00,00,00,00,00,00,00,00,00,00,00,00,00,00,SNR_AVG:0.00
QZS_PRN:00,00,00,00,00,SAT_TAL:00
QZS_SNR:00,00,00,00,00,SNR_AVG:0.00
SatInView:19 GDOP:117
Roll:16.218849 Pitch:22.737442
X_AVG:-3.240569 Y_AVG:2.819517 Z_AVG:7.747266
X_SD:0.085097 Y_SD:0.068105 Z_SD:0.124803
$MXCM10033,2,54,20240104,025935,12,0E70FD54,47EF9BE2,00DD,0000,2118,10,A202*14
GPS_PRN:32,26,28,31,29,10,25,16,03,19619919519400,00,SAT_TAL:12
GPS_SNR:30,22,19,18,32,27,36,22,23,25,00,37,30,00,00,SNR_AVG:26.75
GLO_PRN:00,00,00,00,00,00,00,00,00,00,00,00,00,00,00,SAT_TAL:00
GLO_SNR:00,00,00,00,00,00,00,00,00,00,00,00,00,00,00,SNR_AVG:0.00
GAL_PRN:05,25,09,31,24,04,00,00,00,00,00,00,00,00,00,SAT_TAL:05
GAL_SNR:15,00,26,24,21,27,00,00,00,00,00,00,00,00,00,SNR_AVG:22.60
BEI_PRN:00,00,00,00,00,00,00,00,00,00,00,00,00,00,00,SAT_TAL:00
BEI_SNR:00,00,00,00,00,00,00,00,00,00,00,00,00,00,00,SNR_AVG:0.00
QZS_PRN:00,00,00,00,00,SAT_TAL:00
QZS_SNR:00,00,00,00,00,SNR_AVG:0.00
SatInView:19 GDOP:114
Roll:16.435057 Pitch:22.543697
X_AVG:-3.238606 Y_AVG:2.830626 Z_AVG:7.749133
X_SD:0.090890 Y_SD:0.063422 Z_SD:0.124740
$MXCM10033,2,55,20240104,030151,12,0E70FF61,47EFA3C5,00DD,0000,6AF1,0D,A202*68
GPS_PRN:32,26,28,31,29,16,10,25,03,19619919500,00,00,SAT_TAL:10
GPS_SNR:29,23,27,26,34,17,18,36,00,24,00,38,00,00,00,SNR_AVG:27.20
GLO_PRN:00,00,00,00,00,00,00,00,00,00,00,00,00,00,00,SAT_TAL:00
GLO_SNR:00,00,00,00,00,00,00,00,00,00,00,00,00,00,00,SNR_AVG:0.00
GAL_PRN:04,05,25,09,24,31,00,00,00,00,00,00,00,00,00,SAT_TAL:03
GAL_SNR:34,00,00,27,00,25,00,00,00,00,00,00,00,00,00,SNR_AVG:28.67
BEI_PRN:00,00,00,00,00,00,00,00,00,00,00,00,00,00,00,SAT_TAL:00
BEI_SNR:00,00,00,00,00,00,00,00,00,00,00,00,00,00,00,SNR_AVG:0.00
QZS_PRN:00,00,00,00,00,SAT_TAL:00
QZS_SNR:00,00,00,00,00,SNR_AVG:0.00
SatInView:18 GDOP:132
Roll:15.786492 Pitch:22.403185
X_AVG:-3.243682 Y_AVG:2.834169 Z_AVG:7.743435
X_SD:0.078181 Y_SD:0.068742 Z_SD:0.135211
$MXCM10033,2,56,20240104,030206,12,0E70FF80,47EFA3CC,00DD,0000,6AF1,0F,A202*11
GPS_PRN:32,26,28,31,29,16,10,25,03,19619919519400,00,SAT_TAL:12
GPS_SNR:24,25,26,25,34,13,17,36,00,24,17,39,32,00,00,SNR_AVG:26.00
GLO_PRN:00,00,00,00,00,00,00,00,00,00,00,00,00,00,00,SAT_TAL:00
GLO_SNR:00,00,00,00,00,00,00,00,00,00,00,00,00,00,00,SNR_AVG:0.00
GAL_PRN:05,25,09,24,31,04,00,00,00,00,00,00,00,00,00,SAT_TAL:06
GAL_SNR:06,18,25,25,26,32,00,00,00,00,00,00,00,00,00,SNR_AVG:22.00
BEI_PRN:00,00,00,00,00,00,00,00,00,00,00,00,00,00,00,SAT_TAL:00
BEI_SNR:00,00,00,00,00,00,00,00,00,00,00,00,00,00,00,SNR_AVG:0.00
QZS_PRN:00,00,00,00,00,SAT_TAL:00
QZS_SNR:00,00,00,00,00,SNR_AVG:0.00
SatInView:19 GDOP:123
Roll:16.070257 Pitch:22.542084
X_AVG:-3.246794 Y_AVG:2.830770 Z_AVG:7.753347
X_SD:0.082723 Y_SD:0.065098 Z_SD:0.121369
$MXCM10033,2,57,20240104,030421,12,0E70FF69,47EFA4E0,00DD,0000,22E7,10,A202*63
GPS_PRN:32,26,28,31,29,16,10,25,03,19619919519400,00,SAT_TAL:12
GPS_SNR:28,19,18,30,32,26,21,35,25,28,00,33,30,00,00,SNR_AVG:27.08
GLO_PRN:00,00,00,00,00,00,00,00,00,00,00,00,00,00,00,SAT_TAL:00
GLO_SNR:00,00,00,00,00,00,00,00,00,00,00,00,00,00,00,SNR_AVG:0.00
GAL_PRN:05,25,09,24,31,04,00,00,00,00,00,00,00,00,00,SAT_TAL:05
GAL_SNR:00,23,23,23,27,30,00,00,00,00,00,00,00,00,00,SNR_AVG:25.20
BEI_PRN:00,00,00,00,00,00,00,00,00,00,00,00,00,00,00,SAT_TAL:00
BEI_SNR:00,00,00,00,00,00,00,00,00,00,00,00,00,00,00,SNR_AVG:0.00
QZS_PRN:00,00,00,00,00,SAT_TAL:00
QZS_SNR:00,00,00,00,00,SNR_AVG:0.00
SatInView:19 GDOP:112
Roll:15.567580 Pitch:21.926350
X_AVG:-3.260729 Y_AVG:2.833307 Z_AVG:7.736875
X_SD:0.088653 Y_SD:0.062155 Z_SD:0.127356
$MXCM10033,2,58,20240104,030436,12,0E70FE55,47EFA283,00DC,0000,22E7,11,A202*18
GPS_PRN:32,26,28,31,29,16,10,25,03,19619919519400,00,SAT_TAL:12
GPS_SNR:31,25,14,33,31,25,16,35,19,28,00,33,30,00,00,SNR_AVG:26.67
GLO_PRN:00,00,00,00,00,00,00,00,00,00,00,00,00,00,00,SAT_TAL:00
GLO_SNR:00,00,00,00,00,00,00,00,00,00,00,00,00,00,00,SNR_AVG:0.00
GAL_PRN:05,25,09,24,31,04,00,00,00,00,00,00,00,00,00,SAT_TAL:06
GAL_SNR:13,19,24,24,25,29,00,00,00,00,00,00,00,00,00,SNR_AVG:22.33
BEI_PRN:00,00,00,00,00,00,00,00,00,00,00,00,00,00,00,SAT_TAL:00
BEI_SNR:00,00,00,00,00,00,00,00,00,00,00,00,00,00,00,SNR_AVG:0.00
QZS_PRN:00,00,00,00,00,SAT_TAL:00
QZS_SNR:00,00,00,00,00,SNR_AVG:0.00
SatInView:19 GDOP:108
Roll:16.645350 Pitch:22.206373
X_AVG:-3.250625 Y_AVG:2.837138 Z_AVG:7.733571
X_SD:0.080960 Y_SD:0.066043 Z_SD:0.122634
$MXCM10033,2,59,20240104,030652,12,0E70FDF7,47EFA26E,00DC,0000,0000,0E,A202*16
GPS_PRN:32,26,28,31,29,16,10,25,03,19619919500,00,00,SAT_TAL:10
GPS_SNR:29,24,18,27,22,26,31,36,23,00,00,34,00,00,00,SNR_AVG:27.00
GLO_PRN:00,00,00,00,00,00,00,00,00,00,00,00,00,00,00,SAT_TAL:00
GLO_SNR:00,00,00,00,00,00,00,00,00,00,00,00,00,00,00,SNR_AVG:0.00
GAL_PRN:04,05,25,09,24,31,00,00,00,00,00,00,00,00,00,SAT_TAL:04
GAL_SNR:38,00,00,27,26,19,00,00,00,00,00,00,00,00,00,SNR_AVG:27.50
BEI_PRN:00,00,00,00,00,00,00,00,00,00,00,00,00,00,00,SAT_TAL:00
BEI_SNR:00,00,00,00,00,00,00,00,00,00,00,00,00,00,00,SNR_AVG:0.00
QZS_PRN:00,00,00,00,00,SAT_TAL:00
QZS_SNR:00,00,00,00,00,SNR_AVG:0.00
SatInView:18 GDOP:119
Roll:15.904619 Pitch:22.741945
X_AVG:-3.264129 Y_AVG:2.846667 Z_AVG:7.755502
X_SD:0.077112 Y_SD:0.069129 Z_SD:0.118591
$MXCM10033,2,60,20240104,030707,12,0E70FEF7,47EFA225,00DC,0000,0000,10,A202*1C
GPS_PRN:32,26,28,31,29,16,10,25,03,19619919500,00,00,SAT_TAL:10
GPS_SNR:31,27,00,29,27,25,32,36,15,15,00,34,00,00,00,SNR_AVG:27.10
GLO_PRN:00,00,00,00,00,00,00,00,00,00,00,00,00,00,00,SAT_TAL:00
GLO_SNR:00,00,00,00,00,00,00,00,00,00,00,00,00,00,00,SNR_AVG:0.00
GAL_PRN:04,05,25,09,24,31,00,00,00,00,00,00,00,00,00,SAT_TAL:06
GAL_SNR:38,24,16,28,27,13,00,00,00,00,00,00,00,00,00,SNR_AVG:24.33
BEI_PRN:00,00,00,00,00,00,00,00,00,00,00,00,00,00,00,SAT_TAL:00
BEI_SNR:00,00,00,00,00,00,00,00,00,00,00,00,00,00,00,SNR_AVG:0.00
QZS_PRN:00,00,00,00,00,SAT_TAL:00
QZS_SNR:00,00,00,00,00,SNR_AVG:0.00
SatInView:18 GDOP:110
Roll:15.949329 Pitch:21.916536
X_AVG:-3.243347 Y_AVG:2.842166 Z_AVG:7.739509
X_SD:0.087473 Y_SD:0.064591 Z_SD:0.130239
$MXCM10033,2,61,20240104,030923,12,0E70FFF8,47EF9F9E,00DC,0000,72B3,0C,A202*68
GPS_PRN:32,26,28,31,29,16,10,25,03,19919619500,00,00,SAT_TAL:09
GPS_SNR:30,00,26,21,36,00,30,38,20,00,29,37,00,00,00,SNR_AVG:29.67
GLO_PRN:00,00,00,00,00,00,00,00,00,00,00,00,00,00,00,SAT_TAL:00
GLO_SNR:00,00,00,00,00,00,00,00,00,00,00,00,00,00,00,SNR_AVG:0.00
GAL_PRN:04,05,25,09,24,31,00,00,00,00,00,00,00,00,00,SAT_TAL:03
GAL_SNR:37,00,00,00,26,18,00,00,00,00,00,00,00,00,00,SNR_AVG:27.00
BEI_PRN:00,00,00,00,00,00,00,00,00,00,00,00,00,00,00,SAT_TAL:00
BEI_SNR:00,00,00,00,00,00,00,00,00,00,00,00,00,00,00,SNR_AVG:0.00
QZS_PRN:00,00,00,00,00,SAT_TAL:00
QZS_SNR:00,00,00,00,00,SNR_AVG:0.00
SatInView:18 GDOP:127
Roll:16.836525 Pitch:22.467625
X_AVG:-3.258430 Y_AVG:2.846619 Z_AVG:7.744345
X_SD:0.086956 Y_SD:0.066998 Z_SD:0.133482
$MXCM10033,2,62,20240104,030938,12,0E710037,47EF9FE9,00DB,0000,72B3,10,A202*69
GPS_PRN:32,26,28,31,29,10,25,03,19919619519400,00,00,SAT_TAL:11
GPS_SNR:34,18,28,24,39,31,38,21,00,29,36,29,00,00,00,SNR_AVG:29.73
GLO_PRN:00,00,00,00,00,00,00,00,00,00,00,00,00,00,00,SAT_TAL:00
GLO_SNR:00,00,00,00,00,00,00,00,00,00,00,00,00,00,00,SNR_AVG:0.00
GAL_PRN:05,25,09,24,31,04,00,00,00,00,00,00,00,00,00,SAT_TAL:06
GAL_SNR:18,20,23,21,18,37,00,00,00,00,00,00,00,00,00,SNR_AVG:22.83
BEI_PRN:00,00,00,00,00,00,00,00,00,00,00,00,00,00,00,SAT_TAL:00
BEI_SNR:00,00,00,00,00,00,00,00,00,00,00,00,00,00,00,SNR_AVG:0.00
QZS_PRN:00,00,00,00,00,SAT_TAL:00
QZS_SNR:00,00,00,00,00,SNR_AVG:0.00
SatInView:18 GDOP:111
Roll:16.090166 Pitch:22.547417
X_AVG:-3.257377 Y_AVG:2.849828 Z_AVG:7.745351
X_SD:0.081421 Y_SD:0.064675 Z_SD:0.138483
$MXCM10033,2,63,20240104,031154,12,0E70FF41,47EFA29C,00DB,0000,7311,0E,A202*65
GPS_PRN:32,26,28,31,29,10,25,03,19919619519400,00,00,SAT_TAL:11
GPS_SNR:25,19,27,28,33,29,35,18,00,28,37,30,00,00,00,SNR_AVG:28.09
GLO_PRN:00,00,00,00,00,00,00,00,00,00,00,00,00,00,00,SAT_TAL:00
GLO_SNR:00,00,00,00,00,00,00,00,00,00,00,00,00,00,00,SNR_AVG:0.00
GAL_PRN:05,25,09,24,31,04,00,00,00,00,00,00,00,00,00,SAT_TAL:04
GAL_SNR:00,00,30,27,23,35,00,00,00,00,00,00,00,00,00,SNR_AVG:28.75
BEI_PRN:00,00,00,00,00,00,00,00,00,00,00,00,00,00,00,SAT_TAL:00
BEI_SNR:00,00,00,00,00,00,00,00,00,00,00,00,00,00,00,SNR_AVG:0.00
QZS_PRN:00,00,00,00,00,SAT_TAL:00
QZS_SNR:00,00,00,00,00,SNR_AVG:0.00
SatInView:18 GDOP:122
Roll:15.356502 Pitch:22.194048
X_AVG:-3.264129 Y_AVG:2.844848 Z_AVG:7.755694
X_SD:0.088083 Y_SD:0.065037 Z_SD:0.126200
$MXCM10033,2,64,20240104,031209,12,0E70FEC4,47EFA312,00DB,0000,7311,0F,A202*63
GPS_PRN:32,26,28,31,29,10,25,03,19919619519400,00,00,SAT_TAL:10
GPS_SNR:00,19,29,30,32,31,35,17,00,30,37,29,00,00,00,SNR_AVG:28.90
GLO_PRN:00,00,00,00,00,00,00,00,00,00,00,00,00,00,00,SAT_TAL:00
GLO_SNR:00,00,00,00,00,00,00,00,00,00,00,00,00,00,00,SNR_AVG:0.00
GAL_PRN:05,25,09,24,31,04,00,00,00,00,00,00,00,00,00,SAT_TAL:06
GAL_SNR:17,16,28,27,22,35,00,00,00,00,00,00,00,00,00,SNR_AVG:24.17
BEI_PRN:00,00,00,00,00,00,00,00,00,00,00,00,00,00,00,SAT_TAL:00
BEI_SNR:00,00,00,00,00,00,00,00,00,00,00,00,00,00,00,SNR_AVG:0.00
QZS_PRN:00,00,00,00,00,SAT_TAL:00
QZS_SNR:00,00,00,00,00,SNR_AVG:0.00
SatInView:18 GDOP:112
Roll:16.272446 Pitch:22.088823
X_AVG:-3.271934 Y_AVG:2.855478 Z_AVG:7.739987
X_SD:0.089076 Y_SD:0.066534 Z_SD:0.124346
$MXCM10033,2,65,20240104,031425,12,0E70FE77,47EFA648,00DA,0000,0000,0E,A202*13
GPS_PRN:32,26,28,31,29,16,10,25,03,19919619519400,00,SAT_TAL:11
GPS_SNR:34,27,00,25,26,30,29,35,17,00,31,40,30,00,00,SNR_AVG:29.45
GLO_PRN:00,00,00,00,00,00,00,00,00,00,00,00,00,00,00,SAT_TAL:00
GLO_SNR:00,00,00,00,00,00,00,00,00,00,00,00,00,00,00,SNR_AVG:0.00
GAL_PRN:05,25,09,24,31,04,00,00,00,00,00,00,00,00,00,SAT_TAL:04
GAL_SNR:00,17,26,26,00,19,00,00,00,00,00,00,00,00,00,SNR_AVG:22.00
BEI_PRN:00,00,00,00,00,00,00,00,00,00,00,00,00,00,00,SAT_TAL:00
BEI_SNR:00,00,00,00,00,00,00,00,00,00,00,00,00,00,00,SNR_AVG:0.00
QZS_PRN:00,00,00,00,00,SAT_TAL:00
QZS_SNR:00,00,00,00,00,SNR_AVG:0.00
SatInView:19 GDOP:114
Roll:16.453897 Pitch:21.935757
X_AVG:-3.264129 Y_AVG:2.854233 Z_AVG:7.743866
X_SD:0.082000 Y_SD:0.063907 Z_SD:0.138192
$MXCM10033,2,66,20240104,031440,12,0E70FE24,47EFA4E9,00DA,0000,0000,10,A202*13
GPS_PRN:32,26,28,31,29,16,10,25,03,19919619519400,00,SAT_TAL:12
GPS_SNR:34,18,26,23,35,28,31,35,18,00,30,40,31,00,00,SNR_AVG:29.08
GLO_PRN:00,00,00,00,00,00,00,00,00,00,00,00,00,00,00,SAT_TAL:00
GLO_SNR:00,00,00,00,00,00,00,00,00,00,00,00,00,00,00,SNR_AVG:0.00
GAL_PRN:05,25,09,24,31,04,00,00,00,00,00,00,00,00,00,SAT_TAL:05
GAL_SNR:16,21,24,21,00,24,00,00,00,00,00,00,00,00,00,SNR_AVG:21.20
BEI_PRN:00,00,00,00,00,00,00,00,00,00,00,00,00,00,00,SAT_TAL:00
BEI_SNR:00,00,00,00,00,00,00,00,00,00,00,00,00,00,00,SNR_AVG:0.00
QZS_PRN:00,00,00,00,00,SAT_TAL:00
QZS_SNR:00,00,00,00,00,SNR_AVG:0.00
SatInView:19 GDOP:109
Roll:16.206160 Pitch:22.431192
X_AVG:-3.263746 Y_AVG:2.857394 Z_AVG:7.741137
X_SD:0.082843 Y_SD:0.067169 Z_SD:0.141033
$MXCM10033,2,67,20240104,031655,12,0E70FFA8,47EFA3FE,00D9,0000,8056,0B,A202*10
GPS_PRN:32,26,28,31,16,29,10,25,03,19919619500,00,00,SAT_TAL:08
GPS_SNR:31,28,24,00,31,35,18,31,00,00,00,42,00,00,00,SNR_AVG:30.00
GLO_PRN:00,00,00,00,00,00,00,00,00,00,00,00,00,00,00,SAT_TAL:00
GLO_SNR:00,00,00,00,00,00,00,00,00,00,00,00,00,00,00,SNR_AVG:0.00
GAL_PRN:04,05,25,09,24,31,00,00,00,00,00,00,00,00,00,SAT_TAL:03
GAL_SNR:34,00,00,20,00,29,00,00,00,00,00,00,00,00,00,SNR_AVG:27.67
BEI_PRN:00,00,00,00,00,00,00,00,00,00,00,00,00,00,00,SAT_TAL:00
BEI_SNR:00,00,00,00,00,00,00,00,00,00,00,00,00,00,00,SNR_AVG:0.00
QZS_PRN:00,00,00,00,00,SAT_TAL:00
QZS_SNR:00,00,00,00,00,SNR_AVG:0.00
SatInView:18 GDOP:143
Roll:15.813849 Pitch:22.438131
X_AVG:-3.263075 Y_AVG:2.855622 Z_AVG:7.771831
X_SD:0.080208 Y_SD:0.067533 Z_SD:0.123320
$MXCM10033,2,68,20240104,031711,12,0E710015,47EFA41B,00D9,0000,8056,10,A202*66
GPS_PRN:32,26,28,31,16,29,10,25,03,19919619519400,00,SAT_TAL:11
GPS_SNR:34,27,26,19,29,34,21,30,00,00,20,42,33,00,00,SNR_AVG:28.64
GLO_PRN:00,00,00,00,00,00,00,00,00,00,00,00,00,00,00,SAT_TAL:00
GLO_SNR:00,00,00,00,00,00,00,00,00,00,00,00,00,00,00,SNR_AVG:0.00
GAL_PRN:05,25,09,24,31,04,00,00,00,00,00,00,00,00,00,SAT_TAL:06
GAL_SNR:15,21,19,17,29,32,00,00,00,00,00,00,00,00,00,SNR_AVG:22.17
BEI_PRN:00,00,00,00,00,00,00,00,00,00,00,00,00,00,00,SAT_TAL:00
BEI_SNR:00,00,00,00,00,00,00,00,00,00,00,00,00,00,00,SNR_AVG:0.00
QZS_PRN:00,00,00,00,00,SAT_TAL:00
QZS_SNR:00,00,00,00,00,SNR_AVG:0.00
SatInView:19 GDOP:115
Roll:15.968897 Pitch:22.710342
X_AVG:-3.268726 Y_AVG:2.849732 Z_AVG:7.741472
X_SD:0.089965 Y_SD:0.073379 Z_SD:0.125778
$MXCM10033,2,69,20240104,031927,12,0E70FD65,47EFA130,00D9,0000,007A,0E,A202*14
GPS_PRN:32,26,28,31,16,29,03,10,25,19919619500,00,00,SAT_TAL:10
GPS_SNR:23,28,26,29,25,36,21,36,28,00,00,41,00,00,00,SNR_AVG:29.30
GLO_PRN:00,00,00,00,00,00,00,00,00,00,00,00,00,00,00,SAT_TAL:00
GLO_SNR:00,00,00,00,00,00,00,00,00,00,00,00,00,00,00,SNR_AVG:0.00
GAL_PRN:04,05,25,09,24,31,00,00,00,00,00,00,00,00,00,SAT_TAL:04
GAL_SNR:30,18,20,00,00,19,00,00,00,00,00,00,00,00,00,SNR_AVG:21.75
BEI_PRN:00,00,00,00,00,00,00,00,00,00,00,00,00,00,00,SAT_TAL:00
BEI_SNR:00,00,00,00,00,00,00,00,00,00,00,00,00,00,00,SNR_AVG:0.00
QZS_PRN:00,00,00,00,00,SAT_TAL:00
QZS_SNR:00,00,00,00,00,SNR_AVG:0.00
SatInView:18 GDOP:114
Roll:16.116730 Pitch:22.468313
X_AVG:-3.264943 Y_AVG:2.858878 Z_AVG:7.757034
X_SD:0.089384 Y_SD:0.068694 Z_SD:0.127181
$MXCM10033,2,70,20240104,031942,12,0E70FDBC,47EFA021,00D9,0000,007A,10,A202*68
GPS_PRN:32,26,28,31,16,29,03,10,25,19919619519400,00,SAT_TAL:11
GPS_SNR:22,29,26,28,19,36,21,36,26,00,00,41,32,00,00,SNR_AVG:28.73
GLO_PRN:00,00,00,00,00,00,00,00,00,00,00,00,00,00,00,SAT_TAL:00
GLO_SNR:00,00,00,00,00,00,00,00,00,00,00,00,00,00,00,SNR_AVG:0.00
GAL_PRN:05,25,09,24,31,04,00,00,00,00,00,00,00,00,00,SAT_TAL:06
GAL_SNR:20,26,17,17,19,28,00,00,00,00,00,00,00,00,00,SNR_AVG:21.17
BEI_PRN:00,00,00,00,00,00,00,00,00,00,00,00,00,00,00,SAT_TAL:00
BEI_SNR:00,00,00,00,00,00,00,00,00,00,00,00,00,00,00,SNR_AVG:0.00
QZS_PRN:00,00,00,00,00,SAT_TAL:00
QZS_SNR:00,00,00,00,00,SNR_AVG:0.00
SatInView:19 GDOP:110
Roll:15.669951 Pitch:22.462929
X_AVG:-3.262836 Y_AVG:2.867162 Z_AVG:7.743004
X_SD:0.086396 Y_SD:0.065925 Z_SD:0.126089
$MXCM10033,2,71,20240104,032157,00,0E70FDBF,47EFA02E,00D9,0000,0000,00,A202*63
GPS_PRN:19526,28,31,16,29,03,10,25,19919632,00,00,00,SAT_TAL:01
GPS_SNR:00,00,00,00,20,00,00,00,00,00,00,00,00,00,00,SNR_AVG:20.00
GLO_PRN:00,00,00,00,00,00,00,00,00,00,00,00,00,00,00,SAT_TAL:00
GLO_SNR:00,00,00,00,00,00,00,00,00,00,00,00,00,00,00,SNR_AVG:0.00
GAL_PRN:09,31,04,00,00,00,00,00,00,00,00,00,00,00,00,SAT_TAL:00
GAL_SNR:00,00,00,00,00,00,00,00,00,00,00,00,00,00,00,SNR_AVG:0.00
BEI_PRN:00,00,00,00,00,00,00,00,00,00,00,00,00,00,00,SAT_TAL:00
BEI_SNR:00,00,00,00,00,00,00,00,00,00,00,00,00,00,00,SNR_AVG:0.00
QZS_PRN:00,00,00,00,00,SAT_TAL:00
QZS_SNR:00,00,00,00,00,SNR_AVG:0.00
SatInView:15 GDOP:17319
Roll:13.608573 Pitch:64.563248
X_AVG:-9.136889 Y_AVG:1.935272 Z_AVG:3.497664
X_SD:1.783664 Y_SD:1.091408 Z_SD:0.948059
$MXCM10033,2,72,20240104,032212,00,0E70FDBF,47EFA02E,00D9,0000,0000,00,A202*62
GPS_PRN:32,26,31,16,29,03,10,25,19919619500,00,00,00,SAT_TAL:03
GPS_SNR:00,00,00,16,00,00,16,00,00,00,18,00,00,00,00,SNR_AVG:16.67
GLO_PRN:00,00,00,00,00,00,00,00,00,00,00,00,00,00,00,SAT_TAL:00
GLO_SNR:00,00,00,00,00,00,00,00,00,00,00,00,00,00,00,SNR_AVG:0.00
GAL_PRN:05,25,09,24,04,00,00,00,00,00,00,00,00,00,00,SAT_TAL:00
GAL_SNR:00,00,00,00,00,00,00,00,00,00,00,00,00,00,00,SNR_AVG:0.00
BEI_PRN:00,00,00,00,00,00,00,00,00,00,00,00,00,00,00,SAT_TAL:00
BEI_SNR:00,00,00,00,00,00,00,00,00,00,00,00,00,00,00,SNR_AVG:0.00
QZS_PRN:00,00,00,00,00,SAT_TAL:00
QZS_SNR:00,00,00,00,00,SNR_AVG:0.00
SatInView:16 GDOP:16792
Roll:19.686441 Pitch:90.000000
X_AVG:-8.884774 Y_AVG:1.142105 Z_AVG:3.053339
X_SD:0.588433 Y_SD:0.399953 Z_SD:0.416516
$MXCM10033,2,73,20240104,032427,00,0E70FDBF,47EFA02E,00D9,0000,0000,00,A202*63
GPS_PRN:26,16,03,25,00,00,00,00,00,00,00,00,00,00,00,SAT_TAL:00
GPS_SNR:00,00,00,00,00,00,00,00,00,00,00,00,00,00,00,SNR_AVG:0.00
GLO_PRN:00,00,00,00,00,00,00,00,00,00,00,00,00,00,00,SAT_TAL:00
GLO_SNR:00,00,00,00,00,00,00,00,00,00,00,00,00,00,00,SNR_AVG:0.00
GAL_PRN:00,00,00,00,00,00,00,00,00,00,00,00,00,00,00,SAT_TAL:00
GAL_SNR:00,00,00,00,00,00,00,00,00,00,00,00,00,00,00,SNR_AVG:0.00
BEI_PRN:00,00,00,00,00,00,00,00,00,00,00,00,00,00,00,SAT_TAL:00
BEI_SNR:00,00,00,00,00,00,00,00,00,00,00,00,00,00,00,SNR_AVG:0.00
QZS_PRN:00,00,00,00,00,SAT_TAL:00
QZS_SNR:00,00,00,00,00,SNR_AVG:0.00
SatInView:4 GDOP:17319
Roll:0.000000 Pitch:90.000000
X_AVG:-9.936089 Y_AVG:-0.262697 Z_AVG:0.520510
X_SD:0.078303 Y_SD:0.066438 Z_SD:0.121196
$MXCM10033,2,74,20240104,032442,00,0E70FDBF,47EFA02E,00D9,0000,0000,00,A202*67
GPS_PRN:29,31,16,28,10,19619500,00,00,00,00,00,00,00,SAT_TAL:00
GPS_SNR:00,00,00,00,00,00,00,00,00,00,00,00,00,00,00,SNR_AVG:0.00
GLO_PRN:00,00,00,00,00,00,00,00,00,00,00,00,00,00,00,SAT_TAL:00
GLO_SNR:00,00,00,00,00,00,00,00,00,00,00,00,00,00,00,SNR_AVG:0.00
GAL_PRN:00,00,00,00,00,00,00,00,00,00,00,00,00,00,00,SAT_TAL:00
GAL_SNR:00,00,00,00,00,00,00,00,00,00,00,00,00,00,00,SNR_AVG:0.00
BEI_PRN:00,00,00,00,00,00,00,00,00,00,00,00,00,00,00,SAT_TAL:00
BEI_SNR:00,00,00,00,00,00,00,00,00,00,00,00,00,00,00,SNR_AVG:0.00
QZS_PRN:00,00,00,00,00,SAT_TAL:00
QZS_SNR:00,00,00,00,00,SNR_AVG:0.00
SatInView:7 GDOP:17319
Roll:0.000000 Pitch:90.000000
X_AVG:-9.943799 Y_AVG:-0.265379 Z_AVG:0.527166
X_SD:0.071341 Y_SD:0.056452 Z_SD:0.131098
$MXCM10033,2,75,20240104,032657,00,0E70FDBF,47EFA02E,00D9,0000,0000,00,A202*60
GPS_PRN:26,32,16,29,03,00,00,00,00,00,00,00,00,00,00,SAT_TAL:00
GPS_SNR:00,00,00,00,00,00,00,00,00,00,00,00,00,00,00,SNR_AVG:0.00
GLO_PRN:00,00,00,00,00,00,00,00,00,00,00,00,00,00,00,SAT_TAL:00
GLO_SNR:00,00,00,00,00,00,00,00,00,00,00,00,00,00,00,SNR_AVG:0.00
GAL_PRN:00,00,00,00,00,00,00,00,00,00,00,00,00,00,00,SAT_TAL:00
GAL_SNR:00,00,00,00,00,00,00,00,00,00,00,00,00,00,00,SNR_AVG:0.00
BEI_PRN:00,00,00,00,00,00,00,00,00,00,00,00,00,00,00,SAT_TAL:00
BEI_SNR:00,00,00,00,00,00,00,00,00,00,00,00,00,00,00,SNR_AVG:0.00
QZS_PRN:00,00,00,00,00,SAT_TAL:00
QZS_SNR:00,00,00,00,00,SNR_AVG:0.00
SatInView:5 GDOP:19998
Roll:-5.598979 Pitch:90.000000
X_AVG:-9.730375 Y_AVG:-0.916615 Z_AVG:1.579439
X_SD:0.094466 Y_SD:0.063249 Z_SD:0.128093
$MXCM10033,2,76,20240104,032712,00,0E70FDBF,47EFA02E,00D9,0000,0000,00,A202*63
GPS_PRN:29,31,16,28,25,19500,00,00,00,00,00,00,00,00,SAT_TAL:00
GPS_SNR:00,00,00,00,00,00,00,00,00,00,00,00,00,00,00,SNR_AVG:0.00
GLO_PRN:00,00,00,00,00,00,00,00,00,00,00,00,00,00,00,SAT_TAL:00
GLO_SNR:00,00,00,00,00,00,00,00,00,00,00,00,00,00,00,SNR_AVG:0.00
GAL_PRN:09,00,00,00,00,00,00,00,00,00,00,00,00,00,00,SAT_TAL:00
GAL_SNR:00,00,00,00,00,00,00,00,00,00,00,00,00,00,00,SNR_AVG:0.00
BEI_PRN:00,00,00,00,00,00,00,00,00,00,00,00,00,00,00,SAT_TAL:00
BEI_SNR:00,00,00,00,00,00,00,00,00,00,00,00,00,00,00,SNR_AVG:0.00
QZS_PRN:00,00,00,00,00,SAT_TAL:00
QZS_SNR:00,00,00,00,00,SNR_AVG:0.00
SatInView:7 GDOP:19998
Roll:-4.151835 Pitch:90.000000
X_AVG:-9.722091 Y_AVG:-0.903686 Z_AVG:1.573597
X_SD:0.080148 Y_SD:0.061740 Z_SD:0.138086
$MXCM10033,3*35
$MXCM001,10033,0*2B
======== Tracker Setting ========
[System]
COMPort:COM29
SerialNumber:MX231214C0000001
FirmwareVersion:231220163813_v1.0.CN
[Periodic]
Enable:1
Stage:2
WorkMode:0
T0:15
T1:270
T2:120
T3:30
T4:120
FirstFixStage:2
TraceFixStage:0
PeriodicCycle:31
[Dynamic]
Enable:0
PrecisionChk:0
T5:45
T6:175
[Geofencing]
Enable:0
T7:20
T8:60
DistanceThreshold:1000
DestinationLongitude:121.2237164
DestinationLatitude:24.9698319
DestinationAltitude:154
[MotionDetection]
Enable:1
Angle:45
DataRate:200
SampleFrequency:50
[GPS_EPO]
EpoDataNumber:12
FWN:2295
FTOW:259200
LWN:2295
LTOW:518400
[GLO_EPO]
EpoDataNumber:12
FWN:2295
FTOW:259200
LWN:2295
LTOW:518400
[GAL_EPO]
EpoDataNumber:0
FWN:0
FTOW:0
LWN:0
LTOW:0
[BEI_EPO]
EpoDataNumber:0
FWN:0
FTOW:0
LWN:0
LTOW:0
