$MXCM10033,0*36
$MXCM10033,1,92,212*0D
$MXCM10033,2,1,19800105,235956,00,35A4E8F5,00000000,0089,0000,0000,00,F102*2A
GPS_PRN:19400,00,00,00,00,00,00,00,00,00,00,00,00,00,SAT_TAL:01
GPS_SNR:33,00,00,00,00,00,00,00,00,00,00,00,00,00,00,SNR_AVG:33.00
GLO_PRN:00,00,00,00,00,00,00,00,00,00,00,00,00,00,00,SAT_TAL:00
GLO_SNR:00,00,00,00,00,00,00,00,00,00,00,00,00,00,00,SNR_AVG:0.00
GAL_PRN:09,00,00,00,00,00,00,00,00,00,00,00,00,00,00,SAT_TAL:01
GAL_SNR:29,00,00,00,00,00,00,00,00,00,00,00,00,00,00,SNR_AVG:29.00
BEI_PRN:20,00,00,00,00,00,00,00,00,00,00,00,00,00,00,SAT_TAL:01
BEI_SNR:30,00,00,00,00,00,00,00,00,00,00,00,00,00,00,SNR_AVG:30.00
QZS_PRN:00,00,00,00,00,SAT_TAL:00
QZS_SNR:00,00,00,00,00,SNR_AVG:0.00
SatInView:3 GDOP:19998
Roll:141.518951 Pitch:52.638561
X_AVG:-8.527217 Y_AVG:4.749426 Z_AVG:-6.247604
X_SD:8.314248 Y_SD:9.760456 Z_SD:8.487823
$MXCM10033,2,2,19800110,062027,00,35A4E8F5,00000000,0089,0000,0000,00,F102*22
GPS_PRN:21,16,19419600,00,00,00,00,00,00,00,00,00,00,SAT_TAL:04
GPS_SNR:30,34,31,33,00,00,00,00,00,00,00,00,00,00,00,SNR_AVG:32.00
GLO_PRN:00,00,00,00,00,00,00,00,00,00,00,00,00,00,00,SAT_TAL:00
GLO_SNR:00,00,00,00,00,00,00,00,00,00,00,00,00,00,00,SNR_AVG:0.00
GAL_PRN:24,09,00,00,00,00,00,00,00,00,00,00,00,00,00,SAT_TAL:02
GAL_SNR:31,33,00,00,00,00,00,00,00,00,00,00,00,00,00,SNR_AVG:32.00
BEI_PRN:36,30,28,27,39,20,00,00,00,00,00,00,00,00,00,SAT_TAL:06
BEI_SNR:37,31,34,35,32,31,00,00,00,00,00,00,00,00,00,SNR_AVG:33.33
QZS_PRN:00,00,00,00,00,SAT_TAL:00
QZS_SNR:00,00,00,00,00,SNR_AVG:0.00
SatInView:12 GDOP:19998
Roll:136.526199 Pitch:57.480793
X_AVG:-7.476381 Y_AVG:5.293734 Z_AVG:-6.301762
X_SD:11.089594 Y_SD:9.646618 Z_SD:9.835190
$MXCM10033,2,3,20240104,062041,00,35A4E8F5,00000000,0089,0000,0000,00,F102*22
GPS_PRN:16,28,21,19619400,00,00,00,00,00,00,00,00,00,SAT_TAL:05
GPS_SNR:35,27,34,33,30,00,00,00,00,00,00,00,00,00,00,SNR_AVG:31.80
GLO_PRN:00,00,00,00,00,00,00,00,00,00,00,00,00,00,00,SAT_TAL:00
GLO_SNR:00,00,00,00,00,00,00,00,00,00,00,00,00,00,00,SNR_AVG:0.00
GAL_PRN:24,09,00,00,00,00,00,00,00,00,00,00,00,00,00,SAT_TAL:02
GAL_SNR:33,33,00,00,00,00,00,00,00,00,00,00,00,00,00,SNR_AVG:33.00
BEI_PRN:62,50,03,36,20,59,60,27,39,30,28,00,00,00,00,SAT_TAL:11
BEI_SNR:27,27,27,35,35,24,32,25,32,35,33,00,00,00,00,SNR_AVG:30.18
QZS_PRN:00,00,00,00,00,SAT_TAL:00
QZS_SNR:00,00,00,00,00,SNR_AVG:0.00
SatInView:18 GDOP:19998
Roll:139.209778 Pitch:34.189873
X_AVG:-6.048881 Y_AVG:6.381921 Z_AVG:-9.974349
X_SD:6.905823 Y_SD:9.372043 Z_SD:7.479863
$MXCM10033,2,4,20240104,062054,00,FD698934,E0689885,00A9,0000,0000,00,F102*59
GPS_PRN:16,28,03,18,19619400,00,00,00,00,00,00,00,00,SAT_TAL:06
GPS_SNR:34,25,29,35,29,33,00,00,00,00,00,00,00,00,00,SNR_AVG:30.83
GLO_PRN:00,00,00,00,00,00,00,00,00,00,00,00,00,00,00,SAT_TAL:00
GLO_SNR:00,00,00,00,00,00,00,00,00,00,00,00,00,00,00,SNR_AVG:0.00
GAL_PRN:09,24,00,00,00,00,00,00,00,00,00,00,00,00,00,SAT_TAL:02
GAL_SNR:24,33,00,00,00,00,00,00,00,00,00,00,00,00,00,SNR_AVG:28.50
BEI_PRN:20,05,50,03,36,60,39,62,01,59,28,30,27,00,00,SAT_TAL:13
BEI_SNR:35,25,29,28,24,30,33,26,29,27,37,27,35,00,00,SNR_AVG:29.62
QZS_PRN:00,00,00,00,00,SAT_TAL:00
QZS_SNR:00,00,00,00,00,SNR_AVG:0.00
SatInView:21 GDOP:823
Roll:135.433060 Pitch:47.184788
X_AVG:-10.576599 Y_AVG:6.611386 Z_AVG:-9.225955
X_SD:5.990293 Y_SD:9.679505 Z_SD:7.666192
$MXCM10033,2,5,20240104,062108,12,0E998F8A,47EDF511,0058,0007,7C87,0F,F102*53
GPS_PRN:27,04,16,31,08,26,09,28,18,03,19919519619400,SAT_TAL:12
GPS_SNR:33,37,33,35,35,33,35,36,34,34,00,00,33,29,00,SNR_AVG:33.92
GLO_PRN:65,75,76,66,77,67,00,00,00,00,00,00,00,00,00,SAT_TAL:05
GLO_SNR:32,36,36,38,00,36,00,00,00,00,00,00,00,00,00,SNR_AVG:35.60
GAL_PRN:05,25,24,09,00,00,00,00,00,00,00,00,00,00,00,SAT_TAL:03
GAL_SNR:00,31,31,31,00,00,00,00,00,00,00,00,00,00,00,SNR_AVG:31.00
BEI_PRN:03,27,01,16,20,30,05,28,06,07,09,00,00,00,00,SAT_TAL:07
BEI_SNR:27,32,27,00,37,32,28,35,00,00,00,00,00,00,00,SNR_AVG:31.14
QZS_PRN:00,00,00,00,00,SAT_TAL:00
QZS_SNR:00,00,00,00,00,SNR_AVG:0.00
SatInView:35 GDOP:177
Roll:144.785431 Pitch:51.656162
X_AVG:-8.478183 Y_AVG:5.229808 Z_AVG:-6.721043
X_SD:7.875868 Y_SD:8.119292 Z_SD:5.538134
$MXCM10033,2,6,20240104,062123,12,0E996CB5,47EE18FC,0060,0014,4445,11,F102*27
GPS_PRN:27,04,16,31,08,26,09,28,18,03,19919519619400,SAT_TAL:12
GPS_SNR:36,37,32,36,38,26,31,36,36,33,00,00,35,26,00,SNR_AVG:33.50
GLO_PRN:65,75,76,66,77,67,00,00,00,00,00,00,00,00,00,SAT_TAL:06
GLO_SNR:33,36,28,36,19,33,00,00,00,00,00,00,00,00,00,SNR_AVG:30.83
GAL_PRN:05,25,24,09,00,00,00,00,00,00,00,00,00,00,00,SAT_TAL:04
GAL_SNR:31,28,23,33,00,00,00,00,00,00,00,00,00,00,00,SNR_AVG:28.75
BEI_PRN:27,15,01,06,20,30,05,28,16,09,03,00,00,00,00,SAT_TAL:07
BEI_SNR:38,00,31,00,35,36,26,29,00,00,29,00,00,00,00,SNR_AVG:32.00
QZS_PRN:00,00,00,00,00,SAT_TAL:00
QZS_SNR:00,00,00,00,00,SNR_AVG:0.00
SatInView:35 GDOP:112
Roll:137.404877 Pitch:55.897564
X_AVG:-12.151106 Y_AVG:6.500867 Z_AVG:-7.909405
X_SD:6.185125 Y_SD:9.587885 Z_SD:5.504378
$MXCM10033,2,7,20240104,062138,12,0E998F24,47EDF781,0064,0006,7EB2,10,F102*26
GPS_PRN:27,04,16,31,08,26,09,28,18,03,19919519619400,SAT_TAL:12
GPS_SNR:33,35,35,29,29,35,37,33,33,34,00,00,33,32,00,SNR_AVG:33.17
GLO_PRN:65,75,76,66,77,67,00,00,00,00,00,00,00,00,00,SAT_TAL:06
GLO_SNR:32,34,38,37,24,37,00,00,00,00,00,00,00,00,00,SNR_AVG:33.67
GAL_PRN:05,25,24,09,00,00,00,00,00,00,00,00,00,00,00,SAT_TAL:04
GAL_SNR:25,34,35,31,00,00,00,00,00,00,00,00,00,00,00,SNR_AVG:31.25
BEI_PRN:27,10,01,06,20,30,05,28,16,07,09,00,00,00,00,SAT_TAL:06
BEI_SNR:28,00,26,00,36,35,28,32,00,00,00,00,00,00,00,SNR_AVG:30.83
QZS_PRN:00,00,00,00,00,SAT_TAL:00
QZS_SNR:00,00,00,00,00,SNR_AVG:0.00
SatInView:35 GDOP:169
Roll:143.256027 Pitch:51.312939
X_AVG:-9.257367 Y_AVG:5.567445 Z_AVG:-9.012435
X_SD:7.772602 Y_SD:9.238592 Z_SD:7.450570
$MXCM10033,2,8,20240104,062153,12,0E9942A4,47EE0C70,0073,000E,5868,11,F102*57
GPS_PRN:27,04,16,31,08,26,09,28,18,03,19919519619400,SAT_TAL:12
GPS_SNR:36,36,30,28,37,26,36,34,33,33,00,00,35,30,00,SNR_AVG:32.83
GLO_PRN:65,75,76,66,77,67,00,00,00,00,00,00,00,00,00,SAT_TAL:06
GLO_SNR:34,34,28,38,21,35,00,00,00,00,00,00,00,00,00,SNR_AVG:31.67
GAL_PRN:05,25,24,09,00,00,00,00,00,00,00,00,00,00,00,SAT_TAL:04
GAL_SNR:35,35,26,33,00,00,00,00,00,00,00,00,00,00,00,SNR_AVG:32.25
BEI_PRN:15,10,01,06,20,30,05,28,16,07,27,00,00,00,00,SAT_TAL:06
BEI_SNR:00,00,29,00,38,37,29,25,00,00,28,00,00,00,00,SNR_AVG:31.00
QZS_PRN:00,00,00,00,00,SAT_TAL:00
QZS_SNR:00,00,00,00,00,SNR_AVG:0.00
SatInView:35 GDOP:112
Roll:148.847900 Pitch:49.956547
X_AVG:-10.576790 Y_AVG:5.948945 Z_AVG:-9.453361
X_SD:7.380910 Y_SD:7.820697 Z_SD:6.623520
$MXCM10033,2,9,20240104,062208,12,0E9910AB,47EE46DB,007E,0011,3389,11,F102*5B
GPS_PRN:04,16,31,08,26,09,28,18,03,19919519619400,00,SAT_TAL:12
GPS_SNR:33,30,34,35,27,30,34,32,33,00,34,33,25,00,00,SNR_AVG:31.67
GLO_PRN:65,75,76,66,77,67,00,00,00,00,00,00,00,00,00,SAT_TAL:05
GLO_SNR:00,34,32,37,20,35,00,00,00,00,00,00,00,00,00,SNR_AVG:31.60
GAL_PRN:09,05,25,24,10,00,00,00,00,00,00,00,00,00,00,SAT_TAL:04
GAL_SNR:31,34,24,25,00,00,00,00,00,00,00,00,00,00,00,SNR_AVG:28.50
BEI_PRN:09,15,10,01,28,20,30,05,36,16,06,07,27,00,00,SAT_TAL:07
BEI_SNR:00,00,00,29,34,35,34,28,34,00,00,00,33,00,00,SNR_AVG:32.43
QZS_PRN:00,00,00,00,00,SAT_TAL:00
QZS_SNR:00,00,00,00,00,SNR_AVG:0.00
SatInView:37 GDOP:146
Roll:155.084122 Pitch:57.247372
X_AVG:-8.775213 Y_AVG:5.021508 Z_AVG:-8.330936
X_SD:7.384526 Y_SD:7.155905 Z_SD:7.228741
$MXCM10033,2,10,20240104,062223,12,0E98EC8A,47EE76DF,0084,000D,4756,13,F102*18
GPS_PRN:04,16,31,08,26,09,28,18,03,19919519619400,00,SAT_TAL:12
GPS_SNR:38,28,29,39,28,35,36,35,34,00,35,36,31,00,00,SNR_AVG:33.67
GLO_PRN:75,65,76,66,77,67,00,00,00,00,00,00,00,00,00,SAT_TAL:06
GLO_SNR:35,33,24,36,18,33,00,00,00,00,00,00,00,00,00,SNR_AVG:29.83
GAL_PRN:10,09,05,25,24,03,00,00,00,00,00,00,00,00,00,SAT_TAL:06
GAL_SNR:29,35,35,35,21,34,00,00,00,00,00,00,00,00,00,SNR_AVG:31.50
BEI_PRN:09,27,01,28,20,30,05,36,06,16,07,15,00,00,00,SAT_TAL:07
BEI_SNR:00,30,30,29,37,38,27,33,00,00,00,00,00,00,00,SNR_AVG:32.00
QZS_PRN:00,00,00,00,00,SAT_TAL:00
QZS_SNR:00,00,00,00,00,SNR_AVG:0.00
SatInView:37 GDOP:102
Roll:145.361359 Pitch:44.262222
X_AVG:-10.955609 Y_AVG:6.106199 Z_AVG:-9.906209
X_SD:6.418365 Y_SD:7.656437 Z_SD:6.138286
$MXCM10033,2,11,20240104,062238,12,0E98CBD0,47EE972C,0084,0018,419E,12,F102*60
GPS_PRN:04,16,31,08,26,09,28,18,03,19419919519600,00,SAT_TAL:13
GPS_SNR:34,25,31,35,35,35,35,36,30,26,24,32,33,00,00,SNR_AVG:31.62
GLO_PRN:65,75,76,66,77,67,00,00,00,00,00,00,00,00,00,SAT_TAL:06
GLO_SNR:30,38,29,35,23,35,00,00,00,00,00,00,00,00,00,SNR_AVG:31.67
GAL_PRN:10,09,05,25,24,03,00,00,00,00,00,00,00,00,00,SAT_TAL:06
GAL_SNR:32,33,29,31,25,33,00,00,00,00,00,00,00,00,00,SNR_AVG:30.50
BEI_PRN:09,10,01,28,20,30,05,36,06,16,07,27,00,00,00,SAT_TAL:07
BEI_SNR:00,00,25,33,31,33,27,34,00,00,00,27,00,00,00,SNR_AVG:30.00
QZS_PRN:00,00,00,00,00,SAT_TAL:00
QZS_SNR:00,00,00,00,00,SNR_AVG:0.00
SatInView:37 GDOP:138
Roll:158.863571 Pitch:55.936546
X_AVG:-8.232341 Y_AVG:3.497903 Z_AVG:-7.649820
X_SD:7.011318 Y_SD:7.830519 Z_SD:6.189849
$MXCM10033,2,12,20240104,062253,12,0E98E651,47EEB444,007B,000D,16CC,14,F102*19
GPS_PRN:04,16,31,08,26,09,28,18,03,19419919519600,00,SAT_TAL:13
GPS_SNR:29,34,30,31,32,36,34,34,33,29,21,33,32,00,00,SNR_AVG:31.38
GLO_PRN:65,75,76,66,77,67,00,00,00,00,00,00,00,00,00,SAT_TAL:04
GLO_SNR:32,35,35,35,00,00,00,00,00,00,00,00,00,00,00,SNR_AVG:34.25
GAL_PRN:10,09,05,25,24,03,00,00,00,00,00,00,00,00,00,SAT_TAL:06
GAL_SNR:30,33,29,33,31,33,00,00,00,00,00,00,00,00,00,SNR_AVG:31.50
BEI_PRN:09,15,01,28,20,30,05,36,06,16,07,27,00,00,00,SAT_TAL:06
BEI_SNR:00,00,28,00,34,35,27,35,00,00,00,28,00,00,00,SNR_AVG:31.17
QZS_PRN:00,00,00,00,00,SAT_TAL:00
QZS_SNR:00,00,00,00,00,SNR_AVG:0.00
SatInView:37 GDOP:130
Roll:155.819550 Pitch:61.367088
X_AVG:-7.454928 Y_AVG:2.988598 Z_AVG:-5.621220
X_SD:8.785535 Y_SD:6.422242 Z_SD:5.604954
$MXCM10033,2,13,20240104,062308,12,0E9916F6,47EEB652,0075,000D,799A,17,F102*16
GPS_PRN:04,16,31,08,26,09,28,18,03,19419919519600,00,SAT_TAL:13
GPS_SNR:30,31,36,33,34,33,36,33,35,32,24,33,32,00,00,SNR_AVG:32.46
GLO_PRN:65,75,76,66,77,67,00,00,00,00,00,00,00,00,00,SAT_TAL:06
GLO_SNR:33,35,34,38,22,34,00,00,00,00,00,00,00,00,00,SNR_AVG:32.67
GAL_PRN:10,09,05,25,24,03,00,00,00,00,00,00,00,00,00,SAT_TAL:06
GAL_SNR:33,32,29,26,30,29,00,00,00,00,00,00,00,00,00,SNR_AVG:29.83
BEI_PRN:09,10,01,28,20,30,05,36,06,16,07,27,00,00,00,SAT_TAL:07
BEI_SNR:00,00,29,35,37,34,29,33,00,00,00,33,00,00,00,SNR_AVG:32.86
QZS_PRN:00,00,00,00,00,SAT_TAL:00
QZS_SNR:00,00,00,00,00,SNR_AVG:0.00
SatInView:37 GDOP:123
Roll:162.076843 Pitch:52.479950
X_AVG:-6.639973 Y_AVG:2.558735 Z_AVG:-7.556923
X_SD:5.927830 Y_SD:5.781350 Z_SD:5.328140
$MXCM10033,2,14,20240104,062323,12,0E9956B5,47EEA7A0,0076,000D,7685,17,F102*16
GPS_PRN:04,16,31,08,26,09,28,18,03,19419919519600,00,SAT_TAL:13
GPS_SNR:25,32,36,33,34,32,36,32,35,33,24,35,31,00,00,SNR_AVG:32.15
GLO_PRN:65,75,76,66,77,67,00,00,00,00,00,00,00,00,00,SAT_TAL:06
GLO_SNR:31,34,34,35,23,32,00,00,00,00,00,00,00,00,00,SNR_AVG:31.50
GAL_PRN:10,09,05,25,24,03,00,00,00,00,00,00,00,00,00,SAT_TAL:06
GAL_SNR:34,31,26,29,31,31,00,00,00,00,00,00,00,00,00,SNR_AVG:30.33
BEI_PRN:09,10,01,28,30,20,36,06,16,07,27,00,00,00,00,SAT_TAL:06
BEI_SNR:00,00,30,34,33,34,31,00,00,00,35,00,00,00,00,SNR_AVG:32.83
QZS_PRN:00,00,00,00,00,SAT_TAL:00
QZS_SNR:00,00,00,00,00,SNR_AVG:0.00
SatInView:36 GDOP:123
Roll:157.190857 Pitch:57.572613
X_AVG:-8.565956 Y_AVG:4.066059 Z_AVG:-8.946115
X_SD:7.028133 Y_SD:7.259917 Z_SD:7.222896
$MXCM10033,2,15,20240104,062338,12,0E997B67,47EE61B7,0081,000B,8264,17,F102*62
GPS_PRN:04,16,31,08,26,09,28,18,03,19419919519600,00,SAT_TAL:13
GPS_SNR:23,34,36,25,29,35,35,25,27,33,24,34,34,00,00,SNR_AVG:30.31
GLO_PRN:65,75,76,66,77,67,00,00,00,00,00,00,00,00,00,SAT_TAL:06
GLO_SNR:31,34,32,29,22,36,00,00,00,00,00,00,00,00,00,SNR_AVG:30.67
GAL_PRN:10,09,05,25,24,03,00,00,00,00,00,00,00,00,00,SAT_TAL:06
GAL_SNR:33,31,30,32,30,32,00,00,00,00,00,00,00,00,00,SNR_AVG:31.33
BEI_PRN:09,10,01,28,30,20,36,06,16,07,27,00,00,00,00,SAT_TAL:06
BEI_SNR:00,00,29,32,34,23,34,00,00,00,33,00,00,00,00,SNR_AVG:30.83
QZS_PRN:00,00,00,00,00,SAT_TAL:00
QZS_SNR:00,00,00,00,00,SNR_AVG:0.00
SatInView:36 GDOP:123
Roll:144.127258 Pitch:40.670925
X_AVG:-9.277048 Y_AVG:5.683758 Z_AVG:-10.029034
X_SD:7.615195 Y_SD:7.272192 Z_SD:6.088917
$MXCM10033,2,16,20240104,062353,12,0E9975B1,47EE10E5,0083,000A,040E,17,F102*12
GPS_PRN:26,09,19619519919428,18,03,16,31,08,04,00,00,SAT_TAL:13
GPS_SNR:33,36,33,34,22,20,35,33,27,28,37,35,36,00,00,SNR_AVG:31.46
GLO_PRN:65,75,76,66,77,67,00,00,00,00,00,00,00,00,00,SAT_TAL:06
GLO_SNR:32,33,34,37,22,37,00,00,00,00,00,00,00,00,00,SNR_AVG:32.50
GAL_PRN:03,05,25,24,10,09,00,00,00,00,00,00,00,00,00,SAT_TAL:06
GAL_SNR:35,25,35,30,31,32,00,00,00,00,00,00,00,00,00,SNR_AVG:31.33
BEI_PRN:36,10,01,28,30,20,36,09,07,16,06,27,00,00,00,SAT_TAL:08
BEI_SNR:34,00,30,31,35,36,36,27,00,00,00,34,00,00,00,SNR_AVG:32.88
QZS_PRN:00,00,00,00,00,SAT_TAL:00
QZS_SNR:00,00,00,00,00,SNR_AVG:0.00
SatInView:37 GDOP:123
Roll:171.760605 Pitch:55.060268
X_AVG:-6.259718 Y_AVG:2.662837 Z_AVG:-6.182241
X_SD:6.520047 Y_SD:4.729535 Z_SD:3.964380
$MXCM10033,2,17,20240104,062408,12,0E99656D,47EE5CA6,0084,0013,28D9,15,F102*1A
GPS_PRN:26,09,19619519919428,18,03,16,31,08,04,00,00,SAT_TAL:13
GPS_SNR:35,31,33,33,26,29,32,35,33,28,33,36,33,00,00,SNR_AVG:32.08
GLO_PRN:65,75,76,66,77,67,00,00,00,00,00,00,00,00,00,SAT_TAL:04
GLO_SNR:31,35,00,37,20,00,00,00,00,00,00,00,00,00,00,SNR_AVG:30.75
GAL_PRN:03,05,25,24,10,09,00,00,00,00,00,00,00,00,00,SAT_TAL:06
GAL_SNR:19,32,20,32,30,32,00,00,00,00,00,00,00,00,00,SNR_AVG:27.50
BEI_PRN:36,15,01,28,30,20,36,09,07,16,06,27,00,00,00,SAT_TAL:08
BEI_SNR:30,00,28,34,35,35,32,23,00,00,00,34,00,00,00,SNR_AVG:31.38
QZS_PRN:00,00,00,00,00,SAT_TAL:00
QZS_SNR:00,00,00,00,00,SNR_AVG:0.00
SatInView:37 GDOP:126
Roll:153.932953 Pitch:49.925270
X_AVG:-8.325429 Y_AVG:6.027907 Z_AVG:-8.598182
X_SD:8.511077 Y_SD:8.466817 Z_SD:7.724909
$MXCM10033,2,18,20240104,062423,12,0E9971AF,47EE124D,0081,000B,7154,19,F102*17
GPS_PRN:26,09,19619519919428,18,03,16,08,31,04,00,00,SAT_TAL:13
GPS_SNR:21,36,36,33,29,30,34,31,37,27,40,26,37,00,00,SNR_AVG:32.08
GLO_PRN:75,65,76,66,77,67,00,00,00,00,00,00,00,00,00,SAT_TAL:06
GLO_SNR:33,35,26,39,22,37,00,00,00,00,00,00,00,00,00,SNR_AVG:32.00
GAL_PRN:03,05,25,24,10,09,00,00,00,00,00,00,00,00,00,SAT_TAL:06
GAL_SNR:33,36,34,21,30,34,00,00,00,00,00,00,00,00,00,SNR_AVG:31.33
BEI_PRN:36,01,28,30,20,36,09,07,16,06,20,27,00,00,00,SAT_TAL:09
BEI_SNR:36,28,22,38,39,33,29,00,00,00,38,32,00,00,00,SNR_AVG:32.78
QZS_PRN:00,00,00,00,00,SAT_TAL:00
QZS_SNR:00,00,00,00,00,SNR_AVG:0.00
SatInView:37 GDOP:121
Roll:149.648392 Pitch:42.484859
X_AVG:-9.216761 Y_AVG:5.658953 Z_AVG:-10.011748
X_SD:6.240324 Y_SD:7.681007 Z_SD:7.300904
$MXCM10033,2,19,20240104,062639,12,0E995BCE,47EE759A,007F,0017,35D5,19,F202*19
GPS_PRN:04,09,28,18,19619519919421,03,16,08,31,26,00,SAT_TAL:12
GPS_SNR:27,35,34,37,30,30,00,35,00,33,38,32,34,38,00,SNR_AVG:33.58
GLO_PRN:75,65,76,66,77,67,00,00,00,00,00,00,00,00,00,SAT_TAL:06
GLO_SNR:36,30,39,34,23,37,00,00,00,00,00,00,00,00,00,SNR_AVG:33.17
GAL_PRN:10,05,25,24,03,12,09,36,00,00,00,00,00,00,00,SAT_TAL:08
GAL_SNR:33,24,31,36,32,29,31,30,00,00,00,00,00,00,00,SNR_AVG:30.75
BEI_PRN:19,15,28,30,20,19,36,23,09,07,16,06,27,00,00,SAT_TAL:08
BEI_SNR:32,00,38,33,34,34,34,33,00,00,33,00,00,00,00,SNR_AVG:33.88
QZS_PRN:00,00,00,00,00,SAT_TAL:00
QZS_SNR:00,00,00,00,00,SNR_AVG:0.00
SatInView:41 GDOP:95
Roll:161.946213 Pitch:62.548752
X_AVG:-8.218742 Y_AVG:3.209731 Z_AVG:-7.055088
X_SD:7.674425 Y_SD:6.280791 Z_SD:6.639406
$MXCM10033,2,20,20240104,062654,12,0E9942CC,47EECED6,0082,0016,32FA,1A,F202*12
GPS_PRN:26,09,28,18,03,19619519919404,16,08,31,00,00,SAT_TAL:12
GPS_SNR:37,35,35,36,32,31,31,00,34,30,36,36,33,00,00,SNR_AVG:33.83
GLO_PRN:75,65,76,66,77,67,00,00,00,00,00,00,00,00,00,SAT_TAL:06
GLO_SNR:35,31,38,35,22,36,00,00,00,00,00,00,00,00,00,SNR_AVG:32.83
GAL_PRN:05,25,24,03,10,12,09,31,36,00,00,00,00,00,00,SAT_TAL:09
GAL_SNR:28,31,35,32,33,28,29,33,30,00,00,00,00,00,00,SNR_AVG:31.00
BEI_PRN:19,15,28,30,20,19,36,23,09,07,16,06,27,00,00,SAT_TAL:09
BEI_SNR:31,00,36,33,35,32,34,31,00,00,25,00,28,00,00,SNR_AVG:31.67
QZS_PRN:00,00,00,00,00,SAT_TAL:00
QZS_SNR:00,00,00,00,00,SNR_AVG:0.00
SatInView:41 GDOP:91
Roll:-179.010864 Pitch:59.329868
X_AVG:-6.558234 Y_AVG:3.395094 Z_AVG:-7.210236
X_SD:6.315202 Y_SD:6.851252 Z_SD:5.611397
$MXCM10033,2,21,20240104,062910,12,0E978EDF,47EF744E,0096,0016,452F,1A,F202*18
GPS_PRN:26,09,28,18,21,19619519919404,16,08,31,00,00,SAT_TAL:12
GPS_SNR:26,36,34,34,00,33,29,20,25,35,34,33,29,00,00,SNR_AVG:30.67
GLO_PRN:75,65,76,66,77,67,00,00,00,00,00,00,00,00,00,SAT_TAL:06
GLO_SNR:37,31,35,34,21,38,00,00,00,00,00,00,00,00,00,SNR_AVG:32.67
GAL_PRN:05,25,24,03,10,12,09,31,36,00,00,00,00,00,00,SAT_TAL:08
GAL_SNR:31,34,30,33,26,00,34,32,30,00,00,00,00,00,00,SNR_AVG:31.25
BEI_PRN:06,15,10,28,30,20,19,36,32,07,09,16,27,00,00,SAT_TAL:05
BEI_SNR:00,00,00,00,00,34,34,35,28,00,00,30,00,00,00,SNR_AVG:32.20
QZS_PRN:00,00,00,00,00,SAT_TAL:00
QZS_SNR:00,00,00,00,00,SNR_AVG:0.00
SatInView:41 GDOP:113
Roll:133.642761 Pitch:56.256310
X_AVG:-7.704744 Y_AVG:5.112011 Z_AVG:-8.713633
X_SD:7.516941 Y_SD:7.088306 Z_SD:8.061932
$MXCM10033,2,22,20240104,062925,12,0E973487,47EFC87E,0097,0013,24E8,1A,F202*1B
GPS_PRN:26,09,28,18,21,19619519919404,16,08,31,00,00,SAT_TAL:12
GPS_SNR:33,35,35,34,00,31,23,25,34,33,39,29,35,00,00,SNR_AVG:32.17
GLO_PRN:75,65,76,66,77,67,00,00,00,00,00,00,00,00,00,SAT_TAL:06
GLO_SNR:34,31,36,35,22,36,00,00,00,00,00,00,00,00,00,SNR_AVG:32.33
GAL_PRN:05,25,24,03,10,12,09,31,36,00,00,00,00,00,00,SAT_TAL:09
GAL_SNR:23,36,36,32,32,29,31,31,29,00,00,00,00,00,00,SNR_AVG:31.00
BEI_PRN:27,15,28,30,20,19,36,32,09,07,16,06,27,00,00,SAT_TAL:09
BEI_SNR:23,00,33,00,35,34,36,26,00,00,33,32,25,00,00,SNR_AVG:30.78
QZS_PRN:00,00,00,00,00,SAT_TAL:00
QZS_SNR:00,00,00,00,00,SNR_AVG:0.00
SatInView:41 GDOP:113
Roll:159.059525 Pitch:58.343822
X_AVG:-7.604329 Y_AVG:3.723202 Z_AVG:-8.292245
X_SD:6.621738 Y_SD:7.373280 Z_SD:7.131958
$MXCM10033,2,23,20240104,063141,12,0E958105,47EEF707,00FB,0014,55D6,1B,F202*6C
GPS_PRN:04,09,28,18,19619519919421,03,16,08,31,26,00,SAT_TAL:14
GPS_SNR:34,33,36,34,35,35,26,32,33,26,35,33,23,32,00,SNR_AVG:31.93
GLO_PRN:75,65,76,66,77,67,00,00,00,00,00,00,00,00,00,SAT_TAL:06
GLO_SNR:35,31,33,36,21,34,00,00,00,00,00,00,00,00,00,SNR_AVG:31.67
GAL_PRN:10,05,25,24,03,12,09,31,00,00,00,00,00,00,00,SAT_TAL:07
GAL_SNR:26,29,32,30,30,00,33,30,00,00,00,00,00,00,00,SNR_AVG:30.00
BEI_PRN:27,15,28,30,20,19,36,23,09,07,16,06,27,00,00,SAT_TAL:07
BEI_SNR:25,00,33,00,35,32,31,24,00,00,00,00,27,00,00,SNR_AVG:29.57
QZS_PRN:00,00,00,00,00,SAT_TAL:00
QZS_SNR:00,00,00,00,00,SNR_AVG:0.00
SatInView:41 GDOP:107
Roll:134.297897 Pitch:59.934162
X_AVG:-7.398328 Y_AVG:4.451006 Z_AVG:-7.422845
X_SD:7.383177 Y_SD:6.503204 Z_SD:5.327864
$MXCM10033,2,24,20240104,063156,12,0E9556F8,47EEC410,0100,0017,42E6,1B,F202*1D
GPS_PRN:04,09,28,18,19619519919421,03,16,08,31,26,00,SAT_TAL:14
GPS_SNR:34,35,38,36,34,29,22,29,32,30,31,34,36,33,00,SNR_AVG:32.36
GLO_PRN:75,65,76,66,77,67,00,00,00,00,00,00,00,00,00,SAT_TAL:06
GLO_SNR:38,29,34,35,21,36,00,00,00,00,00,00,00,00,00,SNR_AVG:32.17
GAL_PRN:10,05,25,24,03,12,09,31,00,00,00,00,00,00,00,SAT_TAL:08
GAL_SNR:34,28,33,29,34,30,32,33,00,00,00,00,00,00,00,SNR_AVG:31.62
BEI_PRN:27,15,10,28,20,19,36,23,09,07,16,06,27,00,00,SAT_TAL:08
BEI_SNR:29,00,00,33,35,34,35,18,00,00,00,26,27,00,00,SNR_AVG:29.62
QZS_PRN:00,00,00,00,00,SAT_TAL:00
QZS_SNR:00,00,00,00,00,SNR_AVG:0.00
SatInView:41 GDOP:107
Roll:144.455429 Pitch:40.814808
X_AVG:-7.185240 Y_AVG:3.877679 Z_AVG:-8.861023
X_SD:6.743709 Y_SD:7.002665 Z_SD:6.346053
$MXCM10033,2,25,20240104,063412,12,0E91A972,47EF8987,012E,0018,5009,1B,F202*67
GPS_PRN:26,09,28,18,21,19619519919404,16,08,31,00,00,SAT_TAL:12
GPS_SNR:37,33,38,38,35,34,38,00,35,24,34,25,40,00,00,SNR_AVG:34.25
GLO_PRN:75,65,76,66,77,67,00,00,00,00,00,00,00,00,00,SAT_TAL:06
GLO_SNR:39,32,38,30,21,36,00,00,00,00,00,00,00,00,00,SNR_AVG:32.67
GAL_PRN:05,25,24,03,10,12,09,31,36,00,00,00,00,00,00,SAT_TAL:09
GAL_SNR:19,27,35,29,37,33,34,35,31,00,00,00,00,00,00,SNR_AVG:31.11
BEI_PRN:27,15,10,28,30,19,20,36,07,09,16,06,27,00,00,SAT_TAL:07
BEI_SNR:37,00,00,38,00,00,34,33,00,00,26,25,39,00,00,SNR_AVG:33.14
QZS_PRN:00,00,00,00,00,SAT_TAL:00
QZS_SNR:00,00,00,00,00,SNR_AVG:0.00
SatInView:41 GDOP:107
Roll:148.314163 Pitch:49.216198
X_AVG:-4.542323 Y_AVG:3.292908 Z_AVG:-9.277048
X_SD:5.407424 Y_SD:6.610702 Z_SD:7.259673
$MXCM10033,2,26,20240104,063427,12,0E913DB6,47EF8E03,012D,0017,444D,1C,F202*1F
GPS_PRN:26,09,28,18,21,19619519919404,16,08,31,00,00,SAT_TAL:12
GPS_SNR:32,36,36,37,33,31,34,00,27,36,30,32,38,00,00,SNR_AVG:33.50
GLO_PRN:75,65,76,66,77,67,00,00,00,00,00,00,00,00,00,SAT_TAL:06
GLO_SNR:37,30,32,35,23,36,00,00,00,00,00,00,00,00,00,SNR_AVG:32.17
GAL_PRN:05,25,24,03,10,12,09,31,36,00,00,00,00,00,00,SAT_TAL:09
GAL_SNR:28,32,29,33,34,30,31,33,30,00,00,00,00,00,00,SNR_AVG:31.11
BEI_PRN:19,15,10,28,19,20,36,07,09,16,06,27,27,00,00,SAT_TAL:09
BEI_SNR:35,00,00,32,34,33,35,00,00,20,20,34,32,00,00,SNR_AVG:30.56
QZS_PRN:00,00,00,00,00,SAT_TAL:00
QZS_SNR:00,00,00,00,00,SNR_AVG:0.00
SatInView:41 GDOP:107
Roll:152.345154 Pitch:61.364323
X_AVG:-8.274719 Y_AVG:3.704192 Z_AVG:-5.005419
X_SD:8.192530 Y_SD:8.716728 Z_SD:3.049569
$MXCM10033,2,27,20240104,063643,12,0E8DB548,47EEC49C,0150,0014,36FD,1D,F202*62
GPS_PRN:26,09,28,18,21,19619519919404,08,16,31,00,00,SAT_TAL:13
GPS_SNR:38,34,34,37,34,30,30,18,35,23,26,37,36,00,00,SNR_AVG:31.69
GLO_PRN:75,65,76,66,77,67,00,00,00,00,00,00,00,00,00,SAT_TAL:06
GLO_SNR:36,30,39,33,23,36,00,00,00,00,00,00,00,00,00,SNR_AVG:32.83
GAL_PRN:05,25,24,03,10,12,09,31,36,00,00,00,00,00,00,SAT_TAL:09
GAL_SNR:23,29,37,32,35,32,31,34,31,00,00,00,00,00,00,SNR_AVG:31.56
BEI_PRN:19,15,10,28,30,20,19,36,07,09,16,06,27,00,00,SAT_TAL:11
BEI_SNR:31,00,18,39,32,33,34,35,17,00,33,32,36,00,00,SNR_AVG:30.91
QZS_PRN:00,00,00,00,00,SAT_TAL:00
QZS_SNR:00,00,00,00,00,SNR_AVG:0.00
SatInView:41 GDOP:104
Roll:-169.332718 Pitch:90.000000
X_AVG:-7.061457 Y_AVG:3.500058 Z_AVG:-7.642063
X_SD:8.324909 Y_SD:7.540352 Z_SD:6.428031
$MXCM10033,2,28,20240104,063658,12,0E8D48BB,47EF03C1,0153,0017,32D9,1D,F202*14
GPS_PRN:26,09,28,21,18,19619519919404,08,16,31,00,00,SAT_TAL:13
GPS_SNR:36,34,34,31,37,31,30,21,35,30,25,36,34,00,00,SNR_AVG:31.85
GLO_PRN:75,65,76,66,77,67,00,00,00,00,00,00,00,00,00,SAT_TAL:06
GLO_SNR:36,29,38,35,24,35,00,00,00,00,00,00,00,00,00,SNR_AVG:32.83
GAL_PRN:05,25,24,03,10,12,09,31,36,00,00,00,00,00,00,SAT_TAL:09
GAL_SNR:21,32,36,32,31,29,31,33,28,00,00,00,00,00,00,SNR_AVG:30.33
BEI_PRN:19,15,10,28,30,20,19,36,07,09,16,06,27,00,00,SAT_TAL:12
BEI_SNR:33,00,20,37,27,35,34,35,24,30,28,31,33,00,00,SNR_AVG:30.58
QZS_PRN:00,00,00,00,00,SAT_TAL:00
QZS_SNR:00,00,00,00,00,SNR_AVG:0.00
SatInView:41 GDOP:104
Roll:138.134018 Pitch:90.000000
X_AVG:-6.863979 Y_AVG:3.061432 Z_AVG:-7.108719
X_SD:8.070265 Y_SD:7.776924 Z_SD:7.233133
$MXCM10033,2,29,20240104,063914,12,0E8A7D97,47EF8778,01AA,001A,4712,1B,F202*1D
GPS_PRN:26,09,28,21,18,19619519919404,08,16,31,00,00,SAT_TAL:12
GPS_SNR:37,35,37,35,39,32,36,24,34,00,24,36,40,00,00,SNR_AVG:34.08
GLO_PRN:75,65,76,77,66,67,00,00,00,00,00,00,00,00,00,SAT_TAL:06
GLO_SNR:39,31,37,21,32,35,00,00,00,00,00,00,00,00,00,SNR_AVG:32.50
GAL_PRN:05,25,24,03,10,12,09,36,31,00,00,00,00,00,00,SAT_TAL:09
GAL_SNR:21,32,34,32,37,33,32,33,35,00,00,00,00,00,00,SNR_AVG:32.11
BEI_PRN:27,15,10,28,30,20,19,36,09,27,06,16,07,00,00,SAT_TAL:09
BEI_SNR:37,00,00,39,33,34,32,34,00,37,14,17,00,00,00,SNR_AVG:30.78
QZS_PRN:00,00,00,00,00,SAT_TAL:00
QZS_SNR:00,00,00,00,00,SNR_AVG:0.00
SatInView:41 GDOP:113
Roll:90.320335 Pitch:53.993404
X_AVG:-4.036035 Y_AVG:2.650626 Z_AVG:-9.017080
X_SD:4.574970 Y_SD:7.793244 Z_SD:8.518231
$MXCM10033,2,30,20240104,063929,12,0E89F065,47EF81B2,01A6,001B,4B14,1D,F202*13
GPS_PRN:26,09,28,21,18,19619519919404,08,16,31,00,00,SAT_TAL:13
GPS_SNR:37,34,38,35,38,32,38,29,33,19,20,35,40,00,00,SNR_AVG:32.92
GLO_PRN:76,65,88,75,66,77,67,00,00,00,00,00,00,00,00,SAT_TAL:07
GLO_SNR:38,31,36,40,32,22,35,00,00,00,00,00,00,00,00,SNR_AVG:33.43
GAL_PRN:05,25,24,03,10,12,09,36,31,00,00,00,00,00,00,SAT_TAL:09
GAL_SNR:20,30,35,31,37,33,32,32,35,00,00,00,00,00,00,SNR_AVG:31.67
BEI_PRN:19,10,28,30,20,19,36,09,27,06,16,27,07,00,00,SAT_TAL:09
BEI_SNR:28,00,38,32,35,30,34,00,38,12,00,37,00,00,00,SNR_AVG:31.56
QZS_PRN:00,00,00,00,00,SAT_TAL:00
QZS_SNR:00,00,00,00,00,SNR_AVG:0.00
SatInView:42 GDOP:107
Roll:-120.489044 Pitch:49.160843
X_AVG:-3.899515 Y_AVG:2.546572 Z_AVG:-9.542379
X_SD:4.767953 Y_SD:7.244014 Z_SD:8.139995
$MXCM10033,2,31,20240104,064145,12,0E853F11,47EFF95D,01C8,001C,43FC,1A,F202*15
GPS_PRN:26,09,28,21,19619519919418,04,08,16,31,00,00,SAT_TAL:13
GPS_SNR:38,35,37,34,31,35,24,35,39,22,19,35,40,00,00,SNR_AVG:32.62
GLO_PRN:75,65,76,66,77,67,00,00,00,00,00,00,00,00,00,SAT_TAL:05
GLO_SNR:38,30,38,27,23,00,00,00,00,00,00,00,00,00,00,SNR_AVG:31.20
GAL_PRN:05,25,24,03,10,12,09,36,00,00,00,00,00,00,00,SAT_TAL:08
GAL_SNR:18,31,35,32,36,34,32,31,00,00,00,00,00,00,00,SNR_AVG:31.12
BEI_PRN:27,10,01,28,30,19,20,36,22,27,09,16,06,07,00,SAT_TAL:11
BEI_SNR:35,00,32,40,32,32,33,34,34,38,00,32,29,00,00,SNR_AVG:33.73
QZS_PRN:00,00,00,00,00,SAT_TAL:00
QZS_SNR:00,00,00,00,00,SNR_AVG:0.00
SatInView:41 GDOP:116
Roll:143.596115 Pitch:71.487000
X_AVG:-3.592189 Y_AVG:2.729541 Z_AVG:-9.069850
X_SD:4.535293 Y_SD:7.355444 Z_SD:8.750939
$MXCM10033,2,32,20240104,064200,12,0E84A98B,47F001E7,01C3,001B,45CC,1A,F202*63
GPS_PRN:26,09,28,21,19619519919418,04,08,16,31,00,00,SAT_TAL:13
GPS_SNR:37,35,37,34,32,29,24,27,38,29,24,34,39,00,00,SNR_AVG:32.23
GLO_PRN:75,65,76,66,77,67,00,00,00,00,00,00,00,00,00,SAT_TAL:05
GLO_SNR:39,30,36,31,21,00,00,00,00,00,00,00,00,00,00,SNR_AVG:31.40
GAL_PRN:05,25,24,03,10,12,09,36,00,00,00,00,00,00,00,SAT_TAL:08
GAL_SNR:21,31,34,31,36,32,32,32,00,00,00,00,00,00,00,SNR_AVG:31.12
BEI_PRN:27,10,01,28,30,19,20,36,22,27,09,16,06,07,00,SAT_TAL:13
BEI_SNR:30,00,30,37,33,32,34,34,34,35,26,26,25,18,00,SNR_AVG:30.31
QZS_PRN:00,00,00,00,00,SAT_TAL:00
QZS_SNR:00,00,00,00,00,SNR_AVG:0.00
SatInView:41 GDOP:116
Roll:116.829277 Pitch:90.000000
X_AVG:-3.158351 Y_AVG:2.163684 Z_AVG:-8.396443
X_SD:4.710586 Y_SD:6.819966 Z_SD:8.477218
$MXCM10033,2,33,20240104,064416,12,0E7FB641,47F0AB72,01AC,001A,4E12,1B,F202*19
GPS_PRN:26,09,28,21,19619519919418,08,04,16,31,00,00,SAT_TAL:13
GPS_SNR:36,33,38,34,32,37,22,31,37,30,26,35,40,00,00,SNR_AVG:33.15
GLO_PRN:75,65,76,77,66,67,00,00,00,00,00,00,00,00,00,SAT_TAL:06
GLO_SNR:38,33,37,22,36,34,00,00,00,00,00,00,00,00,00,SNR_AVG:33.33
GAL_PRN:05,25,24,03,10,12,09,36,00,00,00,00,00,00,00,SAT_TAL:08
GAL_SNR:28,32,33,32,37,31,32,32,00,00,00,00,00,00,00,SNR_AVG:32.12
BEI_PRN:19,10,01,28,30,19,20,36,27,09,16,06,27,07,00,SAT_TAL:12
BEI_SNR:30,24,34,32,34,32,35,32,35,00,19,00,33,20,00,SNR_AVG:30.00
QZS_PRN:00,00,00,00,00,SAT_TAL:00
QZS_SNR:00,00,00,00,00,SNR_AVG:0.00
SatInView:41 GDOP:114
Roll:-159.866608 Pitch:90.000000
X_AVG:-3.072110 Y_AVG:3.135366 Z_AVG:-8.891574
X_SD:4.304394 Y_SD:8.180654 Z_SD:9.215120
$MXCM10033,2,34,20240104,064431,12,0E7F288B,47F09BF0,019D,001B,4426,1B,F202*1B
GPS_PRN:26,09,28,21,19619519919418,08,04,16,31,00,00,SAT_TAL:13
GPS_SNR:37,35,37,34,32,35,21,33,39,22,23,35,39,00,00,SNR_AVG:32.46
GLO_PRN:75,65,76,77,66,67,00,00,00,00,00,00,00,00,00,SAT_TAL:06
GLO_SNR:38,32,37,22,32,35,00,00,00,00,00,00,00,00,00,SNR_AVG:32.67
GAL_PRN:05,25,24,03,10,12,09,36,00,00,00,00,00,00,00,SAT_TAL:08
GAL_SNR:23,31,35,32,37,33,32,33,00,00,00,00,00,00,00,SNR_AVG:32.00
BEI_PRN:19,10,01,28,30,19,20,36,27,09,16,06,27,07,00,SAT_TAL:14
BEI_SNR:29,18,32,38,32,31,35,34,38,29,29,26,37,20,00,SNR_AVG:30.57
QZS_PRN:00,00,00,00,00,SAT_TAL:00
QZS_SNR:00,00,00,00,00,SNR_AVG:0.00
SatInView:41 GDOP:114
Roll:107.411362 Pitch:55.636166
X_AVG:-3.277249 Y_AVG:3.093945 Z_AVG:-8.915420
X_SD:4.384902 Y_SD:7.959490 Z_SD:10.241332
$MXCM10033,2,35,20240104,064647,12,0E7A2587,47F0331F,0164,001C,43DE,1B,F202*60
GPS_PRN:08,09,28,21,19619519919418,07,04,16,31,26,00,SAT_TAL:14
GPS_SNR:25,37,38,35,31,36,24,32,36,34,29,36,40,37,00,SNR_AVG:33.57
GLO_PRN:76,75,65,88,77,66,67,00,00,00,00,00,00,00,00,SAT_TAL:07
GLO_SNR:37,38,30,34,22,34,35,00,00,00,00,00,00,00,00,SNR_AVG:32.86
GAL_PRN:10,05,25,24,03,12,09,36,00,00,00,00,00,00,00,SAT_TAL:08
GAL_SNR:37,23,33,35,34,32,32,32,00,00,00,00,00,00,00,SNR_AVG:32.25
BEI_PRN:19,10,30,28,19,20,36,09,27,16,06,27,07,00,00,SAT_TAL:09
BEI_SNR:33,00,00,37,32,36,34,00,35,24,20,36,00,00,00,SNR_AVG:31.89
QZS_PRN:00,00,00,00,00,SAT_TAL:00
QZS_SNR:00,00,00,00,00,SNR_AVG:0.00
SatInView:42 GDOP:117
Roll:75.791122 Pitch:62.035137
X_AVG:-2.869030 Y_AVG:2.015767 Z_AVG:-7.950729
X_SD:5.309883 Y_SD:6.783900 Z_SD:9.359817
$MXCM10033,2,36,20240104,064702,12,0E798E36,47F0377E,0159,001F,4633,1B,F202*65
GPS_PRN:26,09,28,21,19619519919418,02,07,04,16,31,08,SAT_TAL:14
GPS_SNR:38,35,38,34,31,37,28,35,38,00,36,22,36,40,26,SNR_AVG:33.86
GLO_PRN:00,00,00,00,00,00,00,00,00,00,00,00,00,00,00,SAT_TAL:00
GLO_SNR:00,00,00,00,00,00,00,00,00,00,00,00,00,00,00,SNR_AVG:0.00
GAL_PRN:00,00,00,00,00,00,00,00,00,00,00,00,00,00,00,SAT_TAL:00
GAL_SNR:00,00,00,00,00,00,00,00,00,00,00,00,00,00,00,SNR_AVG:0.00
BEI_PRN:00,00,00,00,00,00,00,00,00,00,00,00,00,00,00,SAT_TAL:00
BEI_SNR:00,00,00,00,00,00,00,00,00,00,00,00,00,00,00,SNR_AVG:0.00
QZS_PRN:00,00,00,00,00,SAT_TAL:00
QZS_SNR:00,00,00,00,00,SNR_AVG:0.00
SatInView:42 GDOP:117
Roll:-122.426056 Pitch:47.059246
X_AVG:-3.517440 Y_AVG:2.378208 Z_AVG:-9.740096
X_SD:5.116253 Y_SD:7.757576 Z_SD:9.675652
$MXCM10033,2,37,20240104,064918,12,0E74715D,47F051A5,010F,0017,4E71,1B,F201*18
GPS_PRN:08,09,28,21,19619519919418,07,04,16,31,26,00,SAT_TAL:14
GPS_SNR:29,29,38,36,35,38,31,36,38,33,25,35,40,37,00,SNR_AVG:34.29
GLO_PRN:76,75,65,88,77,66,67,00,00,00,00,00,00,00,00,SAT_TAL:07
GLO_SNR:37,38,25,33,20,36,24,00,00,00,00,00,00,00,00,SNR_AVG:30.43
GAL_PRN:10,05,25,24,03,12,09,36,00,00,00,00,00,00,00,SAT_TAL:08
GAL_SNR:37,29,22,35,23,32,35,33,00,00,00,00,00,00,00,SNR_AVG:30.75
BEI_PRN:27,10,01,30,28,20,36,22,27,09,06,16,07,00,00,SAT_TAL:12
BEI_SNR:38,19,34,36,37,36,30,33,37,00,30,31,25,00,00,SNR_AVG:32.17
QZS_PRN:00,00,00,00,00,SAT_TAL:00
QZS_SNR:00,00,00,00,00,SNR_AVG:0.00
SatInView:42 GDOP:118
Roll:131.551361 Pitch:40.809109
X_AVG:-4.479689 Y_AVG:3.789475 Z_AVG:-10.158850
X_SD:5.829461 Y_SD:8.248722 Z_SD:7.624827
$MXCM10033,2,38,20240104,064933,12,0E73FBA2,47F04085,0117,0016,4F3D,1B,F201*63
GPS_PRN:08,09,21,28,19619519919418,07,04,16,31,26,00,SAT_TAL:14
GPS_SNR:26,29,34,38,35,38,30,34,38,33,23,34,40,37,00,SNR_AVG:33.50
GLO_PRN:76,75,65,88,77,66,67,00,00,00,00,00,00,00,00,SAT_TAL:07
GLO_SNR:37,39,31,34,21,35,30,00,00,00,00,00,00,00,00,SNR_AVG:32.43
GAL_PRN:10,05,25,24,03,12,09,36,00,00,00,00,00,00,00,SAT_TAL:08
GAL_SNR:37,25,25,34,24,32,34,32,00,00,00,00,00,00,00,SNR_AVG:30.38
BEI_PRN:27,10,01,30,28,20,36,22,27,09,06,16,07,00,00,SAT_TAL:13
BEI_SNR:37,20,34,34,38,35,32,33,38,19,29,30,21,00,00,SNR_AVG:30.77
QZS_PRN:00,00,00,00,00,SAT_TAL:00
QZS_SNR:00,00,00,00,00,SNR_AVG:0.00
SatInView:42 GDOP:118
Roll:132.105194 Pitch:42.771378
X_AVG:-2.950338 Y_AVG:3.427943 Z_AVG:-8.895644
X_SD:3.148195 Y_SD:8.095602 Z_SD:8.237560
$MXCM10033,2,39,20240104,065148,12,0E7101D8,47EF9EE1,00DB,0000,7179,0E,F201*16
GPS_PRN:31,09,21,08,19619519428,02,18,04,16,26,00,00,SAT_TAL:11
GPS_SNR:38,00,30,24,31,30,32,27,28,24,00,28,36,00,00,SNR_AVG:29.82
GLO_PRN:65,76,77,66,67,88,68,00,00,00,00,00,00,00,00,SAT_TAL:03
GLO_SNR:00,22,00,00,20,30,00,00,00,00,00,00,00,00,00,SNR_AVG:24.00
GAL_PRN:24,25,05,03,00,00,00,00,00,00,00,00,00,00,00,SAT_TAL:00
GAL_SNR:00,00,00,00,00,00,00,00,00,00,00,00,00,00,00,SNR_AVG:0.00
BEI_PRN:09,03,10,01,28,27,06,16,27,00,00,00,00,00,00,SAT_TAL:08
BEI_SNR:31,29,00,33,27,38,32,34,33,00,00,00,00,00,00,SNR_AVG:32.12
QZS_PRN:00,00,00,00,00,SAT_TAL:00
QZS_SNR:00,00,00,00,00,SNR_AVG:0.00
SatInView:33 GDOP:117
Roll:103.139679 Pitch:25.111177
X_AVG:-5.955936 Y_AVG:7.511863 Z_AVG:-2.944975
X_SD:1.111052 Y_SD:0.904381 Z_SD:0.678248
$MXCM10033,2,40,20240104,065204,12,0E71030E,47EF9EE2,00D4,0000,7179,19,F201*10
GPS_PRN:08,09,21,28,19619519919402,18,04,16,31,26,00,SAT_TAL:14
GPS_SNR:28,20,32,27,31,21,29,26,26,19,17,31,33,35,00,SNR_AVG:26.79
GLO_PRN:76,75,68,88,77,66,67,00,00,00,00,00,00,00,00,SAT_TAL:04
GLO_SNR:29,00,00,31,00,13,17,00,00,00,00,00,00,00,00,SNR_AVG:22.50
GAL_PRN:10,05,25,24,03,12,09,36,00,00,00,00,00,00,00,SAT_TAL:07
GAL_SNR:29,24,00,19,18,29,21,22,00,00,00,00,00,00,00,SNR_AVG:23.14
BEI_PRN:27,03,10,01,30,28,20,36,09,27,16,06,07,00,00,SAT_TAL:11
BEI_SNR:37,28,00,34,32,38,17,00,29,36,34,33,17,00,00,SNR_AVG:30.45
QZS_PRN:00,00,00,00,00,SAT_TAL:00
QZS_SNR:00,00,00,00,00,SNR_AVG:0.00
SatInView:42 GDOP:97
Roll:107.835243 Pitch:26.227043
X_AVG:-4.465324 Y_AVG:8.531048 Z_AVG:-3.361048
X_SD:0.623528 Y_SD:0.615493 Z_SD:0.533268
$MXCM10033,2,41,20240104,065419,12,0E710251,47EF9EA2,00D4,0000,7236,0C,F201*1C
GPS_PRN:09,08,19619519919421,28,02,18,04,16,31,26,00,SAT_TAL:12
GPS_SNR:00,22,36,13,28,30,32,39,17,33,00,39,39,34,00,SNR_AVG:30.17
GLO_PRN:68,76,77,66,67,88,00,00,00,00,00,00,00,00,00,SAT_TAL:02
GLO_SNR:00,32,00,00,00,19,00,00,00,00,00,00,00,00,00,SNR_AVG:25.50
GAL_PRN:03,24,25,05,10,00,00,00,00,00,00,00,00,00,00,SAT_TAL:00
GAL_SNR:00,00,00,00,00,00,00,00,00,00,00,00,00,00,00,SNR_AVG:0.00
BEI_PRN:28,27,06,16,27,01,00,00,00,00,00,00,00,00,00,SAT_TAL:06
BEI_SNR:38,34,29,32,38,31,00,00,00,00,00,00,00,00,00,SNR_AVG:33.67
QZS_PRN:00,00,00,00,00,SAT_TAL:00
QZS_SNR:00,00,00,00,00,SNR_AVG:0.00
SatInView:31 GDOP:153
Roll:115.122711 Pitch:36.574650
X_AVG:-6.013494 Y_AVG:4.862291 Z_AVG:-4.467527
X_SD:3.644716 Y_SD:6.089188 Z_SD:3.519095
$MXCM10033,2,42,20240104,065435,12,0E710361,47EFA105,00D4,0000,7236,16,F202*1E
GPS_PRN:26,09,21,28,19619519919402,18,07,04,16,31,08,SAT_TAL:13
GPS_SNR:32,00,28,33,28,30,28,36,19,32,00,16,25,32,19,SNR_AVG:27.54
GLO_PRN:00,00,00,00,00,00,00,00,00,00,00,00,00,00,00,SAT_TAL:00
GLO_SNR:00,00,00,00,00,00,00,00,00,00,00,00,00,00,00,SNR_AVG:0.00
GAL_PRN:00,00,00,00,00,00,00,00,00,00,00,00,00,00,00,SAT_TAL:00
GAL_SNR:00,00,00,00,00,00,00,00,00,00,00,00,00,00,00,SNR_AVG:0.00
BEI_PRN:00,00,00,00,00,00,00,00,00,00,00,00,00,00,00,SAT_TAL:00
BEI_SNR:00,00,00,00,00,00,00,00,00,00,00,00,00,00,00,SNR_AVG:0.00
QZS_PRN:00,00,00,00,00,SAT_TAL:00
QZS_SNR:00,00,00,00,00,SNR_AVG:0.00
SatInView:42 GDOP:104
Roll:139.393753 Pitch:33.640999
X_AVG:-5.608674 Y_AVG:6.198665 Z_AVG:-6.389583
X_SD:0.376924 Y_SD:0.263915 Z_SD:0.316058
$MXCM10033,2,43,20240104,065650,12,0E71012B,47EF9BD2,00D4,0001,6C23,0D,F201*16
GPS_PRN:08,04,16,31,09,26,21,28,18,07,19419519600,00,SAT_TAL:07
GPS_SNR:13,00,17,29,00,26,25,26,00,00,00,27,00,00,00,SNR_AVG:23.29
GLO_PRN:67,88,68,76,77,66,00,00,00,00,00,00,00,00,00,SAT_TAL:01
GLO_SNR:00,00,00,23,00,00,00,00,00,00,00,00,00,00,00,SNR_AVG:23.00
GAL_PRN:03,10,12,09,36,31,05,25,24,00,00,00,00,00,00,SAT_TAL:05
GAL_SNR:00,27,23,19,15,00,00,00,20,00,00,00,00,00,00,SNR_AVG:20.80
BEI_PRN:27,03,02,19,36,20,22,06,16,07,00,00,00,00,00,SAT_TAL:00
BEI_SNR:00,00,00,00,00,00,00,00,00,00,00,00,00,00,00,SNR_AVG:0.00
QZS_PRN:00,00,00,00,00,SAT_TAL:00
QZS_SNR:00,00,00,00,00,SNR_AVG:0.00
SatInView:38 GDOP:154
Roll:105.176613 Pitch:-6.111959
X_AVG:1.351075 Y_AVG:9.599027 Z_AVG:-3.008950
X_SD:0.172636 Y_SD:0.157340 Z_SD:0.157658
$MXCM10033,2,44,20240104,065706,12,0E7103A8,47EF9EE1,00D4,0000,78E3,11,F201*65
GPS_PRN:31,26,21,28,02,08,19619519418,07,04,16,09,00,SAT_TAL:08
GPS_SNR:30,23,20,26,00,00,21,24,19,00,00,00,19,00,00,SNR_AVG:22.75
GLO_PRN:67,88,68,76,77,66,00,00,00,00,00,00,00,00,00,SAT_TAL:02
GLO_SNR:00,20,00,21,00,00,00,00,00,00,00,00,00,00,00,SNR_AVG:20.50
GAL_PRN:31,05,25,24,03,10,12,09,36,00,00,00,00,00,00,SAT_TAL:06
GAL_SNR:00,14,00,22,00,29,20,24,19,00,00,00,00,00,00,SNR_AVG:21.33
BEI_PRN:27,03,01,28,19,36,20,22,27,16,06,07,00,00,00,SAT_TAL:04
BEI_SNR:18,00,00,23,00,00,16,00,22,00,00,00,00,00,00,SNR_AVG:19.75
QZS_PRN:00,00,00,00,00,SAT_TAL:00
QZS_SNR:00,00,00,00,00,SNR_AVG:0.00
SatInView:41 GDOP:139
Roll:110.107674 Pitch:37.802814
X_AVG:-4.025165 Y_AVG:4.793336 Z_AVG:-2.910642
X_SD:6.832356 Y_SD:9.710631 Z_SD:5.441879
$MXCM10033,2,45,20240104,065922,12,0E71055D,47EFA0B7,00D4,0000,6583,0E,F201*6A
GPS_PRN:31,26,21,28,02,08,19619519418,07,04,16,09,00,SAT_TAL:07
GPS_SNR:37,39,22,28,00,00,00,28,25,00,00,00,24,00,00,SNR_AVG:29.00
GLO_PRN:66,88,68,76,77,67,00,00,00,00,00,00,00,00,00,SAT_TAL:02
GLO_SNR:00,25,00,35,00,00,00,00,00,00,00,00,00,00,00,SNR_AVG:30.00
GAL_PRN:31,05,25,03,24,10,12,36,09,00,00,00,00,00,00,SAT_TAL:04
GAL_SNR:00,00,00,00,28,34,25,00,34,00,00,00,00,00,00,SNR_AVG:30.25
BEI_PRN:16,03,01,02,28,19,36,20,22,27,06,07,00,00,00,SAT_TAL:03
BEI_SNR:00,00,30,00,30,00,00,25,00,00,00,00,00,00,00,SNR_AVG:28.33
QZS_PRN:00,00,00,00,00,SAT_TAL:00
QZS_SNR:00,00,00,00,00,SNR_AVG:0.00
SatInView:41 GDOP:148
Roll:107.735298 Pitch:25.364578
X_AVG:-4.659402 Y_AVG:8.433410 Z_AVG:-3.037250
X_SD:0.084245 Y_SD:0.071861 Z_SD:0.117493
$MXCM10033,2,46,20240104,065937,12,0E71034D,47EFA4DE,00D4,0000,6583,17,F201*69
GPS_PRN:09,26,21,28,19619519919402,18,07,04,16,31,08,SAT_TAL:13
GPS_SNR:18,39,24,28,14,23,17,25,22,15,00,00,24,35,17,SNR_AVG:23.15
GLO_PRN:00,00,00,00,00,00,00,00,00,00,00,00,00,00,00,SAT_TAL:00
GLO_SNR:00,00,00,00,00,00,00,00,00,00,00,00,00,00,00,SNR_AVG:0.00
GAL_PRN:00,00,00,00,00,00,00,00,00,00,00,00,00,00,00,SAT_TAL:00
GAL_SNR:00,00,00,00,00,00,00,00,00,00,00,00,00,00,00,SNR_AVG:0.00
BEI_PRN:00,00,00,00,00,00,00,00,00,00,00,00,00,00,00,SAT_TAL:00
BEI_SNR:00,00,00,00,00,00,00,00,00,00,00,00,00,00,00,SNR_AVG:0.00
QZS_PRN:00,00,00,00,00,SAT_TAL:00
QZS_SNR:00,00,00,00,00,SNR_AVG:0.00
SatInView:42 GDOP:101
Roll:108.510818 Pitch:25.276068
X_AVG:-4.569570 Y_AVG:8.481582 Z_AVG:-2.998175
X_SD:0.082178 Y_SD:0.069765 Z_SD:0.110263
$MXCM10033,2,47,20240104,070153,12,0E7104A2,47EFA47D,00D4,0000,292B,11,F201*65
GPS_PRN:09,21,02,28,08,19619519919407,18,04,16,31,26,SAT_TAL:10
GPS_SNR:00,00,00,32,18,20,26,16,22,00,00,15,26,24,38,SNR_AVG:23.70
GLO_PRN:00,00,00,00,00,00,00,00,00,00,00,00,00,00,00,SAT_TAL:00
GLO_SNR:00,00,00,00,00,00,00,00,00,00,00,00,00,00,00,SNR_AVG:0.00
GAL_PRN:00,00,00,00,00,00,00,00,00,00,00,00,00,00,00,SAT_TAL:00
GAL_SNR:00,00,00,00,00,00,00,00,00,00,00,00,00,00,00,SNR_AVG:0.00
BEI_PRN:00,00,00,00,00,00,00,00,00,00,00,00,00,00,00,SAT_TAL:00
BEI_SNR:00,00,00,00,00,00,00,00,00,00,00,00,00,00,00,SNR_AVG:0.00
QZS_PRN:00,00,00,00,00,SAT_TAL:00
QZS_SNR:00,00,00,00,00,SNR_AVG:0.00
SatInView:41 GDOP:126
Roll:101.297379 Pitch:22.926462
X_AVG:-4.941205 Y_AVG:10.194812 Z_AVG:-2.113548
X_SD:0.097107 Y_SD:0.065194 Z_SD:0.134465
$MXCM10033,2,48,20240104,070208,12,0E71040C,47EFA615,00D4,0000,2B62,15,F201*19
GPS_PRN:08,26,21,02,19619519919428,18,04,16,31,09,00,SAT_TAL:12
GPS_SNR:00,37,24,00,20,27,15,21,30,18,16,25,16,16,00,SNR_AVG:22.08
GLO_PRN:76,75,68,88,77,67,66,00,00,00,00,00,00,00,00,SAT_TAL:02
GLO_SNR:28,00,00,16,00,00,00,00,00,00,00,00,00,00,00,SNR_AVG:22.00
GAL_PRN:10,25,05,24,03,12,36,09,00,00,00,00,00,00,00,SAT_TAL:07
GAL_SNR:13,16,18,27,00,30,24,30,00,00,00,00,00,00,00,SNR_AVG:22.57
BEI_PRN:27,10,01,30,28,19,36,20,09,27,06,16,07,00,00,SAT_TAL:07
BEI_SNR:19,00,29,14,28,00,00,21,00,27,17,00,00,00,00,SNR_AVG:22.14
QZS_PRN:00,00,00,00,00,SAT_TAL:00
QZS_SNR:00,00,00,00,00,SNR_AVG:0.00
SatInView:42 GDOP:108
Roll:106.539093 Pitch:21.983749
X_AVG:-4.959066 Y_AVG:10.116999 Z_AVG:-3.236164
X_SD:0.101179 Y_SD:0.072258 Z_SD:0.110622
$MXCM10033,2,49,20240104,070424,12,0E7104BF,47EFA735,00D4,0000,200E,12,F201*60
GPS_PRN:31,26,21,02,28,08,19619519407,18,04,16,09,00,SAT_TAL:10
GPS_SNR:39,40,23,00,30,00,23,24,20,00,17,00,24,18,00,SNR_AVG:25.80
GLO_PRN:66,88,68,76,77,67,00,00,00,00,00,00,00,00,00,SAT_TAL:02
GLO_SNR:00,17,00,37,00,00,00,00,00,00,00,00,00,00,00,SNR_AVG:27.00
GAL_PRN:31,25,05,03,24,10,12,36,09,00,00,00,00,00,00,SAT_TAL:06
GAL_SNR:00,19,18,00,28,24,25,00,33,00,00,00,00,00,00,SNR_AVG:24.50
BEI_PRN:16,03,01,02,28,36,19,20,22,27,06,07,00,00,00,SAT_TAL:02
BEI_SNR:18,00,00,00,35,00,00,00,00,00,00,00,00,00,00,SNR_AVG:26.50
QZS_PRN:00,00,00,00,00,SAT_TAL:00
QZS_SNR:00,00,00,00,00,SNR_AVG:0.00
SatInView:41 GDOP:114
Roll:82.900215 Pitch:18.983305
X_AVG:-3.299468 Y_AVG:8.854750 Z_AVG:1.288585
X_SD:0.165989 Y_SD:0.149006 Z_SD:0.219060
$MXCM10033,2,50,20240104,070439,12,0E71044A,47EFA705,00D4,0000,200E,14,F201*10
GPS_PRN:08,04,16,31,09,26,21,28,07,18,19419519600,00,SAT_TAL:11
GPS_SNR:00,19,19,37,21,41,19,31,00,21,18,23,24,00,00,SNR_AVG:24.82
GLO_PRN:66,88,75,68,76,77,67,00,00,00,00,00,00,00,00,SAT_TAL:03
GLO_SNR:00,18,20,00,35,00,00,00,00,00,00,00,00,00,00,SNR_AVG:24.33
GAL_PRN:24,10,12,09,31,25,05,03,00,00,00,00,00,00,00,SAT_TAL:07
GAL_SNR:26,28,26,34,00,19,18,15,00,00,00,00,00,00,00,SNR_AVG:23.71
BEI_PRN:36,20,16,27,28,00,00,00,00,00,00,00,00,00,00,SAT_TAL:03
BEI_SNR:00,00,20,23,35,00,00,00,00,00,00,00,00,00,00,SNR_AVG:26.00
QZS_PRN:00,00,00,00,00,SAT_TAL:00
QZS_SNR:00,00,00,00,00,SNR_AVG:0.00
SatInView:33 GDOP:108
Roll:82.689125 Pitch:20.846666
X_AVG:-3.278829 Y_AVG:8.780097 Z_AVG:1.556358
X_SD:0.101101 Y_SD:0.078791 Z_SD:0.126133
$MXCM10033,2,51,20240104,070655,12,0E7103B7,47EFA7D8,00D4,0000,8309,14,F201*12
GPS_PRN:09,31,26,21,02,19619519428,07,18,04,16,08,00,SAT_TAL:12
GPS_SNR:18,35,41,34,24,23,30,23,36,00,00,18,28,18,00,SNR_AVG:27.33
GLO_PRN:66,88,68,76,77,67,00,00,00,00,00,00,00,00,00,SAT_TAL:03
GLO_SNR:00,22,00,40,00,20,00,00,00,00,00,00,00,00,00,SNR_AVG:27.33
GAL_PRN:10,25,05,03,24,12,36,09,00,00,00,00,00,00,00,SAT_TAL:05
GAL_SNR:00,00,19,00,34,25,17,31,00,00,00,00,00,00,00,SNR_AVG:25.20
BEI_PRN:16,07,03,01,02,28,36,19,20,22,09,06,27,00,00,SAT_TAL:02
BEI_SNR:18,00,00,00,00,36,00,00,00,00,00,00,00,00,00,SNR_AVG:27.00
QZS_PRN:00,00,00,00,00,SAT_TAL:00
QZS_SNR:00,00,00,00,00,SNR_AVG:0.00
SatInView:41 GDOP:111
Roll:75.661171 Pitch:19.724924
X_AVG:-3.075175 Y_AVG:8.588366 Z_AVG:2.427578
X_SD:0.078718 Y_SD:0.075626 Z_SD:0.127604
$MXCM10033,2,52,20240104,070710,12,0E71031B,47EFA915,00D4,0000,8309,1D,F201*11
GPS_PRN:31,26,21,02,19619519919407,28,18,04,16,09,08,SAT_TAL:15
GPS_SNR:35,41,33,20,24,29,17,23,19,35,19,17,28,15,19,SNR_AVG:24.93
GLO_PRN:00,00,00,00,00,00,00,00,00,00,00,00,00,00,00,SAT_TAL:00
GLO_SNR:00,00,00,00,00,00,00,00,00,00,00,00,00,00,00,SNR_AVG:0.00
GAL_PRN:00,00,00,00,00,00,00,00,00,00,00,00,00,00,00,SAT_TAL:00
GAL_SNR:00,00,00,00,00,00,00,00,00,00,00,00,00,00,00,SNR_AVG:0.00
BEI_PRN:00,00,00,00,00,00,00,00,00,00,00,00,00,00,00,SAT_TAL:00
BEI_SNR:00,00,00,00,00,00,00,00,00,00,00,00,00,00,00,SNR_AVG:0.00
QZS_PRN:00,00,00,00,00,SAT_TAL:00
QZS_SNR:00,00,00,00,00,SNR_AVG:0.00
SatInView:42 GDOP:83
Roll:75.889648 Pitch:19.955790
X_AVG:-3.142453 Y_AVG:8.543737 Z_AVG:2.500124
X_SD:0.091273 Y_SD:0.080189 Z_SD:0.129116
$MXCM10033,2,53,20240104,070926,12,0E71048A,47EFA48F,00D4,0000,2F02,18,F201*69
GPS_PRN:31,26,21,02,19619519919407,28,18,04,16,09,08,SAT_TAL:13
GPS_SNR:34,40,35,30,27,29,00,22,17,32,23,15,32,00,25,SNR_AVG:27.77
GLO_PRN:00,00,00,00,00,00,00,00,00,00,00,00,00,00,00,SAT_TAL:00
GLO_SNR:00,00,00,00,00,00,00,00,00,00,00,00,00,00,00,SNR_AVG:0.00
GAL_PRN:00,00,00,00,00,00,00,00,00,00,00,00,00,00,00,SAT_TAL:00
GAL_SNR:00,00,00,00,00,00,00,00,00,00,00,00,00,00,00,SNR_AVG:0.00
BEI_PRN:00,00,00,00,00,00,00,00,00,00,00,00,00,00,00,SAT_TAL:00
BEI_SNR:00,00,00,00,00,00,00,00,00,00,00,00,00,00,00,SNR_AVG:0.00
QZS_PRN:00,00,00,00,00,SAT_TAL:00
QZS_SNR:00,00,00,00,00,SNR_AVG:0.00
SatInView:42 GDOP:98
Roll:76.079422 Pitch:18.461449
X_AVG:-3.053100 Y_AVG:8.549196 Z_AVG:2.558017
X_SD:0.080971 Y_SD:0.075971 Z_SD:0.128017
$MXCM10033,2,54,20240104,070941,12,0E7103FC,47EFA59B,00D4,0000,2F02,1B,F201*6A
GPS_PRN:31,26,21,02,19619519919407,28,18,04,16,09,08,SAT_TAL:14
GPS_SNR:38,37,24,18,16,19,00,20,14,18,28,14,16,13,17,SNR_AVG:20.86
GLO_PRN:00,00,00,00,00,00,00,00,00,00,00,00,00,00,00,SAT_TAL:00
GLO_SNR:00,00,00,00,00,00,00,00,00,00,00,00,00,00,00,SNR_AVG:0.00
GAL_PRN:00,00,00,00,00,00,00,00,00,00,00,00,00,00,00,SAT_TAL:00
GAL_SNR:00,00,00,00,00,00,00,00,00,00,00,00,00,00,00,SNR_AVG:0.00
BEI_PRN:00,00,00,00,00,00,00,00,00,00,00,00,00,00,00,SAT_TAL:00
BEI_SNR:00,00,00,00,00,00,00,00,00,00,00,00,00,00,00,SNR_AVG:0.00
QZS_PRN:00,00,00,00,00,SAT_TAL:00
QZS_SNR:00,00,00,00,00,SNR_AVG:0.00
SatInView:42 GDOP:89
Roll:75.947769 Pitch:12.843403
X_AVG:-2.069398 Y_AVG:8.833202 Z_AVG:2.473835
X_SD:0.091290 Y_SD:0.073881 Z_SD:0.132265
$MXCM10033,2,55,20240104,071157,12,0E710424,47EFA8AB,00D4,0000,0000,0E,F201*64
GPS_PRN:09,31,26,21,02,19619519407,28,18,04,16,08,00,SAT_TAL:08
GPS_SNR:00,37,36,27,00,00,25,28,00,28,16,00,30,00,00,SNR_AVG:28.38
GLO_PRN:78,66,68,88,76,77,67,00,00,00,00,00,00,00,00,SAT_TAL:02
GLO_SNR:00,00,00,25,35,00,00,00,00,00,00,00,00,00,00,SNR_AVG:30.00
GAL_PRN:10,25,05,03,24,12,36,09,00,00,00,00,00,00,00,SAT_TAL:05
GAL_SNR:29,20,00,00,21,31,28,00,00,00,00,00,00,00,00,SNR_AVG:25.80
BEI_PRN:06,07,03,01,02,28,36,19,20,22,09,16,27,00,00,SAT_TAL:03
BEI_SNR:16,00,00,27,00,32,00,00,00,00,00,00,00,00,00,SNR_AVG:25.00
QZS_PRN:00,00,00,00,00,SAT_TAL:00
QZS_SNR:00,00,00,00,00,SNR_AVG:0.00
SatInView:42 GDOP:145
Roll:83.273438 Pitch:24.816757
X_AVG:-4.067304 Y_AVG:8.358087 Z_AVG:1.201004
X_SD:0.082079 Y_SD:0.073556 Z_SD:0.123681
$MXCM10033,2,56,20240104,071212,12,0E7103D4,47EFA756,00D4,0000,0000,12,F201*6D
GPS_PRN:09,31,26,21,02,19619519407,28,18,04,16,08,00,SAT_TAL:10
GPS_SNR:00,38,36,25,00,00,25,29,16,30,16,21,28,00,00,SNR_AVG:26.40
GLO_PRN:88,66,68,76,77,67,00,00,00,00,00,00,00,00,00,SAT_TAL:03
GLO_SNR:23,21,00,36,00,00,00,00,00,00,00,00,00,00,00,SNR_AVG:26.67
GAL_PRN:10,25,05,03,24,12,36,09,00,00,00,00,00,00,00,SAT_TAL:07
GAL_SNR:32,18,07,00,26,32,27,28,00,00,00,00,00,00,00,SNR_AVG:24.29
BEI_PRN:16,07,03,01,02,28,36,19,20,22,09,06,27,00,00,SAT_TAL:03
BEI_SNR:00,00,00,28,00,33,00,00,00,00,00,16,00,00,00,SNR_AVG:25.67
QZS_PRN:00,00,00,00,00,SAT_TAL:00
QZS_SNR:00,00,00,00,00,SNR_AVG:0.00
SatInView:41 GDOP:109
Roll:78.142372 Pitch:18.487329
X_AVG:-3.571024 Y_AVG:8.375661 Z_AVG:2.022279
X_SD:0.213758 Y_SD:0.128919 Z_SD:0.203545
$MXCM10033,2,57,20240104,071428,12,0E710209,47EFA873,00D4,0000,288F,13,F202*65
GPS_PRN:08,04,16,09,31,26,21,02,07,28,18,19419519600,SAT_TAL:13
GPS_SNR:24,22,19,17,29,35,33,00,21,23,20,29,32,26,00,SNR_AVG:25.38
GLO_PRN:88,66,68,78,76,77,67,00,00,00,00,00,00,00,00,SAT_TAL:03
GLO_SNR:24,20,00,00,34,00,00,00,00,00,00,00,00,00,00,SNR_AVG:26.00
GAL_PRN:03,24,12,36,09,25,05,10,00,00,00,00,00,00,00,SAT_TAL:04
GAL_SNR:16,30,19,00,00,00,00,35,00,00,00,00,00,00,00,SNR_AVG:25.00
BEI_PRN:09,07,01,02,28,36,19,20,16,06,27,00,00,00,00,SAT_TAL:03
BEI_SNR:00,00,27,00,28,00,00,00,00,00,27,00,00,00,00,SNR_AVG:27.33
QZS_PRN:00,00,00,00,00,SAT_TAL:00
QZS_SNR:00,00,00,00,00,SNR_AVG:0.00
SatInView:40 GDOP:106
Roll:-161.502670 Pitch:69.275978
X_AVG:-9.341549 Y_AVG:-1.487021 Z_AVG:-3.750305
X_SD:0.148947 Y_SD:0.206183 Z_SD:0.154695
$MXCM10033,2,58,20240104,071443,12,0E710353,47EFA62E,00D4,0000,288F,19,F202*1E
GPS_PRN:31,26,21,02,19619519919407,28,18,04,16,09,08,SAT_TAL:15
GPS_SNR:30,35,33,24,27,34,18,28,18,29,19,21,26,19,22,SNR_AVG:25.53
GLO_PRN:00,00,00,00,00,00,00,00,00,00,00,00,00,00,00,SAT_TAL:00
GLO_SNR:00,00,00,00,00,00,00,00,00,00,00,00,00,00,00,SNR_AVG:0.00
GAL_PRN:00,00,00,00,00,00,00,00,00,00,00,00,00,00,00,SAT_TAL:00
GAL_SNR:00,00,00,00,00,00,00,00,00,00,00,00,00,00,00,SNR_AVG:0.00
BEI_PRN:00,00,00,00,00,00,00,00,00,00,00,00,00,00,00,SAT_TAL:00
BEI_SNR:00,00,00,00,00,00,00,00,00,00,00,00,00,00,00,SNR_AVG:0.00
QZS_PRN:00,00,00,00,00,SAT_TAL:00
QZS_SNR:00,00,00,00,00,SNR_AVG:0.00
SatInView:42 GDOP:98
Roll:-177.896133 Pitch:67.031158
X_AVG:-9.321581 Y_AVG:-0.837700 Z_AVG:-4.073960
X_SD:0.087503 Y_SD:0.083780 Z_SD:0.126951
$MXCM10033,2,59,20240104,071659,12,0E710398,47EFAA86,00D4,0000,29BE,0F,F202*19
GPS_PRN:09,26,21,02,08,19619519407,28,18,04,16,31,00,SAT_TAL:10
GPS_SNR:00,34,34,26,00,26,31,23,00,33,20,00,38,21,00,SNR_AVG:28.60
GLO_PRN:78,66,68,67,76,77,88,00,00,00,00,00,00,00,00,SAT_TAL:02
GLO_SNR:00,00,00,00,32,00,24,00,00,00,00,00,00,00,00,SNR_AVG:28.00
GAL_PRN:09,25,05,03,10,24,12,36,00,00,00,00,00,00,00,SAT_TAL:04
GAL_SNR:23,17,00,00,00,31,30,00,00,00,00,00,00,00,00,SNR_AVG:25.25
BEI_PRN:06,07,01,02,28,36,19,20,22,09,16,27,00,00,00,SAT_TAL:02
BEI_SNR:00,00,27,00,32,00,00,00,00,00,00,00,00,00,00,SNR_AVG:29.50
QZS_PRN:00,00,00,00,00,SAT_TAL:00
QZS_SNR:00,00,00,00,00,SNR_AVG:0.00
SatInView:41 GDOP:146
Roll:180.000015 Pitch:68.459015
X_AVG:-9.390344 Y_AVG:0.208970 Z_AVG:-3.885437
X_SD:0.119017 Y_SD:0.165651 Z_SD:0.166793
$MXCM10033,2,60,20240104,071714,12,0E71037E,47EFA5FE,00D4,0000,29BE,15,F202*63
GPS_PRN:31,26,21,02,19619519919407,28,18,04,16,09,08,SAT_TAL:13
GPS_SNR:24,35,32,33,23,31,17,24,00,31,16,22,37,16,00,SNR_AVG:26.23
GLO_PRN:00,00,00,00,00,00,00,00,00,00,00,00,00,00,00,SAT_TAL:00
GLO_SNR:00,00,00,00,00,00,00,00,00,00,00,00,00,00,00,SNR_AVG:0.00
GAL_PRN:00,00,00,00,00,00,00,00,00,00,00,00,00,00,00,SAT_TAL:00
GAL_SNR:00,00,00,00,00,00,00,00,00,00,00,00,00,00,00,SNR_AVG:0.00
BEI_PRN:00,00,00,00,00,00,00,00,00,00,00,00,00,00,00,SAT_TAL:00
BEI_SNR:00,00,00,00,00,00,00,00,00,00,00,00,00,00,00,SNR_AVG:0.00
QZS_PRN:00,00,00,00,00,SAT_TAL:00
QZS_SNR:00,00,00,00,00,SNR_AVG:0.00
SatInView:42 GDOP:113
Roll:176.016159 Pitch:62.042515
X_AVG:-9.117304 Y_AVG:0.714588 Z_AVG:-4.588867
X_SD:0.618507 Y_SD:0.417302 Z_SD:0.670978
$MXCM10033,2,61,20240104,071930,12,0E71062A,47EFA6F3,00D4,0000,6DA9,13,F202*1B
GPS_PRN:16,31,21,26,02,08,19619507,28,18,04,09,00,00,SAT_TAL:11
GPS_SNR:36,33,29,36,29,27,28,35,00,38,00,29,18,00,00,SNR_AVG:30.73
GLO_PRN:68,67,66,88,78,76,77,00,00,00,00,00,00,00,00,SAT_TAL:04
GLO_SNR:20,00,17,27,00,34,00,00,00,00,00,00,00,00,00,SNR_AVG:24.50
GAL_PRN:09,25,05,10,03,24,12,36,00,00,00,00,00,00,00,SAT_TAL:04
GAL_SNR:00,00,00,37,00,28,24,28,00,00,00,00,00,00,00,SNR_AVG:29.25
BEI_PRN:27,27,07,03,01,28,36,19,20,22,16,06,09,00,00,SAT_TAL:05
BEI_SNR:24,30,00,00,30,32,00,00,28,00,00,00,00,00,00,SNR_AVG:28.80
QZS_PRN:00,00,00,00,00,SAT_TAL:00
QZS_SNR:00,00,00,00,00,SNR_AVG:0.00
SatInView:41 GDOP:107
Roll:161.907700 Pitch:69.961647
X_AVG:-9.427024 Y_AVG:1.368218 Z_AVG:-3.353530
X_SD:0.106711 Y_SD:0.125706 Z_SD:0.171109
$MXCM10033,2,62,20240104,071945,12,0E710502,47EFA61A,00D4,0000,6DA9,19,F202*67
GPS_PRN:08,21,26,02,19619519919407,28,04,16,09,31,00,SAT_TAL:13
GPS_SNR:23,32,36,21,28,36,18,22,00,40,22,36,22,31,00,SNR_AVG:28.23
GLO_PRN:76,68,75,66,77,88,67,00,00,00,00,00,00,00,00,SAT_TAL:05
GLO_SNR:31,15,00,19,00,23,16,00,00,00,00,00,00,00,00,SNR_AVG:20.80
GAL_PRN:24,25,05,10,03,12,36,09,00,00,00,00,00,00,00,SAT_TAL:06
GAL_SNR:27,00,00,38,17,24,28,15,00,00,00,00,00,00,00,SNR_AVG:24.83
BEI_PRN:27,10,01,30,28,36,19,20,27,09,16,06,07,00,00,SAT_TAL:12
BEI_SNR:24,00,27,14,31,17,16,22,29,16,18,20,17,00,00,SNR_AVG:20.92
QZS_PRN:00,00,00,00,00,SAT_TAL:00
QZS_SNR:00,00,00,00,00,SNR_AVG:0.00
SatInView:42 GDOP:94
Roll:165.827087 Pitch:68.043205
X_AVG:-9.272547 Y_AVG:1.521450 Z_AVG:-3.835301
X_SD:0.622424 Y_SD:0.613829 Z_SD:0.578536
$MXCM10033,2,63,20240104,072200,12,0E71036E,47EFA198,00D4,0000,0000,0F,F202*1A
GPS_PRN:08,04,16,09,21,31,26,02,07,28,18,19419519600,SAT_TAL:11
GPS_SNR:00,20,34,17,18,24,31,22,00,24,00,24,31,23,00,SNR_AVG:24.36
GLO_PRN:67,66,68,78,77,76,88,00,00,00,00,00,00,00,00,SAT_TAL:01
GLO_SNR:00,00,00,00,00,36,00,00,00,00,00,00,00,00,00,SNR_AVG:36.00
GAL_PRN:24,12,36,09,25,05,10,00,00,00,00,00,00,00,00,SAT_TAL:04
GAL_SNR:21,21,00,24,00,00,40,00,00,00,00,00,00,00,00,SNR_AVG:26.50
BEI_PRN:27,01,36,28,19,20,06,09,07,00,00,00,00,00,00,SAT_TAL:00
BEI_SNR:00,00,00,00,00,00,00,00,00,00,00,00,00,00,00,SNR_AVG:0.00
QZS_PRN:00,00,00,00,00,SAT_TAL:00
QZS_SNR:00,00,00,00,00,SNR_AVG:0.00
SatInView:37 GDOP:130
Roll:180.000015 Pitch:70.732323
X_AVG:-9.423385 Y_AVG:-0.051428 Z_AVG:-3.753466
X_SD:0.097096 Y_SD:0.092542 Z_SD:0.129005
$MXCM10033,2,64,20240104,072216,12,0E710362,47EFA335,00D4,0000,0000,17,F202*18
GPS_PRN:08,31,26,02,19619519919407,28,04,16,09,21,00,SAT_TAL:12
GPS_SNR:16,23,32,29,22,31,00,25,00,17,17,33,14,17,00,SNR_AVG:23.00
GLO_PRN:77,68,78,66,76,88,67,00,00,00,00,00,00,00,00,SAT_TAL:03
GLO_SNR:00,00,00,00,37,20,20,00,00,00,00,00,00,00,00,SNR_AVG:25.67
GAL_PRN:24,25,05,10,03,12,36,09,00,00,00,00,00,00,00,SAT_TAL:07
GAL_SNR:25,18,14,40,00,22,14,26,00,00,00,00,00,00,00,SNR_AVG:22.71
BEI_PRN:27,10,30,01,28,36,19,20,27,09,06,16,07,00,00,SAT_TAL:09
BEI_SNR:19,00,29,28,31,00,00,18,18,20,19,17,00,00,00,SNR_AVG:22.11
QZS_PRN:00,00,00,00,00,SAT_TAL:00
QZS_SNR:00,00,00,00,00,SNR_AVG:0.00
SatInView:42 GDOP:107
Roll:180.000015 Pitch:68.622238
X_AVG:-9.349594 Y_AVG:-0.196568 Z_AVG:-4.013290
X_SD:0.077792 Y_SD:0.107001 Z_SD:0.125595
$MXCM10033,2,65,20240104,072432,12,0E710342,47EFA8F9,00D4,0000,71FD,12,F202*68
GPS_PRN:09,21,31,26,02,19619519407,28,18,04,16,08,00,SAT_TAL:09
GPS_SNR:19,22,32,34,26,27,27,24,00,00,00,00,28,00,00,SNR_AVG:26.56
GLO_PRN:67,68,78,77,76,88,00,00,00,00,00,00,00,00,00,SAT_TAL:04
GLO_SNR:22,20,00,00,30,23,00,00,00,00,00,00,00,00,00,SNR_AVG:23.75
GAL_PRN:05,25,10,03,24,12,36,09,00,00,00,00,00,00,00,SAT_TAL:04
GAL_SNR:00,00,38,00,26,28,28,00,00,00,00,00,00,00,00,SNR_AVG:30.00
BEI_PRN:27,07,01,02,36,28,19,20,22,09,06,16,27,00,00,SAT_TAL:04
BEI_SNR:26,00,28,00,00,31,00,00,00,00,00,00,26,00,00,SNR_AVG:27.75
QZS_PRN:00,00,00,00,00,SAT_TAL:00
QZS_SNR:00,00,00,00,00,SNR_AVG:0.00
SatInView:41 GDOP:111
Roll:-154.506485 Pitch:63.133091
X_AVG:-9.216378 Y_AVG:-2.129063 Z_AVG:-4.693017
X_SD:0.094243 Y_SD:0.081643 Z_SD:0.143814
$MXCM10033,2,66,20240104,072447,12,0E710478,47EFA7B9,00D5,0000,667F,18,F202*12
GPS_PRN:08,31,26,02,19619519919407,28,04,16,09,21,00,SAT_TAL:14
GPS_SNR:18,32,34,26,26,27,16,25,17,21,17,27,21,25,00,SNR_AVG:23.71
GLO_PRN:77,68,78,66,76,88,67,00,00,00,00,00,00,00,00,SAT_TAL:05
GLO_SNR:00,19,16,00,31,25,18,00,00,00,00,00,00,00,00,SNR_AVG:21.80
GAL_PRN:24,25,10,05,03,12,36,09,00,00,00,00,00,00,00,SAT_TAL:07
GAL_SNR:24,17,38,00,16,29,29,29,00,00,00,00,00,00,00,SNR_AVG:26.00
BEI_PRN:27,30,10,01,36,28,19,20,27,09,06,16,07,00,00,SAT_TAL:08
BEI_SNR:25,26,00,29,00,31,00,21,27,16,00,17,00,00,00,SNR_AVG:24.00
QZS_PRN:00,00,00,00,00,SAT_TAL:00
QZS_SNR:00,00,00,00,00,SNR_AVG:0.00
SatInView:42 GDOP:96
Roll:-157.304642 Pitch:63.953995
X_AVG:-9.316170 Y_AVG:-1.999821 Z_AVG:-4.474997
X_SD:0.082027 Y_SD:0.076034 Z_SD:0.131827
$MXCM10033,2,67,20240104,072703,12,0E71025A,47EFA492,00D5,0000,2A3E,12,F201*63
GPS_PRN:21,08,31,26,02,19619519407,28,04,16,09,00,00,SAT_TAL:10
GPS_SNR:28,22,30,31,00,27,33,19,00,00,20,20,21,00,00,SNR_AVG:25.10
GLO_PRN:78,66,68,67,77,76,88,00,00,00,00,00,00,00,00,SAT_TAL:02
GLO_SNR:00,00,00,00,00,29,25,00,00,00,00,00,00,00,00,SNR_AVG:27.00
GAL_PRN:24,25,10,03,05,12,36,09,00,00,00,00,00,00,00,SAT_TAL:05
GAL_SNR:26,00,35,00,20,27,00,19,00,00,00,00,00,00,00,SNR_AVG:25.40
BEI_PRN:27,07,03,01,02,36,28,19,20,22,09,06,16,27,00,SAT_TAL:05
BEI_SNR:18,00,00,30,00,00,00,00,22,00,17,00,00,27,00,SNR_AVG:22.80
QZS_PRN:00,00,00,00,00,SAT_TAL:00
QZS_SNR:00,00,00,00,00,SNR_AVG:0.00
SatInView:42 GDOP:123
Roll:111.134750 Pitch:18.433346
X_AVG:-3.581798 Y_AVG:8.805764 Z_AVG:-3.606171
X_SD:0.184364 Y_SD:0.104411 Z_SD:0.164331
$MXCM10033,2,68,20240104,072718,12,0E710021,47EFA945,00D5,0001,33DF,13,F201*13
GPS_PRN:09,08,31,26,02,19619519407,28,04,16,21,00,00,SAT_TAL:10
GPS_SNR:00,16,24,21,18,16,17,14,00,00,16,17,26,00,00,SNR_AVG:18.50
GLO_PRN:67,66,68,77,76,88,00,00,00,00,00,00,00,00,00,SAT_TAL:02
GLO_SNR:00,00,00,00,25,21,00,00,00,00,00,00,00,00,00,SNR_AVG:23.00
GAL_PRN:24,25,10,03,05,12,36,09,00,00,00,00,00,00,00,SAT_TAL:05
GAL_SNR:19,00,24,00,13,19,00,16,00,00,00,00,00,00,00,SNR_AVG:18.20
BEI_PRN:27,07,01,02,36,28,19,20,22,09,16,06,27,00,00,SAT_TAL:06
BEI_SNR:18,00,00,00,11,24,00,21,00,14,00,00,18,00,00,SNR_AVG:17.67
QZS_PRN:00,00,00,00,00,SAT_TAL:00
QZS_SNR:00,00,00,00,00,SNR_AVG:0.00
SatInView:40 GDOP:115
Roll:100.221146 Pitch:30.557623
X_AVG:-5.097741 Y_AVG:8.275437 Z_AVG:-2.181832
X_SD:1.044700 Y_SD:1.139974 Z_SD:0.347407
$MXCM10033,2,69,20240104,072933,00,0E710000,47EFA999,00D5,0000,0000,00,F201*15
GPS_PRN:26,02,00,00,00,00,00,00,00,00,00,00,00,00,00,SAT_TAL:00
GPS_SNR:00,00,00,00,00,00,00,00,00,00,00,00,00,00,00,SNR_AVG:0.00
GLO_PRN:00,00,00,00,00,00,00,00,00,00,00,00,00,00,00,SAT_TAL:00
GLO_SNR:00,00,00,00,00,00,00,00,00,00,00,00,00,00,00,SNR_AVG:0.00
GAL_PRN:00,00,00,00,00,00,00,00,00,00,00,00,00,00,00,SAT_TAL:00
GAL_SNR:00,00,00,00,00,00,00,00,00,00,00,00,00,00,00,SNR_AVG:0.00
BEI_PRN:00,00,00,00,00,00,00,00,00,00,00,00,00,00,00,SAT_TAL:00
BEI_SNR:00,00,00,00,00,00,00,00,00,00,00,00,00,00,00,SNR_AVG:0.00
QZS_PRN:00,00,00,00,00,SAT_TAL:00
QZS_SNR:00,00,00,00,00,SNR_AVG:0.00
SatInView:2 GDOP:17319
Roll:114.005363 Pitch:-16.850060
X_AVG:2.878798 Y_AVG:8.814958 Z_AVG:-4.738029
X_SD:0.550203 Y_SD:0.493996 Z_SD:0.259884
$MXCM10033,2,70,20240104,072948,12,0E70FD7E,47EFA26C,00D5,0000,2863,10,F203*11
GPS_PRN:09,21,31,26,02,19619519407,28,04,16,08,00,00,SAT_TAL:10
GPS_SNR:00,33,32,36,36,38,42,27,00,00,24,33,23,00,00,SNR_AVG:32.40
GLO_PRN:78,66,68,67,77,76,88,00,00,00,00,00,00,00,00,SAT_TAL:03
GLO_SNR:00,00,00,22,00,45,35,00,00,00,00,00,00,00,00,SNR_AVG:34.00
GAL_PRN:03,25,10,05,24,12,36,09,00,00,00,00,00,00,00,SAT_TAL:01
GAL_SNR:00,00,36,00,00,00,00,00,00,00,00,00,00,00,00,SNR_AVG:36.00
BEI_PRN:27,02,36,28,20,22,59,27,16,06,01,00,00,00,00,SAT_TAL:05
BEI_SNR:32,00,00,29,29,00,30,41,00,00,00,00,00,00,00,SNR_AVG:32.20
QZS_PRN:00,00,00,00,00,SAT_TAL:00
QZS_SNR:00,00,00,00,00,SNR_AVG:0.00
SatInView:39 GDOP:126
Roll:-119.027626 Pitch:13.190471
X_AVG:-2.896133 Y_AVG:-8.305653 Z_AVG:-5.667860
X_SD:0.123729 Y_SD:0.070784 Z_SD:0.138283
$MXCM10033,2,71,20240104,073204,12,0E70FE6E,47EFA735,00D5,0000,7021,13,F203*6C
GPS_PRN:21,08,02,26,19619519431,07,04,16,09,00,00,00,SAT_TAL:10
GPS_SNR:28,28,42,37,35,38,34,35,25,00,39,00,00,00,00,SNR_AVG:34.10
GLO_PRN:78,66,68,67,77,76,88,00,00,00,00,00,00,00,00,SAT_TAL:04
GLO_SNR:00,00,21,20,00,48,35,00,00,00,00,00,00,00,00,SNR_AVG:31.00
GAL_PRN:12,25,10,03,24,36,09,00,00,00,00,00,00,00,00,SAT_TAL:02
GAL_SNR:37,00,00,00,47,00,00,00,00,00,00,00,00,00,00,SNR_AVG:42.00
BEI_PRN:27,07,03,01,02,36,28,19,20,22,09,06,16,27,00,SAT_TAL:05
BEI_SNR:35,00,00,00,00,20,31,00,36,00,00,00,00,38,00,SNR_AVG:32.00
QZS_PRN:00,00,00,00,00,SAT_TAL:00
QZS_SNR:00,00,00,00,00,SNR_AVG:0.00
SatInView:40 GDOP:102
Roll:-122.132385 Pitch:12.361857
X_AVG:-2.927832 Y_AVG:-8.297273 Z_AVG:-5.643343
X_SD:0.077464 Y_SD:0.063248 Z_SD:0.112354
$MXCM10033,2,72,20240104,073219,12,0E70FF01,47EFA65E,00D5,0000,7021,18,F203*6E
GPS_PRN:21,26,31,02,19619519919407,08,04,16,09,00,00,SAT_TAL:13
GPS_SNR:32,36,33,40,34,38,22,34,19,31,27,38,13,00,00,SNR_AVG:30.54
GLO_PRN:77,68,78,66,76,88,67,00,00,00,00,00,00,00,00,SAT_TAL:04
GLO_SNR:00,19,00,00,47,33,24,00,00,00,00,00,00,00,00,SNR_AVG:30.75
GAL_PRN:25,10,03,05,24,12,36,09,00,00,00,00,00,00,00,SAT_TAL:08
GAL_SNR:22,33,15,17,47,36,37,19,00,00,00,00,00,00,00,SNR_AVG:28.25
BEI_PRN:27,03,30,10,36,28,19,20,29,27,09,16,06,07,00,SAT_TAL:12
BEI_SNR:36,00,22,00,18,30,14,30,36,36,20,25,22,16,00,SNR_AVG:25.42
QZS_PRN:00,00,00,00,00,SAT_TAL:00
QZS_SNR:00,00,00,00,00,SNR_AVG:0.00
SatInView:42 GDOP:97
Roll:-122.094124 Pitch:12.075186
X_AVG:-2.922326 Y_AVG:-8.298757 Z_AVG:-5.640374
X_SD:0.080720 Y_SD:0.065691 Z_SD:0.107287
$MXCM10033,2,73,20240104,073435,12,0E70FF26,47EFA54B,00D5,0000,7076,17,F203*6A
GPS_PRN:21,02,26,19619519919431,07,08,04,16,09,00,00,SAT_TAL:11
GPS_SNR:39,41,26,38,35,00,35,39,00,28,25,22,19,00,00,SNR_AVG:31.55
GLO_PRN:77,68,78,66,76,88,67,00,00,00,00,00,00,00,00,SAT_TAL:03
GLO_SNR:00,00,17,00,46,36,00,00,00,00,00,00,00,00,00,SNR_AVG:33.00
GAL_PRN:25,10,03,05,24,12,36,00,00,00,00,00,00,00,00,SAT_TAL:07
GAL_SNR:29,31,16,24,45,38,39,00,00,00,00,00,00,00,00,SNR_AVG:31.71
BEI_PRN:27,03,30,10,01,36,28,19,20,29,27,09,16,06,07,SAT_TAL:06
BEI_SNR:40,00,23,00,00,00,28,00,29,00,31,25,00,00,00,SNR_AVG:29.33
QZS_PRN:00,00,00,00,00,SAT_TAL:00
QZS_SNR:00,00,00,00,00,SNR_AVG:0.00
SatInView:42 GDOP:101
Roll:-122.087646 Pitch:13.407878
X_AVG:-2.941240 Y_AVG:-8.289276 Z_AVG:-5.634628
X_SD:0.079790 Y_SD:0.063171 Z_SD:0.110915
$MXCM10033,2,74,20240104,073450,12,0E70FF09,47EFA49D,00D5,0000,7076,19,F203*67
GPS_PRN:09,02,31,19619519919426,07,08,04,16,21,00,00,SAT_TAL:13
GPS_SNR:17,40,38,38,37,23,35,14,20,21,13,25,37,00,00,SNR_AVG:27.54
GLO_PRN:77,68,78,66,76,88,67,00,00,00,00,00,00,00,00,SAT_TAL:05
GLO_SNR:17,00,00,17,46,36,24,00,00,00,00,00,00,00,00,SNR_AVG:28.00
GAL_PRN:25,10,03,05,24,12,36,00,00,00,00,00,00,00,00,SAT_TAL:06
GAL_SNR:29,32,00,20,45,37,38,00,00,00,00,00,00,00,00,SNR_AVG:33.50
BEI_PRN:19,03,30,10,36,28,19,20,29,27,09,16,06,27,07,SAT_TAL:10
BEI_SNR:00,00,23,00,17,27,16,28,00,35,26,19,18,38,00,SNR_AVG:24.70
QZS_PRN:00,00,00,00,00,SAT_TAL:00
QZS_SNR:00,00,00,00,00,SNR_AVG:0.00
SatInView:42 GDOP:98
Roll:-122.093521 Pitch:13.174447
X_AVG:-2.909732 Y_AVG:-8.298614 Z_AVG:-5.640230
X_SD:0.078112 Y_SD:0.064763 Z_SD:0.116655
$MXCM10033,2,75,20240104,073706,12,0E7100B2,47EFA05A,00D4,0000,3056,19,F203*14
GPS_PRN:09,02,26,19619519919431,07,08,04,16,21,00,00,SAT_TAL:12
GPS_SNR:00,39,32,39,42,27,34,33,21,24,27,25,35,00,00,SNR_AVG:31.50
GLO_PRN:77,68,78,66,76,88,67,00,00,00,00,00,00,00,00,SAT_TAL:05
GLO_SNR:16,00,00,20,30,26,23,00,00,00,00,00,00,00,00,SNR_AVG:23.00
GAL_PRN:25,10,03,05,24,12,36,00,00,00,00,00,00,00,00,SAT_TAL:07
GAL_SNR:18,32,17,20,44,26,39,00,00,00,00,00,00,00,00,SNR_AVG:28.00
BEI_PRN:27,03,30,10,01,36,28,19,20,29,27,09,16,06,07,SAT_TAL:11
BEI_SNR:36,00,18,17,00,00,28,00,22,18,39,19,27,24,22,SNR_AVG:24.55
QZS_PRN:00,00,00,00,00,SAT_TAL:00
QZS_SNR:00,00,00,00,00,SNR_AVG:0.00
SatInView:42 GDOP:100
Roll:-122.116936 Pitch:13.275113
X_AVG:-2.937601 Y_AVG:-8.289037 Z_AVG:-5.642194
X_SD:0.078359 Y_SD:0.067441 Z_SD:0.106322
$MXCM10033,2,76,20240104,073721,12,0E71005D,47EF9FCC,00D4,0000,3056,1A,F203*11
GPS_PRN:09,02,26,19619519919431,07,08,04,16,21,00,00,SAT_TAL:12
GPS_SNR:17,37,29,39,42,27,34,33,22,00,19,21,37,00,00,SNR_AVG:29.75
GLO_PRN:77,68,78,66,76,88,67,00,00,00,00,00,00,00,00,SAT_TAL:06
GLO_SNR:16,17,00,24,30,25,24,00,00,00,00,00,00,00,00,SNR_AVG:22.67
GAL_PRN:25,10,03,05,24,12,36,00,00,00,00,00,00,00,00,SAT_TAL:07
GAL_SNR:21,28,16,14,44,26,36,00,00,00,00,00,00,00,00,SNR_AVG:26.43
BEI_PRN:27,03,30,10,01,36,28,19,20,29,27,09,16,06,07,SAT_TAL:12
BEI_SNR:38,00,25,15,27,00,28,19,23,00,39,19,25,24,21,SNR_AVG:25.25
QZS_PRN:00,00,00,00,00,SAT_TAL:00
QZS_SNR:00,00,00,00,00,SNR_AVG:0.00
SatInView:42 GDOP:97
Roll:-122.112427 Pitch:12.406338
X_AVG:-2.936212 Y_AVG:-8.291575 Z_AVG:-5.644923
X_SD:0.069281 Y_SD:0.064495 Z_SD:0.100419
$MXCM10033,2,77,20240104,073937,12,0E7102A7,47EFA4C7,00D5,0000,7252,12,F203*12
GPS_PRN:08,02,26,19619519919431,07,04,16,21,09,00,00,SAT_TAL:12
GPS_SNR:27,29,42,39,43,27,34,36,00,24,43,38,19,00,00,SNR_AVG:33.42
GLO_PRN:77,66,78,68,76,88,67,00,00,00,00,00,00,00,00,SAT_TAL:03
GLO_SNR:00,29,00,00,40,34,00,00,00,00,00,00,00,00,00,SNR_AVG:34.33
GAL_PRN:24,25,10,03,05,36,12,00,00,00,00,00,00,00,00,SAT_TAL:03
GAL_SNR:36,25,00,00,00,33,00,00,00,00,00,00,00,00,00,SNR_AVG:31.33
BEI_PRN:27,03,01,02,36,28,19,20,22,27,09,16,06,07,00,SAT_TAL:06
BEI_SNR:39,00,30,00,00,31,00,33,00,38,28,00,00,00,00,SNR_AVG:33.17
QZS_PRN:00,00,00,00,00,SAT_TAL:00
QZS_SNR:00,00,00,00,00,SNR_AVG:0.00
SatInView:41 GDOP:127
Roll:-122.136292 Pitch:13.009244
X_AVG:-2.934967 Y_AVG:-8.286834 Z_AVG:-5.641763
X_SD:0.079384 Y_SD:0.068810 Z_SD:0.115460
$MXCM10033,2,78,20240104,073952,12,0E7101BE,47EFA529,00D5,0000,7252,18,F203*18
GPS_PRN:09,02,26,19619519919431,04,08,21,16,00,00,00,SAT_TAL:12
GPS_SNR:21,32,42,39,43,27,34,38,17,28,38,43,00,00,00,SNR_AVG:33.50
GLO_PRN:77,68,78,66,76,88,67,00,00,00,00,00,00,00,00,SAT_TAL:05
GLO_SNR:00,15,00,26,40,34,18,00,00,00,00,00,00,00,00,SNR_AVG:26.60
GAL_PRN:10,25,03,05,24,36,12,00,00,00,00,00,00,00,00,SAT_TAL:07
GAL_SNR:36,27,17,21,35,33,25,00,00,00,00,00,00,00,00,SNR_AVG:27.71
BEI_PRN:27,03,30,10,01,02,36,28,19,29,20,27,09,16,06,SAT_TAL:13
BEI_SNR:37,00,28,17,29,00,20,31,17,20,31,39,27,22,21,SNR_AVG:26.08
QZS_PRN:00,00,00,00,00,SAT_TAL:00
QZS_SNR:00,00,00,00,00,SNR_AVG:0.00
SatInView:42 GDOP:97
Roll:-122.058304 Pitch:14.125274
X_AVG:-2.944018 Y_AVG:-8.293299 Z_AVG:-5.633478
X_SD:0.083023 Y_SD:0.064748 Z_SD:0.112727
$MXCM10033,2,79,20240104,074207,00,0E7101BC,47EFA51A,00D5,0000,0000,00,F202*61
GPS_PRN:02,00,00,00,00,00,00,00,00,00,00,00,00,00,00,SAT_TAL:00
GPS_SNR:00,00,00,00,00,00,00,00,00,00,00,00,00,00,00,SNR_AVG:0.00
GLO_PRN:00,00,00,00,00,00,00,00,00,00,00,00,00,00,00,SAT_TAL:00
GLO_SNR:00,00,00,00,00,00,00,00,00,00,00,00,00,00,00,SNR_AVG:0.00
GAL_PRN:00,00,00,00,00,00,00,00,00,00,00,00,00,00,00,SAT_TAL:00
GAL_SNR:00,00,00,00,00,00,00,00,00,00,00,00,00,00,00,SNR_AVG:0.00
BEI_PRN:00,00,00,00,00,00,00,00,00,00,00,00,00,00,00,SAT_TAL:00
BEI_SNR:00,00,00,00,00,00,00,00,00,00,00,00,00,00,00,SNR_AVG:0.00
QZS_PRN:00,00,00,00,00,SAT_TAL:00
QZS_SNR:00,00,00,00,00,SNR_AVG:0.00
SatInView:1 GDOP:17319
Roll:-144.750198 Pitch:0.000000
X_AVG:-0.777748 Y_AVG:-6.107061 Z_AVG:-8.979874
X_SD:0.072226 Y_SD:0.068358 Z_SD:0.111496
$MXCM10033,2,80,20240104,074222,00,0E7101BC,47EFA51A,00D5,0000,0000,00,F202*60
GPS_PRN:00,00,00,00,00,00,00,00,00,00,00,00,00,00,00,SAT_TAL:00
GPS_SNR:00,00,00,00,00,00,00,00,00,00,00,00,00,00,00,SNR_AVG:0.00
GLO_PRN:77,88,76,67,68,78,00,00,00,00,00,00,00,00,00,SAT_TAL:00
GLO_SNR:00,00,00,00,00,00,00,00,00,00,00,00,00,00,00,SNR_AVG:0.00
GAL_PRN:00,00,00,00,00,00,00,00,00,00,00,00,00,00,00,SAT_TAL:00
GAL_SNR:00,00,00,00,00,00,00,00,00,00,00,00,00,00,00,SNR_AVG:0.00
BEI_PRN:06,36,00,00,00,00,00,00,00,00,00,00,00,00,00,SAT_TAL:00
BEI_SNR:00,00,00,00,00,00,00,00,00,00,00,00,00,00,00,SNR_AVG:0.00
QZS_PRN:00,00,00,00,00,SAT_TAL:00
QZS_SNR:00,00,00,00,00,SNR_AVG:0.00
SatInView:8 GDOP:17319
Roll:-145.407333 Pitch:-0.031201
X_AVG:-0.788666 Y_AVG:-6.098921 Z_AVG:-8.973696
X_SD:0.075237 Y_SD:0.071406 Z_SD:0.110537
$MXCM10033,2,81,20240104,074437,00,0E7101BC,47EFA51A,00D5,0000,0000,00,F202*63
GPS_PRN:02,00,00,00,00,00,00,00,00,00,00,00,00,00,00,SAT_TAL:00
GPS_SNR:00,00,00,00,00,00,00,00,00,00,00,00,00,00,00,SNR_AVG:0.00
GLO_PRN:00,00,00,00,00,00,00,00,00,00,00,00,00,00,00,SAT_TAL:00
GLO_SNR:00,00,00,00,00,00,00,00,00,00,00,00,00,00,00,SNR_AVG:0.00
GAL_PRN:00,00,00,00,00,00,00,00,00,00,00,00,00,00,00,SAT_TAL:00
GAL_SNR:00,00,00,00,00,00,00,00,00,00,00,00,00,00,00,SNR_AVG:0.00
BEI_PRN:00,00,00,00,00,00,00,00,00,00,00,00,00,00,00,SAT_TAL:00
BEI_SNR:00,00,00,00,00,00,00,00,00,00,00,00,00,00,00,SNR_AVG:0.00
QZS_PRN:00,00,00,00,00,SAT_TAL:00
QZS_SNR:00,00,00,00,00,SNR_AVG:0.00
SatInView:1 GDOP:17319
Roll:-171.079529 Pitch:47.017494
X_AVG:-8.008862 Y_AVG:-0.822856 Z_AVG:-7.068496
X_SD:1.650069 Y_SD:1.743912 Z_SD:1.567403
$MXCM10033,2,82,20240104,074452,00,0E7101BC,47EFA51A,00D5,0000,0000,00,F202*63
GPS_PRN:00,00,00,00,00,00,00,00,00,00,00,00,00,00,00,SAT_TAL:00
GPS_SNR:00,00,00,00,00,00,00,00,00,00,00,00,00,00,00,SNR_AVG:0.00
GLO_PRN:77,88,76,67,78,68,00,00,00,00,00,00,00,00,00,SAT_TAL:00
GLO_SNR:00,00,00,00,00,00,00,00,00,00,00,00,00,00,00,SNR_AVG:0.00
GAL_PRN:00,00,00,00,00,00,00,00,00,00,00,00,00,00,00,SAT_TAL:00
GAL_SNR:00,00,00,00,00,00,00,00,00,00,00,00,00,00,00,SNR_AVG:0.00
BEI_PRN:06,36,00,00,00,00,00,00,00,00,00,00,00,00,00,SAT_TAL:00
BEI_SNR:00,00,00,00,00,00,00,00,00,00,00,00,00,00,00,SNR_AVG:0.00
QZS_PRN:00,00,00,00,00,SAT_TAL:00
QZS_SNR:00,00,00,00,00,SNR_AVG:0.00
SatInView:8 GDOP:17319
Roll:-143.902313 Pitch:21.614473
X_AVG:-4.120073 Y_AVG:-5.053543 Z_AVG:-8.238518
X_SD:0.705073 Y_SD:1.215040 Z_SD:1.005874
$MXCM10033,2,83,20240104,074707,00,0E7101BC,47EFA51A,00D5,0000,0000,00,F202*61
GPS_PRN:02,00,00,00,00,00,00,00,00,00,00,00,00,00,00,SAT_TAL:01
GPS_SNR:18,00,00,00,00,00,00,00,00,00,00,00,00,00,00,SNR_AVG:18.00
GLO_PRN:00,00,00,00,00,00,00,00,00,00,00,00,00,00,00,SAT_TAL:00
GLO_SNR:00,00,00,00,00,00,00,00,00,00,00,00,00,00,00,SNR_AVG:0.00
GAL_PRN:00,00,00,00,00,00,00,00,00,00,00,00,00,00,00,SAT_TAL:00
GAL_SNR:00,00,00,00,00,00,00,00,00,00,00,00,00,00,00,SNR_AVG:0.00
BEI_PRN:00,00,00,00,00,00,00,00,00,00,00,00,00,00,00,SAT_TAL:00
BEI_SNR:00,00,00,00,00,00,00,00,00,00,00,00,00,00,00,SNR_AVG:0.00
QZS_PRN:00,00,00,00,00,SAT_TAL:00
QZS_SNR:00,00,00,00,00,SNR_AVG:0.00
SatInView:1 GDOP:19998
Roll:-164.916672 Pitch:21.164282
X_AVG:-3.298606 Y_AVG:-2.808647 Z_AVG:-10.124612
X_SD:0.080893 Y_SD:0.063467 Z_SD:0.112491
$MXCM10033,2,84,20240104,074722,00,0E7101BC,47EFA51A,00D5,0000,0000,00,F202*61
GPS_PRN:31,00,00,00,00,00,00,00,00,00,00,00,00,00,00,SAT_TAL:01
GPS_SNR:18,00,00,00,00,00,00,00,00,00,00,00,00,00,00,SNR_AVG:18.00
GLO_PRN:66,00,00,00,00,00,00,00,00,00,00,00,00,00,00,SAT_TAL:00
GLO_SNR:00,00,00,00,00,00,00,00,00,00,00,00,00,00,00,SNR_AVG:0.00
GAL_PRN:00,00,00,00,00,00,00,00,00,00,00,00,00,00,00,SAT_TAL:00
GAL_SNR:00,00,00,00,00,00,00,00,00,00,00,00,00,00,00,SNR_AVG:0.00
BEI_PRN:06,09,30,03,10,28,29,19,20,16,00,00,00,00,00,SAT_TAL:00
BEI_SNR:00,00,00,00,00,00,00,00,00,00,00,00,00,00,00,SNR_AVG:0.00
QZS_PRN:00,00,00,00,00,SAT_TAL:00
QZS_SNR:00,00,00,00,00,SNR_AVG:0.00
SatInView:12 GDOP:17185
Roll:-164.932678 Pitch:21.163168
X_AVG:-3.281846 Y_AVG:-2.812047 Z_AVG:-10.131604
X_SD:0.078103 Y_SD:0.062379 Z_SD:0.114533
$MXCM10033,2,85,20240104,074937,00,0E7101BC,47EFA51A,00D5,0000,0000,00,F203*6B
GPS_PRN:02,00,00,00,00,00,00,00,00,00,00,00,00,00,00,SAT_TAL:01
GPS_SNR:17,00,00,00,00,00,00,00,00,00,00,00,00,00,00,SNR_AVG:17.00
GLO_PRN:00,00,00,00,00,00,00,00,00,00,00,00,00,00,00,SAT_TAL:00
GLO_SNR:00,00,00,00,00,00,00,00,00,00,00,00,00,00,00,SNR_AVG:0.00
GAL_PRN:00,00,00,00,00,00,00,00,00,00,00,00,00,00,00,SAT_TAL:00
GAL_SNR:00,00,00,00,00,00,00,00,00,00,00,00,00,00,00,SNR_AVG:0.00
BEI_PRN:00,00,00,00,00,00,00,00,00,00,00,00,00,00,00,SAT_TAL:00
BEI_SNR:00,00,00,00,00,00,00,00,00,00,00,00,00,00,00,SNR_AVG:0.00
QZS_PRN:00,00,00,00,00,SAT_TAL:00
QZS_SNR:00,00,00,00,00,SNR_AVG:0.00
SatInView:1 GDOP:16880
Roll:-103.135101 Pitch:12.895988
X_AVG:-2.703683 Y_AVG:-9.304438 Z_AVG:-2.546907
X_SD:1.859257 Y_SD:1.564853 Z_SD:1.302625
$MXCM10033,2,86,20240104,074952,00,0E7154FA,47EF3EEA,00D7,0000,0000,00,F203*19
GPS_PRN:02,19600,00,00,00,00,00,00,00,00,00,00,00,00,SAT_TAL:02
GPS_SNR:15,17,00,00,00,00,00,00,00,00,00,00,00,00,00,SNR_AVG:16.00
GLO_PRN:66,88,00,00,00,00,00,00,00,00,00,00,00,00,00,SAT_TAL:01
GLO_SNR:00,17,00,00,00,00,00,00,00,00,00,00,00,00,00,SNR_AVG:17.00
GAL_PRN:00,00,00,00,00,00,00,00,00,00,00,00,00,00,00,SAT_TAL:00
GAL_SNR:00,00,00,00,00,00,00,00,00,00,00,00,00,00,00,SNR_AVG:0.00
BEI_PRN:16,07,03,01,28,29,19,20,09,00,00,00,00,00,00,SAT_TAL:00
BEI_SNR:00,00,00,00,00,00,00,00,00,00,00,00,00,00,00,SNR_AVG:0.00
QZS_PRN:00,00,00,00,00,SAT_TAL:00
QZS_SNR:00,00,00,00,00,SNR_AVG:0.00
SatInView:13 GDOP:14242
Roll:-102.964973 Pitch:12.129638
X_AVG:-2.536516 Y_AVG:-9.304965 Z_AVG:-2.871999
X_SD:0.084247 Y_SD:0.070449 Z_SD:0.108758
$MXCM10033,2,87,20240104,075207,00,0E7101BB,47EFA51A,00D5,0000,0000,00,F203*61
GPS_PRN:02,00,00,00,00,00,00,00,00,00,00,00,00,00,00,SAT_TAL:01
GPS_SNR:18,00,00,00,00,00,00,00,00,00,00,00,00,00,00,SNR_AVG:18.00
GLO_PRN:00,00,00,00,00,00,00,00,00,00,00,00,00,00,00,SAT_TAL:00
GLO_SNR:00,00,00,00,00,00,00,00,00,00,00,00,00,00,00,SNR_AVG:0.00
GAL_PRN:00,00,00,00,00,00,00,00,00,00,00,00,00,00,00,SAT_TAL:00
GAL_SNR:00,00,00,00,00,00,00,00,00,00,00,00,00,00,00,SNR_AVG:0.00
BEI_PRN:00,00,00,00,00,00,00,00,00,00,00,00,00,00,00,SAT_TAL:00
BEI_SNR:00,00,00,00,00,00,00,00,00,00,00,00,00,00,00,SNR_AVG:0.00
QZS_PRN:00,00,00,00,00,SAT_TAL:00
QZS_SNR:00,00,00,00,00,SNR_AVG:0.00
SatInView:1 GDOP:19998
Roll:-96.216324 Pitch:12.889287
X_AVG:-2.155687 Y_AVG:-9.597590 Z_AVG:-1.513836
X_SD:0.081073 Y_SD:0.070316 Z_SD:0.114286
$MXCM10033,2,88,20240104,075222,00,0E70FAEE,47EF878C,00D5,0000,0000,00,F203*1E
GPS_PRN:31,02,00,00,00,00,00,00,00,00,00,00,00,00,00,SAT_TAL:02
GPS_SNR:18,20,00,00,00,00,00,00,00,00,00,00,00,00,00,SNR_AVG:19.00
GLO_PRN:78,66,00,00,00,00,00,00,00,00,00,00,00,00,00,SAT_TAL:00
GLO_SNR:00,00,00,00,00,00,00,00,00,00,00,00,00,00,00,SNR_AVG:0.00
GAL_PRN:00,00,00,00,00,00,00,00,00,00,00,00,00,00,00,SAT_TAL:00
GAL_SNR:00,00,00,00,00,00,00,00,00,00,00,00,00,00,00,SNR_AVG:0.00
BEI_PRN:30,07,27,10,28,29,19,20,06,16,09,00,00,00,00,SAT_TAL:00
BEI_SNR:00,00,00,00,00,00,00,00,00,00,00,00,00,00,00,SNR_AVG:0.00
QZS_PRN:00,00,00,00,00,SAT_TAL:00
QZS_SNR:00,00,00,00,00,SNR_AVG:0.00
SatInView:15 GDOP:13746
Roll:-96.400253 Pitch:12.019611
X_AVG:-2.167993 Y_AVG:-9.592562 Z_AVG:-1.509622
X_SD:0.081649 Y_SD:0.066830 Z_SD:0.112563
$MXCM10033,2,89,20240104,075437,00,0E7101BC,47EFA51A,00D5,0000,0000,00,F203*6B
GPS_PRN:04,00,00,00,00,00,00,00,00,00,00,00,00,00,00,SAT_TAL:00
GPS_SNR:00,00,00,00,00,00,00,00,00,00,00,00,00,00,00,SNR_AVG:0.00
GLO_PRN:00,00,00,00,00,00,00,00,00,00,00,00,00,00,00,SAT_TAL:00
GLO_SNR:00,00,00,00,00,00,00,00,00,00,00,00,00,00,00,SNR_AVG:0.00
GAL_PRN:00,00,00,00,00,00,00,00,00,00,00,00,00,00,00,SAT_TAL:00
GAL_SNR:00,00,00,00,00,00,00,00,00,00,00,00,00,00,00,SNR_AVG:0.00
BEI_PRN:00,00,00,00,00,00,00,00,00,00,00,00,00,00,00,SAT_TAL:00
BEI_SNR:00,00,00,00,00,00,00,00,00,00,00,00,00,00,00,SNR_AVG:0.00
QZS_PRN:00,00,00,00,00,SAT_TAL:00
QZS_SNR:00,00,00,00,00,SNR_AVG:0.00
SatInView:1 GDOP:19998
Roll:-89.381950 Pitch:6.318231
X_AVG:-1.494156 Y_AVG:-9.735643 Z_AVG:-0.475833
X_SD:0.081845 Y_SD:0.069018 Z_SD:0.116165
$MXCM10033,2,90,20240104,075452,00,0E7101BC,47EFA51A,00D5,0000,0000,00,F203*60
GPS_PRN:00,00,00,00,00,00,00,00,00,00,00,00,00,00,00,SAT_TAL:00
GPS_SNR:00,00,00,00,00,00,00,00,00,00,00,00,00,00,00,SNR_AVG:0.00
GLO_PRN:77,88,76,67,78,00,00,00,00,00,00,00,00,00,00,SAT_TAL:00
GLO_SNR:00,00,00,00,00,00,00,00,00,00,00,00,00,00,00,SNR_AVG:0.00
GAL_PRN:36,05,12,00,00,00,00,00,00,00,00,00,00,00,00,SAT_TAL:00
GAL_SNR:00,00,00,00,00,00,00,00,00,00,00,00,00,00,00,SNR_AVG:0.00
BEI_PRN:27,36,00,00,00,00,00,00,00,00,00,00,00,00,00,SAT_TAL:00
BEI_SNR:00,00,00,00,00,00,00,00,00,00,00,00,00,00,00,SNR_AVG:0.00
QZS_PRN:00,00,00,00,00,SAT_TAL:00
QZS_SNR:00,00,00,00,00,SNR_AVG:0.00
SatInView:10 GDOP:19998
Roll:-89.381927 Pitch:6.318633
X_AVG:-1.491474 Y_AVG:-9.737702 Z_AVG:-0.482824
X_SD:0.090661 Y_SD:0.068756 Z_SD:0.121972
$MXCM10033,2,91,20240104,075707,00,0E7101BC,47EFA51A,00D5,0000,0000,00,F203*62
GPS_PRN:04,07,00,00,00,00,00,00,00,00,00,00,00,00,00,SAT_TAL:00
GPS_SNR:00,00,00,00,00,00,00,00,00,00,00,00,00,00,00,SNR_AVG:0.00
GLO_PRN:00,00,00,00,00,00,00,00,00,00,00,00,00,00,00,SAT_TAL:00
GLO_SNR:00,00,00,00,00,00,00,00,00,00,00,00,00,00,00,SNR_AVG:0.00
GAL_PRN:00,00,00,00,00,00,00,00,00,00,00,00,00,00,00,SAT_TAL:00
GAL_SNR:00,00,00,00,00,00,00,00,00,00,00,00,00,00,00,SNR_AVG:0.00
BEI_PRN:00,00,00,00,00,00,00,00,00,00,00,00,00,00,00,SAT_TAL:00
BEI_SNR:00,00,00,00,00,00,00,00,00,00,00,00,00,00,00,SNR_AVG:0.00
QZS_PRN:00,00,00,00,00,SAT_TAL:00
QZS_SNR:00,00,00,00,00,SNR_AVG:0.00
SatInView:2 GDOP:19998
Roll:-77.043655 Pitch:5.900718
X_AVG:-1.049112 Y_AVG:-9.089578 Z_AVG:2.654984
X_SD:0.148724 Y_SD:0.190985 Z_SD:0.214201
$MXCM10033,2,92,20240104,075722,00,0E7101BC,47EFA51A,00D5,0000,0000,00,F203*66
GPS_PRN:31,00,00,00,00,00,00,00,00,00,00,00,00,00,00,SAT_TAL:01
GPS_SNR:19,00,00,00,00,00,00,00,00,00,00,00,00,00,00,SNR_AVG:19.00
GLO_PRN:68,67,00,00,00,00,00,00,00,00,00,00,00,00,00,SAT_TAL:00
GLO_SNR:00,00,00,00,00,00,00,00,00,00,00,00,00,00,00,SNR_AVG:0.00
GAL_PRN:00,00,00,00,00,00,00,00,00,00,00,00,00,00,00,SAT_TAL:00
GAL_SNR:00,00,00,00,00,00,00,00,00,00,00,00,00,00,00,SNR_AVG:0.00
BEI_PRN:30,07,10,29,28,19,16,09,00,00,00,00,00,00,00,SAT_TAL:00
BEI_SNR:00,00,00,00,00,00,00,00,00,00,00,00,00,00,00,SNR_AVG:0.00
QZS_PRN:00,00,00,00,00,SAT_TAL:00
QZS_SNR:00,00,00,00,00,SNR_AVG:0.00
SatInView:11 GDOP:17235
Roll:-76.970566 Pitch:6.437692
X_AVG:-1.221834 Y_AVG:-9.013776 Z_AVG:2.660874
X_SD:0.081811 Y_SD:0.071989 Z_SD:0.114830
$MXCM10033,3*35
$MXCM001,10033,0*2B
======== Tracker Setting ========
[System]
COMPort:COM29
SerialNumber:MX231218CW000007
FirmwareVersion:231220163813_v1.0.CN
[Periodic]
Enable:1
Stage:2
WorkMode:0
T0:15
T1:270
T2:120
T3:30
T4:120
FirstFixStage:2
TraceFixStage:0
PeriodicCycle:39
[Dynamic]
Enable:0
PrecisionChk:0
T5:45
T6:175
[Geofencing]
Enable:0
T7:20
T8:60
DistanceThreshold:1000
DestinationLongitude:121.2237164
DestinationLatitude:24.9698319
DestinationAltitude:154
[MotionDetection]
Enable:1
Angle:45
DataRate:200
SampleFrequency:50
[GPS_EPO]
EpoDataNumber:12
FWN:2295
FTOW:345600
LWN:2296
LTOW:0
[GLO_EPO]
EpoDataNumber:12
FWN:2295
FTOW:345600
LWN:2296
LTOW:0
[GAL_EPO]
EpoDataNumber:0
FWN:0
FTOW:0
LWN:0
LTOW:0
[BEI_EPO]
EpoDataNumber:0
FWN:0
FTOW:0
LWN:0
LTOW:0
