$MXCM10033,0*36
$MXCM10033,1,75,212*04
$MXCM10033,2,1,19800105,235956,00,35A4E8F5,00000000,0089,0000,0000,00,A102*2D
GPS_PRN:00,00,00,00,00,00,00,00,00,00,00,00,00,00,00,SAT_TAL:00
GPS_SNR:00,00,00,00,00,00,00,00,00,00,00,00,00,00,00,SNR_AVG:0.00
GLO_PRN:00,00,00,00,00,00,00,00,00,00,00,00,00,00,00,SAT_TAL:00
GLO_SNR:00,00,00,00,00,00,00,00,00,00,00,00,00,00,00,SNR_AVG:0.00
GAL_PRN:00,00,00,00,00,00,00,00,00,00,00,00,00,00,00,SAT_TAL:00
GAL_SNR:00,00,00,00,00,00,00,00,00,00,00,00,00,00,00,SNR_AVG:0.00
BEI_PRN:00,00,00,00,00,00,00,00,00,00,00,00,00,00,00,SAT_TAL:00
BEI_SNR:00,00,00,00,00,00,00,00,00,00,00,00,00,00,00,SNR_AVG:0.00
QZS_PRN:00,00,00,00,00,SAT_TAL:00
QZS_SNR:00,00,00,00,00,SNR_AVG:0.00
SatInView:0 GDOP:19998
Roll:-81.413010 Pitch:66.570076
X_AVG:-5.145004 Y_AVG:0.042426 Z_AVG:-5.921746
X_SD:13.154147 Y_SD:15.813250 Z_SD:12.679837
$MXCM10033,2,2,19800106,000011,00,35A4E8F5,00000000,0089,0000,0000,00,A101*20
GPS_PRN:31,16,12,19400,00,00,00,00,00,00,00,00,00,00,SAT_TAL:04
GPS_SNR:21,33,35,29,00,00,00,00,00,00,00,00,00,00,00,SNR_AVG:29.50
GLO_PRN:00,00,00,00,00,00,00,00,00,00,00,00,00,00,00,SAT_TAL:00
GLO_SNR:00,00,00,00,00,00,00,00,00,00,00,00,00,00,00,SNR_AVG:0.00
GAL_PRN:00,00,00,00,00,00,00,00,00,00,00,00,00,00,00,SAT_TAL:00
GAL_SNR:00,00,00,00,00,00,00,00,00,00,00,00,00,00,00,SNR_AVG:0.00
BEI_PRN:00,00,00,00,00,00,00,00,00,00,00,00,00,00,00,SAT_TAL:00
BEI_SNR:00,00,00,00,00,00,00,00,00,00,00,00,00,00,00,SNR_AVG:0.00
QZS_PRN:00,00,00,00,00,SAT_TAL:00
QZS_SNR:00,00,00,00,00,SNR_AVG:0.00
SatInView:4 GDOP:19998
Roll:127.419090 Pitch:39.720871
X_AVG:-10.519903 Y_AVG:8.506483 Z_AVG:-6.650652
X_SD:10.270073 Y_SD:9.619876 Z_SD:6.403641
$MXCM10033,2,3,19800106,000026,00,35A4E8F5,00000000,0089,0000,0000,00,A102*26
GPS_PRN:29,19400,00,00,00,00,00,00,00,00,00,00,00,00,SAT_TAL:02
GPS_SNR:30,33,00,00,00,00,00,00,00,00,00,00,00,00,00,SNR_AVG:31.50
GLO_PRN:00,00,00,00,00,00,00,00,00,00,00,00,00,00,00,SAT_TAL:00
GLO_SNR:00,00,00,00,00,00,00,00,00,00,00,00,00,00,00,SNR_AVG:0.00
GAL_PRN:00,00,00,00,00,00,00,00,00,00,00,00,00,00,00,SAT_TAL:00
GAL_SNR:00,00,00,00,00,00,00,00,00,00,00,00,00,00,00,SNR_AVG:0.00
BEI_PRN:00,00,00,00,00,00,00,00,00,00,00,00,00,00,00,SAT_TAL:00
BEI_SNR:00,00,00,00,00,00,00,00,00,00,00,00,00,00,00,SNR_AVG:0.00
QZS_PRN:00,00,00,00,00,SAT_TAL:00
QZS_SNR:00,00,00,00,00,SNR_AVG:0.00
SatInView:2 GDOP:19998
Roll:73.963745 Pitch:64.143433
X_AVG:-7.113316 Y_AVG:4.844334 Z_AVG:-4.037615
X_SD:9.967747 Y_SD:8.471186 Z_SD:6.744049
$MXCM10033,2,4,19800106,000040,00,35A4E8F5,00000000,0089,0000,0000,00,A102*21
GPS_PRN:31,19400,00,00,00,00,00,00,00,00,00,00,00,00,SAT_TAL:02
GPS_SNR:23,30,00,00,00,00,00,00,00,00,00,00,00,00,00,SNR_AVG:26.50
GLO_PRN:00,00,00,00,00,00,00,00,00,00,00,00,00,00,00,SAT_TAL:00
GLO_SNR:00,00,00,00,00,00,00,00,00,00,00,00,00,00,00,SNR_AVG:0.00
GAL_PRN:00,00,00,00,00,00,00,00,00,00,00,00,00,00,00,SAT_TAL:00
GAL_SNR:00,00,00,00,00,00,00,00,00,00,00,00,00,00,00,SNR_AVG:0.00
BEI_PRN:00,00,00,00,00,00,00,00,00,00,00,00,00,00,00,SAT_TAL:00
BEI_SNR:00,00,00,00,00,00,00,00,00,00,00,00,00,00,00,SNR_AVG:0.00
QZS_PRN:00,00,00,00,00,SAT_TAL:00
QZS_SNR:00,00,00,00,00,SNR_AVG:0.00
SatInView:2 GDOP:19998
Roll:138.317276 Pitch:50.273678
X_AVG:-17.366596 Y_AVG:13.619116 Z_AVG:-10.854140
X_SD:4.222740 Y_SD:7.121966 Z_SD:7.112318
$MXCM10033,2,5,19800106,000055,00,35A4E8F5,00000000,0089,0000,0000,00,A102*24
GPS_PRN:10,12,32,26,19419619500,00,00,00,00,00,00,00,SAT_TAL:07
GPS_SNR:35,31,36,32,28,27,34,00,00,00,00,00,00,00,00,SNR_AVG:31.86
GLO_PRN:00,00,00,00,00,00,00,00,00,00,00,00,00,00,00,SAT_TAL:00
GLO_SNR:00,00,00,00,00,00,00,00,00,00,00,00,00,00,00,SNR_AVG:0.00
GAL_PRN:00,00,00,00,00,00,00,00,00,00,00,00,00,00,00,SAT_TAL:00
GAL_SNR:00,00,00,00,00,00,00,00,00,00,00,00,00,00,00,SNR_AVG:0.00
BEI_PRN:00,00,00,00,00,00,00,00,00,00,00,00,00,00,00,SAT_TAL:00
BEI_SNR:00,00,00,00,00,00,00,00,00,00,00,00,00,00,00,SNR_AVG:0.00
QZS_PRN:00,00,00,00,00,SAT_TAL:00
QZS_SNR:00,00,00,00,00,SNR_AVG:0.00
SatInView:7 GDOP:19998
Roll:95.520287 Pitch:62.502274
X_AVG:-8.181727 Y_AVG:5.992472 Z_AVG:-2.252367
X_SD:9.318490 Y_SD:9.591830 Z_SD:5.716293
$MXCM10033,2,6,19800110,021125,00,35A4E8F5,00000000,0089,0000,0000,00,A102*25
GPS_PRN:19612,10,32,31,19519426,00,00,00,00,00,00,00,SAT_TAL:08
GPS_SNR:28,33,37,36,32,34,27,34,00,00,00,00,00,00,00,SNR_AVG:32.62
GLO_PRN:00,00,00,00,00,00,00,00,00,00,00,00,00,00,00,SAT_TAL:00
GLO_SNR:00,00,00,00,00,00,00,00,00,00,00,00,00,00,00,SNR_AVG:0.00
GAL_PRN:00,00,00,00,00,00,00,00,00,00,00,00,00,00,00,SAT_TAL:00
GAL_SNR:00,00,00,00,00,00,00,00,00,00,00,00,00,00,00,SNR_AVG:0.00
BEI_PRN:00,00,00,00,00,00,00,00,00,00,00,00,00,00,00,SAT_TAL:00
BEI_SNR:00,00,00,00,00,00,00,00,00,00,00,00,00,00,00,SNR_AVG:0.00
QZS_PRN:00,00,00,00,00,SAT_TAL:00
QZS_SNR:00,00,00,00,00,SNR_AVG:0.00
SatInView:8 GDOP:19998
Roll:85.162735 Pitch:67.867142
X_AVG:-7.710155 Y_AVG:4.461158 Z_AVG:-2.725039
X_SD:8.259406 Y_SD:9.288153 Z_SD:5.323339
$MXCM10033,2,7,20240104,021139,12,0E98DB48,47EDC900,007E,0015,4DBA,09,A102*5D
GPS_PRN:19410,25,31,26,29,23,12,19619532,00,00,00,00,SAT_TAL:11
GPS_SNR:28,36,36,34,35,32,33,35,28,31,37,00,00,00,00,SNR_AVG:33.18
GLO_PRN:00,00,00,00,00,00,00,00,00,00,00,00,00,00,00,SAT_TAL:00
GLO_SNR:00,00,00,00,00,00,00,00,00,00,00,00,00,00,00,SNR_AVG:0.00
GAL_PRN:24,36,19,00,00,00,00,00,00,00,00,00,00,00,00,SAT_TAL:00
GAL_SNR:00,00,00,00,00,00,00,00,00,00,00,00,00,00,00,SNR_AVG:0.00
BEI_PRN:00,00,00,00,00,00,00,00,00,00,00,00,00,00,00,SAT_TAL:00
BEI_SNR:00,00,00,00,00,00,00,00,00,00,00,00,00,00,00,SNR_AVG:0.00
QZS_PRN:00,00,00,00,00,SAT_TAL:00
QZS_SNR:00,00,00,00,00,SNR_AVG:0.00
SatInView:14 GDOP:212
Roll:80.463715 Pitch:90.000000
X_AVG:-7.199557 Y_AVG:3.312971 Z_AVG:-2.070835
X_SD:7.890406 Y_SD:9.152906 Z_SD:3.567465
$MXCM10033,2,8,20240104,021154,12,0E987C70,47EDE4AE,008F,0013,41A9,09,A102*2B
GPS_PRN:19410,25,31,26,29,23,12,19919532,19600,00,00,SAT_TAL:12
GPS_SNR:28,36,34,36,33,32,35,36,24,34,37,27,00,00,00,SNR_AVG:32.67
GLO_PRN:00,00,00,00,00,00,00,00,00,00,00,00,00,00,00,SAT_TAL:00
GLO_SNR:00,00,00,00,00,00,00,00,00,00,00,00,00,00,00,SNR_AVG:0.00
GAL_PRN:24,36,04,00,00,00,00,00,00,00,00,00,00,00,00,SAT_TAL:03
GAL_SNR:32,28,31,00,00,00,00,00,00,00,00,00,00,00,00,SNR_AVG:30.33
BEI_PRN:00,00,00,00,00,00,00,00,00,00,00,00,00,00,00,SAT_TAL:00
BEI_SNR:00,00,00,00,00,00,00,00,00,00,00,00,00,00,00,SNR_AVG:0.00
QZS_PRN:00,00,00,00,00,SAT_TAL:00
QZS_SNR:00,00,00,00,00,SNR_AVG:0.00
SatInView:15 GDOP:212
Roll:113.284653 Pitch:90.000000
X_AVG:-7.926452 Y_AVG:4.111693 Z_AVG:-3.141016
X_SD:8.885011 Y_SD:10.094241 Z_SD:4.750690
$MXCM10033,2,9,20240104,021209,12,0E98223D,47EDEF35,0099,0012,42CE,0A,A102*2F
GPS_PRN:19410,25,31,26,29,23,12,19919532,19600,00,00,SAT_TAL:12
GPS_SNR:27,37,33,35,34,35,34,34,25,33,33,29,00,00,00,SNR_AVG:32.42
GLO_PRN:00,00,00,00,00,00,00,00,00,00,00,00,00,00,00,SAT_TAL:00
GLO_SNR:00,00,00,00,00,00,00,00,00,00,00,00,00,00,00,SNR_AVG:0.00
GAL_PRN:24,36,19,00,00,00,00,00,00,00,00,00,00,00,00,SAT_TAL:02
GAL_SNR:32,22,00,00,00,00,00,00,00,00,00,00,00,00,00,SNR_AVG:27.00
BEI_PRN:00,00,00,00,00,00,00,00,00,00,00,00,00,00,00,SAT_TAL:00
BEI_SNR:00,00,00,00,00,00,00,00,00,00,00,00,00,00,00,SNR_AVG:0.00
QZS_PRN:00,00,00,00,00,SAT_TAL:00
QZS_SNR:00,00,00,00,00,SNR_AVG:0.00
SatInView:15 GDOP:208
Roll:64.657143 Pitch:65.298523
X_AVG:-8.601965 Y_AVG:4.604526 Z_AVG:-0.346544
X_SD:8.020969 Y_SD:8.806537 Z_SD:4.502682
$MXCM10033,2,10,20240104,021224,12,0E97DFF2,47EE1DD7,008D,0014,3D26,0A,A102*1D
GPS_PRN:19410,25,31,26,29,23,12,19919532,19600,00,00,SAT_TAL:12
GPS_SNR:30,37,30,34,31,36,34,23,28,33,33,33,00,00,00,SNR_AVG:31.83
GLO_PRN:00,00,00,00,00,00,00,00,00,00,00,00,00,00,00,SAT_TAL:00
GLO_SNR:00,00,00,00,00,00,00,00,00,00,00,00,00,00,00,SNR_AVG:0.00
GAL_PRN:24,36,04,00,00,00,00,00,00,00,00,00,00,00,00,SAT_TAL:03
GAL_SNR:31,25,32,00,00,00,00,00,00,00,00,00,00,00,00,SNR_AVG:29.33
BEI_PRN:00,00,00,00,00,00,00,00,00,00,00,00,00,00,00,SAT_TAL:00
BEI_SNR:00,00,00,00,00,00,00,00,00,00,00,00,00,00,00,SNR_AVG:0.00
QZS_PRN:00,00,00,00,00,SAT_TAL:00
QZS_SNR:00,00,00,00,00,SNR_AVG:0.00
SatInView:15 GDOP:136
Roll:80.381241 Pitch:63.766350
X_AVG:-9.018086 Y_AVG:4.488548 Z_AVG:-1.526765
X_SD:8.628892 Y_SD:8.874970 Z_SD:3.978865
$MXCM10033,2,11,20240104,021239,12,0E97A847,47EE3598,007C,000F,3F9E,0B,A102*1F
GPS_PRN:19410,25,31,26,29,23,12,19919532,19600,00,00,SAT_TAL:12
GPS_SNR:32,37,32,30,33,32,34,33,28,34,37,33,00,00,00,SNR_AVG:32.92
GLO_PRN:00,00,00,00,00,00,00,00,00,00,00,00,00,00,00,SAT_TAL:00
GLO_SNR:00,00,00,00,00,00,00,00,00,00,00,00,00,00,00,SNR_AVG:0.00
GAL_PRN:24,36,04,00,00,00,00,00,00,00,00,00,00,00,00,SAT_TAL:03
GAL_SNR:32,18,31,00,00,00,00,00,00,00,00,00,00,00,00,SNR_AVG:27.00
BEI_PRN:00,00,00,00,00,00,00,00,00,00,00,00,00,00,00,SAT_TAL:00
BEI_SNR:00,00,00,00,00,00,00,00,00,00,00,00,00,00,00,SNR_AVG:0.00
QZS_PRN:00,00,00,00,00,SAT_TAL:00
QZS_SNR:00,00,00,00,00,SNR_AVG:0.00
SatInView:15 GDOP:133
Roll:95.154541 Pitch:64.159821
X_AVG:-10.822536 Y_AVG:5.887030 Z_AVG:-2.791264
X_SD:6.634583 Y_SD:8.803541 Z_SD:4.012005
$MXCM10033,2,12,20240104,021254,12,0E9791FC,47EE6AB9,00BF,0015,423C,0B,A102*16
GPS_PRN:19410,25,31,26,29,23,12,19919532,19600,00,00,SAT_TAL:12
GPS_SNR:28,36,32,35,33,32,36,34,25,34,35,30,00,00,00,SNR_AVG:32.50
GLO_PRN:00,00,00,00,00,00,00,00,00,00,00,00,00,00,00,SAT_TAL:00
GLO_SNR:00,00,00,00,00,00,00,00,00,00,00,00,00,00,00,SNR_AVG:0.00
GAL_PRN:24,36,04,00,00,00,00,00,00,00,00,00,00,00,00,SAT_TAL:03
GAL_SNR:31,25,26,00,00,00,00,00,00,00,00,00,00,00,00,SNR_AVG:27.33
BEI_PRN:00,00,00,00,00,00,00,00,00,00,00,00,00,00,00,SAT_TAL:00
BEI_SNR:00,00,00,00,00,00,00,00,00,00,00,00,00,00,00,SNR_AVG:0.00
QZS_PRN:00,00,00,00,00,SAT_TAL:00
QZS_SNR:00,00,00,00,00,SNR_AVG:0.00
SatInView:15 GDOP:183
Roll:63.870750 Pitch:68.239258
X_AVG:-8.807775 Y_AVG:4.883216 Z_AVG:0.912353
X_SD:8.101724 Y_SD:9.890870 Z_SD:4.855240
$MXCM10033,2,13,20240104,021309,12,0E97545C,47EE3CD3,00DB,000D,6F02,0B,A102*19
GPS_PRN:19410,25,31,26,29,23,12,19919532,19600,00,00,SAT_TAL:12
GPS_SNR:29,36,30,36,35,32,33,33,26,32,27,31,00,00,00,SNR_AVG:31.67
GLO_PRN:00,00,00,00,00,00,00,00,00,00,00,00,00,00,00,SAT_TAL:00
GLO_SNR:00,00,00,00,00,00,00,00,00,00,00,00,00,00,00,SNR_AVG:0.00
GAL_PRN:24,36,04,00,00,00,00,00,00,00,00,00,00,00,00,SAT_TAL:03
GAL_SNR:34,31,28,00,00,00,00,00,00,00,00,00,00,00,00,SNR_AVG:31.00
BEI_PRN:00,00,00,00,00,00,00,00,00,00,00,00,00,00,00,SAT_TAL:00
BEI_SNR:00,00,00,00,00,00,00,00,00,00,00,00,00,00,00,SNR_AVG:0.00
QZS_PRN:00,00,00,00,00,SAT_TAL:00
QZS_SNR:00,00,00,00,00,SNR_AVG:0.00
SatInView:15 GDOP:133
Roll:87.215958 Pitch:48.462791
X_AVG:-10.797828 Y_AVG:7.687074 Z_AVG:-0.339744
X_SD:7.741099 Y_SD:10.060655 Z_SD:6.238705
$MXCM10033,2,14,20240104,021324,12,0E971C30,47EE4B2D,00F1,0011,34AE,0C,A102*65
GPS_PRN:32,10,25,31,26,29,23,12,19619919519400,00,00,SAT_TAL:12
GPS_SNR:35,38,29,34,34,33,36,33,30,26,34,30,00,00,00,SNR_AVG:32.67
GLO_PRN:00,00,00,00,00,00,00,00,00,00,00,00,00,00,00,SAT_TAL:00
GLO_SNR:00,00,00,00,00,00,00,00,00,00,00,00,00,00,00,SNR_AVG:0.00
GAL_PRN:04,24,36,09,00,00,00,00,00,00,00,00,00,00,00,SAT_TAL:04
GAL_SNR:29,34,20,31,00,00,00,00,00,00,00,00,00,00,00,SNR_AVG:28.50
BEI_PRN:00,00,00,00,00,00,00,00,00,00,00,00,00,00,00,SAT_TAL:00
BEI_SNR:00,00,00,00,00,00,00,00,00,00,00,00,00,00,00,SNR_AVG:0.00
QZS_PRN:00,00,00,00,00,SAT_TAL:00
QZS_SNR:00,00,00,00,00,SNR_AVG:0.00
SatInView:16 GDOP:173
Roll:87.542007 Pitch:66.926384
X_AVG:-8.520944 Y_AVG:4.838827 Z_AVG:-1.932782
X_SD:8.333565 Y_SD:9.621754 Z_SD:3.164009
$MXCM10033,2,15,20240104,021339,12,0E96FAB9,47EE953C,00FC,0015,3EAD,0D,A102*19
GPS_PRN:32,10,25,31,26,29,23,12,19619919519400,00,00,SAT_TAL:12
GPS_SNR:35,35,35,36,33,35,36,38,25,22,36,24,00,00,00,SNR_AVG:32.50
GLO_PRN:00,00,00,00,00,00,00,00,00,00,00,00,00,00,00,SAT_TAL:00
GLO_SNR:00,00,00,00,00,00,00,00,00,00,00,00,00,00,00,SNR_AVG:0.00
GAL_PRN:04,24,36,09,00,00,00,00,00,00,00,00,00,00,00,SAT_TAL:04
GAL_SNR:28,30,29,32,00,00,00,00,00,00,00,00,00,00,00,SNR_AVG:29.75
BEI_PRN:00,00,00,00,00,00,00,00,00,00,00,00,00,00,00,SAT_TAL:00
BEI_SNR:00,00,00,00,00,00,00,00,00,00,00,00,00,00,00,SNR_AVG:0.00
QZS_PRN:00,00,00,00,00,SAT_TAL:00
QZS_SNR:00,00,00,00,00,SNR_AVG:0.00
SatInView:16 GDOP:144
Roll:116.415695 Pitch:90.000000
X_AVG:-7.230730 Y_AVG:4.153353 Z_AVG:-5.675761
X_SD:7.537284 Y_SD:8.668741 Z_SD:6.553040
$MXCM10033,2,16,20240104,021354,12,0E968CA6,47EEADB9,00E4,0019,44DC,0F,A102*6D
GPS_PRN:32,10,25,31,26,29,23,12,19619419919500,00,00,SAT_TAL:12
GPS_SNR:36,36,33,35,33,31,35,34,28,27,23,34,00,00,00,SNR_AVG:32.08
GLO_PRN:00,00,00,00,00,00,00,00,00,00,00,00,00,00,00,SAT_TAL:00
GLO_SNR:00,00,00,00,00,00,00,00,00,00,00,00,00,00,00,SNR_AVG:0.00
GAL_PRN:09,04,24,36,00,00,00,00,00,00,00,00,00,00,00,SAT_TAL:04
GAL_SNR:34,27,31,25,00,00,00,00,00,00,00,00,00,00,00,SNR_AVG:29.25
BEI_PRN:00,00,00,00,00,00,00,00,00,00,00,00,00,00,00,SAT_TAL:00
BEI_SNR:00,00,00,00,00,00,00,00,00,00,00,00,00,00,00,SNR_AVG:0.00
QZS_PRN:00,00,00,00,00,SAT_TAL:00
QZS_SNR:00,00,00,00,00,SNR_AVG:0.00
SatInView:16 GDOP:136
Roll:124.800827 Pitch:71.039177
X_AVG:-9.046577 Y_AVG:5.074182 Z_AVG:-4.367016
X_SD:7.860608 Y_SD:8.219156 Z_SD:5.119658
$MXCM10033,2,17,20240104,021409,12,0E962A4E,47EEB378,00CA,0012,3254,0F,A102*12
GPS_PRN:32,10,25,31,26,29,23,12,19619419919500,00,00,SAT_TAL:12
GPS_SNR:37,37,34,35,27,37,35,31,33,32,28,34,00,00,00,SNR_AVG:33.33
GLO_PRN:00,00,00,00,00,00,00,00,00,00,00,00,00,00,00,SAT_TAL:00
GLO_SNR:00,00,00,00,00,00,00,00,00,00,00,00,00,00,00,SNR_AVG:0.00
GAL_PRN:09,04,24,36,00,00,00,00,00,00,00,00,00,00,00,SAT_TAL:04
GAL_SNR:33,31,25,28,00,00,00,00,00,00,00,00,00,00,00,SNR_AVG:29.25
BEI_PRN:00,00,00,00,00,00,00,00,00,00,00,00,00,00,00,SAT_TAL:00
BEI_SNR:00,00,00,00,00,00,00,00,00,00,00,00,00,00,00,SNR_AVG:0.00
QZS_PRN:00,00,00,00,00,SAT_TAL:00
QZS_SNR:00,00,00,00,00,SNR_AVG:0.00
SatInView:16 GDOP:135
Roll:83.701355 Pitch:65.131805
X_AVG:-12.027514 Y_AVG:7.594465 Z_AVG:1.856597
X_SD:6.886132 Y_SD:9.318994 Z_SD:3.262984
$MXCM10033,2,18,20240104,021424,12,0E96371D,47EEEEA5,00D0,0012,3801,0F,A102*17
GPS_PRN:32,10,25,31,26,29,23,12,19619419919500,00,00,SAT_TAL:12
GPS_SNR:35,36,31,25,34,22,34,30,31,30,25,33,00,00,00,SNR_AVG:30.50
GLO_PRN:00,00,00,00,00,00,00,00,00,00,00,00,00,00,00,SAT_TAL:00
GLO_SNR:00,00,00,00,00,00,00,00,00,00,00,00,00,00,00,SNR_AVG:0.00
GAL_PRN:09,04,24,36,00,00,00,00,00,00,00,00,00,00,00,SAT_TAL:04
GAL_SNR:30,29,32,29,00,00,00,00,00,00,00,00,00,00,00,SNR_AVG:30.00
BEI_PRN:00,00,00,00,00,00,00,00,00,00,00,00,00,00,00,SAT_TAL:00
BEI_SNR:00,00,00,00,00,00,00,00,00,00,00,00,00,00,00,SNR_AVG:0.00
QZS_PRN:00,00,00,00,00,SAT_TAL:00
QZS_SNR:00,00,00,00,00,SNR_AVG:0.00
SatInView:16 GDOP:135
Roll:10.433258 Pitch:30.270626
X_AVG:-4.732666 Y_AVG:3.817057 Z_AVG:4.814741
X_SD:5.557022 Y_SD:9.292374 Z_SD:8.541962
$MXCM10033,2,19,20240104,021640,12,0E9299E7,47EEB4A9,0122,0018,4796,11,A202*67
GPS_PRN:19528,10,25,31,26,29,23,12,16,03,19619419932,SAT_TAL:15
GPS_SNR:30,34,37,34,34,34,30,32,35,33,25,28,28,23,36,SNR_AVG:31.53
GLO_PRN:00,00,00,00,00,00,00,00,00,00,00,00,00,00,00,SAT_TAL:00
GLO_SNR:00,00,00,00,00,00,00,00,00,00,00,00,00,00,00,SNR_AVG:0.00
GAL_PRN:00,00,00,00,00,00,00,00,00,00,00,00,00,00,00,SAT_TAL:00
GAL_SNR:00,00,00,00,00,00,00,00,00,00,00,00,00,00,00,SNR_AVG:0.00
BEI_PRN:00,00,00,00,00,00,00,00,00,00,00,00,00,00,00,SAT_TAL:00
BEI_SNR:00,00,00,00,00,00,00,00,00,00,00,00,00,00,00,SNR_AVG:0.00
QZS_PRN:00,00,00,00,00,SAT_TAL:00
QZS_SNR:00,00,00,00,00,SNR_AVG:0.00
SatInView:20 GDOP:127
Roll:-56.647778 Pitch:72.486107
X_AVG:-7.189406 Y_AVG:3.090306 Z_AVG:-1.760253
X_SD:8.476405 Y_SD:7.979639 Z_SD:3.377459
$MXCM10033,2,20,20240104,021655,12,0E922B7B,47EE71E6,0137,0017,51DB,11,A202*60
GPS_PRN:19528,10,25,31,26,29,23,12,16,03,19619419932,SAT_TAL:15
GPS_SNR:26,33,37,34,36,35,33,24,34,33,23,28,31,23,37,SNR_AVG:31.13
GLO_PRN:00,00,00,00,00,00,00,00,00,00,00,00,00,00,00,SAT_TAL:00
GLO_SNR:00,00,00,00,00,00,00,00,00,00,00,00,00,00,00,SNR_AVG:0.00
GAL_PRN:00,00,00,00,00,00,00,00,00,00,00,00,00,00,00,SAT_TAL:00
GAL_SNR:00,00,00,00,00,00,00,00,00,00,00,00,00,00,00,SNR_AVG:0.00
BEI_PRN:00,00,00,00,00,00,00,00,00,00,00,00,00,00,00,SAT_TAL:00
BEI_SNR:00,00,00,00,00,00,00,00,00,00,00,00,00,00,00,SNR_AVG:0.00
QZS_PRN:00,00,00,00,00,SAT_TAL:00
QZS_SNR:00,00,00,00,00,SNR_AVG:0.00
SatInView:19 GDOP:127
Roll:62.089954 Pitch:90.000000
X_AVG:-8.437145 Y_AVG:4.401541 Z_AVG:-0.492449
X_SD:8.380273 Y_SD:9.576287 Z_SD:3.908289
$MXCM10033,2,21,20240104,021911,12,0E8E4580,47EEE8F8,019D,0018,4B3D,10,A202*16
GPS_PRN:19528,10,25,31,26,29,23,12,16,03,19619419932,SAT_TAL:15
GPS_SNR:27,35,36,35,35,34,32,29,35,35,19,26,28,21,37,SNR_AVG:30.93
GLO_PRN:00,00,00,00,00,00,00,00,00,00,00,00,00,00,00,SAT_TAL:00
GLO_SNR:00,00,00,00,00,00,00,00,00,00,00,00,00,00,00,SNR_AVG:0.00
GAL_PRN:00,00,00,00,00,00,00,00,00,00,00,00,00,00,00,SAT_TAL:00
GAL_SNR:00,00,00,00,00,00,00,00,00,00,00,00,00,00,00,SNR_AVG:0.00
BEI_PRN:00,00,00,00,00,00,00,00,00,00,00,00,00,00,00,SAT_TAL:00
BEI_SNR:00,00,00,00,00,00,00,00,00,00,00,00,00,00,00,SNR_AVG:0.00
QZS_PRN:00,00,00,00,00,SAT_TAL:00
QZS_SNR:00,00,00,00,00,SNR_AVG:0.00
SatInView:19 GDOP:141
Roll:-13.574061 Pitch:90.000000
X_AVG:-7.407330 Y_AVG:3.462899 Z_AVG:-1.074396
X_SD:8.432335 Y_SD:6.971879 Z_SD:3.683297
$MXCM10033,2,22,20240104,021926,12,0E8DC168,47EEDCC8,019C,0019,456B,10,A202*68
GPS_PRN:19528,10,25,31,26,29,23,12,16,03,19619419932,SAT_TAL:15
GPS_SNR:32,35,37,34,33,34,28,33,34,34,32,28,28,24,37,SNR_AVG:32.20
GLO_PRN:00,00,00,00,00,00,00,00,00,00,00,00,00,00,00,SAT_TAL:00
GLO_SNR:00,00,00,00,00,00,00,00,00,00,00,00,00,00,00,SNR_AVG:0.00
GAL_PRN:00,00,00,00,00,00,00,00,00,00,00,00,00,00,00,SAT_TAL:00
GAL_SNR:00,00,00,00,00,00,00,00,00,00,00,00,00,00,00,SNR_AVG:0.00
BEI_PRN:00,00,00,00,00,00,00,00,00,00,00,00,00,00,00,SAT_TAL:00
BEI_SNR:00,00,00,00,00,00,00,00,00,00,00,00,00,00,00,SNR_AVG:0.00
QZS_PRN:00,00,00,00,00,SAT_TAL:00
QZS_SNR:00,00,00,00,00,SNR_AVG:0.00
SatInView:19 GDOP:141
Roll:94.540306 Pitch:70.047684
X_AVG:-8.130873 Y_AVG:3.745181 Z_AVG:-1.235577
X_SD:8.368407 Y_SD:7.170415 Z_SD:3.155443
$MXCM10033,2,23,20240104,022142,12,0E892DAC,47EF2448,01BF,0018,4277,10,A202*6C
GPS_PRN:19528,10,25,31,26,29,23,16,12,03,19619419932,SAT_TAL:15
GPS_SNR:32,35,37,34,35,33,28,34,33,35,28,28,28,23,36,SNR_AVG:31.93
GLO_PRN:00,00,00,00,00,00,00,00,00,00,00,00,00,00,00,SAT_TAL:00
GLO_SNR:00,00,00,00,00,00,00,00,00,00,00,00,00,00,00,SNR_AVG:0.00
GAL_PRN:00,00,00,00,00,00,00,00,00,00,00,00,00,00,00,SAT_TAL:00
GAL_SNR:00,00,00,00,00,00,00,00,00,00,00,00,00,00,00,SNR_AVG:0.00
BEI_PRN:00,00,00,00,00,00,00,00,00,00,00,00,00,00,00,SAT_TAL:00
BEI_SNR:00,00,00,00,00,00,00,00,00,00,00,00,00,00,00,SNR_AVG:0.00
QZS_PRN:00,00,00,00,00,SAT_TAL:00
QZS_SNR:00,00,00,00,00,SNR_AVG:0.00
SatInView:19 GDOP:141
Roll:83.421089 Pitch:70.069733
X_AVG:-8.138151 Y_AVG:3.678334 Z_AVG:-1.515991
X_SD:8.361139 Y_SD:7.024863 Z_SD:3.970266
$MXCM10033,2,24,20240104,022157,12,0E88AB51,47EF47BA,01BD,0019,40D4,10,A202*66
GPS_PRN:19528,10,25,31,26,29,23,16,12,03,19619419932,SAT_TAL:15
GPS_SNR:34,35,37,33,35,34,29,34,31,35,31,28,29,24,36,SNR_AVG:32.33
GLO_PRN:00,00,00,00,00,00,00,00,00,00,00,00,00,00,00,SAT_TAL:00
GLO_SNR:00,00,00,00,00,00,00,00,00,00,00,00,00,00,00,SNR_AVG:0.00
GAL_PRN:00,00,00,00,00,00,00,00,00,00,00,00,00,00,00,SAT_TAL:00
GAL_SNR:00,00,00,00,00,00,00,00,00,00,00,00,00,00,00,SNR_AVG:0.00
BEI_PRN:00,00,00,00,00,00,00,00,00,00,00,00,00,00,00,SAT_TAL:00
BEI_SNR:00,00,00,00,00,00,00,00,00,00,00,00,00,00,00,SNR_AVG:0.00
QZS_PRN:00,00,00,00,00,SAT_TAL:00
QZS_SNR:00,00,00,00,00,SNR_AVG:0.00
SatInView:19 GDOP:141
Roll:29.286907 Pitch:90.000000
X_AVG:-7.753012 Y_AVG:3.225342 Z_AVG:-1.298258
X_SD:8.957276 Y_SD:7.846752 Z_SD:3.713539
$MXCM10033,2,25,20240104,022413,12,0E841E95,47F11F0B,01A8,001A,3BB8,10,A202*18
GPS_PRN:19528,10,25,31,26,29,23,16,12,03,19619419932,SAT_TAL:15
GPS_SNR:35,35,37,33,33,35,25,35,35,34,35,29,28,25,36,SNR_AVG:32.67
GLO_PRN:00,00,00,00,00,00,00,00,00,00,00,00,00,00,00,SAT_TAL:00
GLO_SNR:00,00,00,00,00,00,00,00,00,00,00,00,00,00,00,SNR_AVG:0.00
GAL_PRN:00,00,00,00,00,00,00,00,00,00,00,00,00,00,00,SAT_TAL:00
GAL_SNR:00,00,00,00,00,00,00,00,00,00,00,00,00,00,00,SNR_AVG:0.00
BEI_PRN:00,00,00,00,00,00,00,00,00,00,00,00,00,00,00,SAT_TAL:00
BEI_SNR:00,00,00,00,00,00,00,00,00,00,00,00,00,00,00,SNR_AVG:0.00
QZS_PRN:00,00,00,00,00,SAT_TAL:00
QZS_SNR:00,00,00,00,00,SNR_AVG:0.00
SatInView:19 GDOP:140
Roll:105.107521 Pitch:90.000000
X_AVG:-8.617672 Y_AVG:4.179020 Z_AVG:-1.514794
X_SD:8.793225 Y_SD:8.129829 Z_SD:4.142874
$MXCM10033,2,26,20240104,022428,12,0E83A25B,47F164D7,01A2,001B,3E7E,0F,A202*6D
GPS_PRN:19528,10,31,25,26,29,23,16,12,03,19619419932,SAT_TAL:14
GPS_SNR:33,35,35,34,32,34,00,35,33,34,31,28,28,24,35,SNR_AVG:32.21
GLO_PRN:00,00,00,00,00,00,00,00,00,00,00,00,00,00,00,SAT_TAL:00
GLO_SNR:00,00,00,00,00,00,00,00,00,00,00,00,00,00,00,SNR_AVG:0.00
GAL_PRN:00,00,00,00,00,00,00,00,00,00,00,00,00,00,00,SAT_TAL:00
GAL_SNR:00,00,00,00,00,00,00,00,00,00,00,00,00,00,00,SNR_AVG:0.00
BEI_PRN:00,00,00,00,00,00,00,00,00,00,00,00,00,00,00,SAT_TAL:00
BEI_SNR:00,00,00,00,00,00,00,00,00,00,00,00,00,00,00,SNR_AVG:0.00
QZS_PRN:00,00,00,00,00,SAT_TAL:00
QZS_SNR:00,00,00,00,00,SNR_AVG:0.00
SatInView:19 GDOP:144
Roll:63.360786 Pitch:90.000000
X_AVG:-8.517831 Y_AVG:3.661431 Z_AVG:-0.741164
X_SD:8.554960 Y_SD:6.790185 Z_SD:3.566446
$MXCM10033,2,27,20240104,022644,12,0E7EBC69,47F27F2E,017A,001B,46F7,11,A202*67
GPS_PRN:19528,10,31,25,26,29,23,16,03,12,19619419932,SAT_TAL:15
GPS_SNR:28,33,37,33,34,33,28,30,33,22,35,28,29,21,37,SNR_AVG:30.73
GLO_PRN:00,00,00,00,00,00,00,00,00,00,00,00,00,00,00,SAT_TAL:00
GLO_SNR:00,00,00,00,00,00,00,00,00,00,00,00,00,00,00,SNR_AVG:0.00
GAL_PRN:00,00,00,00,00,00,00,00,00,00,00,00,00,00,00,SAT_TAL:00
GAL_SNR:00,00,00,00,00,00,00,00,00,00,00,00,00,00,00,SNR_AVG:0.00
BEI_PRN:00,00,00,00,00,00,00,00,00,00,00,00,00,00,00,SAT_TAL:00
BEI_SNR:00,00,00,00,00,00,00,00,00,00,00,00,00,00,00,SNR_AVG:0.00
QZS_PRN:00,00,00,00,00,SAT_TAL:00
QZS_SNR:00,00,00,00,00,SNR_AVG:0.00
SatInView:19 GDOP:119
Roll:68.569069 Pitch:69.466530
X_AVG:-8.597464 Y_AVG:4.057248 Z_AVG:-0.651044
X_SD:8.268759 Y_SD:7.888177 Z_SD:3.529119
$MXCM10033,2,28,20240104,022659,12,0E7E2B37,47F2816D,0166,001C,4645,11,A202*64
GPS_PRN:19528,10,31,26,25,29,23,16,03,12,19619419932,SAT_TAL:15
GPS_SNR:29,35,37,34,33,35,32,31,32,23,34,28,30,23,37,SNR_AVG:31.53
GLO_PRN:00,00,00,00,00,00,00,00,00,00,00,00,00,00,00,SAT_TAL:00
GLO_SNR:00,00,00,00,00,00,00,00,00,00,00,00,00,00,00,SNR_AVG:0.00
GAL_PRN:00,00,00,00,00,00,00,00,00,00,00,00,00,00,00,SAT_TAL:00
GAL_SNR:00,00,00,00,00,00,00,00,00,00,00,00,00,00,00,SNR_AVG:0.00
BEI_PRN:00,00,00,00,00,00,00,00,00,00,00,00,00,00,00,SAT_TAL:00
BEI_SNR:00,00,00,00,00,00,00,00,00,00,00,00,00,00,00,SNR_AVG:0.00
QZS_PRN:00,00,00,00,00,SAT_TAL:00
QZS_SNR:00,00,00,00,00,SNR_AVG:0.00
SatInView:19 GDOP:119
Roll:47.473083 Pitch:90.000000
X_AVG:-7.778774 Y_AVG:3.274568 Z_AVG:-0.769656
X_SD:8.830812 Y_SD:7.656141 Z_SD:3.734912
$MXCM10033,2,29,20240104,022915,12,0E794860,47F26F1E,0141,001B,4ABB,10,A202*6C
GPS_PRN:19528,31,10,26,25,29,16,23,03,12,19619419932,SAT_TAL:15
GPS_SNR:27,34,34,36,34,35,33,34,33,23,34,29,31,21,37,SNR_AVG:31.67
GLO_PRN:00,00,00,00,00,00,00,00,00,00,00,00,00,00,00,SAT_TAL:00
GLO_SNR:00,00,00,00,00,00,00,00,00,00,00,00,00,00,00,SNR_AVG:0.00
GAL_PRN:00,00,00,00,00,00,00,00,00,00,00,00,00,00,00,SAT_TAL:00
GAL_SNR:00,00,00,00,00,00,00,00,00,00,00,00,00,00,00,SNR_AVG:0.00
BEI_PRN:00,00,00,00,00,00,00,00,00,00,00,00,00,00,00,SAT_TAL:00
BEI_SNR:00,00,00,00,00,00,00,00,00,00,00,00,00,00,00,SNR_AVG:0.00
QZS_PRN:00,00,00,00,00,SAT_TAL:00
QZS_SNR:00,00,00,00,00,SNR_AVG:0.00
SatInView:20 GDOP:136
Roll:-12.422896 Pitch:64.689240
X_AVG:-6.906118 Y_AVG:2.474984 Z_AVG:0.692800
X_SD:8.832216 Y_SD:7.513455 Z_SD:4.224887
$MXCM10033,2,30,20240104,022930,12,0E78BFB5,47F24D3D,0124,0019,4C4B,10,A202*14
GPS_PRN:19528,26,31,10,25,29,16,23,03,12,19619419932,SAT_TAL:15
GPS_SNR:24,34,34,34,34,34,34,34,31,22,34,29,32,22,37,SNR_AVG:31.27
GLO_PRN:00,00,00,00,00,00,00,00,00,00,00,00,00,00,00,SAT_TAL:00
GLO_SNR:00,00,00,00,00,00,00,00,00,00,00,00,00,00,00,SNR_AVG:0.00
GAL_PRN:00,00,00,00,00,00,00,00,00,00,00,00,00,00,00,SAT_TAL:00
GAL_SNR:00,00,00,00,00,00,00,00,00,00,00,00,00,00,00,SNR_AVG:0.00
BEI_PRN:00,00,00,00,00,00,00,00,00,00,00,00,00,00,00,SAT_TAL:00
BEI_SNR:00,00,00,00,00,00,00,00,00,00,00,00,00,00,00,SNR_AVG:0.00
QZS_PRN:00,00,00,00,00,SAT_TAL:00
QZS_SNR:00,00,00,00,00,SNR_AVG:0.00
SatInView:20 GDOP:136
Roll:23.072458 Pitch:66.062073
X_AVG:-6.807092 Y_AVG:3.092078 Z_AVG:0.606990
X_SD:9.944902 Y_SD:8.196827 Z_SD:4.242274
$MXCM10033,2,31,20240104,023146,12,0E744B95,47F1789D,010C,0017,4A2D,10,A202*17
GPS_PRN:19528,26,31,10,25,29,16,23,03,12,19419619932,SAT_TAL:15
GPS_SNR:26,32,33,32,37,34,32,35,26,21,32,33,30,22,36,SNR_AVG:30.73
GLO_PRN:00,00,00,00,00,00,00,00,00,00,00,00,00,00,00,SAT_TAL:00
GLO_SNR:00,00,00,00,00,00,00,00,00,00,00,00,00,00,00,SNR_AVG:0.00
GAL_PRN:00,00,00,00,00,00,00,00,00,00,00,00,00,00,00,SAT_TAL:00
GAL_SNR:00,00,00,00,00,00,00,00,00,00,00,00,00,00,00,SNR_AVG:0.00
BEI_PRN:00,00,00,00,00,00,00,00,00,00,00,00,00,00,00,SAT_TAL:00
BEI_SNR:00,00,00,00,00,00,00,00,00,00,00,00,00,00,00,SNR_AVG:0.00
QZS_PRN:00,00,00,00,00,SAT_TAL:00
QZS_SNR:00,00,00,00,00,SNR_AVG:0.00
SatInView:19 GDOP:136
Roll:83.133499 Pitch:58.102676
X_AVG:-9.497319 Y_AVG:4.923440 Z_AVG:0.059377
X_SD:8.429504 Y_SD:9.305672 Z_SD:5.189547
$MXCM10033,2,32,20240104,023201,12,0E73D6CE,47F18918,0100,0017,480A,10,A202*6A
GPS_PRN:19528,26,31,10,25,29,16,23,03,12,19419619932,SAT_TAL:15
GPS_SNR:23,34,34,34,37,34,32,34,24,19,09,32,29,24,37,SNR_AVG:29.07
GLO_PRN:00,00,00,00,00,00,00,00,00,00,00,00,00,00,00,SAT_TAL:00
GLO_SNR:00,00,00,00,00,00,00,00,00,00,00,00,00,00,00,SNR_AVG:0.00
GAL_PRN:00,00,00,00,00,00,00,00,00,00,00,00,00,00,00,SAT_TAL:00
GAL_SNR:00,00,00,00,00,00,00,00,00,00,00,00,00,00,00,SNR_AVG:0.00
BEI_PRN:00,00,00,00,00,00,00,00,00,00,00,00,00,00,00,SAT_TAL:00
BEI_SNR:00,00,00,00,00,00,00,00,00,00,00,00,00,00,00,SNR_AVG:0.00
QZS_PRN:00,00,00,00,00,SAT_TAL:00
QZS_SNR:00,00,00,00,00,SNR_AVG:0.00
SatInView:20 GDOP:136
Roll:47.628555 Pitch:65.796440
X_AVG:-6.714099 Y_AVG:2.867976 Z_AVG:1.002808
X_SD:8.023355 Y_SD:7.886212 Z_SD:5.932733
$MXCM10033,2,33,20240104,023417,12,0E710854,47EFA62C,00D9,0005,7D94,10,A201*10
GPS_PRN:19528,26,31,10,25,29,16,23,03,12,19419619932,SAT_TAL:15
GPS_SNR:31,38,35,35,37,34,22,30,30,32,33,34,35,28,39,SNR_AVG:32.87
GLO_PRN:00,00,00,00,00,00,00,00,00,00,00,00,00,00,00,SAT_TAL:00
GLO_SNR:00,00,00,00,00,00,00,00,00,00,00,00,00,00,00,SNR_AVG:0.00
GAL_PRN:00,00,00,00,00,00,00,00,00,00,00,00,00,00,00,SAT_TAL:00
GAL_SNR:00,00,00,00,00,00,00,00,00,00,00,00,00,00,00,SNR_AVG:0.00
BEI_PRN:00,00,00,00,00,00,00,00,00,00,00,00,00,00,00,SAT_TAL:00
BEI_SNR:00,00,00,00,00,00,00,00,00,00,00,00,00,00,00,SNR_AVG:0.00
QZS_PRN:00,00,00,00,00,SAT_TAL:00
QZS_SNR:00,00,00,00,00,SNR_AVG:0.00
SatInView:20 GDOP:136
Roll:80.359711 Pitch:34.711510
X_AVG:-6.109168 Y_AVG:8.257816 Z_AVG:0.813470
X_SD:2.823258 Y_SD:3.843316 Z_SD:1.317198
$MXCM10033,2,34,20240104,023432,12,0E7103DC,47EF99DC,00C9,0000,0408,0F,A201*1B
GPS_PRN:19528,26,31,10,25,29,16,23,03,19419619932,00,SAT_TAL:13
GPS_SNR:30,28,19,21,37,24,31,15,36,00,27,35,29,29,00,SNR_AVG:27.77
GLO_PRN:00,00,00,00,00,00,00,00,00,00,00,00,00,00,00,SAT_TAL:00
GLO_SNR:00,00,00,00,00,00,00,00,00,00,00,00,00,00,00,SNR_AVG:0.00
GAL_PRN:09,24,04,36,00,00,00,00,00,00,00,00,00,00,00,SAT_TAL:04
GAL_SNR:28,34,27,16,00,00,00,00,00,00,00,00,00,00,00,SNR_AVG:26.25
BEI_PRN:00,00,00,00,00,00,00,00,00,00,00,00,00,00,00,SAT_TAL:00
BEI_SNR:00,00,00,00,00,00,00,00,00,00,00,00,00,00,00,SNR_AVG:0.00
QZS_PRN:00,00,00,00,00,SAT_TAL:00
QZS_SNR:00,00,00,00,00,SNR_AVG:0.00
SatInView:18 GDOP:127
Roll:111.809273 Pitch:30.207808
X_AVG:-3.718557 Y_AVG:7.528815 Z_AVG:-4.223409
X_SD:4.337160 Y_SD:3.820000 Z_SD:2.324442
$MXCM10033,2,35,20240104,023648,12,0E7100BB,47EF9FCA,00C8,0000,0000,08,A201*18
GPS_PRN:19528,26,31,10,25,29,16,03,23,12,19419619932,SAT_TAL:08
GPS_SNR:25,00,16,00,00,18,27,00,00,31,15,18,00,00,23,SNR_AVG:21.62
GLO_PRN:00,00,00,00,00,00,00,00,00,00,00,00,00,00,00,SAT_TAL:00
GLO_SNR:00,00,00,00,00,00,00,00,00,00,00,00,00,00,00,SNR_AVG:0.00
GAL_PRN:00,00,00,00,00,00,00,00,00,00,00,00,00,00,00,SAT_TAL:00
GAL_SNR:00,00,00,00,00,00,00,00,00,00,00,00,00,00,00,SNR_AVG:0.00
BEI_PRN:00,00,00,00,00,00,00,00,00,00,00,00,00,00,00,SAT_TAL:00
BEI_SNR:00,00,00,00,00,00,00,00,00,00,00,00,00,00,00,SNR_AVG:0.00
QZS_PRN:00,00,00,00,00,SAT_TAL:00
QZS_SNR:00,00,00,00,00,SNR_AVG:0.00
SatInView:19 GDOP:181
Roll:113.241859 Pitch:33.329182
X_AVG:-5.418762 Y_AVG:7.579764 Z_AVG:-3.751694
X_SD:0.221615 Y_SD:0.141415 Z_SD:0.218935
$MXCM10033,2,36,20240104,023703,12,0E70FE7E,47EFA0BE,00C8,0000,0000,0B,A201*14
GPS_PRN:32,28,26,31,10,25,29,16,23,19419619919500,00,SAT_TAL:09
GPS_SNR:23,00,14,17,19,19,26,00,30,20,00,00,27,00,00,SNR_AVG:21.67
GLO_PRN:00,00,00,00,00,00,00,00,00,00,00,00,00,00,00,SAT_TAL:00
GLO_SNR:00,00,00,00,00,00,00,00,00,00,00,00,00,00,00,SNR_AVG:0.00
GAL_PRN:36,09,24,04,25,00,00,00,00,00,00,00,00,00,00,SAT_TAL:02
GAL_SNR:00,14,00,19,00,00,00,00,00,00,00,00,00,00,00,SNR_AVG:16.50
BEI_PRN:00,00,00,00,00,00,00,00,00,00,00,00,00,00,00,SAT_TAL:00
BEI_SNR:00,00,00,00,00,00,00,00,00,00,00,00,00,00,00,SNR_AVG:0.00
QZS_PRN:00,00,00,00,00,SAT_TAL:00
QZS_SNR:00,00,00,00,00,SNR_AVG:0.00
SatInView:18 GDOP:142
Roll:112.401474 Pitch:27.552586
X_AVG:-4.486681 Y_AVG:7.741232 Z_AVG:-3.109748
X_SD:2.185814 Y_SD:3.463179 Z_SD:2.241169
$MXCM10033,2,37,20240104,023919,12,0E7102E8,47EF9D43,00C8,0000,086C,09,A203*17
GPS_PRN:19528,26,31,10,25,29,16,03,23,19419619932,00,SAT_TAL:08
GPS_SNR:20,00,00,00,16,17,19,00,00,19,18,16,00,17,00,SNR_AVG:17.75
GLO_PRN:00,00,00,00,00,00,00,00,00,00,00,00,00,00,00,SAT_TAL:00
GLO_SNR:00,00,00,00,00,00,00,00,00,00,00,00,00,00,00,SNR_AVG:0.00
GAL_PRN:36,09,24,04,25,00,00,00,00,00,00,00,00,00,00,SAT_TAL:01
GAL_SNR:00,00,00,16,00,00,00,00,00,00,00,00,00,00,00,SNR_AVG:16.00
BEI_PRN:00,00,00,00,00,00,00,00,00,00,00,00,00,00,00,SAT_TAL:00
BEI_SNR:00,00,00,00,00,00,00,00,00,00,00,00,00,00,00,SNR_AVG:0.00
QZS_PRN:00,00,00,00,00,SAT_TAL:00
QZS_SNR:00,00,00,00,00,SNR_AVG:0.00
SatInView:19 GDOP:215
Roll:-125.834007 Pitch:-21.346985
X_AVG:1.381674 Y_AVG:-5.145482 Z_AVG:-1.818912
X_SD:4.577017 Y_SD:7.030333 Z_SD:5.045931
$MXCM10033,2,38,20240104,023934,12,0E7104B5,47EFA105,00C8,0000,15C2,0C,A203*66
GPS_PRN:19528,26,31,10,25,29,16,23,12,19419619932,00,SAT_TAL:10
GPS_SNR:27,16,00,00,19,17,24,17,20,00,16,17,00,22,00,SNR_AVG:19.50
GLO_PRN:00,00,00,00,00,00,00,00,00,00,00,00,00,00,00,SAT_TAL:00
GLO_SNR:00,00,00,00,00,00,00,00,00,00,00,00,00,00,00,SNR_AVG:0.00
GAL_PRN:36,09,24,04,25,00,00,00,00,00,00,00,00,00,00,SAT_TAL:02
GAL_SNR:00,00,14,25,00,00,00,00,00,00,00,00,00,00,00,SNR_AVG:19.50
BEI_PRN:00,00,00,00,00,00,00,00,00,00,00,00,00,00,00,SAT_TAL:00
BEI_SNR:00,00,00,00,00,00,00,00,00,00,00,00,00,00,00,SNR_AVG:0.00
QZS_PRN:00,00,00,00,00,SAT_TAL:00
QZS_SNR:00,00,00,00,00,SNR_AVG:0.00
SatInView:19 GDOP:142
Roll:-134.540024 Pitch:-38.903904
X_AVG:6.547603 Y_AVG:-4.891788 Z_AVG:-5.882433
X_SD:0.494301 Y_SD:0.615668 Z_SD:0.367570
$MXCM10033,2,39,20240104,024149,00,0E70F93B,47EFB9D3,00C8,0000,0000,00,A203*62
GPS_PRN:19528,26,31,10,25,29,16,03,23,19419619932,00,SAT_TAL:04
GPS_SNR:27,00,00,00,00,00,00,00,00,25,00,24,00,21,00,SNR_AVG:24.25
GLO_PRN:00,00,00,00,00,00,00,00,00,00,00,00,00,00,00,SAT_TAL:00
GLO_SNR:00,00,00,00,00,00,00,00,00,00,00,00,00,00,00,SNR_AVG:0.00
GAL_PRN:09,24,04,25,00,00,00,00,00,00,00,00,00,00,00,SAT_TAL:00
GAL_SNR:00,00,00,00,00,00,00,00,00,00,00,00,00,00,00,SNR_AVG:0.00
BEI_PRN:00,00,00,00,00,00,00,00,00,00,00,00,00,00,00,SAT_TAL:00
BEI_SNR:00,00,00,00,00,00,00,00,00,00,00,00,00,00,00,SNR_AVG:0.00
QZS_PRN:00,00,00,00,00,SAT_TAL:00
QZS_SNR:00,00,00,00,00,SNR_AVG:0.00
SatInView:18 GDOP:606
Roll:-69.440353 Pitch:6.661994
X_AVG:-1.554060 Y_AVG:-8.568972 Z_AVG:3.809730
X_SD:0.122667 Y_SD:0.105829 Z_SD:0.119167
$MXCM10033,2,40,20240104,024204,12,0E70FDB6,47EFAC56,00C8,0000,101B,0B,A203*10
GPS_PRN:19528,26,31,10,25,29,16,23,19619932,19400,00,SAT_TAL:11
GPS_SNR:17,15,18,17,14,21,25,00,21,18,00,28,17,00,00,SNR_AVG:19.18
GLO_PRN:00,00,00,00,00,00,00,00,00,00,00,00,00,00,00,SAT_TAL:00
GLO_SNR:00,00,00,00,00,00,00,00,00,00,00,00,00,00,00,SNR_AVG:0.00
GAL_PRN:09,24,04,00,00,00,00,00,00,00,00,00,00,00,00,SAT_TAL:00
GAL_SNR:00,00,00,00,00,00,00,00,00,00,00,00,00,00,00,SNR_AVG:0.00
BEI_PRN:00,00,00,00,00,00,00,00,00,00,00,00,00,00,00,SAT_TAL:00
BEI_SNR:00,00,00,00,00,00,00,00,00,00,00,00,00,00,00,SNR_AVG:0.00
QZS_PRN:00,00,00,00,00,SAT_TAL:00
QZS_SNR:00,00,00,00,00,SNR_AVG:0.00
SatInView:16 GDOP:138
Roll:-81.710724 Pitch:-0.000003
X_AVG:-0.477653 Y_AVG:-9.370376 Z_AVG:1.816422
X_SD:0.134413 Y_SD:0.113456 Z_SD:0.197294
$MXCM10033,2,41,20240104,024419,00,0E70FDD7,47EFABF8,00C9,0000,0000,00,A203*62
GPS_PRN:28,26,31,25,00,00,00,00,00,00,00,00,00,00,00,SAT_TAL:00
GPS_SNR:00,00,00,00,00,00,00,00,00,00,00,00,00,00,00,SNR_AVG:0.00
GLO_PRN:00,00,00,00,00,00,00,00,00,00,00,00,00,00,00,SAT_TAL:00
GLO_SNR:00,00,00,00,00,00,00,00,00,00,00,00,00,00,00,SNR_AVG:0.00
GAL_PRN:00,00,00,00,00,00,00,00,00,00,00,00,00,00,00,SAT_TAL:00
GAL_SNR:00,00,00,00,00,00,00,00,00,00,00,00,00,00,00,SNR_AVG:0.00
BEI_PRN:00,00,00,00,00,00,00,00,00,00,00,00,00,00,00,SAT_TAL:00
BEI_SNR:00,00,00,00,00,00,00,00,00,00,00,00,00,00,00,SNR_AVG:0.00
QZS_PRN:00,00,00,00,00,SAT_TAL:00
QZS_SNR:00,00,00,00,00,SNR_AVG:0.00
SatInView:4 GDOP:17319
Roll:-90.016075 Pitch:-20.453598
X_AVG:3.878302 Y_AVG:-8.881374 Z_AVG:-0.844548
X_SD:0.073029 Y_SD:0.065811 Z_SD:0.096067
$MXCM10033,2,42,20240104,024434,00,0E70FDD7,47EFABF8,00C9,0000,0000,00,A203*6E
GPS_PRN:32,23,19419600,00,00,00,00,00,00,00,00,00,00,SAT_TAL:00
GPS_SNR:00,00,00,00,00,00,00,00,00,00,00,00,00,00,00,SNR_AVG:0.00
GLO_PRN:00,00,00,00,00,00,00,00,00,00,00,00,00,00,00,SAT_TAL:00
GLO_SNR:00,00,00,00,00,00,00,00,00,00,00,00,00,00,00,SNR_AVG:0.00
GAL_PRN:00,00,00,00,00,00,00,00,00,00,00,00,00,00,00,SAT_TAL:00
GAL_SNR:00,00,00,00,00,00,00,00,00,00,00,00,00,00,00,SNR_AVG:0.00
BEI_PRN:00,00,00,00,00,00,00,00,00,00,00,00,00,00,00,SAT_TAL:00
BEI_SNR:00,00,00,00,00,00,00,00,00,00,00,00,00,00,00,SNR_AVG:0.00
QZS_PRN:00,00,00,00,00,SAT_TAL:00
QZS_SNR:00,00,00,00,00,SNR_AVG:0.00
SatInView:4 GDOP:17319
Roll:-90.759422 Pitch:-19.912771
X_AVG:3.882372 Y_AVG:-8.888413 Z_AVG:-0.863079
X_SD:0.075340 Y_SD:0.064664 Z_SD:0.091080
$MXCM10033,2,43,20240104,024649,12,0E70FD08,47EFB038,00C8,0000,0007,05,A203*18
GPS_PRN:19528,26,31,10,25,29,16,23,19419619932,00,00,SAT_TAL:06
GPS_SNR:32,15,00,00,00,00,26,00,28,00,17,00,29,00,00,SNR_AVG:24.50
GLO_PRN:00,00,00,00,00,00,00,00,00,00,00,00,00,00,00,SAT_TAL:00
GLO_SNR:00,00,00,00,00,00,00,00,00,00,00,00,00,00,00,SNR_AVG:0.00
GAL_PRN:09,24,04,25,00,00,00,00,00,00,00,00,00,00,00,SAT_TAL:00
GAL_SNR:00,00,00,00,00,00,00,00,00,00,00,00,00,00,00,SNR_AVG:0.00
BEI_PRN:00,00,00,00,00,00,00,00,00,00,00,00,00,00,00,SAT_TAL:00
BEI_SNR:00,00,00,00,00,00,00,00,00,00,00,00,00,00,00,SNR_AVG:0.00
QZS_PRN:00,00,00,00,00,SAT_TAL:00
QZS_SNR:00,00,00,00,00,SNR_AVG:0.00
SatInView:17 GDOP:212
Roll:-66.452362 Pitch:-27.121380
X_AVG:4.442866 Y_AVG:-7.608495 Z_AVG:3.674886
X_SD:0.092010 Y_SD:0.074859 Z_SD:0.116360
$MXCM10033,2,44,20240104,024705,12,0E70FDDD,47EFA385,00C8,0000,7AA3,0E,A203*6B
GPS_PRN:19528,26,31,10,25,29,16,23,19619932,19400,00,SAT_TAL:12
GPS_SNR:31,15,18,17,23,22,31,14,32,17,00,20,26,00,00,SNR_AVG:22.17
GLO_PRN:00,00,00,00,00,00,00,00,00,00,00,00,00,00,00,SAT_TAL:00
GLO_SNR:00,00,00,00,00,00,00,00,00,00,00,00,00,00,00,SNR_AVG:0.00
GAL_PRN:09,24,04,00,00,00,00,00,00,00,00,00,00,00,00,SAT_TAL:03
GAL_SNR:21,16,20,00,00,00,00,00,00,00,00,00,00,00,00,SNR_AVG:19.00
BEI_PRN:00,00,00,00,00,00,00,00,00,00,00,00,00,00,00,SAT_TAL:00
BEI_SNR:00,00,00,00,00,00,00,00,00,00,00,00,00,00,00,SNR_AVG:0.00
QZS_PRN:00,00,00,00,00,SAT_TAL:00
QZS_SNR:00,00,00,00,00,SNR_AVG:0.00
SatInView:16 GDOP:131
Roll:-60.515591 Pitch:-20.398697
X_AVG:3.361240 Y_AVG:-7.742190 Z_AVG:4.356050
X_SD:0.118003 Y_SD:0.102260 Z_SD:0.149319
$MXCM10033,2,45,20240104,024921,12,0E70FD76,47EF9F7F,00C8,0000,763D,0B,A203*67
GPS_PRN:19528,26,31,10,25,29,16,23,19419619932,00,00,SAT_TAL:09
GPS_SNR:41,00,17,00,26,28,42,17,00,32,21,00,36,00,00,SNR_AVG:28.89
GLO_PRN:00,00,00,00,00,00,00,00,00,00,00,00,00,00,00,SAT_TAL:00
GLO_SNR:00,00,00,00,00,00,00,00,00,00,00,00,00,00,00,SNR_AVG:0.00
GAL_PRN:09,24,04,18,00,00,00,00,00,00,00,00,00,00,00,SAT_TAL:03
GAL_SNR:00,24,32,42,00,00,00,00,00,00,00,00,00,00,00,SNR_AVG:32.67
BEI_PRN:00,00,00,00,00,00,00,00,00,00,00,00,00,00,00,SAT_TAL:00
BEI_SNR:00,00,00,00,00,00,00,00,00,00,00,00,00,00,00,SNR_AVG:0.00
QZS_PRN:00,00,00,00,00,SAT_TAL:00
QZS_SNR:00,00,00,00,00,SNR_AVG:0.00
SatInView:17 GDOP:160
Roll:-96.517776 Pitch:-6.278730
X_AVG:1.529686 Y_AVG:-9.529737 Z_AVG:-1.412560
X_SD:0.068814 Y_SD:0.060419 Z_SD:0.087905
$MXCM10033,2,46,20240104,024936,12,0E70FCCA,47EF9FF7,00C8,0000,763D,0C,A203*67
GPS_PRN:19528,26,31,10,25,29,16,23,19619932,19400,00,SAT_TAL:11
GPS_SNR:40,16,18,00,28,30,41,18,19,20,00,37,32,00,00,SNR_AVG:27.18
GLO_PRN:00,00,00,00,00,00,00,00,00,00,00,00,00,00,00,SAT_TAL:00
GLO_SNR:00,00,00,00,00,00,00,00,00,00,00,00,00,00,00,SNR_AVG:0.00
GAL_PRN:09,24,04,00,00,00,00,00,00,00,00,00,00,00,00,SAT_TAL:03
GAL_SNR:20,25,34,00,00,00,00,00,00,00,00,00,00,00,00,SNR_AVG:26.33
BEI_PRN:00,00,00,00,00,00,00,00,00,00,00,00,00,00,00,SAT_TAL:00
BEI_SNR:00,00,00,00,00,00,00,00,00,00,00,00,00,00,00,SNR_AVG:0.00
QZS_PRN:00,00,00,00,00,SAT_TAL:00
QZS_SNR:00,00,00,00,00,SNR_AVG:0.00
SatInView:16 GDOP:152
Roll:-96.517876 Pitch:-6.278825
X_AVG:1.539455 Y_AVG:-9.525523 Z_AVG:-1.415959
X_SD:0.073693 Y_SD:0.055608 Z_SD:0.088429
$MXCM10033,2,47,20240104,025152,12,0E70FBBF,47EFA331,00C8,0000,73BF,0D,A203*65
GPS_PRN:19528,26,31,10,25,29,16,03,23,19419619932,00,SAT_TAL:10
GPS_SNR:41,00,26,23,26,27,37,20,00,00,32,24,00,34,00,SNR_AVG:29.00
GLO_PRN:00,00,00,00,00,00,00,00,00,00,00,00,00,00,00,SAT_TAL:00
GLO_SNR:00,00,00,00,00,00,00,00,00,00,00,00,00,00,00,SNR_AVG:0.00
GAL_PRN:09,24,04,25,00,00,00,00,00,00,00,00,00,00,00,SAT_TAL:04
GAL_SNR:16,16,33,16,00,00,00,00,00,00,00,00,00,00,00,SNR_AVG:20.25
BEI_PRN:00,00,00,00,00,00,00,00,00,00,00,00,00,00,00,SAT_TAL:00
BEI_SNR:00,00,00,00,00,00,00,00,00,00,00,00,00,00,00,SNR_AVG:0.00
QZS_PRN:00,00,00,00,00,SAT_TAL:00
QZS_SNR:00,00,00,00,00,SNR_AVG:0.00
SatInView:18 GDOP:135
Roll:-96.517776 Pitch:-6.278730
X_AVG:1.551187 Y_AVG:-9.537063 Z_AVG:-1.411985
X_SD:0.069007 Y_SD:0.062852 Z_SD:0.093471
$MXCM10033,2,48,20240104,025207,12,0E70FB0B,47EFA33F,00C8,0000,73BF,0E,A203*69
GPS_PRN:32,28,26,31,10,29,25,16,23,19419619919500,00,SAT_TAL:11
GPS_SNR:34,21,28,19,22,37,27,16,00,34,27,00,39,00,00,SNR_AVG:27.64
GLO_PRN:00,00,00,00,00,00,00,00,00,00,00,00,00,00,00,SAT_TAL:00
GLO_SNR:00,00,00,00,00,00,00,00,00,00,00,00,00,00,00,SNR_AVG:0.00
GAL_PRN:25,09,31,24,04,00,00,00,00,00,00,00,00,00,00,SAT_TAL:05
GAL_SNR:15,23,22,22,34,00,00,00,00,00,00,00,00,00,00,SNR_AVG:23.20
BEI_PRN:00,00,00,00,00,00,00,00,00,00,00,00,00,00,00,SAT_TAL:00
BEI_SNR:00,00,00,00,00,00,00,00,00,00,00,00,00,00,00,SNR_AVG:0.00
QZS_PRN:00,00,00,00,00,SAT_TAL:00
QZS_SNR:00,00,00,00,00,SNR_AVG:0.00
SatInView:18 GDOP:130
Roll:-96.517876 Pitch:-6.278825
X_AVG:1.550420 Y_AVG:-9.528684 Z_AVG:-1.408250
X_SD:0.070127 Y_SD:0.062024 Z_SD:0.090122
$MXCM10033,2,49,20240104,025422,12,0E71000A,47EFA00E,00C8,0000,0000,0C,A203*6A
GPS_PRN:19528,26,31,10,29,25,16,23,19419619932,00,00,SAT_TAL:10
GPS_SNR:41,22,21,00,18,43,33,20,00,32,28,00,34,00,00,SNR_AVG:29.20
GLO_PRN:00,00,00,00,00,00,00,00,00,00,00,00,00,00,00,SAT_TAL:00
GLO_SNR:00,00,00,00,00,00,00,00,00,00,00,00,00,00,00,SNR_AVG:0.00
GAL_PRN:09,31,24,04,00,00,00,00,00,00,00,00,00,00,00,SAT_TAL:02
GAL_SNR:00,00,23,35,00,00,00,00,00,00,00,00,00,00,00,SNR_AVG:29.00
BEI_PRN:00,00,00,00,00,00,00,00,00,00,00,00,00,00,00,SAT_TAL:00
BEI_SNR:00,00,00,00,00,00,00,00,00,00,00,00,00,00,00,SNR_AVG:0.00
QZS_PRN:00,00,00,00,00,SAT_TAL:00
QZS_SNR:00,00,00,00,00,SNR_AVG:0.00
SatInView:17 GDOP:142
Roll:-96.517776 Pitch:-6.278730
X_AVG:1.528250 Y_AVG:-9.532658 Z_AVG:-1.401881
X_SD:0.067736 Y_SD:0.057016 Z_SD:0.095259
$MXCM10033,2,50,20240104,025437,12,0E70FEDB,47EFA18A,00C7,0000,0000,0D,A203*16
GPS_PRN:19528,26,31,10,29,25,16,23,19419619932,00,00,SAT_TAL:10
GPS_SNR:41,22,17,00,16,42,33,23,00,32,29,00,38,00,00,SNR_AVG:29.30
GLO_PRN:00,00,00,00,00,00,00,00,00,00,00,00,00,00,00,SAT_TAL:00
GLO_SNR:00,00,00,00,00,00,00,00,00,00,00,00,00,00,00,SNR_AVG:0.00
GAL_PRN:09,31,24,04,00,00,00,00,00,00,00,00,00,00,00,SAT_TAL:04
GAL_SNR:23,29,23,33,00,00,00,00,00,00,00,00,00,00,00,SNR_AVG:27.00
BEI_PRN:00,00,00,00,00,00,00,00,00,00,00,00,00,00,00,SAT_TAL:00
BEI_SNR:00,00,00,00,00,00,00,00,00,00,00,00,00,00,00,SNR_AVG:0.00
QZS_PRN:00,00,00,00,00,SAT_TAL:00
QZS_SNR:00,00,00,00,00,SNR_AVG:0.00
SatInView:17 GDOP:141
Roll:-96.517876 Pitch:-6.278825
X_AVG:1.541227 Y_AVG:-9.534478 Z_AVG:-1.409782
X_SD:0.069031 Y_SD:0.057139 Z_SD:0.089729
$MXCM10033,2,51,20240104,025653,12,0E70FF2D,47EFA6BC,00C7,0000,7404,0C,A203*1B
GPS_PRN:19526,28,31,29,10,25,16,03,19619932,19400,00,SAT_TAL:09
GPS_SNR:44,23,00,28,39,26,26,00,20,00,00,39,25,00,00,SNR_AVG:30.00
GLO_PRN:00,00,00,00,00,00,00,00,00,00,00,00,00,00,00,SAT_TAL:00
GLO_SNR:00,00,00,00,00,00,00,00,00,00,00,00,00,00,00,SNR_AVG:0.00
GAL_PRN:09,24,04,00,00,00,00,00,00,00,00,00,00,00,00,SAT_TAL:03
GAL_SNR:22,19,39,00,00,00,00,00,00,00,00,00,00,00,00,SNR_AVG:26.67
BEI_PRN:00,00,00,00,00,00,00,00,00,00,00,00,00,00,00,SAT_TAL:00
BEI_SNR:00,00,00,00,00,00,00,00,00,00,00,00,00,00,00,SNR_AVG:0.00
QZS_PRN:00,00,00,00,00,SAT_TAL:00
QZS_SNR:00,00,00,00,00,SNR_AVG:0.00
SatInView:16 GDOP:125
Roll:-96.517776 Pitch:-6.278730
X_AVG:1.538497 Y_AVG:-9.527199 Z_AVG:-1.407101
X_SD:0.072500 Y_SD:0.057582 Z_SD:0.098838
$MXCM10033,2,52,20240104,025708,12,0E70FE81,47EFA57F,00C7,0000,7404,0D,A203*1F
GPS_PRN:19528,26,31,29,10,25,16,03,19419619932,00,00,SAT_TAL:10
GPS_SNR:44,00,24,30,40,28,19,00,17,27,17,00,39,00,00,SNR_AVG:28.50
GLO_PRN:00,00,00,00,00,00,00,00,00,00,00,00,00,00,00,SAT_TAL:00
GLO_SNR:00,00,00,00,00,00,00,00,00,00,00,00,00,00,00,SNR_AVG:0.00
GAL_PRN:09,31,24,04,00,00,00,00,00,00,00,00,00,00,00,SAT_TAL:04
GAL_SNR:27,23,21,39,00,00,00,00,00,00,00,00,00,00,00,SNR_AVG:27.50
BEI_PRN:00,00,00,00,00,00,00,00,00,00,00,00,00,00,00,SAT_TAL:00
BEI_SNR:00,00,00,00,00,00,00,00,00,00,00,00,00,00,00,SNR_AVG:0.00
QZS_PRN:00,00,00,00,00,SAT_TAL:00
QZS_SNR:00,00,00,00,00,SNR_AVG:0.00
SatInView:17 GDOP:124
Roll:-96.517876 Pitch:-6.278825
X_AVG:1.532272 Y_AVG:-9.534909 Z_AVG:-1.404132
X_SD:0.066424 Y_SD:0.060736 Z_SD:0.097232
$MXCM10033,2,53,20240104,025924,12,0E70FF20,47EFA199,00C7,0000,7587,0D,A203*69
GPS_PRN:19526,28,31,29,10,25,16,03,19619932,19400,00,SAT_TAL:11
GPS_SNR:42,20,00,24,42,19,30,24,20,17,00,33,28,00,00,SNR_AVG:27.18
GLO_PRN:00,00,00,00,00,00,00,00,00,00,00,00,00,00,00,SAT_TAL:00
GLO_SNR:00,00,00,00,00,00,00,00,00,00,00,00,00,00,00,SNR_AVG:0.00
GAL_PRN:09,24,04,00,00,00,00,00,00,00,00,00,00,00,00,SAT_TAL:02
GAL_SNR:00,25,30,00,00,00,00,00,00,00,00,00,00,00,00,SNR_AVG:27.50
BEI_PRN:00,00,00,00,00,00,00,00,00,00,00,00,00,00,00,SAT_TAL:00
BEI_SNR:00,00,00,00,00,00,00,00,00,00,00,00,00,00,00,SNR_AVG:0.00
QZS_PRN:00,00,00,00,00,SAT_TAL:00
QZS_SNR:00,00,00,00,00,SNR_AVG:0.00
SatInView:16 GDOP:120
Roll:-96.517776 Pitch:-6.278730
X_AVG:1.524658 Y_AVG:-9.535483 Z_AVG:-1.401977
X_SD:0.075676 Y_SD:0.060663 Z_SD:0.086048
$MXCM10033,2,54,20240104,025939,12,0E70FEB0,47EFA10E,00C7,0000,7587,0F,A203*66
GPS_PRN:19526,28,31,29,10,25,16,03,19419619932,00,00,SAT_TAL:13
GPS_SNR:42,25,19,25,42,20,31,24,20,28,18,17,31,00,00,SNR_AVG:26.31
GLO_PRN:00,00,00,00,00,00,00,00,00,00,00,00,00,00,00,SAT_TAL:00
GLO_SNR:00,00,00,00,00,00,00,00,00,00,00,00,00,00,00,SNR_AVG:0.00
GAL_PRN:09,31,24,04,00,00,00,00,00,00,00,00,00,00,00,SAT_TAL:04
GAL_SNR:18,28,19,27,00,00,00,00,00,00,00,00,00,00,00,SNR_AVG:23.00
BEI_PRN:00,00,00,00,00,00,00,00,00,00,00,00,00,00,00,SAT_TAL:00
BEI_SNR:00,00,00,00,00,00,00,00,00,00,00,00,00,00,00,SNR_AVG:0.00
QZS_PRN:00,00,00,00,00,SAT_TAL:00
QZS_SNR:00,00,00,00,00,SNR_AVG:0.00
SatInView:17 GDOP:117
Roll:-96.517876 Pitch:-6.278825
X_AVG:1.525137 Y_AVG:-9.532802 Z_AVG:-1.399487
X_SD:0.071839 Y_SD:0.066266 Z_SD:0.093435
$MXCM10033,2,55,20240104,030155,12,0E710000,47EFA1EB,00C6,0000,7D7C,0D,A203*6A
GPS_PRN:19526,28,31,29,16,10,25,03,19419619932,00,00,SAT_TAL:11
GPS_SNR:44,00,26,26,39,20,20,33,18,26,25,00,37,00,00,SNR_AVG:28.55
GLO_PRN:00,00,00,00,00,00,00,00,00,00,00,00,00,00,00,SAT_TAL:00
GLO_SNR:00,00,00,00,00,00,00,00,00,00,00,00,00,00,00,SNR_AVG:0.00
GAL_PRN:09,24,31,04,00,00,00,00,00,00,00,00,00,00,00,SAT_TAL:03
GAL_SNR:00,20,23,38,00,00,00,00,00,00,00,00,00,00,00,SNR_AVG:27.00
BEI_PRN:00,00,00,00,00,00,00,00,00,00,00,00,00,00,00,SAT_TAL:00
BEI_SNR:00,00,00,00,00,00,00,00,00,00,00,00,00,00,00,SNR_AVG:0.00
QZS_PRN:00,00,00,00,00,SAT_TAL:00
QZS_SNR:00,00,00,00,00,SNR_AVG:0.00
SatInView:17 GDOP:121
Roll:-96.517776 Pitch:-6.278730
X_AVG:1.517811 Y_AVG:-9.534047 Z_AVG:-1.412224
X_SD:0.072476 Y_SD:0.056917 Z_SD:0.092886
$MXCM10033,2,56,20240104,030210,12,0E70FFB9,47EFA15B,00C6,0000,7D7C,0F,A203*63
GPS_PRN:32,26,28,31,29,16,10,25,03,19419619919500,00,SAT_TAL:13
GPS_SNR:37,15,26,21,40,20,25,36,16,29,23,17,44,00,00,SNR_AVG:26.85
GLO_PRN:00,00,00,00,00,00,00,00,00,00,00,00,00,00,00,SAT_TAL:00
GLO_SNR:00,00,00,00,00,00,00,00,00,00,00,00,00,00,00,SNR_AVG:0.00
GAL_PRN:25,09,24,31,04,00,00,00,00,00,00,00,00,00,00,SAT_TAL:05
GAL_SNR:16,16,22,22,38,00,00,00,00,00,00,00,00,00,00,SNR_AVG:22.80
BEI_PRN:00,00,00,00,00,00,00,00,00,00,00,00,00,00,00,SAT_TAL:00
BEI_SNR:00,00,00,00,00,00,00,00,00,00,00,00,00,00,00,SNR_AVG:0.00
QZS_PRN:00,00,00,00,00,SAT_TAL:00
QZS_SNR:00,00,00,00,00,SNR_AVG:0.00
SatInView:18 GDOP:117
Roll:-96.517876 Pitch:-6.278825
X_AVG:1.523461 Y_AVG:-9.533520 Z_AVG:-1.417204
X_SD:0.072069 Y_SD:0.062580 Z_SD:0.083622
$MXCM10033,2,57,20240104,030426,12,0E71007D,47EF9F0B,00C6,0000,6F10,0D,A203*16
GPS_PRN:19526,28,31,29,16,10,25,03,19419619932,00,00,SAT_TAL:11
GPS_SNR:44,25,23,20,39,22,19,33,18,17,00,00,26,00,00,SNR_AVG:26.00
GLO_PRN:00,00,00,00,00,00,00,00,00,00,00,00,00,00,00,SAT_TAL:00
GLO_SNR:00,00,00,00,00,00,00,00,00,00,00,00,00,00,00,SNR_AVG:0.00
GAL_PRN:09,24,31,04,00,00,00,00,00,00,00,00,00,00,00,SAT_TAL:04
GAL_SNR:20,21,23,37,00,00,00,00,00,00,00,00,00,00,00,SNR_AVG:25.25
BEI_PRN:00,00,00,00,00,00,00,00,00,00,00,00,00,00,00,SAT_TAL:00
BEI_SNR:00,00,00,00,00,00,00,00,00,00,00,00,00,00,00,SNR_AVG:0.00
QZS_PRN:00,00,00,00,00,SAT_TAL:00
QZS_SNR:00,00,00,00,00,SNR_AVG:0.00
SatInView:17 GDOP:132
Roll:-96.517776 Pitch:-6.278730
X_AVG:1.511538 Y_AVG:-9.527391 Z_AVG:-1.425919
X_SD:0.071335 Y_SD:0.063424 Z_SD:0.092028
$MXCM10033,2,58,20240104,030441,12,0E710135,47EF9E97,00C6,0000,6F10,0F,A203*11
GPS_PRN:19526,28,31,29,16,10,25,03,19419619932,00,00,SAT_TAL:13
GPS_SNR:44,23,19,28,37,24,20,31,19,22,20,19,18,00,00,SNR_AVG:24.92
GLO_PRN:00,00,00,00,00,00,00,00,00,00,00,00,00,00,00,SAT_TAL:00
GLO_SNR:00,00,00,00,00,00,00,00,00,00,00,00,00,00,00,SNR_AVG:0.00
GAL_PRN:09,24,31,04,00,00,00,00,00,00,00,00,00,00,00,SAT_TAL:04
GAL_SNR:22,19,21,37,00,00,00,00,00,00,00,00,00,00,00,SNR_AVG:24.75
BEI_PRN:00,00,00,00,00,00,00,00,00,00,00,00,00,00,00,SAT_TAL:00
BEI_SNR:00,00,00,00,00,00,00,00,00,00,00,00,00,00,00,SNR_AVG:0.00
QZS_PRN:00,00,00,00,00,SAT_TAL:00
QZS_SNR:00,00,00,00,00,SNR_AVG:0.00
SatInView:17 GDOP:117
Roll:-96.517876 Pitch:-6.278825
X_AVG:1.510245 Y_AVG:-9.525092 Z_AVG:-1.417300
X_SD:0.072805 Y_SD:0.060361 Z_SD:0.087277
$MXCM10033,2,59,20240104,030657,12,0E70FE84,47EFA363,00C6,0000,69A9,0D,A203*1D
GPS_PRN:19526,28,31,29,16,10,25,19619932,19400,00,00,SAT_TAL:10
GPS_SNR:44,16,00,21,37,24,35,34,24,00,35,26,00,00,00,SNR_AVG:29.60
GLO_PRN:00,00,00,00,00,00,00,00,00,00,00,00,00,00,00,SAT_TAL:00
GLO_SNR:00,00,00,00,00,00,00,00,00,00,00,00,00,00,00,SNR_AVG:0.00
GAL_PRN:09,24,04,00,00,00,00,00,00,00,00,00,00,00,00,SAT_TAL:03
GAL_SNR:20,22,37,00,00,00,00,00,00,00,00,00,00,00,00,SNR_AVG:26.33
BEI_PRN:00,00,00,00,00,00,00,00,00,00,00,00,00,00,00,SAT_TAL:00
BEI_SNR:00,00,00,00,00,00,00,00,00,00,00,00,00,00,00,SNR_AVG:0.00
QZS_PRN:00,00,00,00,00,SAT_TAL:00
QZS_SNR:00,00,00,00,00,SNR_AVG:0.00
SatInView:15 GDOP:133
Roll:-96.517776 Pitch:-6.278730
X_AVG:1.490373 Y_AVG:-9.526768 Z_AVG:-1.430852
X_SD:0.068545 Y_SD:0.058329 Z_SD:0.086268
$MXCM10033,2,60,20240104,030712,12,0E70FDF9,47EFA339,00C5,0000,69A9,0D,A203*69
GPS_PRN:32,26,28,31,29,16,10,25,19419619919500,00,00,SAT_TAL:10
GPS_SNR:38,25,00,23,39,22,35,35,31,26,00,44,00,00,00,SNR_AVG:31.80
GLO_PRN:00,00,00,00,00,00,00,00,00,00,00,00,00,00,00,SAT_TAL:00
GLO_SNR:00,00,00,00,00,00,00,00,00,00,00,00,00,00,00,SNR_AVG:0.00
GAL_PRN:09,24,31,04,00,00,00,00,00,00,00,00,00,00,00,SAT_TAL:04
GAL_SNR:25,25,21,37,00,00,00,00,00,00,00,00,00,00,00,SNR_AVG:27.00
BEI_PRN:00,00,00,00,00,00,00,00,00,00,00,00,00,00,00,SAT_TAL:00
BEI_SNR:00,00,00,00,00,00,00,00,00,00,00,00,00,00,00,SNR_AVG:0.00
QZS_PRN:00,00,00,00,00,SAT_TAL:00
QZS_SNR:00,00,00,00,00,SNR_AVG:0.00
SatInView:16 GDOP:133
Roll:-96.517876 Pitch:-6.278825
X_AVG:1.503445 Y_AVG:-9.524901 Z_AVG:-1.421179
X_SD:0.073646 Y_SD:0.062299 Z_SD:0.089646
$MXCM10033,2,61,20240104,030928,12,0E7100B8,47EFA35E,00C5,0000,1296,0E,A203*69
GPS_PRN:19526,28,31,29,16,10,25,03,19419919632,00,00,SAT_TAL:11
GPS_SNR:43,19,00,23,28,18,28,30,24,29,00,16,32,00,00,SNR_AVG:26.36
GLO_PRN:00,00,00,00,00,00,00,00,00,00,00,00,00,00,00,SAT_TAL:00
GLO_SNR:00,00,00,00,00,00,00,00,00,00,00,00,00,00,00,SNR_AVG:0.00
GAL_PRN:09,24,31,04,00,00,00,00,00,00,00,00,00,00,00,SAT_TAL:04
GAL_SNR:23,18,30,39,00,00,00,00,00,00,00,00,00,00,00,SNR_AVG:27.50
BEI_PRN:00,00,00,00,00,00,00,00,00,00,00,00,00,00,00,SAT_TAL:00
BEI_SNR:00,00,00,00,00,00,00,00,00,00,00,00,00,00,00,SNR_AVG:0.00
QZS_PRN:00,00,00,00,00,SAT_TAL:00
QZS_SNR:00,00,00,00,00,SNR_AVG:0.00
SatInView:17 GDOP:119
Roll:-96.517776 Pitch:-6.278730
X_AVG:1.503733 Y_AVG:-9.522219 Z_AVG:-1.427883
X_SD:0.073653 Y_SD:0.059340 Z_SD:0.089853
$MXCM10033,2,62,20240104,030943,12,0E70FFFC,47EFA22F,00C5,0000,1296,0E,A203*1C
GPS_PRN:19526,28,31,29,16,10,25,03,19419919632,00,00,SAT_TAL:11
GPS_SNR:43,24,00,25,36,20,30,33,24,30,00,15,35,00,00,SNR_AVG:28.64
GLO_PRN:00,00,00,00,00,00,00,00,00,00,00,00,00,00,00,SAT_TAL:00
GLO_SNR:00,00,00,00,00,00,00,00,00,00,00,00,00,00,00,SNR_AVG:0.00
GAL_PRN:09,24,31,04,00,00,00,00,00,00,00,00,00,00,00,SAT_TAL:04
GAL_SNR:23,18,31,39,00,00,00,00,00,00,00,00,00,00,00,SNR_AVG:27.75
BEI_PRN:00,00,00,00,00,00,00,00,00,00,00,00,00,00,00,SAT_TAL:00
BEI_SNR:00,00,00,00,00,00,00,00,00,00,00,00,00,00,00,SNR_AVG:0.00
QZS_PRN:00,00,00,00,00,SAT_TAL:00
QZS_SNR:00,00,00,00,00,SNR_AVG:0.00
SatInView:17 GDOP:119
Roll:-96.517876 Pitch:-6.278825
X_AVG:1.505265 Y_AVG:-9.531269 Z_AVG:-1.438801
X_SD:0.066816 Y_SD:0.057218 Z_SD:0.085739
$MXCM10033,2,63,20240104,031158,12,0E70FEA7,47EF9FBA,00C5,0000,666E,0D,A203*6B
GPS_PRN:32,26,28,31,29,16,10,25,19419919619500,00,00,SAT_TAL:12
GPS_SNR:32,27,20,24,42,12,26,34,28,15,20,42,00,00,00,SNR_AVG:26.83
GLO_PRN:00,00,00,00,00,00,00,00,00,00,00,00,00,00,00,SAT_TAL:00
GLO_SNR:00,00,00,00,00,00,00,00,00,00,00,00,00,00,00,SNR_AVG:0.00
GAL_PRN:09,24,31,04,00,00,00,00,00,00,00,00,00,00,00,SAT_TAL:03
GAL_SNR:27,00,25,31,00,00,00,00,00,00,00,00,00,00,00,SNR_AVG:27.67
BEI_PRN:00,00,00,00,00,00,00,00,00,00,00,00,00,00,00,SAT_TAL:00
BEI_SNR:00,00,00,00,00,00,00,00,00,00,00,00,00,00,00,SNR_AVG:0.00
QZS_PRN:00,00,00,00,00,SAT_TAL:00
QZS_SNR:00,00,00,00,00,SNR_AVG:0.00
SatInView:16 GDOP:132
Roll:-96.517776 Pitch:-6.278730
X_AVG:1.490373 Y_AVG:-9.523656 Z_AVG:-1.418880
X_SD:0.071035 Y_SD:0.057570 Z_SD:0.097244
$MXCM10033,2,64,20240104,031213,12,0E70FE90,47EF9F43,00C5,0000,666E,0E,A203*1A
GPS_PRN:32,26,28,31,29,16,10,25,19419919619500,00,00,SAT_TAL:12
GPS_SNR:35,21,25,28,42,20,28,35,30,17,16,40,00,00,00,SNR_AVG:28.08
GLO_PRN:00,00,00,00,00,00,00,00,00,00,00,00,00,00,00,SAT_TAL:00
GLO_SNR:00,00,00,00,00,00,00,00,00,00,00,00,00,00,00,SNR_AVG:0.00
GAL_PRN:09,24,31,04,00,00,00,00,00,00,00,00,00,00,00,SAT_TAL:04
GAL_SNR:24,21,24,35,00,00,00,00,00,00,00,00,00,00,00,SNR_AVG:26.00
BEI_PRN:00,00,00,00,00,00,00,00,00,00,00,00,00,00,00,SAT_TAL:00
BEI_SNR:00,00,00,00,00,00,00,00,00,00,00,00,00,00,00,SNR_AVG:0.00
QZS_PRN:00,00,00,00,00,SAT_TAL:00
QZS_SNR:00,00,00,00,00,SNR_AVG:0.00
SatInView:16 GDOP:130
Roll:-96.517876 Pitch:-6.278825
X_AVG:1.499184 Y_AVG:-9.517766 Z_AVG:-1.422903
X_SD:0.073785 Y_SD:0.058772 Z_SD:0.086190
$MXCM10033,2,65,20240104,031429,12,0E70FD8C,47EFA434,00C4,0000,658E,0A,A203*65
GPS_PRN:32,26,28,31,16,29,10,25,19419919619500,00,00,SAT_TAL:08
GPS_SNR:36,00,27,00,26,36,31,36,30,00,00,42,00,00,00,SNR_AVG:33.00
GLO_PRN:00,00,00,00,00,00,00,00,00,00,00,00,00,00,00,SAT_TAL:00
GLO_SNR:00,00,00,00,00,00,00,00,00,00,00,00,00,00,00,SNR_AVG:0.00
GAL_PRN:25,09,24,31,04,00,00,00,00,00,00,00,00,00,00,SAT_TAL:02
GAL_SNR:00,00,24,00,37,00,00,00,00,00,00,00,00,00,00,SNR_AVG:30.50
BEI_PRN:00,00,00,00,00,00,00,00,00,00,00,00,00,00,00,SAT_TAL:00
BEI_SNR:00,00,00,00,00,00,00,00,00,00,00,00,00,00,00,SNR_AVG:0.00
QZS_PRN:00,00,00,00,00,SAT_TAL:00
QZS_SNR:00,00,00,00,00,SNR_AVG:0.00
SatInView:17 GDOP:147
Roll:-96.517776 Pitch:-6.278730
X_AVG:1.499902 Y_AVG:-9.526289 Z_AVG:-1.441626
X_SD:0.070816 Y_SD:0.063010 Z_SD:0.091839
$MXCM10033,2,66,20240104,031444,12,0E70FE01,47EFA399,00C4,0000,658E,0E,A203*12
GPS_PRN:32,26,28,31,16,29,10,25,19419919619500,00,00,SAT_TAL:11
GPS_SNR:31,29,23,20,20,31,29,33,31,00,17,42,00,00,00,SNR_AVG:27.82
GLO_PRN:00,00,00,00,00,00,00,00,00,00,00,00,00,00,00,SAT_TAL:00
GLO_SNR:00,00,00,00,00,00,00,00,00,00,00,00,00,00,00,SNR_AVG:0.00
GAL_PRN:09,24,31,04,00,00,00,00,00,00,00,00,00,00,00,SAT_TAL:04
GAL_SNR:20,21,16,39,00,00,00,00,00,00,00,00,00,00,00,SNR_AVG:24.00
BEI_PRN:00,00,00,00,00,00,00,00,00,00,00,00,00,00,00,SAT_TAL:00
BEI_SNR:00,00,00,00,00,00,00,00,00,00,00,00,00,00,00,SNR_AVG:0.00
QZS_PRN:00,00,00,00,00,SAT_TAL:00
QZS_SNR:00,00,00,00,00,SNR_AVG:0.00
SatInView:16 GDOP:130
Roll:-96.517876 Pitch:-6.278825
X_AVG:1.494203 Y_AVG:-9.525619 Z_AVG:-1.441530
X_SD:0.076238 Y_SD:0.059672 Z_SD:0.089564
$MXCM10033,2,67,20240104,031659,12,0E70FE41,47EFA652,00C4,0000,0000,0C,A203*63
GPS_PRN:32,26,28,31,16,29,10,03,25,19419919619500,00,SAT_TAL:11
GPS_SNR:34,19,18,25,00,30,35,21,28,30,00,15,38,00,00,SNR_AVG:26.64
GLO_PRN:00,00,00,00,00,00,00,00,00,00,00,00,00,00,00,SAT_TAL:00
GLO_SNR:00,00,00,00,00,00,00,00,00,00,00,00,00,00,00,SNR_AVG:0.00
GAL_PRN:25,09,24,31,04,00,00,00,00,00,00,00,00,00,00,SAT_TAL:01
GAL_SNR:00,00,00,00,37,00,00,00,00,00,00,00,00,00,00,SNR_AVG:37.00
BEI_PRN:00,00,00,00,00,00,00,00,00,00,00,00,00,00,00,SAT_TAL:00
BEI_SNR:00,00,00,00,00,00,00,00,00,00,00,00,00,00,00,SNR_AVG:0.00
QZS_PRN:00,00,00,00,00,SAT_TAL:00
QZS_SNR:00,00,00,00,00,SNR_AVG:0.00
SatInView:18 GDOP:125
Roll:-96.517776 Pitch:-6.278730
X_AVG:1.501099 Y_AVG:-9.521788 Z_AVG:-1.440716
X_SD:0.073245 Y_SD:0.059547 Z_SD:0.089280
$MXCM10033,2,68,20240104,031714,12,0E70FEDF,47EFA3DB,00C3,0000,0000,0E,A203*66
GPS_PRN:19526,28,31,16,29,10,03,25,19919632,19400,00,SAT_TAL:12
GPS_SNR:32,27,13,18,00,34,35,20,29,17,20,38,31,00,00,SNR_AVG:26.17
GLO_PRN:00,00,00,00,00,00,00,00,00,00,00,00,00,00,00,SAT_TAL:00
GLO_SNR:00,00,00,00,00,00,00,00,00,00,00,00,00,00,00,SNR_AVG:0.00
GAL_PRN:09,24,04,00,00,00,00,00,00,00,00,00,00,00,00,SAT_TAL:03
GAL_SNR:17,16,38,00,00,00,00,00,00,00,00,00,00,00,00,SNR_AVG:23.67
BEI_PRN:00,00,00,00,00,00,00,00,00,00,00,00,00,00,00,SAT_TAL:00
BEI_SNR:00,00,00,00,00,00,00,00,00,00,00,00,00,00,00,SNR_AVG:0.00
QZS_PRN:00,00,00,00,00,SAT_TAL:00
QZS_SNR:00,00,00,00,00,SNR_AVG:0.00
SatInView:16 GDOP:121
Roll:-96.517876 Pitch:-6.278825
X_AVG:1.491426 Y_AVG:-9.521070 Z_AVG:-1.436406
X_SD:0.069739 Y_SD:0.056815 Z_SD:0.093441
$MXCM10033,2,69,20240104,031930,12,0E70FD19,47EFA50E,00C4,0000,556F,0E,A203*66
GPS_PRN:32,26,28,31,16,29,10,25,19419919619500,00,00,SAT_TAL:12
GPS_SNR:40,26,19,29,23,38,30,26,17,18,24,40,00,00,00,SNR_AVG:27.50
GLO_PRN:00,00,00,00,00,00,00,00,00,00,00,00,00,00,00,SAT_TAL:00
GLO_SNR:00,00,00,00,00,00,00,00,00,00,00,00,00,00,00,SNR_AVG:0.00
GAL_PRN:09,24,31,04,00,00,00,00,00,00,00,00,00,00,00,SAT_TAL:04
GAL_SNR:13,20,25,35,00,00,00,00,00,00,00,00,00,00,00,SNR_AVG:23.25
BEI_PRN:00,00,00,00,00,00,00,00,00,00,00,00,00,00,00,SAT_TAL:00
BEI_SNR:00,00,00,00,00,00,00,00,00,00,00,00,00,00,00,SNR_AVG:0.00
QZS_PRN:00,00,00,00,00,SAT_TAL:00
QZS_SNR:00,00,00,00,00,SNR_AVG:0.00
SatInView:16 GDOP:130
Roll:-96.517776 Pitch:-6.278730
X_AVG:1.498657 Y_AVG:-9.520639 Z_AVG:-1.438609
X_SD:0.071334 Y_SD:0.059278 Z_SD:0.095903
$MXCM10033,2,70,20240104,031945,12,0E70FE05,47EFA330,00C3,0000,556F,0C,A203*11
GPS_PRN:32,26,28,31,16,29,10,25,19419919619500,00,00,SAT_TAL:10
GPS_SNR:40,24,22,27,00,39,27,23,26,00,24,40,00,00,00,SNR_AVG:29.20
GLO_PRN:00,00,00,00,00,00,00,00,00,00,00,00,00,00,00,SAT_TAL:00
GLO_SNR:00,00,00,00,00,00,00,00,00,00,00,00,00,00,00,SNR_AVG:0.00
GAL_PRN:09,24,31,04,00,00,00,00,00,00,00,00,00,00,00,SAT_TAL:03
GAL_SNR:00,18,22,38,00,00,00,00,00,00,00,00,00,00,00,SNR_AVG:26.00
BEI_PRN:00,00,00,00,00,00,00,00,00,00,00,00,00,00,00,SAT_TAL:00
BEI_SNR:00,00,00,00,00,00,00,00,00,00,00,00,00,00,00,SNR_AVG:0.00
QZS_PRN:00,00,00,00,00,SAT_TAL:00
QZS_SNR:00,00,00,00,00,SNR_AVG:0.00
SatInView:16 GDOP:138
Roll:-96.517876 Pitch:-6.278825
X_AVG:1.481418 Y_AVG:-9.525906 Z_AVG:-1.437172
X_SD:0.074630 Y_SD:0.064375 Z_SD:0.094851
$MXCM10033,2,71,20240104,032200,00,0E70FE0D,47EFA32A,00C3,0000,0000,00,A203*18
GPS_PRN:16,10,19419600,00,00,00,00,00,00,00,00,00,00,SAT_TAL:02
GPS_SNR:18,20,00,00,00,00,00,00,00,00,00,00,00,00,00,SNR_AVG:19.00
GLO_PRN:00,00,00,00,00,00,00,00,00,00,00,00,00,00,00,SAT_TAL:00
GLO_SNR:00,00,00,00,00,00,00,00,00,00,00,00,00,00,00,SNR_AVG:0.00
GAL_PRN:04,25,09,31,00,00,00,00,00,00,00,00,00,00,00,SAT_TAL:00
GAL_SNR:00,00,00,00,00,00,00,00,00,00,00,00,00,00,00,SNR_AVG:0.00
BEI_PRN:00,00,00,00,00,00,00,00,00,00,00,00,00,00,00,SAT_TAL:00
BEI_SNR:00,00,00,00,00,00,00,00,00,00,00,00,00,00,00,SNR_AVG:0.00
QZS_PRN:00,00,00,00,00,SAT_TAL:00
QZS_SNR:00,00,00,00,00,SNR_AVG:0.00
SatInView:8 GDOP:16794
Roll:-85.411049 Pitch:25.232328
X_AVG:-5.371787 Y_AVG:-7.498695 Z_AVG:-0.432066
X_SD:1.544362 Y_SD:1.238964 Z_SD:0.858922
$MXCM10033,2,72,20240104,032215,12,0E70FCA0,47EF789F,00C3,0000,2272,0A,A203*1A
GPS_PRN:19526,28,31,16,29,03,10,25,19919632,19400,00,SAT_TAL:10
GPS_SNR:18,18,16,18,20,16,19,17,16,00,00,18,00,00,00,SNR_AVG:17.60
GLO_PRN:00,00,00,00,00,00,00,00,00,00,00,00,00,00,00,SAT_TAL:00
GLO_SNR:00,00,00,00,00,00,00,00,00,00,00,00,00,00,00,SNR_AVG:0.00
GAL_PRN:09,24,04,00,00,00,00,00,00,00,00,00,00,00,00,SAT_TAL:00
GAL_SNR:00,00,00,00,00,00,00,00,00,00,00,00,00,00,00,SNR_AVG:0.00
BEI_PRN:00,00,00,00,00,00,00,00,00,00,00,00,00,00,00,SAT_TAL:00
BEI_SNR:00,00,00,00,00,00,00,00,00,00,00,00,00,00,00,SNR_AVG:0.00
QZS_PRN:00,00,00,00,00,SAT_TAL:00
QZS_SNR:00,00,00,00,00,SNR_AVG:0.00
SatInView:16 GDOP:127
Roll:-86.288071 Pitch:-9.575149
X_AVG:0.831667 Y_AVG:-9.147711 Z_AVG:-0.685570
X_SD:1.708944 Y_SD:2.319879 Z_SD:1.736334
$MXCM10033,2,73,20240104,032430,00,0E70FB66,47EF78DA,00C3,0000,0000,00,A202*66
GPS_PRN:31,29,19600,00,00,00,00,00,00,00,00,00,00,00,SAT_TAL:00
GPS_SNR:00,00,00,00,00,00,00,00,00,00,00,00,00,00,00,SNR_AVG:0.00
GLO_PRN:00,00,00,00,00,00,00,00,00,00,00,00,00,00,00,SAT_TAL:00
GLO_SNR:00,00,00,00,00,00,00,00,00,00,00,00,00,00,00,SNR_AVG:0.00
GAL_PRN:00,00,00,00,00,00,00,00,00,00,00,00,00,00,00,SAT_TAL:00
GAL_SNR:00,00,00,00,00,00,00,00,00,00,00,00,00,00,00,SNR_AVG:0.00
BEI_PRN:00,00,00,00,00,00,00,00,00,00,00,00,00,00,00,SAT_TAL:00
BEI_SNR:00,00,00,00,00,00,00,00,00,00,00,00,00,00,00,SNR_AVG:0.00
QZS_PRN:00,00,00,00,00,SAT_TAL:00
QZS_SNR:00,00,00,00,00,SNR_AVG:0.00
SatInView:3 GDOP:17319
Roll:180.000015 Pitch:21.102161
X_AVG:-2.008440 Y_AVG:-0.226640 Z_AVG:-10.058675
X_SD:0.075406 Y_SD:0.061935 Z_SD:0.090763
$MXCM10033,2,74,20240104,032445,00,0E70FB66,47EF78DA,00C3,0000,0000,00,A202*63
GPS_PRN:32,19900,00,00,00,00,00,00,00,00,00,00,00,00,SAT_TAL:00
GPS_SNR:00,00,00,00,00,00,00,00,00,00,00,00,00,00,00,SNR_AVG:0.00
GLO_PRN:00,00,00,00,00,00,00,00,00,00,00,00,00,00,00,SAT_TAL:00
GLO_SNR:00,00,00,00,00,00,00,00,00,00,00,00,00,00,00,SNR_AVG:0.00
GAL_PRN:00,00,00,00,00,00,00,00,00,00,00,00,00,00,00,SAT_TAL:00
GAL_SNR:00,00,00,00,00,00,00,00,00,00,00,00,00,00,00,SNR_AVG:0.00
BEI_PRN:00,00,00,00,00,00,00,00,00,00,00,00,00,00,00,SAT_TAL:00
BEI_SNR:00,00,00,00,00,00,00,00,00,00,00,00,00,00,00,SNR_AVG:0.00
QZS_PRN:00,00,00,00,00,SAT_TAL:00
QZS_SNR:00,00,00,00,00,SNR_AVG:0.00
SatInView:2 GDOP:17319
Roll:180.000015 Pitch:21.305555
X_AVG:-2.023572 Y_AVG:-0.217829 Z_AVG:-10.051923
X_SD:0.068117 Y_SD:0.063179 Z_SD:0.090947
$MXCM10033,2,75,20240104,032700,00,0E70FB66,47EF78DA,00C3,0000,0000,00,A202*60
GPS_PRN:28,31,16,00,00,00,00,00,00,00,00,00,00,00,00,SAT_TAL:00
GPS_SNR:00,00,00,00,00,00,00,00,00,00,00,00,00,00,00,SNR_AVG:0.00
GLO_PRN:00,00,00,00,00,00,00,00,00,00,00,00,00,00,00,SAT_TAL:00
GLO_SNR:00,00,00,00,00,00,00,00,00,00,00,00,00,00,00,SNR_AVG:0.00
GAL_PRN:00,00,00,00,00,00,00,00,00,00,00,00,00,00,00,SAT_TAL:00
GAL_SNR:00,00,00,00,00,00,00,00,00,00,00,00,00,00,00,SNR_AVG:0.00
BEI_PRN:00,00,00,00,00,00,00,00,00,00,00,00,00,00,00,SAT_TAL:00
BEI_SNR:00,00,00,00,00,00,00,00,00,00,00,00,00,00,00,SNR_AVG:0.00
QZS_PRN:00,00,00,00,00,SAT_TAL:00
QZS_SNR:00,00,00,00,00,SNR_AVG:0.00
SatInView:3 GDOP:17319
Roll:0.000000 Pitch:90.000000
X_AVG:-9.870104 Y_AVG:-0.038978 Z_AVG:0.574668
X_SD:0.084348 Y_SD:0.065960 Z_SD:0.095499
$MXCM10033,3*35
$MXCM001,10033,0*2B
======== Tracker Setting ========
[System]
COMPort:COM29
SerialNumber:MX231218CW000006
FirmwareVersion:231220163813_v1.0.CN
[Periodic]
Enable:1
Stage:2
WorkMode:0
T0:15
T1:270
T2:120
T3:30
T4:120
FirstFixStage:2
TraceFixStage:0
PeriodicCycle:30
[Dynamic]
Enable:0
PrecisionChk:0
T5:45
T6:175
[Geofencing]
Enable:0
T7:20
T8:60
DistanceThreshold:1000
DestinationLongitude:121.2237164
DestinationLatitude:24.9698319
DestinationAltitude:154
[MotionDetection]
Enable:1
Angle:45
DataRate:200
SampleFrequency:50
[GPS_EPO]
EpoDataNumber:12
FWN:2295
FTOW:259200
LWN:2295
LTOW:518400
[GLO_EPO]
EpoDataNumber:12
FWN:2295
FTOW:259200
LWN:2295
LTOW:518400
[GAL_EPO]
EpoDataNumber:0
FWN:0
FTOW:0
LWN:0
LTOW:0
[BEI_EPO]
EpoDataNumber:0
FWN:0
FTOW:0
LWN:0
LTOW:0
