$MXCM10033,0*36
$MXCM10033,1,92,212*0D
$MXCM10033,2,1,19800105,235956,00,35A4E8F5,00000000,0089,0000,0000,00,F102*2A
GPS_PRN:00,00,00,00,00,00,00,00,00,00,00,00,00,00,00,SAT_TAL:00
GPS_SNR:00,00,00,00,00,00,00,00,00,00,00,00,00,00,00,SNR_AVG:0.00
GLO_PRN:00,00,00,00,00,00,00,00,00,00,00,00,00,00,00,SAT_TAL:00
GLO_SNR:00,00,00,00,00,00,00,00,00,00,00,00,00,00,00,SNR_AVG:0.00
GAL_PRN:00,00,00,00,00,00,00,00,00,00,00,00,00,00,00,SAT_TAL:00
GAL_SNR:00,00,00,00,00,00,00,00,00,00,00,00,00,00,00,SNR_AVG:0.00
BEI_PRN:20,00,00,00,00,00,00,00,00,00,00,00,00,00,00,SAT_TAL:01
BEI_SNR:33,00,00,00,00,00,00,00,00,00,00,00,00,00,00,SNR_AVG:33.00
QZS_PRN:00,00,00,00,00,SAT_TAL:00
QZS_SNR:00,00,00,00,00,SNR_AVG:0.00
SatInView:1 GDOP:19998
Roll:157.488663 Pitch:43.136772
X_AVG:-8.993665 Y_AVG:4.290496 Z_AVG:-9.518149
X_SD:6.532345 Y_SD:7.862426 Z_SD:2.119443
$MXCM10033,2,2,19800106,000011,00,35A4E8F5,00000000,0089,0000,0000,00,F102*24
GPS_PRN:16,00,00,00,00,00,00,00,00,00,00,00,00,00,00,SAT_TAL:01
GPS_SNR:29,00,00,00,00,00,00,00,00,00,00,00,00,00,00,SNR_AVG:29.00
GLO_PRN:00,00,00,00,00,00,00,00,00,00,00,00,00,00,00,SAT_TAL:00
GLO_SNR:00,00,00,00,00,00,00,00,00,00,00,00,00,00,00,SNR_AVG:0.00
GAL_PRN:00,00,00,00,00,00,00,00,00,00,00,00,00,00,00,SAT_TAL:00
GAL_SNR:00,00,00,00,00,00,00,00,00,00,00,00,00,00,00,SNR_AVG:0.00
BEI_PRN:30,46,48,20,00,00,00,00,00,00,00,00,00,00,00,SAT_TAL:04
BEI_SNR:32,34,33,31,00,00,00,00,00,00,00,00,00,00,00,SNR_AVG:32.50
QZS_PRN:00,00,00,00,00,SAT_TAL:00
QZS_SNR:00,00,00,00,00,SNR_AVG:0.00
SatInView:5 GDOP:19998
Roll:106.139519 Pitch:45.255974
X_AVG:-6.609087 Y_AVG:5.881858 Z_AVG:-3.667273
X_SD:10.822466 Y_SD:8.154400 Z_SD:15.518321
$MXCM10033,2,3,19800110,062043,00,35A4E8F5,00000000,0089,0000,0000,00,F101*22
GPS_PRN:18,16,28,00,00,00,00,00,00,00,00,00,00,00,00,SAT_TAL:03
GPS_SNR:34,29,36,00,00,00,00,00,00,00,00,00,00,00,00,SNR_AVG:33.00
GLO_PRN:00,00,00,00,00,00,00,00,00,00,00,00,00,00,00,SAT_TAL:00
GLO_SNR:00,00,00,00,00,00,00,00,00,00,00,00,00,00,00,SNR_AVG:0.00
GAL_PRN:00,00,00,00,00,00,00,00,00,00,00,00,00,00,00,SAT_TAL:00
GAL_SNR:00,00,00,00,00,00,00,00,00,00,00,00,00,00,00,SNR_AVG:0.00
BEI_PRN:50,30,46,48,20,62,59,60,56,00,00,00,00,00,00,SAT_TAL:09
BEI_SNR:34,32,23,36,34,33,31,34,33,00,00,00,00,00,00,SNR_AVG:32.22
QZS_PRN:00,00,00,00,00,SAT_TAL:00
QZS_SNR:00,00,00,00,00,SNR_AVG:0.00
SatInView:12 GDOP:19998
Roll:132.387924 Pitch:44.121227
X_AVG:-9.216761 Y_AVG:6.963341 Z_AVG:-7.429214
X_SD:7.861357 Y_SD:8.192936 Z_SD:12.519382
$MXCM10033,2,4,19800110,062058,00,35A4E8F5,00000000,0089,0000,0000,00,F101*2F
GPS_PRN:16,09,26,31,28,18,08,00,00,00,00,00,00,00,00,SAT_TAL:07
GPS_SNR:27,34,31,35,34,36,36,00,00,00,00,00,00,00,00,SNR_AVG:33.29
GLO_PRN:00,00,00,00,00,00,00,00,00,00,00,00,00,00,00,SAT_TAL:00
GLO_SNR:00,00,00,00,00,00,00,00,00,00,00,00,00,00,00,SNR_AVG:0.00
GAL_PRN:00,00,00,00,00,00,00,00,00,00,00,00,00,00,00,SAT_TAL:00
GAL_SNR:00,00,00,00,00,00,00,00,00,00,00,00,00,00,00,SNR_AVG:0.00
BEI_PRN:62,60,59,48,20,56,50,30,46,00,00,00,00,00,00,SAT_TAL:09
BEI_SNR:33,33,30,34,35,31,34,34,29,00,00,00,00,00,00,SNR_AVG:32.56
QZS_PRN:00,00,00,00,00,SAT_TAL:00
QZS_SNR:00,00,00,00,00,SNR_AVG:0.00
SatInView:16 GDOP:19998
Roll:134.640564 Pitch:39.534786
X_AVG:-9.095660 Y_AVG:8.287073 Z_AVG:-8.778182
X_SD:7.859806 Y_SD:8.521714 Z_SD:12.126746
$MXCM10033,2,5,20240104,062113,12,0E999DB5,47EDEF01,0058,0007,8B1D,11,F102*27
GPS_PRN:04,31,08,26,19619509,28,18,27,16,00,00,00,00,SAT_TAL:10
GPS_SNR:39,26,37,33,25,00,37,28,32,38,35,00,00,00,00,SNR_AVG:33.00
GLO_PRN:77,67,65,75,76,66,00,00,00,00,00,00,00,00,00,SAT_TAL:06
GLO_SNR:26,37,30,35,37,40,00,00,00,00,00,00,00,00,00,SNR_AVG:34.17
GAL_PRN:05,25,24,10,09,36,00,00,00,00,00,00,00,00,00,SAT_TAL:05
GAL_SNR:36,39,36,00,25,29,00,00,00,00,00,00,00,00,00,SNR_AVG:33.00
BEI_PRN:20,09,27,10,28,20,30,50,46,48,62,60,59,56,19,SAT_TAL:13
BEI_SNR:34,00,32,00,34,37,34,36,37,37,26,38,28,37,37,SNR_AVG:34.38
QZS_PRN:00,00,00,00,00,SAT_TAL:00
QZS_SNR:00,00,00,00,00,SNR_AVG:0.00
SatInView:41 GDOP:159
Roll:143.771210 Pitch:29.427153
X_AVG:-8.359284 Y_AVG:7.762158 Z_AVG:-13.616195
X_SD:9.348542 Y_SD:9.102911 Z_SD:8.304034
$MXCM10033,2,6,20240104,062128,12,0E9975DF,47EE0EFD,0058,0007,09A2,11,F102*27
GPS_PRN:04,31,08,26,19619528,09,18,27,16,00,00,00,00,SAT_TAL:10
GPS_SNR:36,31,35,35,35,00,35,37,32,28,32,00,00,00,00,SNR_AVG:33.60
GLO_PRN:77,67,65,75,76,66,00,00,00,00,00,00,00,00,00,SAT_TAL:06
GLO_SNR:24,40,32,33,34,39,00,00,00,00,00,00,00,00,00,SNR_AVG:33.67
GAL_PRN:05,25,24,10,09,36,00,00,00,00,00,00,00,00,00,SAT_TAL:05
GAL_SNR:25,35,33,00,34,31,00,00,00,00,00,00,00,00,00,SNR_AVG:31.60
BEI_PRN:20,09,27,10,28,20,30,19,23,59,50,46,62,60,48,SAT_TAL:12
BEI_SNR:33,00,31,00,34,36,35,38,00,28,37,34,33,35,35,SNR_AVG:34.08
QZS_PRN:00,00,00,00,00,SAT_TAL:00
QZS_SNR:00,00,00,00,00,SNR_AVG:0.00
SatInView:41 GDOP:159
Roll:150.863037 Pitch:57.520061
X_AVG:-5.640374 Y_AVG:2.665949 Z_AVG:-10.361787
X_SD:6.621877 Y_SD:5.600684 Z_SD:7.391921
$MXCM10033,2,7,20240104,062143,12,0E9987CA,47EE103F,006A,0010,3730,11,F102*24
GPS_PRN:04,31,08,26,19619528,09,18,27,16,00,00,00,00,SAT_TAL:10
GPS_SNR:27,39,24,37,32,00,35,36,36,36,38,00,00,00,00,SNR_AVG:34.00
GLO_PRN:77,67,65,75,76,66,00,00,00,00,00,00,00,00,00,SAT_TAL:05
GLO_SNR:24,36,00,37,41,33,00,00,00,00,00,00,00,00,00,SNR_AVG:34.20
GAL_PRN:05,25,24,10,09,36,00,00,00,00,00,00,00,00,00,SAT_TAL:06
GAL_SNR:24,29,37,33,31,26,00,00,00,00,00,00,00,00,00,SNR_AVG:30.00
BEI_PRN:20,09,27,10,28,20,30,19,23,59,50,46,62,60,48,SAT_TAL:12
BEI_SNR:30,00,32,00,37,33,33,34,00,28,32,33,33,32,34,SNR_AVG:32.58
QZS_PRN:00,00,00,00,00,SAT_TAL:00
QZS_SNR:00,00,00,00,00,SNR_AVG:0.00
SatInView:41 GDOP:171
Roll:166.075760 Pitch:54.791729
X_AVG:-7.481792 Y_AVG:4.110400 Z_AVG:-11.543636
X_SD:7.848523 Y_SD:8.501393 Z_SD:8.841801
$MXCM10033,2,8,20240104,062158,12,0E99544B,47EE1B4D,0077,000B,251A,14,F102*5D
GPS_PRN:04,31,08,26,19619509,28,18,27,16,00,00,00,00,SAT_TAL:10
GPS_SNR:36,30,33,37,26,00,38,34,35,36,37,00,00,00,00,SNR_AVG:34.20
GLO_PRN:77,67,65,75,76,66,00,00,00,00,00,00,00,00,00,SAT_TAL:06
GLO_SNR:26,39,31,35,39,37,00,00,00,00,00,00,00,00,00,SNR_AVG:34.50
GAL_PRN:05,25,24,10,09,36,00,00,00,00,00,00,00,00,00,SAT_TAL:06
GAL_SNR:27,36,35,32,23,30,00,00,00,00,00,00,00,00,00,SNR_AVG:30.50
BEI_PRN:20,09,27,10,28,20,30,19,23,59,50,46,62,60,48,SAT_TAL:12
BEI_SNR:34,00,26,00,37,35,33,36,00,24,36,39,29,34,34,SNR_AVG:33.08
QZS_PRN:00,00,00,00,00,SAT_TAL:00
QZS_SNR:00,00,00,00,00,SNR_AVG:0.00
SatInView:41 GDOP:156
Roll:161.743881 Pitch:43.316467
X_AVG:-5.050814 Y_AVG:1.777443 Z_AVG:-8.325142
X_SD:6.720069 Y_SD:6.898642 Z_SD:9.644983
$MXCM10033,2,9,20240104,062213,12,0E991890,47EE5A09,007D,000A,12E6,15,F102*2F
GPS_PRN:16,08,26,28,19619509,18,03,04,31,00,00,00,00,SAT_TAL:10
GPS_SNR:37,36,33,33,34,26,37,34,00,38,28,00,00,00,00,SNR_AVG:33.60
GLO_PRN:77,67,65,75,76,66,00,00,00,00,00,00,00,00,00,SAT_TAL:06
GLO_SNR:25,38,31,34,33,37,00,00,00,00,00,00,00,00,00,SNR_AVG:33.00
GAL_PRN:05,25,24,10,09,36,00,00,00,00,00,00,00,00,00,SAT_TAL:06
GAL_SNR:31,37,32,30,32,31,00,00,00,00,00,00,00,00,00,SNR_AVG:32.17
BEI_PRN:20,09,27,10,46,28,20,30,19,23,62,60,59,48,16,SAT_TAL:11
BEI_SNR:34,00,00,00,40,33,36,35,36,00,31,33,25,35,32,SNR_AVG:33.64
QZS_PRN:00,00,00,00,00,SAT_TAL:00
QZS_SNR:00,00,00,00,00,SNR_AVG:0.00
SatInView:41 GDOP:155
Roll:152.854034 Pitch:47.855186
X_AVG:-9.615643 Y_AVG:5.444141 Z_AVG:-10.344021
X_SD:8.602849 Y_SD:8.177414 Z_SD:11.354401
$MXCM10033,2,10,20240104,062228,12,0E98F4B8,47EE7229,0083,000A,16CC,15,F102*6A
GPS_PRN:16,08,26,09,19619528,18,03,04,31,00,00,00,00,SAT_TAL:11
GPS_SNR:36,37,33,38,32,28,32,35,34,38,27,00,00,00,00,SNR_AVG:33.64
GLO_PRN:77,67,75,65,76,66,00,00,00,00,00,00,00,00,00,SAT_TAL:05
GLO_SNR:25,40,00,31,36,40,00,00,00,00,00,00,00,00,00,SNR_AVG:34.40
GAL_PRN:05,25,24,10,09,36,00,00,00,00,00,00,00,00,00,SAT_TAL:06
GAL_SNR:33,37,32,29,31,29,00,00,00,00,00,00,00,00,00,SNR_AVG:31.83
BEI_PRN:20,09,27,10,46,28,20,30,19,23,62,60,59,48,16,SAT_TAL:12
BEI_SNR:36,00,23,00,38,32,37,36,38,00,27,35,26,36,31,SNR_AVG:32.92
QZS_PRN:00,00,00,00,00,SAT_TAL:00
QZS_SNR:00,00,00,00,00,SNR_AVG:0.00
SatInView:41 GDOP:155
Roll:161.630096 Pitch:39.494926
X_AVG:-4.505739 Y_AVG:2.627450 Z_AVG:-9.581597
X_SD:7.130497 Y_SD:6.053784 Z_SD:7.951955
$MXCM10033,2,11,20240104,062243,12,0E98BE41,47EEB062,007A,000C,1364,17,F102*6E
GPS_PRN:16,08,26,28,19619509,18,03,04,31,00,00,00,00,SAT_TAL:11
GPS_SNR:34,36,34,31,34,33,28,30,33,25,35,00,00,00,00,SNR_AVG:32.09
GLO_PRN:77,67,75,65,76,66,00,00,00,00,00,00,00,00,00,SAT_TAL:06
GLO_SNR:20,34,28,32,37,34,00,00,00,00,00,00,00,00,00,SNR_AVG:30.83
GAL_PRN:05,25,24,10,09,36,00,00,00,00,00,00,00,00,00,SAT_TAL:06
GAL_SNR:33,22,32,31,33,34,00,00,00,00,00,00,00,00,00,SNR_AVG:30.83
BEI_PRN:20,07,27,10,46,28,20,30,19,23,62,60,59,48,16,SAT_TAL:13
BEI_SNR:33,29,35,00,27,34,35,37,31,00,32,31,32,25,30,SNR_AVG:31.62
QZS_PRN:00,00,00,00,00,SAT_TAL:00
QZS_SNR:00,00,00,00,00,SNR_AVG:0.00
SatInView:41 GDOP:140
Roll:147.653259 Pitch:37.599987
X_AVG:-8.676379 Y_AVG:4.567032 Z_AVG:-13.849155
X_SD:6.590238 Y_SD:6.674412 Z_SD:6.291964
$MXCM10033,2,12,20240104,062258,12,0E98EF5F,47EED16E,006E,000E,1079,17,F102*69
GPS_PRN:16,08,26,28,19619509,18,03,04,31,00,00,00,00,SAT_TAL:11
GPS_SNR:35,37,33,34,35,36,24,28,33,26,35,00,00,00,00,SNR_AVG:32.36
GLO_PRN:77,67,75,65,76,66,00,00,00,00,00,00,00,00,00,SAT_TAL:06
GLO_SNR:18,28,24,32,34,34,00,00,00,00,00,00,00,00,00,SNR_AVG:28.33
GAL_PRN:05,25,24,10,09,36,00,00,00,00,00,00,00,00,00,SAT_TAL:06
GAL_SNR:32,21,29,32,34,33,00,00,00,00,00,00,00,00,00,SNR_AVG:30.17
BEI_PRN:20,07,27,10,46,28,20,30,19,23,62,60,59,48,16,SAT_TAL:13
BEI_SNR:33,26,36,00,34,35,35,36,26,00,33,31,33,24,31,SNR_AVG:31.77
QZS_PRN:00,00,00,00,00,SAT_TAL:00
QZS_SNR:00,00,00,00,00,SNR_AVG:0.00
SatInView:41 GDOP:140
Roll:138.510544 Pitch:42.289337
X_AVG:-8.091128 Y_AVG:3.978860 Z_AVG:-12.248695
X_SD:7.654527 Y_SD:6.709117 Z_SD:7.919552
$MXCM10033,2,13,20240104,062313,12,0E992CD2,47EEB03C,006D,000D,059F,19,F102*6F
GPS_PRN:31,26,04,09,19619528,18,21,03,16,08,00,00,00,SAT_TAL:11
GPS_SNR:35,34,37,38,34,35,34,34,00,36,31,37,00,00,00,SNR_AVG:35.00
GLO_PRN:77,67,65,75,76,66,00,00,00,00,00,00,00,00,00,SAT_TAL:06
GLO_SNR:25,39,32,34,34,40,00,00,00,00,00,00,00,00,00,SNR_AVG:34.00
GAL_PRN:09,05,25,24,10,36,00,00,00,00,00,00,00,00,00,SAT_TAL:06
GAL_SNR:33,29,35,31,34,31,00,00,00,00,00,00,00,00,00,SNR_AVG:32.17
BEI_PRN:20,07,27,10,46,28,60,30,20,19,62,59,48,16,06,SAT_TAL:14
BEI_SNR:35,26,31,00,34,34,36,37,37,39,35,32,37,20,20,SNR_AVG:32.36
QZS_PRN:00,00,00,00,00,SAT_TAL:00
QZS_SNR:00,00,00,00,00,SNR_AVG:0.00
SatInView:41 GDOP:137
Roll:177.407898 Pitch:39.407833
X_AVG:-7.152391 Y_AVG:2.073899 Z_AVG:-11.174683
X_SD:6.295702 Y_SD:5.855604 Z_SD:7.799721
$MXCM10033,2,14,20240104,062328,12,0E996836,47EE95C3,0071,000F,78C5,19,F102*67
GPS_PRN:16,08,26,28,19619509,18,03,04,31,00,00,00,00,SAT_TAL:11
GPS_SNR:35,26,34,36,33,35,35,33,33,28,37,00,00,00,00,SNR_AVG:33.18
GLO_PRN:77,67,75,65,76,66,00,00,00,00,00,00,00,00,00,SAT_TAL:06
GLO_SNR:23,36,35,30,34,30,00,00,00,00,00,00,00,00,00,SNR_AVG:31.33
GAL_PRN:05,25,24,10,09,36,00,00,00,00,00,00,00,00,00,SAT_TAL:06
GAL_SNR:23,31,31,34,33,33,00,00,00,00,00,00,00,00,00,SNR_AVG:30.83
BEI_PRN:20,07,27,10,46,28,60,30,20,19,23,62,59,48,16,SAT_TAL:12
BEI_SNR:34,00,36,00,34,35,28,34,34,30,00,35,33,32,31,SNR_AVG:33.00
QZS_PRN:00,00,00,00,00,SAT_TAL:00
QZS_SNR:00,00,00,00,00,SNR_AVG:0.00
SatInView:41 GDOP:137
Roll:149.353867 Pitch:39.851959
X_AVG:-8.613793 Y_AVG:3.701367 Z_AVG:-12.458767
X_SD:7.201804 Y_SD:6.797852 Z_SD:7.842341
$MXCM10033,2,15,20240104,062343,12,0E99863B,47EE458E,0078,0010,6986,18,F102*18
GPS_PRN:16,08,26,09,19619528,18,03,04,31,00,00,00,00,SAT_TAL:11
GPS_SNR:35,25,34,33,27,25,35,36,33,35,37,00,00,00,00,SNR_AVG:32.27
GLO_PRN:77,67,65,75,76,66,00,00,00,00,00,00,00,00,00,SAT_TAL:04
GLO_SNR:21,33,00,35,00,36,00,00,00,00,00,00,00,00,00,SNR_AVG:31.25
GAL_PRN:05,25,24,10,09,36,00,00,00,00,00,00,00,00,00,SAT_TAL:06
GAL_SNR:29,32,32,34,25,32,00,00,00,00,00,00,00,00,00,SNR_AVG:30.67
BEI_PRN:27,09,07,27,10,46,28,60,30,20,19,62,59,48,06,SAT_TAL:14
BEI_SNR:26,30,27,32,00,33,36,30,30,27,34,34,30,34,29,SNR_AVG:30.86
QZS_PRN:00,00,00,00,00,SAT_TAL:00
QZS_SNR:00,00,00,00,00,SNR_AVG:0.00
SatInView:41 GDOP:144
Roll:-164.170197 Pitch:45.706440
X_AVG:-5.744141 Y_AVG:1.850803 Z_AVG:-10.630039
X_SD:6.764268 Y_SD:5.532083 Z_SD:8.024440
$MXCM10033,2,16,20240104,062358,12,0E998987,47EE1E27,007D,000B,15F7,1A,F102*6F
GPS_PRN:16,08,26,09,19619528,18,03,04,31,00,00,00,00,SAT_TAL:11
GPS_SNR:38,37,35,38,35,24,26,36,35,38,24,00,00,00,00,SNR_AVG:33.27
GLO_PRN:77,67,65,75,76,66,00,00,00,00,00,00,00,00,00,SAT_TAL:06
GLO_SNR:28,40,32,35,36,40,00,00,00,00,00,00,00,00,00,SNR_AVG:35.17
GAL_PRN:05,25,24,10,09,36,00,00,00,00,00,00,00,00,00,SAT_TAL:06
GAL_SNR:38,36,33,24,33,29,00,00,00,00,00,00,00,00,00,SNR_AVG:32.17
BEI_PRN:27,09,07,27,10,46,28,60,30,20,19,62,59,48,06,SAT_TAL:14
BEI_SNR:29,36,34,33,00,38,34,35,37,37,38,25,30,36,35,SNR_AVG:34.07
QZS_PRN:00,00,00,00,00,SAT_TAL:00
QZS_SNR:00,00,00,00,00,SNR_AVG:0.00
SatInView:41 GDOP:134
Roll:142.842407 Pitch:7.319176
X_AVG:-0.761228 Y_AVG:4.390528 Z_AVG:-10.822488
X_SD:3.318827 Y_SD:6.171719 Z_SD:6.984609
$MXCM10033,2,17,20240104,062413,12,0E997959,47EE571C,007A,000D,7B41,1B,F102*6E
GPS_PRN:16,08,26,09,19619528,18,03,04,31,00,00,00,00,SAT_TAL:11
GPS_SNR:33,27,33,35,33,35,37,34,36,23,37,00,00,00,00,SNR_AVG:33.00
GLO_PRN:77,67,75,65,76,66,00,00,00,00,00,00,00,00,00,SAT_TAL:06
GLO_SNR:21,35,34,33,36,38,00,00,00,00,00,00,00,00,00,SNR_AVG:32.83
GAL_PRN:05,25,24,10,09,36,00,00,00,00,00,00,00,00,00,SAT_TAL:06
GAL_SNR:22,30,33,34,33,32,00,00,00,00,00,00,00,00,00,SNR_AVG:30.67
BEI_PRN:27,09,07,27,46,28,60,30,20,19,23,62,59,06,39,SAT_TAL:14
BEI_SNR:34,23,21,34,35,35,34,36,36,34,00,34,32,23,33,SNR_AVG:31.71
QZS_PRN:00,00,00,00,00,SAT_TAL:00
QZS_SNR:00,00,00,00,00,SNR_AVG:0.00
SatInView:41 GDOP:134
Roll:147.346878 Pitch:35.609032
X_AVG:-7.179877 Y_AVG:5.112777 Z_AVG:-11.043717
X_SD:6.787815 Y_SD:3.989713 Z_SD:6.661268
$MXCM10033,2,18,20240104,062428,12,0E9987B6,47EE13C9,0086,000A,0231,1B,F102*15
GPS_PRN:16,08,26,09,19619528,18,03,04,31,00,00,00,00,SAT_TAL:11
GPS_SNR:33,34,35,36,34,34,36,33,30,34,36,00,00,00,00,SNR_AVG:34.09
GLO_PRN:77,67,65,75,76,66,00,00,00,00,00,00,00,00,00,SAT_TAL:06
GLO_SNR:23,38,33,35,36,37,00,00,00,00,00,00,00,00,00,SNR_AVG:33.67
GAL_PRN:05,25,24,10,09,36,00,00,00,00,00,00,00,00,00,SAT_TAL:06
GAL_SNR:25,23,32,33,33,33,00,00,00,00,00,00,00,00,00,SNR_AVG:29.83
BEI_PRN:27,09,07,27,10,46,28,60,30,20,19,62,59,06,39,SAT_TAL:14
BEI_SNR:35,24,20,33,00,29,35,33,36,37,37,34,32,23,26,SNR_AVG:31.00
QZS_PRN:00,00,00,00,00,SAT_TAL:00
QZS_SNR:00,00,00,00,00,SNR_AVG:0.00
SatInView:41 GDOP:134
Roll:169.660400 Pitch:27.757788
X_AVG:-6.626470 Y_AVG:2.912988 Z_AVG:-13.480393
X_SD:4.370266 Y_SD:4.093631 Z_SD:6.865177
$MXCM10033,2,19,20240104,062644,12,0E994888,47EE9403,0085,000F,2045,1B,F202*19
GPS_PRN:08,26,04,09,19619528,18,21,03,16,31,00,00,00,SAT_TAL:12
GPS_SNR:37,35,33,34,33,34,33,35,33,34,25,35,00,00,00,SNR_AVG:33.42
GLO_PRN:77,67,75,65,76,66,00,00,00,00,00,00,00,00,00,SAT_TAL:05
GLO_SNR:21,33,34,00,34,37,00,00,00,00,00,00,00,00,00,SNR_AVG:31.80
GAL_PRN:09,05,25,24,10,36,00,00,00,00,00,00,00,00,00,SAT_TAL:06
GAL_SNR:33,35,23,31,32,34,00,00,00,00,00,00,00,00,00,SNR_AVG:31.33
BEI_PRN:19,09,07,27,03,10,01,46,28,60,30,20,19,23,16,SAT_TAL:09
BEI_SNR:30,00,00,00,00,00,00,27,36,33,35,37,33,31,29,SNR_AVG:32.33
QZS_PRN:00,00,00,00,00,SAT_TAL:00
QZS_SNR:00,00,00,00,00,SNR_AVG:0.00
SatInView:41 GDOP:96
Roll:158.363037 Pitch:36.110512
X_AVG:-8.799108 Y_AVG:3.876674 Z_AVG:-18.188446
X_SD:6.212223 Y_SD:6.156993 Z_SD:5.530507
$MXCM10033,2,20,20240104,062659,12,0E993AFB,47EEED4A,0086,000C,19DD,1B,F202*12
GPS_PRN:08,26,04,09,19619528,18,21,03,16,31,00,00,00,SAT_TAL:12
GPS_SNR:36,33,24,33,34,34,33,34,34,32,35,36,00,00,00,SNR_AVG:33.17
GLO_PRN:77,67,75,65,76,66,00,00,00,00,00,00,00,00,00,SAT_TAL:05
GLO_SNR:17,00,34,31,36,36,00,00,00,00,00,00,00,00,00,SNR_AVG:30.80
GAL_PRN:09,05,25,24,10,36,00,00,00,00,00,00,00,00,00,SAT_TAL:06
GAL_SNR:33,26,22,32,32,30,00,00,00,00,00,00,00,00,00,SNR_AVG:29.17
BEI_PRN:27,09,07,27,10,01,46,28,60,30,20,19,23,16,39,SAT_TAL:12
BEI_SNR:35,00,00,35,00,32,23,35,31,36,36,34,26,29,30,SNR_AVG:31.83
QZS_PRN:00,00,00,00,00,SAT_TAL:00
QZS_SNR:00,00,00,00,00,SNR_AVG:0.00
SatInView:41 GDOP:97
Roll:150.837509 Pitch:29.523113
X_AVG:-10.307437 Y_AVG:5.642289 Z_AVG:-18.278470
X_SD:7.976009 Y_SD:9.130689 Z_SD:3.722310
$MXCM10033,2,21,20240104,062915,12,0E9768EE,47EF8C4C,0097,0018,39E9,1A,F202*1E
GPS_PRN:08,26,04,09,19619528,18,21,03,16,31,00,00,00,SAT_TAL:11
GPS_SNR:34,38,35,36,34,32,35,38,00,32,35,30,00,00,00,SNR_AVG:34.45
GLO_PRN:77,67,75,65,76,66,00,00,00,00,00,00,00,00,00,SAT_TAL:06
GLO_SNR:22,37,38,29,38,35,00,00,00,00,00,00,00,00,00,SNR_AVG:33.17
GAL_PRN:09,05,25,24,10,36,00,00,00,00,00,00,00,00,00,SAT_TAL:06
GAL_SNR:33,31,33,35,31,29,00,00,00,00,00,00,00,00,00,SNR_AVG:32.00
BEI_PRN:27,09,07,27,03,10,01,46,28,30,20,19,23,16,39,SAT_TAL:09
BEI_SNR:20,00,00,22,00,00,00,33,39,34,33,35,34,00,22,SNR_AVG:30.22
QZS_PRN:00,00,00,00,00,SAT_TAL:00
QZS_SNR:00,00,00,00,00,SNR_AVG:0.00
SatInView:41 GDOP:132
Roll:175.994995 Pitch:39.584900
X_AVG:-6.256319 Y_AVG:2.854185 Z_AVG:-19.613695
X_SD:6.910045 Y_SD:5.420308 Z_SD:0.000000
$MXCM10033,2,22,20240104,062930,12,0E97230B,47EFECE1,0099,0015,3040,1A,F202*6B
GPS_PRN:08,26,04,09,19619528,18,21,03,16,31,00,00,00,SAT_TAL:11
GPS_SNR:34,30,33,36,30,35,35,37,00,31,26,34,00,00,00,SNR_AVG:32.82
GLO_PRN:77,67,75,65,76,66,00,00,00,00,00,00,00,00,00,SAT_TAL:06
GLO_SNR:24,37,36,30,37,36,00,00,00,00,00,00,00,00,00,SNR_AVG:33.33
GAL_PRN:09,05,25,24,10,36,00,00,00,00,00,00,00,00,00,SAT_TAL:06
GAL_SNR:31,34,33,27,34,27,00,00,00,00,00,00,00,00,00,SNR_AVG:31.00
BEI_PRN:27,09,07,27,03,10,01,46,28,30,20,19,23,16,39,SAT_TAL:10
BEI_SNR:33,00,00,34,00,00,28,27,26,34,36,36,34,00,29,SNR_AVG:31.70
QZS_PRN:00,00,00,00,00,SAT_TAL:00
QZS_SNR:00,00,00,00,00,SNR_AVG:0.00
SatInView:41 GDOP:132
Roll:163.965546 Pitch:23.870090
X_AVG:-6.845400 Y_AVG:3.212700 Z_AVG:-19.385188
X_SD:7.438279 Y_SD:7.133276 Z_SD:1.490328
$MXCM10033,2,23,20240104,063146,12,0E957653,47EEDAB3,00FD,000D,7362,19,F202*1C
GPS_PRN:08,31,26,09,19619528,18,21,04,16,00,00,00,00,SAT_TAL:10
GPS_SNR:36,37,35,33,34,32,37,34,00,23,34,00,00,00,00,SNR_AVG:33.50
GLO_PRN:65,67,75,77,88,76,66,00,00,00,00,00,00,00,00,SAT_TAL:07
GLO_SNR:34,36,37,20,35,35,37,00,00,00,00,00,00,00,00,SNR_AVG:33.43
GAL_PRN:05,25,24,10,09,36,00,00,00,00,00,00,00,00,00,SAT_TAL:05
GAL_SNR:00,34,34,35,33,33,00,00,00,00,00,00,00,00,00,SNR_AVG:33.80
BEI_PRN:27,09,07,27,03,10,01,46,04,28,30,20,19,23,16,SAT_TAL:09
BEI_SNR:31,00,00,34,00,00,26,34,28,36,35,37,35,00,00,SNR_AVG:32.89
QZS_PRN:00,00,00,00,00,SAT_TAL:00
QZS_SNR:00,00,00,00,00,SNR_AVG:0.00
SatInView:42 GDOP:137
Roll:165.198868 Pitch:26.637562
X_AVG:-9.120703 Y_AVG:4.988563 Z_AVG:-19.613695
X_SD:7.003673 Y_SD:6.694993 Z_SD:0.000000
$MXCM10033,2,24,20240104,063201,12,0E952F98,47EEB91C,0103,0015,58D6,1B,F202*60
GPS_PRN:08,31,26,09,19619528,18,21,04,16,00,00,00,00,SAT_TAL:11
GPS_SNR:34,40,36,28,37,39,39,36,37,23,26,00,00,00,00,SNR_AVG:34.09
GLO_PRN:65,67,75,77,88,76,66,00,00,00,00,00,00,00,00,SAT_TAL:07
GLO_SNR:33,34,38,19,34,34,34,00,00,00,00,00,00,00,00,SNR_AVG:32.29
GAL_PRN:05,25,24,10,09,36,00,00,00,00,00,00,00,00,00,SAT_TAL:06
GAL_SNR:30,20,32,37,35,33,00,00,00,00,00,00,00,00,00,SNR_AVG:31.17
BEI_PRN:27,09,07,27,03,10,01,46,04,28,30,20,19,23,16,SAT_TAL:10
BEI_SNR:35,00,00,39,00,00,33,25,32,37,38,36,34,20,00,SNR_AVG:32.90
QZS_PRN:00,00,00,00,00,SAT_TAL:00
QZS_SNR:00,00,00,00,00,SNR_AVG:0.00
SatInView:42 GDOP:125
Roll:159.771225 Pitch:30.976311
X_AVG:-7.011992 Y_AVG:3.015845 Z_AVG:-19.613695
X_SD:6.644381 Y_SD:5.461338 Z_SD:0.000000
$MXCM10033,2,25,20240104,063417,12,0E918785,47EF6DD7,012E,0017,5267,1C,F202*16
GPS_PRN:31,26,04,09,19619528,18,21,16,08,00,00,00,00,SAT_TAL:11
GPS_SNR:36,36,31,35,33,35,38,36,35,35,32,00,00,00,00,SNR_AVG:34.73
GLO_PRN:65,67,75,77,88,76,66,00,00,00,00,00,00,00,00,SAT_TAL:07
GLO_SNR:32,36,37,21,35,37,36,00,00,00,00,00,00,00,00,SNR_AVG:33.43
GAL_PRN:09,05,25,24,10,36,00,00,00,00,00,00,00,00,00,SAT_TAL:06
GAL_SNR:32,31,33,33,35,32,00,00,00,00,00,00,00,00,00,SNR_AVG:32.67
BEI_PRN:27,07,27,10,01,46,28,60,30,20,19,23,16,39,19,SAT_TAL:12
BEI_SNR:28,00,30,00,30,35,36,33,34,36,33,00,26,24,33,SNR_AVG:31.50
QZS_PRN:00,00,00,00,00,SAT_TAL:00
QZS_SNR:00,00,00,00,00,SNR_AVG:0.00
SatInView:40 GDOP:124
Roll:-179.498169 Pitch:30.949017
X_AVG:-6.991114 Y_AVG:2.364130 Z_AVG:-18.978884
X_SD:6.392391 Y_SD:4.937621 Z_SD:1.464249
$MXCM10033,2,26,20240104,063432,12,0E911978,47EF7875,0130,0015,5A3A,1C,F202*6D
GPS_PRN:08,31,26,09,19619528,18,21,04,16,00,00,00,00,SAT_TAL:11
GPS_SNR:31,31,32,31,36,35,37,35,35,28,34,00,00,00,00,SNR_AVG:33.18
GLO_PRN:65,67,75,77,88,76,66,00,00,00,00,00,00,00,00,SAT_TAL:07
GLO_SNR:31,31,36,21,32,36,35,00,00,00,00,00,00,00,00,SNR_AVG:31.71
GAL_PRN:05,25,24,10,09,36,00,00,00,00,00,00,00,00,00,SAT_TAL:06
GAL_SNR:29,32,33,33,35,34,00,00,00,00,00,00,00,00,00,SNR_AVG:32.67
BEI_PRN:27,09,27,07,03,01,46,02,28,60,30,19,20,23,39,SAT_TAL:09
BEI_SNR:23,00,23,00,00,00,37,00,36,31,36,35,34,00,25,SNR_AVG:31.11
QZS_PRN:00,00,00,00,00,SAT_TAL:00
QZS_SNR:00,00,00,00,00,SNR_AVG:0.00
SatInView:42 GDOP:124
Roll:170.605713 Pitch:28.263912
X_AVG:-8.404727 Y_AVG:3.636818 Z_AVG:-18.146834
X_SD:6.643326 Y_SD:6.392831 Z_SD:2.404385
$MXCM10033,2,27,20240104,063648,12,0E8D8F2A,47EECEAB,0152,0017,3ED0,1A,F202*16
GPS_PRN:16,26,04,09,19619528,18,21,02,08,31,00,00,00,SAT_TAL:12
GPS_SNR:33,38,31,36,34,27,35,38,33,30,30,36,00,00,00,SNR_AVG:33.42
GLO_PRN:65,67,75,77,88,76,66,00,00,00,00,00,00,00,00,SAT_TAL:06
GLO_SNR:30,37,38,00,33,38,35,00,00,00,00,00,00,00,00,SNR_AVG:35.17
GAL_PRN:09,05,25,24,10,36,00,00,00,00,00,00,00,00,00,SAT_TAL:05
GAL_SNR:00,25,33,37,36,32,00,00,00,00,00,00,00,00,00,SNR_AVG:32.60
BEI_PRN:27,09,27,07,10,01,46,02,28,30,20,19,23,16,39,SAT_TAL:09
BEI_SNR:30,00,28,00,00,00,34,00,38,35,33,35,00,21,26,SNR_AVG:31.11
QZS_PRN:00,00,00,00,00,SAT_TAL:00
QZS_SNR:00,00,00,00,00,SNR_AVG:0.00
SatInView:42 GDOP:123
Roll:166.368347 Pitch:28.664814
X_AVG:-6.519447 Y_AVG:2.245184 Z_AVG:-19.613695
X_SD:7.010289 Y_SD:6.316660 Z_SD:0.000000
$MXCM10033,2,28,20240104,063703,12,0E8D32CB,47EF283C,0154,0015,29E7,1B,F202*1A
GPS_PRN:16,26,04,09,19619528,18,21,02,08,31,00,00,00,SAT_TAL:12
GPS_SNR:38,34,33,35,32,33,35,36,32,32,36,35,00,00,00,SNR_AVG:34.25
GLO_PRN:65,67,75,77,88,76,66,00,00,00,00,00,00,00,00,SAT_TAL:06
GLO_SNR:30,36,35,00,31,39,37,00,00,00,00,00,00,00,00,SNR_AVG:34.67
GAL_PRN:09,05,25,24,10,36,00,00,00,00,00,00,00,00,00,SAT_TAL:06
GAL_SNR:31,33,31,35,33,29,00,00,00,00,00,00,00,00,00,SNR_AVG:32.00
BEI_PRN:27,09,27,07,03,10,46,02,28,30,20,19,23,06,16,SAT_TAL:11
BEI_SNR:24,27,26,00,00,00,35,29,33,36,36,35,00,23,24,SNR_AVG:29.82
QZS_PRN:00,00,00,00,00,SAT_TAL:00
QZS_SNR:00,00,00,00,00,SNR_AVG:0.00
SatInView:42 GDOP:121
Roll:173.541519 Pitch:36.960243
X_AVG:-7.292263 Y_AVG:2.430978 Z_AVG:-19.613695
X_SD:6.958510 Y_SD:6.041220 Z_SD:0.000000
$MXCM10033,2,29,20240104,063919,12,0E8A4D66,47EF88D1,01AA,001B,433C,1E,F202*1B
GPS_PRN:16,26,04,09,19619528,21,18,02,08,31,00,00,00,SAT_TAL:12
GPS_SNR:34,38,32,36,34,32,38,34,38,35,30,39,00,00,00,SNR_AVG:35.00
GLO_PRN:65,67,75,77,88,76,66,00,00,00,00,00,00,00,00,SAT_TAL:07
GLO_SNR:31,37,39,23,35,36,33,00,00,00,00,00,00,00,00,SNR_AVG:33.43
GAL_PRN:09,05,25,24,10,36,00,00,00,00,00,00,00,00,00,SAT_TAL:06
GAL_SNR:33,24,34,34,37,33,00,00,00,00,00,00,00,00,00,SNR_AVG:32.50
BEI_PRN:27,27,09,07,03,10,01,46,60,28,30,19,20,06,16,SAT_TAL:09
BEI_SNR:33,33,00,00,00,00,28,34,30,38,35,34,34,00,00,SNR_AVG:33.22
QZS_PRN:00,00,00,00,00,SAT_TAL:00
QZS_SNR:00,00,00,00,00,SNR_AVG:0.00
SatInView:42 GDOP:114
Roll:170.283630 Pitch:25.688768
X_AVG:-6.300708 Y_AVG:2.032144 Z_AVG:-19.613695
X_SD:7.418000 Y_SD:6.601188 Z_SD:0.000000
$MXCM10033,2,30,20240104,063934,12,0E89BF1B,47EF79BA,01A6,001B,459E,1E,F202*66
GPS_PRN:16,26,04,09,19619528,21,18,02,08,31,00,00,00,SAT_TAL:12
GPS_SNR:34,36,27,36,33,35,38,33,38,35,31,39,00,00,00,SNR_AVG:34.58
GLO_PRN:65,67,75,77,88,76,66,00,00,00,00,00,00,00,00,SAT_TAL:07
GLO_SNR:32,36,39,23,34,38,33,00,00,00,00,00,00,00,00,SNR_AVG:33.57
GAL_PRN:09,05,25,24,10,36,00,00,00,00,00,00,00,00,00,SAT_TAL:06
GAL_SNR:32,27,33,34,37,32,00,00,00,00,00,00,00,00,00,SNR_AVG:32.50
BEI_PRN:27,27,09,07,03,10,01,46,60,28,30,19,20,06,16,SAT_TAL:11
BEI_SNR:35,33,00,00,00,00,29,35,29,36,35,33,35,16,17,SNR_AVG:30.27
QZS_PRN:00,00,00,00,00,SAT_TAL:00
QZS_SNR:00,00,00,00,00,SNR_AVG:0.00
SatInView:42 GDOP:114
Roll:163.981323 Pitch:36.623112
X_AVG:-6.838935 Y_AVG:2.289908 Z_AVG:-19.613695
X_SD:7.412891 Y_SD:6.987880 Z_SD:0.000000
$MXCM10033,2,31,20240104,064150,12,0E850DEC,47EFFD4B,01C0,001C,43E0,1B,F202*17
GPS_PRN:16,26,04,09,19619528,21,18,02,08,31,00,00,00,SAT_TAL:12
GPS_SNR:35,38,27,36,33,32,37,34,38,35,26,39,00,00,00,SNR_AVG:34.17
GLO_PRN:88,67,75,77,65,76,66,00,00,00,00,00,00,00,00,SAT_TAL:07
GLO_SNR:32,37,38,20,31,37,31,00,00,00,00,00,00,00,00,SNR_AVG:32.29
GAL_PRN:09,05,25,24,10,36,00,00,00,00,00,00,00,00,00,SAT_TAL:05
GAL_SNR:32,00,32,35,37,31,00,00,00,00,00,00,00,00,00,SNR_AVG:33.40
BEI_PRN:27,27,09,07,10,01,46,02,28,30,19,20,22,16,06,SAT_TAL:09
BEI_SNR:35,36,00,00,00,30,35,00,39,35,34,34,34,00,00,SNR_AVG:34.67
QZS_PRN:00,00,00,00,00,SAT_TAL:00
QZS_SNR:00,00,00,00,00,SNR_AVG:0.00
SatInView:42 GDOP:124
Roll:176.208862 Pitch:27.263433
X_AVG:-5.602880 Y_AVG:1.265648 Z_AVG:-19.613695
X_SD:7.198202 Y_SD:6.064555 Z_SD:0.000000
$MXCM10033,2,32,20240104,064205,12,0E84799F,47F00930,01BF,001B,41A3,1C,F202*6C
GPS_PRN:16,26,04,09,19619528,21,18,02,08,31,00,00,00,SAT_TAL:12
GPS_SNR:34,37,32,36,33,28,36,34,39,34,29,38,00,00,00,SNR_AVG:34.17
GLO_PRN:88,67,75,77,65,76,66,00,00,00,00,00,00,00,00,SAT_TAL:07
GLO_SNR:33,36,37,23,29,36,33,00,00,00,00,00,00,00,00,SNR_AVG:32.43
GAL_PRN:09,05,25,24,10,36,00,00,00,00,00,00,00,00,00,SAT_TAL:06
GAL_SNR:33,25,33,34,36,31,00,00,00,00,00,00,00,00,00,SNR_AVG:32.00
BEI_PRN:27,27,09,07,03,10,01,46,28,30,19,20,22,16,06,SAT_TAL:12
BEI_SNR:31,32,00,24,00,00,27,34,38,36,35,33,31,20,19,SNR_AVG:30.00
QZS_PRN:00,00,00,00,00,SAT_TAL:00
QZS_SNR:00,00,00,00,00,SNR_AVG:0.00
SatInView:42 GDOP:119
Roll:172.145691 Pitch:28.090508
X_AVG:-5.727237 Y_AVG:1.906541 Z_AVG:-19.611540
X_SD:7.658346 Y_SD:6.750906 Z_SD:0.030398
$MXCM10033,2,33,20240104,064421,12,0E7F881C,47F0A24D,01A6,001B,4653,1C,F202*1A
GPS_PRN:16,08,26,09,19619528,21,18,02,07,04,31,00,00,SAT_TAL:13
GPS_SNR:35,28,37,36,31,36,38,34,37,38,38,27,40,00,00,SNR_AVG:35.00
GLO_PRN:88,67,75,66,65,76,77,00,00,00,00,00,00,00,00,SAT_TAL:07
GLO_SNR:34,36,38,34,31,37,23,00,00,00,00,00,00,00,00,SNR_AVG:33.29
GAL_PRN:10,05,25,24,09,36,00,00,00,00,00,00,00,00,00,SAT_TAL:06
GAL_SNR:38,24,34,34,32,32,00,00,00,00,00,00,00,00,00,SNR_AVG:32.33
BEI_PRN:27,27,09,07,10,01,46,30,28,19,20,22,16,06,19,SAT_TAL:11
BEI_SNR:34,35,00,00,00,31,36,33,38,33,36,39,21,00,32,SNR_AVG:33.45
QZS_PRN:00,00,00,00,00,SAT_TAL:00
QZS_SNR:00,00,00,00,00,SNR_AVG:0.00
SatInView:42 GDOP:119
Roll:164.881561 Pitch:26.785452
X_AVG:-6.463421 Y_AVG:2.842023 Z_AVG:-19.558580
X_SD:6.708782 Y_SD:6.579393 Z_SD:0.455774
$MXCM10033,2,34,20240104,064436,12,0E7EF81C,47F0A2E1,019B,001C,434E,1C,F202*1D
GPS_PRN:16,08,26,09,19619528,21,18,02,07,04,31,00,00,SAT_TAL:13
GPS_SNR:36,21,38,36,33,35,37,35,39,34,35,27,39,00,00,SNR_AVG:34.23
GLO_PRN:88,67,75,66,65,76,77,00,00,00,00,00,00,00,00,SAT_TAL:07
GLO_SNR:34,36,39,32,31,39,23,00,00,00,00,00,00,00,00,SNR_AVG:33.43
GAL_PRN:10,05,25,24,09,36,00,00,00,00,00,00,00,00,00,SAT_TAL:06
GAL_SNR:37,23,33,35,33,33,00,00,00,00,00,00,00,00,00,SNR_AVG:32.33
BEI_PRN:27,27,09,07,10,01,46,30,28,19,20,22,16,06,19,SAT_TAL:13
BEI_SNR:35,36,00,21,00,30,35,34,38,34,34,36,26,24,33,SNR_AVG:32.00
QZS_PRN:00,00,00,00,00,SAT_TAL:00
QZS_SNR:00,00,00,00,00,SNR_AVG:0.00
SatInView:42 GDOP:119
Roll:-179.363617 Pitch:31.645115
X_AVG:-5.879895 Y_AVG:2.172016 Z_AVG:-19.605986
X_SD:7.011511 Y_SD:6.473050 Z_SD:0.077955
$MXCM10033,2,35,20240104,064652,12,0E79F4F2,47F036F4,0166,001A,47EC,1B,F202*11
GPS_PRN:16,08,26,09,19619528,21,18,02,07,04,31,00,00,SAT_TAL:13
GPS_SNR:34,26,37,36,32,35,38,34,35,34,34,25,39,00,00,SNR_AVG:33.77
GLO_PRN:75,67,88,66,65,76,77,00,00,00,00,00,00,00,00,SAT_TAL:07
GLO_SNR:38,36,33,33,29,36,21,00,00,00,00,00,00,00,00,SNR_AVG:32.29
GAL_PRN:10,05,25,24,09,36,00,00,00,00,00,00,00,00,00,SAT_TAL:04
GAL_SNR:37,00,32,33,33,00,00,00,00,00,00,00,00,00,00,SNR_AVG:33.75
BEI_PRN:27,27,09,07,03,10,46,60,30,28,19,20,06,16,19,SAT_TAL:11
BEI_SNR:36,36,00,22,00,00,35,28,33,38,32,35,00,25,30,SNR_AVG:31.82
QZS_PRN:00,00,00,00,00,SAT_TAL:00
QZS_SNR:00,00,00,00,00,SNR_AVG:0.00
SatInView:42 GDOP:128
Roll:165.497131 Pitch:33.403820
X_AVG:-5.979831 Y_AVG:2.094777 Z_AVG:-19.513663
X_SD:7.612243 Y_SD:7.677690 Z_SD:0.609168
$MXCM10033,2,36,20240104,064707,12,0E795954,47F03220,014F,001E,48DE,1D,F202*14
GPS_PRN:16,08,26,09,19619528,21,18,02,07,04,31,00,00,SAT_TAL:13
GPS_SNR:36,23,37,36,32,36,38,34,38,36,37,20,39,00,00,SNR_AVG:34.00
GLO_PRN:75,67,88,66,65,76,77,00,00,00,00,00,00,00,00,SAT_TAL:07
GLO_SNR:39,36,34,34,31,37,23,00,00,00,00,00,00,00,00,SNR_AVG:33.43
GAL_PRN:10,05,25,24,09,36,00,00,00,00,00,00,00,00,00,SAT_TAL:06
GAL_SNR:37,20,32,35,32,33,00,00,00,00,00,00,00,00,00,SNR_AVG:31.50
BEI_PRN:27,27,09,07,10,01,46,60,30,28,19,20,06,16,19,SAT_TAL:13
BEI_SNR:36,38,00,19,00,31,35,28,33,38,33,35,27,28,30,SNR_AVG:31.62
QZS_PRN:00,00,00,00,00,SAT_TAL:00
QZS_SNR:00,00,00,00,00,SNR_AVG:0.00
SatInView:42 GDOP:121
Roll:-177.845779 Pitch:31.356321
X_AVG:-6.540803 Y_AVG:1.687659 Z_AVG:-19.602203
X_SD:8.443576 Y_SD:6.669872 Z_SD:0.101299
$MXCM10033,2,37,20240104,064923,12,0E744D06,47F03FD4,011B,0015,48BF,1E,F202*18
GPS_PRN:16,08,26,09,19619528,21,18,02,07,04,31,00,00,SAT_TAL:13
GPS_SNR:34,35,33,36,33,23,37,33,36,34,35,35,28,00,00,SNR_AVG:33.23
GLO_PRN:75,67,88,66,65,76,77,00,00,00,00,00,00,00,00,SAT_TAL:06
GLO_SNR:38,36,33,31,00,36,22,00,00,00,00,00,00,00,00,SNR_AVG:32.67
GAL_PRN:10,05,25,24,09,36,00,00,00,00,00,00,00,00,00,SAT_TAL:06
GAL_SNR:34,30,34,33,32,32,00,00,00,00,00,00,00,00,00,SNR_AVG:32.50
BEI_PRN:27,27,09,07,03,10,46,30,60,28,19,20,06,16,19,SAT_TAL:12
BEI_SNR:20,22,00,30,00,00,34,35,33,35,31,35,29,31,30,SNR_AVG:30.42
QZS_PRN:00,00,00,00,00,SAT_TAL:00
QZS_SNR:00,00,00,00,00,SNR_AVG:0.00
SatInView:42 GDOP:115
Roll:146.848282 Pitch:27.226223
X_AVG:-7.061409 Y_AVG:3.492157 Z_AVG:-19.613695
X_SD:7.079248 Y_SD:7.467370 Z_SD:0.000000
$MXCM10033,2,38,20240104,064938,12,0E73D8C3,47F02D83,011D,0015,4EA3,1D,F202*14
GPS_PRN:16,08,26,09,19619528,21,18,02,07,04,31,00,00,SAT_TAL:13
GPS_SNR:34,28,36,35,32,36,38,35,36,35,34,25,39,00,00,SNR_AVG:34.08
GLO_PRN:75,67,88,66,65,76,77,00,00,00,00,00,00,00,00,SAT_TAL:05
GLO_SNR:38,36,33,00,00,35,22,00,00,00,00,00,00,00,00,SNR_AVG:32.80
GAL_PRN:10,05,25,24,09,36,00,00,00,00,00,00,00,00,00,SAT_TAL:06
GAL_SNR:36,28,33,33,34,31,00,00,00,00,00,00,00,00,00,SNR_AVG:32.50
BEI_PRN:27,27,09,07,03,10,46,30,60,28,19,20,06,16,19,SAT_TAL:11
BEI_SNR:31,33,00,24,23,00,34,31,33,36,33,35,00,00,33,SNR_AVG:31.45
QZS_PRN:00,00,00,00,00,SAT_TAL:00
QZS_SNR:00,00,00,00,00,SNR_AVG:0.00
SatInView:42 GDOP:115
Roll:172.697266 Pitch:28.128815
X_AVG:-3.979770 Y_AVG:0.877588 Z_AVG:-19.613695
X_SD:5.365227 Y_SD:5.972214 Z_SD:0.000000
$MXCM10033,2,39,20240104,065154,12,0E710378,47EFA01D,00DD,0000,1F4D,18,F201*13
GPS_PRN:16,08,26,09,19619521,28,02,18,07,04,31,00,00,SAT_TAL:12
GPS_SNR:28,18,29,17,34,18,32,34,25,22,00,17,38,00,00,SNR_AVG:26.00
GLO_PRN:75,67,88,66,68,76,77,00,00,00,00,00,00,00,00,SAT_TAL:03
GLO_SNR:19,00,29,00,00,28,00,00,00,00,00,00,00,00,00,SNR_AVG:25.33
GAL_PRN:10,05,25,24,09,36,00,00,00,00,00,00,00,00,00,SAT_TAL:06
GAL_SNR:26,16,18,29,26,30,00,00,00,00,00,00,00,00,00,SNR_AVG:24.17
BEI_PRN:27,27,09,07,03,10,46,01,02,30,28,19,20,16,06,SAT_TAL:10
BEI_SNR:34,37,19,00,00,00,25,23,00,24,40,00,16,34,29,SNR_AVG:28.10
QZS_PRN:00,00,00,00,00,SAT_TAL:00
QZS_SNR:00,00,00,00,00,SNR_AVG:0.00
SatInView:42 GDOP:103
Roll:69.186546 Pitch:20.136560
X_AVG:-3.793354 Y_AVG:8.541917 Z_AVG:3.206284
X_SD:0.232116 Y_SD:0.208115 Z_SD:0.345362
$MXCM10033,2,40,20240104,065209,12,0E710337,47EF9EAF,00D7,0000,1F4D,18,F201*11
GPS_PRN:16,08,26,09,21,19619528,18,02,07,04,31,00,00,SAT_TAL:12
GPS_SNR:22,15,21,14,33,34,17,35,21,27,00,16,39,00,00,SNR_AVG:24.50
GLO_PRN:75,67,88,66,68,76,77,00,00,00,00,00,00,00,00,SAT_TAL:04
GLO_SNR:21,18,29,00,00,22,00,00,00,00,00,00,00,00,00,SNR_AVG:22.50
GAL_PRN:10,05,25,24,09,36,31,00,00,00,00,00,00,00,00,SAT_TAL:06
GAL_SNR:32,17,18,24,21,33,00,00,00,00,00,00,00,00,00,SNR_AVG:24.17
BEI_PRN:27,27,09,07,03,10,46,30,28,19,20,16,06,19,39,SAT_TAL:12
BEI_SNR:32,34,16,16,00,00,18,28,37,19,22,33,32,00,36,SNR_AVG:26.92
QZS_PRN:00,00,00,00,00,SAT_TAL:00
QZS_SNR:00,00,00,00,00,SNR_AVG:0.00
SatInView:42 GDOP:100
Roll:68.790749 Pitch:24.924000
X_AVG:-4.534135 Y_AVG:8.300769 Z_AVG:3.582229
X_SD:0.125786 Y_SD:0.110403 Z_SD:0.254880
$MXCM10033,2,41,20240104,065425,12,0E71063B,47EFA6A2,00D7,0000,5680,13,F202*13
GPS_PRN:16,08,09,26,21,19619528,02,18,07,04,31,00,00,SAT_TAL:10
GPS_SNR:35,22,00,36,20,18,37,33,31,00,00,15,33,00,00,SNR_AVG:28.00
GLO_PRN:75,67,88,66,68,76,77,00,00,00,00,00,00,00,00,SAT_TAL:03
GLO_SNR:00,19,20,00,00,37,00,00,00,00,00,00,00,00,00,SNR_AVG:25.33
GAL_PRN:10,05,25,24,09,36,31,00,00,00,00,00,00,00,00,SAT_TAL:03
GAL_SNR:31,00,00,29,00,30,00,00,00,00,00,00,00,00,00,SNR_AVG:30.00
BEI_PRN:27,09,27,07,03,46,10,01,30,28,19,20,16,06,39,SAT_TAL:09
BEI_SNR:34,00,37,00,00,19,00,33,28,27,00,00,32,28,13,SNR_AVG:27.89
QZS_PRN:00,00,00,00,00,SAT_TAL:00
QZS_SNR:00,00,00,00,00,SNR_AVG:0.00
SatInView:42 GDOP:115
Roll:25.715223 Pitch:13.616508
X_AVG:-4.595332 Y_AVG:7.905574 Z_AVG:15.746598
X_SD:0.081776 Y_SD:0.073506 Z_SD:0.166060
$MXCM10033,2,42,20240104,065440,12,0E7105DC,47EFA5E0,00D7,0000,5680,15,F202*65
GPS_PRN:16,08,09,26,21,19619528,02,18,07,04,31,00,00,SAT_TAL:10
GPS_SNR:35,19,15,37,19,23,38,34,29,00,00,00,32,00,00,SNR_AVG:28.10
GLO_PRN:75,67,88,66,68,76,77,00,00,00,00,00,00,00,00,SAT_TAL:04
GLO_SNR:00,16,20,00,17,38,00,00,00,00,00,00,00,00,00,SNR_AVG:22.75
GAL_PRN:03,05,25,24,10,09,36,00,00,00,00,00,00,00,00,SAT_TAL:04
GAL_SNR:00,00,00,31,30,18,27,00,00,00,00,00,00,00,00,SNR_AVG:26.50
BEI_PRN:27,09,27,07,46,10,01,30,28,19,20,22,16,06,39,SAT_TAL:10
BEI_SNR:31,00,38,00,22,00,33,27,29,00,16,00,31,28,35,SNR_AVG:29.00
QZS_PRN:00,00,00,00,00,SAT_TAL:00
QZS_SNR:00,00,00,00,00,SNR_AVG:0.00
SatInView:42 GDOP:110
Roll:24.580873 Pitch:13.409762
X_AVG:-4.399147 Y_AVG:7.957098 Z_AVG:16.073653
X_SD:0.084112 Y_SD:0.069309 Z_SD:0.198683
$MXCM10033,2,43,20240104,065656,12,0E7101A7,47EF98AA,00D5,0003,678E,12,F202*65
GPS_PRN:16,08,09,26,21,19619528,02,18,07,04,31,00,00,SAT_TAL:09
GPS_SNR:29,00,00,22,31,27,29,33,24,16,00,00,32,00,00,SNR_AVG:27.00
GLO_PRN:75,67,88,66,68,76,77,00,00,00,00,00,00,00,00,SAT_TAL:03
GLO_SNR:20,00,28,00,00,31,00,00,00,00,00,00,00,00,00,SNR_AVG:26.33
GAL_PRN:10,05,25,24,09,36,31,00,00,00,00,00,00,00,00,SAT_TAL:04
GAL_SNR:27,00,00,29,22,25,00,00,00,00,00,00,00,00,00,SNR_AVG:25.75
BEI_PRN:27,27,07,46,01,02,30,60,28,19,20,22,16,06,39,SAT_TAL:04
BEI_SNR:32,33,00,00,00,00,21,00,33,00,00,00,00,00,00,SNR_AVG:29.75
QZS_PRN:00,00,00,00,00,SAT_TAL:00
QZS_SNR:00,00,00,00,00,SNR_AVG:0.00
SatInView:42 GDOP:141
Roll:137.407059 Pitch:25.293764
X_AVG:-5.310590 Y_AVG:7.385782 Z_AVG:-7.939285
X_SD:0.344168 Y_SD:0.309310 Z_SD:0.829893
$MXCM10033,2,44,20240104,065711,12,0E7103FD,47EF9FB8,00D7,0000,23AE,19,F201*62
GPS_PRN:16,08,09,26,21,28,19619502,18,07,04,31,00,00,SAT_TAL:11
GPS_SNR:37,17,00,23,28,30,32,29,23,17,14,00,34,00,00,SNR_AVG:25.82
GLO_PRN:75,66,88,67,68,76,77,00,00,00,00,00,00,00,00,SAT_TAL:04
GLO_SNR:19,17,29,00,00,37,00,00,00,00,00,00,00,00,00,SNR_AVG:25.50
GAL_PRN:03,05,25,24,10,09,36,31,00,00,00,00,00,00,00,SAT_TAL:06
GAL_SNR:00,17,15,33,31,30,32,00,00,00,00,00,00,00,00,SNR_AVG:26.33
BEI_PRN:27,27,09,07,03,10,46,30,28,19,20,16,06,39,00,SAT_TAL:09
BEI_SNR:35,37,00,00,00,00,18,17,27,00,16,20,21,27,00,SNR_AVG:24.22
QZS_PRN:00,00,00,00,00,SAT_TAL:00
QZS_SNR:00,00,00,00,00,SNR_AVG:0.00
SatInView:42 GDOP:94
Roll:117.685905 Pitch:23.897448
X_AVG:-4.911852 Y_AVG:7.435822 Z_AVG:-5.741555
X_SD:3.698861 Y_SD:3.961365 Z_SD:3.431412
$MXCM10033,2,45,20240104,065927,12,0E71040C,47EFA16C,00D7,0000,734D,12,F202*67
GPS_PRN:16,08,09,26,21,19619528,02,18,07,04,31,00,00,SAT_TAL:10
GPS_SNR:34,21,00,33,28,35,26,31,34,00,00,25,36,00,00,SNR_AVG:30.30
GLO_PRN:75,66,88,67,68,76,77,00,00,00,00,00,00,00,00,SAT_TAL:02
GLO_SNR:00,00,29,00,00,24,00,00,00,00,00,00,00,00,00,SNR_AVG:26.50
GAL_PRN:24,25,05,03,10,09,36,00,00,00,00,00,00,00,00,SAT_TAL:03
GAL_SNR:27,00,00,00,34,31,00,00,00,00,00,00,00,00,00,SNR_AVG:30.67
BEI_PRN:27,27,07,46,01,30,60,28,19,20,38,22,16,06,39,SAT_TAL:07
BEI_SNR:34,38,00,30,00,31,00,38,00,00,00,00,35,00,34,SNR_AVG:34.29
QZS_PRN:00,00,00,00,00,SAT_TAL:00
QZS_SNR:00,00,00,00,00,SNR_AVG:0.00
SatInView:42 GDOP:131
Roll:141.425842 Pitch:16.938997
X_AVG:-4.139179 Y_AVG:8.220322 Z_AVG:-10.322042
X_SD:0.094254 Y_SD:0.066905 Z_SD:0.206984
$MXCM10033,2,46,20240104,065942,12,0E71043C,47EFA133,00D7,0000,8BE0,1A,F202*19
GPS_PRN:16,08,09,26,21,19619528,02,18,07,04,31,00,00,SAT_TAL:11
GPS_SNR:39,19,00,38,23,25,32,22,26,17,00,22,37,00,00,SNR_AVG:27.27
GLO_PRN:75,66,88,67,68,76,77,00,00,00,00,00,00,00,00,SAT_TAL:05
GLO_SNR:20,16,19,16,00,37,00,00,00,00,00,00,00,00,00,SNR_AVG:21.60
GAL_PRN:24,25,05,03,10,09,36,00,00,00,00,00,00,00,00,SAT_TAL:06
GAL_SNR:36,11,16,00,37,17,23,00,00,00,00,00,00,00,00,SNR_AVG:23.33
BEI_PRN:27,27,09,07,03,46,10,01,30,28,19,20,16,06,39,SAT_TAL:10
BEI_SNR:34,35,00,00,25,27,00,00,23,35,00,18,36,34,36,SNR_AVG:30.30
QZS_PRN:00,00,00,00,00,SAT_TAL:00
QZS_SNR:00,00,00,00,00,SNR_AVG:0.00
SatInView:42 GDOP:99
Roll:44.590073 Pitch:21.834343
X_AVG:-4.559657 Y_AVG:7.257450 Z_AVG:7.825606
X_SD:0.087153 Y_SD:0.077686 Z_SD:0.139571
$MXCM10033,2,47,20240104,070158,12,0E7104A9,47EFA8AC,00D7,0000,8521,19,F202*65
GPS_PRN:16,08,09,26,21,19619502,28,07,18,04,31,00,00,SAT_TAL:11
GPS_SNR:37,20,00,30,20,19,36,17,32,17,17,00,38,00,00,SNR_AVG:25.73
GLO_PRN:75,66,88,67,68,76,77,00,00,00,00,00,00,00,00,SAT_TAL:03
GLO_SNR:00,00,21,17,00,38,00,00,00,00,00,00,00,00,00,SNR_AVG:25.33
GAL_PRN:03,25,05,24,10,36,09,00,00,00,00,00,00,00,00,SAT_TAL:06
GAL_SNR:00,15,20,28,33,21,19,00,00,00,00,00,00,00,00,SNR_AVG:22.67
BEI_PRN:27,27,09,07,03,46,01,30,28,19,20,06,16,19,39,SAT_TAL:11
BEI_SNR:36,38,00,00,00,31,32,24,36,14,17,30,32,00,36,SNR_AVG:29.64
QZS_PRN:00,00,00,00,00,SAT_TAL:00
QZS_SNR:00,00,00,00,00,SNR_AVG:0.00
SatInView:42 GDOP:91
Roll:142.049759 Pitch:23.588800
X_AVG:-5.599480 Y_AVG:7.836284 Z_AVG:-9.648348
X_SD:0.075487 Y_SD:0.061122 Z_SD:0.138730
$MXCM10033,2,48,20240104,070213,12,0E710537,47EFA582,00D7,0000,8521,1A,F202*66
GPS_PRN:16,08,09,26,21,19619502,28,07,18,04,31,00,00,SAT_TAL:12
GPS_SNR:37,21,00,32,14,20,36,18,31,19,12,15,39,00,00,SNR_AVG:24.50
GLO_PRN:75,66,88,67,68,76,77,00,00,00,00,00,00,00,00,SAT_TAL:03
GLO_SNR:00,00,19,16,00,38,00,00,00,00,00,00,00,00,00,SNR_AVG:24.33
GAL_PRN:03,25,05,24,10,36,09,00,00,00,00,00,00,00,00,SAT_TAL:07
GAL_SNR:15,16,16,30,33,19,18,00,00,00,00,00,00,00,00,SNR_AVG:21.00
BEI_PRN:27,27,09,07,46,10,01,30,28,19,20,16,06,19,39,SAT_TAL:11
BEI_SNR:35,36,00,00,30,00,32,21,36,16,20,32,29,00,36,SNR_AVG:29.36
QZS_PRN:00,00,00,00,00,SAT_TAL:00
QZS_SNR:00,00,00,00,00,SNR_AVG:0.00
SatInView:42 GDOP:89
Roll:144.902100 Pitch:22.189533
X_AVG:-5.787477 Y_AVG:7.718343 Z_AVG:-10.065858
X_SD:0.102637 Y_SD:0.104705 Z_SD:0.181805
$MXCM10033,2,49,20240104,070429,12,0E710522,47EF9F5A,00D7,0000,0000,11,F202*67
GPS_PRN:16,08,09,26,21,19619502,28,07,18,04,31,00,00,SAT_TAL:09
GPS_SNR:18,15,00,32,25,31,33,00,19,00,18,00,29,00,00,SNR_AVG:24.44
GLO_PRN:75,66,88,67,68,76,77,00,00,00,00,00,00,00,00,SAT_TAL:02
GLO_SNR:00,00,19,00,00,31,00,00,00,00,00,00,00,00,00,SNR_AVG:25.00
GAL_PRN:10,25,03,24,36,09,31,00,00,00,00,00,00,00,00,SAT_TAL:05
GAL_SNR:30,18,00,27,32,25,00,00,00,00,00,00,00,00,00,SNR_AVG:26.40
BEI_PRN:27,27,07,46,01,30,60,28,19,20,22,38,16,06,39,SAT_TAL:04
BEI_SNR:29,30,00,00,29,00,00,27,00,00,00,00,00,00,00,SNR_AVG:28.75
QZS_PRN:00,00,00,00,00,SAT_TAL:00
QZS_SNR:00,00,00,00,00,SNR_AVG:0.00
SatInView:42 GDOP:128
Roll:32.544735 Pitch:12.626592
X_AVG:-5.381077 Y_AVG:12.596244 Z_AVG:19.604118
X_SD:0.090023 Y_SD:0.057248 Z_SD:0.000000
$MXCM10033,2,50,20240104,070444,12,0E71056D,47EF9E85,00D7,0000,0000,15,F202*68
GPS_PRN:16,08,09,26,21,02,19619528,07,18,04,31,00,00,SAT_TAL:08
GPS_SNR:24,00,00,34,21,00,31,30,22,00,13,00,30,00,00,SNR_AVG:25.62
GLO_PRN:75,66,88,67,68,76,77,00,00,00,00,00,00,00,00,SAT_TAL:04
GLO_SNR:00,16,20,17,00,32,00,00,00,00,00,00,00,00,00,SNR_AVG:21.25
GAL_PRN:24,25,05,03,10,36,09,31,00,00,00,00,00,00,00,SAT_TAL:06
GAL_SNR:27,18,16,00,30,33,22,00,00,00,00,00,00,00,00,SNR_AVG:24.33
BEI_PRN:27,27,07,46,01,30,28,19,20,22,38,16,06,39,00,SAT_TAL:06
BEI_SNR:32,26,00,17,28,00,30,16,00,00,00,00,00,00,00,SNR_AVG:24.83
QZS_PRN:00,00,00,00,00,SAT_TAL:00
QZS_SNR:00,00,00,00,00,SNR_AVG:0.00
SatInView:42 GDOP:103
Roll:32.630905 Pitch:12.333107
X_AVG:-5.186711 Y_AVG:12.551472 Z_AVG:19.604118
X_SD:0.178570 Y_SD:0.112965 Z_SD:0.000000
$MXCM10033,2,51,20240104,070700,12,0E710481,47EFA5A3,00D7,0000,6A0F,15,F202*66
GPS_PRN:16,08,31,26,21,19619502,28,07,18,04,09,00,00,SAT_TAL:10
GPS_SNR:29,15,26,24,23,24,36,30,38,00,00,19,00,00,00,SNR_AVG:26.40
GLO_PRN:68,66,88,67,75,76,77,00,00,00,00,00,00,00,00,SAT_TAL:03
GLO_SNR:00,18,31,00,00,35,00,00,00,00,00,00,00,00,00,SNR_AVG:28.00
GAL_PRN:10,25,05,03,24,36,09,00,00,00,00,00,00,00,00,SAT_TAL:04
GAL_SNR:28,00,00,00,22,29,34,00,00,00,00,00,00,00,00,SNR_AVG:28.25
BEI_PRN:27,27,07,46,01,30,60,28,19,20,22,38,16,06,39,SAT_TAL:07
BEI_SNR:33,27,00,31,34,00,00,32,00,13,00,00,00,00,26,SNR_AVG:28.00
QZS_PRN:00,00,00,00,00,SAT_TAL:00
QZS_SNR:00,00,00,00,00,SNR_AVG:0.00
SatInView:42 GDOP:119
Roll:165.497818 Pitch:23.750504
X_AVG:-7.980083 Y_AVG:4.759625 Z_AVG:-19.613695
X_SD:0.175602 Y_SD:0.148997 Z_SD:0.000000
$MXCM10033,2,52,20240104,070715,12,0E71045E,47EFA54D,00D7,0000,6A0F,1E,F202*6A
GPS_PRN:16,08,31,26,21,19619502,07,28,18,04,09,00,00,SAT_TAL:13
GPS_SNR:23,20,39,33,37,29,35,27,22,31,25,25,19,00,00,SNR_AVG:28.08
GLO_PRN:68,66,88,67,75,76,77,00,00,00,00,00,00,00,00,SAT_TAL:06
GLO_SNR:19,17,35,18,18,34,00,00,00,00,00,00,00,00,00,SNR_AVG:23.50
GAL_PRN:24,25,05,03,10,36,09,00,00,00,00,00,00,00,00,SAT_TAL:07
GAL_SNR:28,16,20,18,24,26,36,00,00,00,00,00,00,00,00,SNR_AVG:24.00
BEI_PRN:19,09,27,07,46,10,01,30,28,19,20,06,16,27,39,SAT_TAL:11
BEI_SNR:00,00,31,00,24,00,26,17,35,16,24,25,21,26,27,SNR_AVG:24.73
QZS_PRN:00,00,00,00,00,SAT_TAL:00
QZS_SNR:00,00,00,00,00,SNR_AVG:0.00
SatInView:42 GDOP:81
Roll:151.068268 Pitch:1.965885
X_AVG:0.269449 Y_AVG:8.151511 Z_AVG:-19.613695
X_SD:4.245880 Y_SD:2.978118 Z_SD:0.000000
$MXCM10033,2,53,20240104,070931,12,0E710368,47EFA5EC,00D7,0000,82C4,14,F202*61
GPS_PRN:16,08,31,26,21,02,19619507,28,18,04,09,00,00,SAT_TAL:08
GPS_SNR:42,00,41,39,37,33,37,36,00,34,00,00,00,00,00,SNR_AVG:37.38
GLO_PRN:68,88,66,67,75,76,77,00,00,00,00,00,00,00,00,SAT_TAL:04
GLO_SNR:00,23,19,00,00,38,18,00,00,00,00,00,00,00,00,SNR_AVG:24.50
GAL_PRN:24,25,05,03,10,12,36,09,00,00,00,00,00,00,00,SAT_TAL:05
GAL_SNR:37,00,15,00,40,00,25,33,00,00,00,00,00,00,00,SNR_AVG:30.00
BEI_PRN:27,27,07,46,01,30,28,19,20,22,38,16,06,39,00,SAT_TAL:07
BEI_SNR:28,35,00,36,38,00,43,00,00,00,00,28,00,28,00,SNR_AVG:33.71
QZS_PRN:00,00,00,00,00,SAT_TAL:00
QZS_SNR:00,00,00,00,00,SNR_AVG:0.00
SatInView:42 GDOP:120
Roll:154.035599 Pitch:0.000000
X_AVG:0.559249 Y_AVG:7.398424 Z_AVG:-19.613695
X_SD:0.115648 Y_SD:0.103214 Z_SD:0.000000
$MXCM10033,2,54,20240104,070946,12,0E710447,47EFA341,00D6,0000,82C4,1D,F202*18
GPS_PRN:16,08,31,26,21,02,19619507,28,18,04,09,00,00,SAT_TAL:12
GPS_SNR:33,20,41,35,27,32,28,38,00,37,16,18,19,00,00,SNR_AVG:28.67
GLO_PRN:68,66,88,67,75,76,77,00,00,00,00,00,00,00,00,SAT_TAL:06
GLO_SNR:17,16,31,17,00,43,18,00,00,00,00,00,00,00,00,SNR_AVG:23.67
GAL_PRN:24,25,05,03,10,12,36,09,00,00,00,00,00,00,00,SAT_TAL:07
GAL_SNR:38,16,23,00,35,29,36,32,00,00,00,00,00,00,00,SNR_AVG:29.86
BEI_PRN:27,09,27,07,46,10,01,30,28,19,20,16,06,39,00,SAT_TAL:12
BEI_SNR:33,00,37,20,28,00,27,27,34,19,26,21,29,28,00,SNR_AVG:27.42
QZS_PRN:00,00,00,00,00,SAT_TAL:00
QZS_SNR:00,00,00,00,00,SNR_AVG:0.00
SatInView:42 GDOP:89
Roll:150.741058 Pitch:7.465823
X_AVG:-2.847290 Y_AVG:8.475932 Z_AVG:-19.613695
X_SD:3.330292 Y_SD:4.236415 Z_SD:0.000000
$MXCM10033,2,55,20240104,071201,12,0E7103AA,47EFA1BE,00D6,0000,7A37,0D,F202*1A
GPS_PRN:08,09,31,26,19619521,02,07,28,04,16,00,00,00,SAT_TAL:09
GPS_SNR:00,19,37,30,29,20,29,35,00,00,20,34,00,00,00,SNR_AVG:28.11
GLO_PRN:77,88,66,68,75,78,76,67,00,00,00,00,00,00,00,SAT_TAL:02
GLO_SNR:00,29,00,00,00,00,32,00,00,00,00,00,00,00,00,SNR_AVG:30.50
GAL_PRN:10,25,05,24,36,09,00,00,00,00,00,00,00,00,00,SAT_TAL:00
GAL_SNR:00,00,00,00,00,00,00,00,00,00,00,00,00,00,00,SNR_AVG:0.00
BEI_PRN:27,27,03,46,01,30,28,19,20,22,38,16,06,39,00,SAT_TAL:05
BEI_SNR:29,32,00,00,00,00,36,00,00,00,21,00,00,24,00,SNR_AVG:28.40
QZS_PRN:00,00,00,00,00,SAT_TAL:00
QZS_SNR:00,00,00,00,00,SNR_AVG:0.00
SatInView:40 GDOP:130
Roll:162.594406 Pitch:22.264391
X_AVG:-7.441951 Y_AVG:5.676671 Z_AVG:-19.613695
X_SD:0.461067 Y_SD:0.269863 Z_SD:0.000000
$MXCM10033,2,56,20240104,071217,12,0E710316,47EFA1F2,00D6,0000,7A37,1A,F202*6E
GPS_PRN:16,08,31,26,21,02,19619507,28,18,04,09,00,00,SAT_TAL:13
GPS_SNR:19,16,29,31,34,34,27,28,15,35,15,16,15,00,00,SNR_AVG:24.15
GLO_PRN:68,88,66,67,75,76,77,00,00,00,00,00,00,00,00,SAT_TAL:04
GLO_SNR:18,25,18,00,00,25,00,00,00,00,00,00,00,00,00,SNR_AVG:21.50
GAL_PRN:10,25,05,03,24,12,36,09,00,00,00,00,00,00,00,SAT_TAL:07
GAL_SNR:33,14,16,00,22,27,33,29,00,00,00,00,00,00,00,SNR_AVG:24.86
BEI_PRN:27,09,27,07,03,46,10,30,28,19,20,06,16,39,00,SAT_TAL:06
BEI_SNR:36,00,38,00,00,00,00,16,33,00,17,00,00,22,00,SNR_AVG:27.00
QZS_PRN:00,00,00,00,00,SAT_TAL:00
QZS_SNR:00,00,00,00,00,SNR_AVG:0.00
SatInView:42 GDOP:89
Roll:159.173889 Pitch:19.241873
X_AVG:-6.772998 Y_AVG:6.838073 Z_AVG:-19.613695
X_SD:0.340738 Y_SD:0.295793 Z_SD:0.000000
$MXCM10033,2,57,20240104,071433,12,0E710487,47EFA23D,00D6,0000,1952,13,F202*6F
GPS_PRN:16,09,31,26,21,19619502,07,28,18,04,08,00,00,SAT_TAL:12
GPS_SNR:35,18,23,38,30,30,34,31,00,30,23,18,17,00,00,SNR_AVG:27.25
GLO_PRN:77,88,66,68,75,78,76,67,00,00,00,00,00,00,00,SAT_TAL:03
GLO_SNR:00,23,20,00,00,00,33,00,00,00,00,00,00,00,00,SNR_AVG:25.33
GAL_PRN:03,25,05,10,24,12,36,00,00,00,00,00,00,00,00,SAT_TAL:04
GAL_SNR:00,00,00,34,32,31,20,00,00,00,00,00,00,00,00,SNR_AVG:29.25
BEI_PRN:27,27,07,46,01,30,60,28,19,20,22,38,06,16,39,SAT_TAL:05
BEI_SNR:18,33,00,00,29,00,00,37,00,00,00,00,00,00,19,SNR_AVG:27.20
QZS_PRN:00,00,00,00,00,SAT_TAL:00
QZS_SNR:00,00,00,00,00,SNR_AVG:0.00
SatInView:43 GDOP:116
Roll:25.181177 Pitch:30.760042
X_AVG:-7.453683 Y_AVG:5.295267 Z_AVG:11.025617
X_SD:0.755894 Y_SD:0.540993 Z_SD:0.634028
$MXCM10033,2,58,20240104,071448,12,0E710431,47EFA24F,00D6,0000,1952,19,F202*6E
GPS_PRN:16,08,31,26,21,02,19619507,28,18,04,09,00,00,SAT_TAL:12
GPS_SNR:36,12,35,38,29,29,29,34,00,32,17,18,15,00,00,SNR_AVG:27.00
GLO_PRN:68,67,66,88,75,76,77,00,00,00,00,00,00,00,00,SAT_TAL:03
GLO_SNR:00,00,17,24,00,36,00,00,00,00,00,00,00,00,00,SNR_AVG:25.67
GAL_PRN:10,25,05,03,24,12,36,09,00,00,00,00,00,00,00,SAT_TAL:08
GAL_SNR:33,15,18,16,33,30,20,31,00,00,00,00,00,00,00,SNR_AVG:24.50
BEI_PRN:27,09,27,07,46,10,01,30,28,19,20,06,16,39,00,SAT_TAL:10
BEI_SNR:20,00,33,00,20,00,28,00,37,14,21,14,15,14,00,SNR_AVG:21.60
QZS_PRN:00,00,00,00,00,SAT_TAL:00
QZS_SNR:00,00,00,00,00,SNR_AVG:0.00
SatInView:42 GDOP:104
Roll:162.809143 Pitch:22.345865
X_AVG:-7.450618 Y_AVG:5.478475 Z_AVG:-19.613695
X_SD:0.193571 Y_SD:0.123225 Z_SD:0.000000
$MXCM10033,2,59,20240104,071704,12,0E710470,47EF9FBC,00D6,0000,2485,0F,F202*64
GPS_PRN:16,08,31,26,21,19619502,07,28,18,04,09,00,00,SAT_TAL:09
GPS_SNR:31,23,39,22,23,27,26,28,00,19,00,00,00,00,00,SNR_AVG:26.44
GLO_PRN:67,66,68,78,77,76,00,00,00,00,00,00,00,00,00,SAT_TAL:02
GLO_SNR:00,17,00,00,00,31,00,00,00,00,00,00,00,00,00,SNR_AVG:24.00
GAL_PRN:03,25,05,10,24,12,36,00,00,00,00,00,00,00,00,SAT_TAL:02
GAL_SNR:00,00,00,25,24,00,00,00,00,00,00,00,00,00,00,SNR_AVG:24.50
BEI_PRN:27,27,07,46,01,30,60,28,19,20,22,38,06,16,39,SAT_TAL:03
BEI_SNR:18,17,00,00,00,00,00,25,00,00,00,00,00,00,00,SNR_AVG:20.00
QZS_PRN:00,00,00,00,00,SAT_TAL:00
QZS_SNR:00,00,00,00,00,SNR_AVG:0.00
SatInView:41 GDOP:136
Roll:32.065937 Pitch:20.793674
X_AVG:-5.758698 Y_AVG:7.747122 Z_AVG:11.318242
X_SD:0.081225 Y_SD:0.082826 Z_SD:0.182036
$MXCM10033,2,60,20240104,071719,12,0E7103EA,47EF9F49,00D6,0000,2485,13,F202*1E
GPS_PRN:16,08,31,26,21,02,19619507,28,18,04,09,00,00,SAT_TAL:09
GPS_SNR:28,16,22,30,34,32,37,32,00,31,00,00,00,00,00,SNR_AVG:29.11
GLO_PRN:67,66,68,78,76,77,00,00,00,00,00,00,00,00,00,SAT_TAL:04
GLO_SNR:22,17,17,00,29,00,00,00,00,00,00,00,00,00,00,SNR_AVG:21.25
GAL_PRN:03,25,05,10,24,12,36,09,00,00,00,00,00,00,00,SAT_TAL:05
GAL_SNR:00,00,13,36,28,00,37,34,00,00,00,00,00,00,00,SNR_AVG:29.60
BEI_PRN:16,27,07,46,01,30,60,28,19,20,22,38,06,39,00,SAT_TAL:07
BEI_SNR:00,36,00,20,29,00,00,36,18,00,00,19,00,30,00,SNR_AVG:26.86
QZS_PRN:00,00,00,00,00,SAT_TAL:00
QZS_SNR:00,00,00,00,00,SNR_AVG:0.00
SatInView:41 GDOP:101
Roll:35.569233 Pitch:12.605001
X_AVG:-3.578494 Y_AVG:8.682747 Z_AVG:11.808249
X_SD:0.485349 Y_SD:0.606448 Z_SD:0.575982
$MXCM10033,2,61,20240104,071935,12,0E7103EF,47EFA15D,00D5,0000,78A0,16,F202*18
GPS_PRN:16,08,31,21,26,02,19619507,28,18,04,09,00,00,SAT_TAL:11
GPS_SNR:30,19,33,23,30,20,18,33,00,34,16,00,21,00,00,SNR_AVG:25.18
GLO_PRN:75,66,68,67,78,77,76,00,00,00,00,00,00,00,00,SAT_TAL:03
GLO_SNR:00,21,00,00,19,00,29,00,00,00,00,00,00,00,00,SNR_AVG:23.00
GAL_PRN:10,25,05,03,24,12,36,09,00,00,00,00,00,00,00,SAT_TAL:06
GAL_SNR:31,00,20,00,32,28,29,34,00,00,00,00,00,00,00,SNR_AVG:29.00
BEI_PRN:27,09,27,07,46,10,01,30,28,19,20,06,16,39,00,SAT_TAL:08
BEI_SNR:24,00,26,00,17,00,25,23,36,17,00,00,16,00,00,SNR_AVG:23.00
QZS_PRN:00,00,00,00,00,SAT_TAL:00
QZS_SNR:00,00,00,00,00,SNR_AVG:0.00
SatInView:42 GDOP:106
Roll:21.726740 Pitch:15.748022
X_AVG:-3.601574 Y_AVG:6.747475 Z_AVG:13.103825
X_SD:2.132215 Y_SD:3.502388 Z_SD:2.734931
$MXCM10033,2,62,20240104,071950,12,0E71036A,47EFA3F4,00D5,0000,78A0,15,F201*6D
GPS_PRN:16,08,31,21,26,02,19619507,28,18,04,09,00,00,SAT_TAL:11
GPS_SNR:32,21,39,25,33,31,32,31,00,27,16,00,18,00,00,SNR_AVG:27.73
GLO_PRN:88,67,66,68,77,76,00,00,00,00,00,00,00,00,00,SAT_TAL:04
GLO_SNR:18,17,17,00,00,37,00,00,00,00,00,00,00,00,00,SNR_AVG:22.25
GAL_PRN:03,25,05,10,24,12,36,09,00,00,00,00,00,00,00,SAT_TAL:05
GAL_SNR:00,00,00,21,34,28,31,29,00,00,00,00,00,00,00,SNR_AVG:28.60
BEI_PRN:27,27,07,46,30,02,28,19,20,38,22,06,16,39,00,SAT_TAL:05
BEI_SNR:31,26,00,24,00,00,29,00,00,00,00,00,17,00,00,SNR_AVG:25.40
QZS_PRN:00,00,00,00,00,SAT_TAL:00
QZS_SNR:00,00,00,00,00,SNR_AVG:0.00
SatInView:41 GDOP:108
Roll:91.030678 Pitch:-0.035171
X_AVG:0.402426 Y_AVG:9.344566 Z_AVG:-0.979919
X_SD:0.090319 Y_SD:0.108274 Z_SD:0.168473
$MXCM10033,2,63,20240104,072206,12,0E7102F1,47EFA435,00D5,0000,2C13,17,F202*19
GPS_PRN:16,21,08,31,26,02,19619507,28,04,09,00,00,00,SAT_TAL:10
GPS_SNR:33,34,17,33,31,36,37,27,00,30,17,00,00,00,00,SNR_AVG:29.50
GLO_PRN:67,66,68,78,77,76,00,00,00,00,00,00,00,00,00,SAT_TAL:02
GLO_SNR:00,17,00,00,00,32,00,00,00,00,00,00,00,00,00,SNR_AVG:24.50
GAL_PRN:24,25,05,10,03,12,36,09,00,00,00,00,00,00,00,SAT_TAL:06
GAL_SNR:21,15,00,27,00,24,33,20,00,00,00,00,00,00,00,SNR_AVG:23.33
BEI_PRN:27,09,27,07,46,03,10,30,28,19,20,22,16,06,39,SAT_TAL:10
BEI_SNR:29,00,33,00,30,00,00,29,40,16,28,00,33,32,37,SNR_AVG:30.70
QZS_PRN:00,00,00,00,00,SAT_TAL:00
QZS_SNR:00,00,00,00,00,SNR_AVG:0.00
SatInView:41 GDOP:106
Roll:145.243576 Pitch:22.036541
X_AVG:-5.452569 Y_AVG:7.659972 Z_AVG:-10.506352
X_SD:0.120181 Y_SD:0.082430 Z_SD:0.161112
$MXCM10033,2,64,20240104,072221,12,0E710367,47EFA326,00D5,0000,2C13,19,F201*64
GPS_PRN:16,21,08,31,26,02,19619507,28,04,09,00,00,00,SAT_TAL:12
GPS_SNR:32,21,17,33,36,22,21,28,15,31,20,13,00,00,00,SNR_AVG:24.08
GLO_PRN:68,67,66,88,78,77,76,00,00,00,00,00,00,00,00,SAT_TAL:04
GLO_SNR:16,00,19,21,00,00,23,00,00,00,00,00,00,00,00,SNR_AVG:19.75
GAL_PRN:24,25,05,10,03,12,36,09,00,00,00,00,00,00,00,SAT_TAL:06
GAL_SNR:24,00,12,30,00,26,26,28,00,00,00,00,00,00,00,SNR_AVG:24.33
BEI_PRN:19,09,27,07,46,03,30,28,19,20,22,16,06,27,39,SAT_TAL:08
BEI_SNR:00,00,24,00,19,00,20,38,14,19,00,16,00,22,00,SNR_AVG:21.50
QZS_PRN:00,00,00,00,00,SAT_TAL:00
QZS_SNR:00,00,00,00,00,SNR_AVG:0.00
SatInView:42 GDOP:94
Roll:61.077694 Pitch:34.152237
X_AVG:-6.369854 Y_AVG:6.675025 Z_AVG:4.293129
X_SD:0.615092 Y_SD:0.446846 Z_SD:0.546533
$MXCM10033,2,65,20240104,072436,12,0E7100AF,47EFBC88,00D5,0000,543E,06,F202*1E
GPS_PRN:08,04,16,09,21,31,26,02,07,28,18,19519600,00,SAT_TAL:04
GPS_SNR:00,00,20,00,00,23,24,00,00,00,00,29,00,00,00,SNR_AVG:24.00
GLO_PRN:67,66,68,78,77,76,00,00,00,00,00,00,00,00,00,SAT_TAL:01
GLO_SNR:00,00,00,00,00,32,00,00,00,00,00,00,00,00,00,SNR_AVG:32.00
GAL_PRN:05,03,24,12,36,09,25,10,00,00,00,00,00,00,00,SAT_TAL:01
GAL_SNR:00,00,00,00,19,00,00,00,00,00,00,00,00,00,00,SNR_AVG:19.00
BEI_PRN:27,46,03,60,28,19,20,22,38,06,07,00,00,00,00,SAT_TAL:00
BEI_SNR:00,00,00,00,00,00,00,00,00,00,00,00,00,00,00,SNR_AVG:0.00
QZS_PRN:00,00,00,00,00,SAT_TAL:00
QZS_SNR:00,00,00,00,00,SNR_AVG:0.00
SatInView:38 GDOP:288
Roll:115.164238 Pitch:52.242218
X_AVG:-6.169216 Y_AVG:4.228437 Z_AVG:-5.462529
X_SD:6.655436 Y_SD:8.092059 Z_SD:8.685862
$MXCM10033,2,66,20240104,072451,12,0E7104B1,47EFA0FE,00D5,0000,543E,0D,F203*6C
GPS_PRN:08,04,16,09,21,31,26,02,07,28,18,19519600,00,SAT_TAL:09
GPS_SNR:14,14,28,00,24,22,19,21,00,00,00,22,21,00,00,SNR_AVG:20.56
GLO_PRN:67,66,68,78,77,76,00,00,00,00,00,00,00,00,00,SAT_TAL:01
GLO_SNR:00,00,00,00,00,25,00,00,00,00,00,00,00,00,00,SNR_AVG:25.00
GAL_PRN:05,03,24,12,36,09,25,10,00,00,00,00,00,00,00,SAT_TAL:03
GAL_SNR:00,00,21,00,19,00,00,20,00,00,00,00,00,00,00,SNR_AVG:20.00
BEI_PRN:06,27,46,03,30,28,22,38,16,39,00,00,00,00,00,SAT_TAL:00
BEI_SNR:00,00,00,00,00,00,00,00,00,00,00,00,00,00,00,SNR_AVG:0.00
QZS_PRN:00,00,00,00,00,SAT_TAL:00
QZS_SNR:00,00,00,00,00,SNR_AVG:0.00
SatInView:37 GDOP:156
Roll:-118.576904 Pitch:24.158506
X_AVG:-1.485967 Y_AVG:-7.338232 Z_AVG:-13.494711
X_SD:9.754051 Y_SD:7.969260 Z_SD:8.676919
$MXCM10033,2,67,20240104,072706,12,0E7106DE,47EF9F3E,00D5,0000,0000,08,F201*6E
GPS_PRN:08,04,16,09,21,26,31,02,07,28,19519600,00,00,SAT_TAL:06
GPS_SNR:00,17,28,17,00,20,27,00,00,00,33,00,00,00,00,SNR_AVG:23.67
GLO_PRN:88,67,66,68,78,77,76,00,00,00,00,00,00,00,00,SAT_TAL:01
GLO_SNR:00,00,00,00,00,00,22,00,00,00,00,00,00,00,00,SNR_AVG:22.00
GAL_PRN:03,05,24,12,36,09,25,10,00,00,00,00,00,00,00,SAT_TAL:01
GAL_SNR:00,00,00,22,00,00,00,00,00,00,00,00,00,00,00,SNR_AVG:22.00
BEI_PRN:06,27,07,46,03,30,01,02,20,38,16,39,00,00,00,SAT_TAL:00
BEI_SNR:00,00,00,00,00,00,00,00,00,00,00,00,00,00,00,SNR_AVG:0.00
QZS_PRN:00,00,00,00,00,SAT_TAL:00
QZS_SNR:00,00,00,00,00,SNR_AVG:0.00
SatInView:39 GDOP:158
Roll:132.048340 Pitch:20.594910
X_AVG:-4.528245 Y_AVG:8.109085 Z_AVG:-7.811432
X_SD:0.156819 Y_SD:0.130363 Z_SD:0.191358
$MXCM10033,2,68,20240104,072722,12,0E71049B,47EFA17E,00D5,0000,0000,15,F202*1B
GPS_PRN:16,21,08,26,31,02,19619507,28,04,09,00,00,00,SAT_TAL:08
GPS_SNR:24,25,00,23,29,23,00,27,00,00,16,13,00,00,00,SNR_AVG:22.50
GLO_PRN:68,67,66,88,78,77,76,00,00,00,00,00,00,00,00,SAT_TAL:04
GLO_SNR:15,00,12,21,00,00,21,00,00,00,00,00,00,00,00,SNR_AVG:17.25
GAL_PRN:24,25,10,03,05,12,36,09,00,00,00,00,00,00,00,SAT_TAL:06
GAL_SNR:22,15,26,00,00,17,20,16,00,00,00,00,00,00,00,SNR_AVG:19.33
BEI_PRN:19,27,07,46,30,01,60,28,19,20,38,22,06,16,39,SAT_TAL:04
BEI_SNR:00,00,00,20,16,00,00,23,14,00,00,00,00,00,00,SNR_AVG:18.25
QZS_PRN:00,00,00,00,00,SAT_TAL:00
QZS_SNR:00,00,00,00,00,SNR_AVG:0.00
SatInView:42 GDOP:102
Roll:112.147850 Pitch:67.149269
X_AVG:-6.071435 Y_AVG:1.552432 Z_AVG:-7.209278
X_SD:13.355373 Y_SD:13.657142 Z_SD:13.253113
$MXCM10033,2,69,20240104,072937,00,0E71049A,47EFA15E,00D5,0000,0000,00,F202*16
GPS_PRN:31,19600,00,00,00,00,00,00,00,00,00,00,00,00,SAT_TAL:00
GPS_SNR:00,00,00,00,00,00,00,00,00,00,00,00,00,00,00,SNR_AVG:0.00
GLO_PRN:00,00,00,00,00,00,00,00,00,00,00,00,00,00,00,SAT_TAL:00
GLO_SNR:00,00,00,00,00,00,00,00,00,00,00,00,00,00,00,SNR_AVG:0.00
GAL_PRN:00,00,00,00,00,00,00,00,00,00,00,00,00,00,00,SAT_TAL:00
GAL_SNR:00,00,00,00,00,00,00,00,00,00,00,00,00,00,00,SNR_AVG:0.00
BEI_PRN:00,00,00,00,00,00,00,00,00,00,00,00,00,00,00,SAT_TAL:00
BEI_SNR:00,00,00,00,00,00,00,00,00,00,00,00,00,00,00,SNR_AVG:0.00
QZS_PRN:00,00,00,00,00,SAT_TAL:00
QZS_SNR:00,00,00,00,00,SNR_AVG:0.00
SatInView:2 GDOP:17319
Roll:-145.439850 Pitch:-11.569757
X_AVG:-6.734259 Y_AVG:-1.032448 Z_AVG:-18.991238
X_SD:8.703866 Y_SD:6.679883 Z_SD:4.349243
$MXCM10033,2,70,20240104,072953,12,0E7100EA,47EFA456,00D5,0000,6A69,11,F202*69
GPS_PRN:08,19516,09,21,31,26,02,07,28,04,19600,00,00,SAT_TAL:10
GPS_SNR:25,25,26,00,27,35,29,20,18,00,17,27,00,00,00,SNR_AVG:24.90
GLO_PRN:68,67,66,88,78,77,76,00,00,00,00,00,00,00,00,SAT_TAL:02
GLO_SNR:00,00,00,23,00,00,25,00,00,00,00,00,00,00,00,SNR_AVG:24.00
GAL_PRN:05,03,00,00,00,00,00,00,00,00,00,00,00,00,00,SAT_TAL:00
GAL_SNR:00,00,00,00,00,00,00,00,00,00,00,00,00,00,00,SNR_AVG:0.00
BEI_PRN:27,27,07,46,30,01,60,28,19,20,38,22,16,06,39,SAT_TAL:07
BEI_SNR:25,33,00,29,25,33,00,34,00,24,00,00,00,00,00,SNR_AVG:29.00
QZS_PRN:00,00,00,00,00,SAT_TAL:00
QZS_SNR:00,00,00,00,00,SNR_AVG:0.00
SatInView:36 GDOP:112
Roll:-179.951157 Pitch:28.329182
X_AVG:-9.529450 Y_AVG:-0.216871 Z_AVG:-19.613695
X_SD:0.079179 Y_SD:0.066164 Z_SD:0.000000
$MXCM10033,2,71,20240104,073209,12,0E70FFD0,47EFA3D7,00D5,0000,0000,14,F202*16
GPS_PRN:16,09,21,31,26,02,19619507,08,04,00,00,00,00,SAT_TAL:09
GPS_SNR:00,00,28,35,23,35,28,22,17,19,14,00,00,00,00,SNR_AVG:24.56
GLO_PRN:68,67,66,88,78,77,76,00,00,00,00,00,00,00,00,SAT_TAL:02
GLO_SNR:00,00,00,20,00,00,31,00,00,00,00,00,00,00,00,SNR_AVG:25.50
GAL_PRN:25,10,03,05,24,12,36,09,00,00,00,00,00,00,00,SAT_TAL:04
GAL_SNR:00,35,00,00,33,18,29,00,00,00,00,00,00,00,00,SNR_AVG:28.75
BEI_PRN:27,27,07,46,30,01,02,60,28,19,20,38,22,06,16,SAT_TAL:07
BEI_SNR:25,33,00,26,23,33,00,00,18,00,27,00,00,00,00,SNR_AVG:26.43
QZS_PRN:00,00,00,00,00,SAT_TAL:00
QZS_SNR:00,00,00,00,00,SNR_AVG:0.00
SatInView:42 GDOP:109
Roll:180.000015 Pitch:28.324268
X_AVG:-9.525236 Y_AVG:-0.215195 Z_AVG:-19.613695
X_SD:0.072293 Y_SD:0.062683 Z_SD:0.000000
$MXCM10033,2,72,20240104,073224,12,0E70FFB6,47EFA285,00D5,0000,0000,18,F202*69
GPS_PRN:16,09,21,26,31,02,19619507,08,04,00,00,00,00,SAT_TAL:10
GPS_SNR:17,00,30,22,37,33,27,19,16,24,17,00,00,00,00,SNR_AVG:24.20
GLO_PRN:68,67,66,88,78,77,76,00,00,00,00,00,00,00,00,SAT_TAL:04
GLO_SNR:00,22,20,25,00,00,30,00,00,00,00,00,00,00,00,SNR_AVG:24.25
GAL_PRN:25,10,03,05,24,12,36,09,00,00,00,00,00,00,00,SAT_TAL:06
GAL_SNR:00,33,00,17,31,14,29,17,00,00,00,00,00,00,00,SNR_AVG:23.50
BEI_PRN:27,09,27,07,46,30,10,01,28,19,20,29,38,16,06,SAT_TAL:10
BEI_SNR:25,00,32,00,28,20,00,32,19,00,24,00,15,22,17,SNR_AVG:23.40
QZS_PRN:00,00,00,00,00,SAT_TAL:00
QZS_SNR:00,00,00,00,00,SNR_AVG:0.00
SatInView:42 GDOP:100
Roll:180.000015 Pitch:28.323862
X_AVG:-9.531126 Y_AVG:-0.215722 Z_AVG:-19.613695
X_SD:0.073172 Y_SD:0.060144 Z_SD:0.000000
$MXCM10033,2,73,20240104,073440,12,0E7103CC,47EF9D9E,00D5,0000,617A,16,F202*1A
GPS_PRN:04,09,21,02,26,31,19619507,08,16,00,00,00,00,SAT_TAL:09
GPS_SNR:23,00,29,33,34,38,31,29,00,21,17,00,00,00,00,SNR_AVG:28.33
GLO_PRN:88,67,66,78,77,76,00,00,00,00,00,00,00,00,00,SAT_TAL:03
GLO_SNR:30,00,19,00,00,39,00,00,00,00,00,00,00,00,00,SNR_AVG:29.33
GAL_PRN:25,10,03,24,05,12,36,09,00,00,00,00,00,00,00,SAT_TAL:06
GAL_SNR:22,31,00,32,18,24,30,00,00,00,00,00,00,00,00,SNR_AVG:26.17
BEI_PRN:19,09,27,46,07,30,10,01,28,19,20,22,06,16,27,SAT_TAL:07
BEI_SNR:00,00,34,00,00,20,00,34,25,20,23,00,00,00,29,SNR_AVG:26.43
QZS_PRN:00,00,00,00,00,SAT_TAL:00
QZS_SNR:00,00,00,00,00,SNR_AVG:0.00
SatInView:41 GDOP:108
Roll:180.000015 Pitch:28.324268
X_AVG:-9.543145 Y_AVG:-0.201596 Z_AVG:-19.613695
X_SD:0.066219 Y_SD:0.054300 Z_SD:0.000000
$MXCM10033,2,74,20240104,073455,12,0E710382,47EF9DCF,00D5,0000,617A,1B,F202*1E
GPS_PRN:16,09,21,02,31,19619526,07,08,04,00,00,00,00,SAT_TAL:11
GPS_SNR:21,19,30,29,39,30,27,36,18,20,15,00,00,00,00,SNR_AVG:25.82
GLO_PRN:67,88,86,76,66,87,77,00,00,00,00,00,00,00,00,SAT_TAL:05
GLO_SNR:17,24,00,38,20,23,00,00,00,00,00,00,00,00,00,SNR_AVG:24.40
GAL_PRN:25,10,03,05,24,12,36,00,00,00,00,00,00,00,00,SAT_TAL:06
GAL_SNR:23,30,00,19,31,22,28,00,00,00,00,00,00,00,00,SNR_AVG:25.50
BEI_PRN:19,09,27,46,07,30,10,01,28,19,20,29,38,16,06,SAT_TAL:09
BEI_SNR:00,00,35,18,00,23,00,33,23,13,23,00,00,20,17,SNR_AVG:22.78
QZS_PRN:00,00,00,00,00,SAT_TAL:00
QZS_SNR:00,00,00,00,00,SNR_AVG:0.00
SatInView:42 GDOP:93
Roll:180.000015 Pitch:28.323862
X_AVG:-9.555164 Y_AVG:-0.213280 Z_AVG:-19.613695
X_SD:0.075901 Y_SD:0.063770 Z_SD:0.000000
$MXCM10033,2,75,20240104,073711,12,0E7105DC,47EF9E5B,00D5,0000,0000,16,F202*61
GPS_PRN:16,21,09,02,26,31,19619507,08,04,00,00,00,00,SAT_TAL:10
GPS_SNR:26,27,00,25,36,41,35,26,16,21,21,00,00,00,00,SNR_AVG:27.40
GLO_PRN:68,67,66,88,78,77,76,00,00,00,00,00,00,00,00,SAT_TAL:03
GLO_SNR:00,00,19,21,00,00,35,00,00,00,00,00,00,00,00,SNR_AVG:25.00
GAL_PRN:25,10,03,24,05,12,36,09,00,00,00,00,00,00,00,SAT_TAL:05
GAL_SNR:00,23,00,31,16,26,22,00,00,00,00,00,00,00,00,SNR_AVG:23.60
BEI_PRN:27,27,46,07,03,30,01,02,28,19,20,38,22,16,06,SAT_TAL:06
BEI_SNR:20,37,00,00,00,00,33,00,24,14,29,00,00,00,00,SNR_AVG:26.17
QZS_PRN:00,00,00,00,00,SAT_TAL:00
QZS_SNR:00,00,00,00,00,SNR_AVG:0.00
SatInView:42 GDOP:102
Roll:180.000015 Pitch:28.324268
X_AVG:-9.536249 Y_AVG:-0.192546 Z_AVG:-19.613695
X_SD:0.071904 Y_SD:0.064964 Z_SD:0.000000
$MXCM10033,2,76,20240104,073726,12,0E710542,47EF9F13,00D5,0000,0000,19,F202*1E
GPS_PRN:16,21,09,02,26,19619531,07,08,04,00,00,00,00,SAT_TAL:10
GPS_SNR:29,28,18,21,36,35,25,41,00,24,17,00,00,00,00,SNR_AVG:27.40
GLO_PRN:67,88,86,76,66,87,77,00,00,00,00,00,00,00,00,SAT_TAL:06
GLO_SNR:21,11,23,37,20,22,00,00,00,00,00,00,00,00,00,SNR_AVG:22.33
GAL_PRN:25,10,03,24,05,36,12,00,00,00,00,00,00,00,00,SAT_TAL:05
GAL_SNR:00,23,00,31,17,20,25,00,00,00,00,00,00,00,00,SNR_AVG:23.20
BEI_PRN:27,09,27,46,07,03,30,10,01,28,19,20,29,38,16,SAT_TAL:11
BEI_SNR:23,00,36,17,00,00,17,00,33,24,16,28,19,16,21,SNR_AVG:22.73
QZS_PRN:00,00,00,00,00,SAT_TAL:00
QZS_SNR:00,00,00,00,00,SNR_AVG:0.00
SatInView:42 GDOP:99
Roll:180.000015 Pitch:28.323862
X_AVG:-9.547119 Y_AVG:-0.194796 Z_AVG:-19.613695
X_SD:0.078418 Y_SD:0.067383 Z_SD:0.000000
$MXCM10033,2,77,20240104,073942,12,0E7100D9,47EFA196,00D5,0000,79D6,12,F202*18
GPS_PRN:21,09,08,02,26,19619531,07,04,16,00,00,00,00,SAT_TAL:09
GPS_SNR:29,00,20,31,40,34,27,36,15,00,29,00,00,00,00,SNR_AVG:29.00
GLO_PRN:66,67,68,88,78,77,76,00,00,00,00,00,00,00,00,SAT_TAL:03
GLO_SNR:20,00,00,30,00,00,18,00,00,00,00,00,00,00,00,SNR_AVG:22.67
GAL_PRN:24,25,10,03,05,36,12,00,00,00,00,00,00,00,00,SAT_TAL:05
GAL_SNR:24,22,24,00,00,21,19,00,00,00,00,00,00,00,00,SNR_AVG:22.00
BEI_PRN:27,27,46,07,30,03,01,02,60,28,20,38,22,16,06,SAT_TAL:03
BEI_SNR:31,31,00,00,00,00,34,00,00,00,00,00,00,00,00,SNR_AVG:32.00
QZS_PRN:00,00,00,00,00,SAT_TAL:00
QZS_SNR:00,00,00,00,00,SNR_AVG:0.00
SatInView:41 GDOP:113
Roll:180.000015 Pitch:28.324268
X_AVG:-9.552195 Y_AVG:-0.192306 Z_AVG:-19.613695
X_SD:0.076671 Y_SD:0.061408 Z_SD:0.000000
$MXCM10033,2,78,20240104,073957,12,0E7101BE,47EF9FF0,00D5,0000,79D6,19,F202*15
GPS_PRN:21,16,09,02,26,19619507,31,08,04,00,00,00,00,SAT_TAL:11
GPS_SNR:33,25,15,31,40,34,24,17,34,21,14,00,00,00,00,SNR_AVG:26.18
GLO_PRN:67,88,86,76,66,87,77,00,00,00,00,00,00,00,00,SAT_TAL:05
GLO_SNR:17,28,32,16,00,27,00,00,00,00,00,00,00,00,00,SNR_AVG:24.00
GAL_PRN:25,10,03,24,05,36,12,00,00,00,00,00,00,00,00,SAT_TAL:06
GAL_SNR:21,26,00,23,18,24,19,00,00,00,00,00,00,00,00,SNR_AVG:21.83
BEI_PRN:27,09,46,27,07,30,03,10,01,28,19,29,20,38,16,SAT_TAL:11
BEI_SNR:32,20,15,30,18,25,00,00,34,24,00,17,22,00,19,SNR_AVG:23.27
QZS_PRN:00,00,00,00,00,SAT_TAL:00
QZS_SNR:00,00,00,00,00,SNR_AVG:0.00
SatInView:42 GDOP:97
Roll:180.000015 Pitch:28.323862
X_AVG:-9.549466 Y_AVG:-0.202410 Z_AVG:-19.613695
X_SD:0.076274 Y_SD:0.066308 Z_SD:0.000000
$MXCM10033,2,79,20240104,074212,00,0E7101DE,47EF9FDB,00D5,0000,0000,00,F202*18
GPS_PRN:26,19600,00,00,00,00,00,00,00,00,00,00,00,00,SAT_TAL:00
GPS_SNR:00,00,00,00,00,00,00,00,00,00,00,00,00,00,00,SNR_AVG:0.00
GLO_PRN:00,00,00,00,00,00,00,00,00,00,00,00,00,00,00,SAT_TAL:00
GLO_SNR:00,00,00,00,00,00,00,00,00,00,00,00,00,00,00,SNR_AVG:0.00
GAL_PRN:00,00,00,00,00,00,00,00,00,00,00,00,00,00,00,SAT_TAL:00
GAL_SNR:00,00,00,00,00,00,00,00,00,00,00,00,00,00,00,SNR_AVG:0.00
BEI_PRN:00,00,00,00,00,00,00,00,00,00,00,00,00,00,00,SAT_TAL:00
BEI_SNR:00,00,00,00,00,00,00,00,00,00,00,00,00,00,00,SNR_AVG:0.00
QZS_PRN:00,00,00,00,00,SAT_TAL:00
QZS_SNR:00,00,00,00,00,SNR_AVG:0.00
SatInView:2 GDOP:17319
Roll:-135.414200 Pitch:-35.458805
X_AVG:19.613695 Y_AVG:-19.016617 Z_AVG:-19.613695
X_SD:0.000000 Y_SD:0.055922 Z_SD:0.000000
$MXCM10033,2,80,20240104,074227,00,0E7101DE,47EF9FDB,00D5,0000,0000,00,F202*18
GPS_PRN:00,00,00,00,00,00,00,00,00,00,00,00,00,00,00,SAT_TAL:00
GPS_SNR:00,00,00,00,00,00,00,00,00,00,00,00,00,00,00,SNR_AVG:0.00
GLO_PRN:88,76,78,00,00,00,00,00,00,00,00,00,00,00,00,SAT_TAL:00
GLO_SNR:00,00,00,00,00,00,00,00,00,00,00,00,00,00,00,SNR_AVG:0.00
GAL_PRN:00,00,00,00,00,00,00,00,00,00,00,00,00,00,00,SAT_TAL:00
GAL_SNR:00,00,00,00,00,00,00,00,00,00,00,00,00,00,00,SNR_AVG:0.00
BEI_PRN:06,19,00,00,00,00,00,00,00,00,00,00,00,00,00,SAT_TAL:00
BEI_SNR:00,00,00,00,00,00,00,00,00,00,00,00,00,00,00,SNR_AVG:0.00
QZS_PRN:00,00,00,00,00,SAT_TAL:00
QZS_SNR:00,00,00,00,00,SNR_AVG:0.00
SatInView:5 GDOP:17319
Roll:-135.113098 Pitch:-35.264465
X_AVG:19.613695 Y_AVG:-19.049562 Z_AVG:-19.613695
X_SD:0.000000 Y_SD:0.063227 Z_SD:0.000000
$MXCM10033,2,81,20240104,074442,00,0E7101DE,47EF9FDB,00D5,0000,0000,00,F202*1C
GPS_PRN:26,19600,00,00,00,00,00,00,00,00,00,00,00,00,SAT_TAL:00
GPS_SNR:00,00,00,00,00,00,00,00,00,00,00,00,00,00,00,SNR_AVG:0.00
GLO_PRN:00,00,00,00,00,00,00,00,00,00,00,00,00,00,00,SAT_TAL:00
GLO_SNR:00,00,00,00,00,00,00,00,00,00,00,00,00,00,00,SNR_AVG:0.00
GAL_PRN:00,00,00,00,00,00,00,00,00,00,00,00,00,00,00,SAT_TAL:00
GAL_SNR:00,00,00,00,00,00,00,00,00,00,00,00,00,00,00,SNR_AVG:0.00
BEI_PRN:00,00,00,00,00,00,00,00,00,00,00,00,00,00,00,SAT_TAL:00
BEI_SNR:00,00,00,00,00,00,00,00,00,00,00,00,00,00,00,SNR_AVG:0.00
QZS_PRN:00,00,00,00,00,SAT_TAL:00
QZS_SNR:00,00,00,00,00,SNR_AVG:0.00
SatInView:2 GDOP:17319
Roll:173.985443 Pitch:28.508856
X_AVG:-9.716489 Y_AVG:1.870149 Z_AVG:-19.613695
X_SD:0.942360 Y_SD:1.023063 Z_SD:0.000000
$MXCM10033,2,82,20240104,074457,00,0E7101DE,47EF9FDB,00D5,0000,0000,00,F202*1B
GPS_PRN:00,00,00,00,00,00,00,00,00,00,00,00,00,00,00,SAT_TAL:00
GPS_SNR:00,00,00,00,00,00,00,00,00,00,00,00,00,00,00,SNR_AVG:0.00
GLO_PRN:88,76,68,00,00,00,00,00,00,00,00,00,00,00,00,SAT_TAL:00
GLO_SNR:00,00,00,00,00,00,00,00,00,00,00,00,00,00,00,SNR_AVG:0.00
GAL_PRN:00,00,00,00,00,00,00,00,00,00,00,00,00,00,00,SAT_TAL:00
GAL_SNR:00,00,00,00,00,00,00,00,00,00,00,00,00,00,00,SNR_AVG:0.00
BEI_PRN:28,19,00,00,00,00,00,00,00,00,00,00,00,00,00,SAT_TAL:00
BEI_SNR:00,00,00,00,00,00,00,00,00,00,00,00,00,00,00,SNR_AVG:0.00
QZS_PRN:00,00,00,00,00,SAT_TAL:00
QZS_SNR:00,00,00,00,00,SNR_AVG:0.00
SatInView:5 GDOP:17319
Roll:175.831528 Pitch:28.208572
X_AVG:-9.266705 Y_AVG:1.560189 Z_AVG:-19.613695
X_SD:1.098545 Y_SD:0.577584 Z_SD:0.000000
$MXCM10033,2,83,20240104,074712,00,0E7101DE,47EF9FDB,00D5,0000,0000,00,F202*18
GPS_PRN:26,19600,00,00,00,00,00,00,00,00,00,00,00,00,SAT_TAL:00
GPS_SNR:00,00,00,00,00,00,00,00,00,00,00,00,00,00,00,SNR_AVG:0.00
GLO_PRN:00,00,00,00,00,00,00,00,00,00,00,00,00,00,00,SAT_TAL:00
GLO_SNR:00,00,00,00,00,00,00,00,00,00,00,00,00,00,00,SNR_AVG:0.00
GAL_PRN:00,00,00,00,00,00,00,00,00,00,00,00,00,00,00,SAT_TAL:00
GAL_SNR:00,00,00,00,00,00,00,00,00,00,00,00,00,00,00,SNR_AVG:0.00
BEI_PRN:00,00,00,00,00,00,00,00,00,00,00,00,00,00,00,SAT_TAL:00
BEI_SNR:00,00,00,00,00,00,00,00,00,00,00,00,00,00,00,SNR_AVG:0.00
QZS_PRN:00,00,00,00,00,SAT_TAL:00
QZS_SNR:00,00,00,00,00,SNR_AVG:0.00
SatInView:2 GDOP:19998
Roll:180.000015 Pitch:28.658182
X_AVG:-9.970088 Y_AVG:-0.353248 Z_AVG:-19.613695
X_SD:0.069638 Y_SD:0.068388 Z_SD:0.000000
$MXCM10033,2,84,20240104,074727,00,0E7101DE,47EF9FDB,00D5,0000,0000,00,F202*19
GPS_PRN:00,00,00,00,00,00,00,00,00,00,00,00,00,00,00,SAT_TAL:00
GPS_SNR:00,00,00,00,00,00,00,00,00,00,00,00,00,00,00,SNR_AVG:0.00
GLO_PRN:88,76,68,00,00,00,00,00,00,00,00,00,00,00,00,SAT_TAL:00
GLO_SNR:00,00,00,00,00,00,00,00,00,00,00,00,00,00,00,SNR_AVG:0.00
GAL_PRN:00,00,00,00,00,00,00,00,00,00,00,00,00,00,00,SAT_TAL:00
GAL_SNR:00,00,00,00,00,00,00,00,00,00,00,00,00,00,00,SNR_AVG:0.00
BEI_PRN:16,28,19,00,00,00,00,00,00,00,00,00,00,00,00,SAT_TAL:00
BEI_SNR:00,00,00,00,00,00,00,00,00,00,00,00,00,00,00,SNR_AVG:0.00
QZS_PRN:00,00,00,00,00,SAT_TAL:00
QZS_SNR:00,00,00,00,00,SNR_AVG:0.00
SatInView:6 GDOP:19998
Roll:180.000015 Pitch:28.636992
X_AVG:-9.964533 Y_AVG:-0.361244 Z_AVG:-19.613695
X_SD:0.073023 Y_SD:0.060874 Z_SD:0.000000
$MXCM10033,2,85,20240104,074942,00,0E7101DE,47EF9FDB,00D5,0000,0000,00,F202*15
GPS_PRN:21,00,00,00,00,00,00,00,00,00,00,00,00,00,00,SAT_TAL:01
GPS_SNR:19,00,00,00,00,00,00,00,00,00,00,00,00,00,00,SNR_AVG:19.00
GLO_PRN:00,00,00,00,00,00,00,00,00,00,00,00,00,00,00,SAT_TAL:00
GLO_SNR:00,00,00,00,00,00,00,00,00,00,00,00,00,00,00,SNR_AVG:0.00
GAL_PRN:00,00,00,00,00,00,00,00,00,00,00,00,00,00,00,SAT_TAL:00
GAL_SNR:00,00,00,00,00,00,00,00,00,00,00,00,00,00,00,SNR_AVG:0.00
BEI_PRN:00,00,00,00,00,00,00,00,00,00,00,00,00,00,00,SAT_TAL:00
BEI_SNR:00,00,00,00,00,00,00,00,00,00,00,00,00,00,00,SNR_AVG:0.00
QZS_PRN:00,00,00,00,00,SAT_TAL:00
QZS_SNR:00,00,00,00,00,SNR_AVG:0.00
SatInView:1 GDOP:16562
Roll:180.000015 Pitch:29.235411
X_AVG:-10.050247 Y_AVG:-0.129720 Z_AVG:-19.613695
X_SD:0.076450 Y_SD:0.062981 Z_SD:0.000000
$MXCM10033,2,86,20240104,074957,00,0E70F400,47EF5ECB,007F,0000,5EDF,00,F202*1B
GPS_PRN:08,21,04,16,09,02,07,26,31,19519600,00,00,00,SAT_TAL:06
GPS_SNR:00,22,00,18,00,14,16,00,19,00,17,00,00,00,00,SNR_AVG:17.67
GLO_PRN:87,00,00,00,00,00,00,00,00,00,00,00,00,00,00,SAT_TAL:00
GLO_SNR:00,00,00,00,00,00,00,00,00,00,00,00,00,00,00,SNR_AVG:0.00
GAL_PRN:03,24,36,05,12,10,25,00,00,00,00,00,00,00,00,SAT_TAL:00
GAL_SNR:00,00,00,00,00,00,00,00,00,00,00,00,00,00,00,SNR_AVG:0.00
BEI_PRN:00,00,00,00,00,00,00,00,00,00,00,00,00,00,00,SAT_TAL:00
BEI_SNR:00,00,00,00,00,00,00,00,00,00,00,00,00,00,00,SNR_AVG:0.00
QZS_PRN:00,00,00,00,00,SAT_TAL:00
QZS_SNR:00,00,00,00,00,SNR_AVG:0.00
SatInView:19 GDOP:242
Roll:180.000015 Pitch:29.000412
X_AVG:-10.008443 Y_AVG:-0.118515 Z_AVG:-19.613695
X_SD:0.071947 Y_SD:0.062445 Z_SD:0.000000
$MXCM10033,2,87,20240104,075212,00,0E70EF6F,47EF831E,0060,0000,0000,00,F202*1B
GPS_PRN:08,21,04,02,09,07,26,31,19600,00,00,00,00,00,SAT_TAL:02
GPS_SNR:00,00,00,24,00,00,00,00,19,00,00,00,00,00,00,SNR_AVG:21.50
GLO_PRN:88,00,00,00,00,00,00,00,00,00,00,00,00,00,00,SAT_TAL:01
GLO_SNR:21,00,00,00,00,00,00,00,00,00,00,00,00,00,00,SNR_AVG:21.00
GAL_PRN:10,03,05,25,12,00,00,00,00,00,00,00,00,00,00,SAT_TAL:00
GAL_SNR:00,00,00,00,00,00,00,00,00,00,00,00,00,00,00,SNR_AVG:0.00
BEI_PRN:30,27,46,00,00,00,00,00,00,00,00,00,00,00,00,SAT_TAL:00
BEI_SNR:00,00,00,00,00,00,00,00,00,00,00,00,00,00,00,SNR_AVG:0.00
QZS_PRN:00,00,00,00,00,SAT_TAL:00
QZS_SNR:00,00,00,00,00,SNR_AVG:0.00
SatInView:18 GDOP:11486
Roll:180.000015 Pitch:29.008266
X_AVG:-10.015722 Y_AVG:-0.199297 Z_AVG:-19.613695
X_SD:0.071664 Y_SD:0.062187 Z_SD:0.000000
$MXCM10033,2,88,20240104,075228,12,0E70FC73,47EF82FB,0061,0000,0000,10,F202*1D
GPS_PRN:16,09,08,02,07,19619526,31,21,04,00,00,00,00,SAT_TAL:07
GPS_SNR:00,20,00,26,19,22,16,14,17,00,00,00,00,00,00,SNR_AVG:19.14
GLO_PRN:68,67,78,76,66,77,88,00,00,00,00,00,00,00,00,SAT_TAL:04
GLO_SNR:16,00,22,21,00,00,21,00,00,00,00,00,00,00,00,SNR_AVG:20.00
GAL_PRN:36,25,10,03,24,05,12,00,00,00,00,00,00,00,00,SAT_TAL:02
GAL_SNR:15,00,15,00,00,00,00,00,00,00,00,00,00,00,00,SNR_AVG:15.00
BEI_PRN:19,46,30,07,03,27,01,02,60,28,19,38,20,16,06,SAT_TAL:03
BEI_SNR:00,18,00,00,00,00,00,00,00,19,15,00,00,00,00,SNR_AVG:17.33
QZS_PRN:00,00,00,00,00,SAT_TAL:00
QZS_SNR:00,00,00,00,00,SNR_AVG:0.00
SatInView:41 GDOP:105
Roll:180.000015 Pitch:28.893120
X_AVG:-10.005283 Y_AVG:-0.200782 Z_AVG:-19.613695
X_SD:0.082885 Y_SD:0.062891 Z_SD:0.000000
$MXCM10033,2,89,20240104,075443,00,0E70FDB9,47EF87BE,0061,0000,0000,00,F202*6B
GPS_PRN:26,19600,00,00,00,00,00,00,00,00,00,00,00,00,SAT_TAL:00
GPS_SNR:00,00,00,00,00,00,00,00,00,00,00,00,00,00,00,SNR_AVG:0.00
GLO_PRN:00,00,00,00,00,00,00,00,00,00,00,00,00,00,00,SAT_TAL:00
GLO_SNR:00,00,00,00,00,00,00,00,00,00,00,00,00,00,00,SNR_AVG:0.00
GAL_PRN:00,00,00,00,00,00,00,00,00,00,00,00,00,00,00,SAT_TAL:00
GAL_SNR:00,00,00,00,00,00,00,00,00,00,00,00,00,00,00,SNR_AVG:0.00
BEI_PRN:00,00,00,00,00,00,00,00,00,00,00,00,00,00,00,SAT_TAL:00
BEI_SNR:00,00,00,00,00,00,00,00,00,00,00,00,00,00,00,SNR_AVG:0.00
QZS_PRN:00,00,00,00,00,SAT_TAL:00
QZS_SNR:00,00,00,00,00,SNR_AVG:0.00
SatInView:2 GDOP:17319
Roll:-176.556854 Pitch:28.205423
X_AVG:-9.564262 Y_AVG:-1.143111 Z_AVG:-19.613695
X_SD:0.075756 Y_SD:0.061196 Z_SD:0.000000
$MXCM10033,2,90,20240104,075458,00,0E70FDB9,47EF87BE,0061,0000,0000,00,F202*69
GPS_PRN:00,00,00,00,00,00,00,00,00,00,00,00,00,00,00,SAT_TAL:00
GPS_SNR:00,00,00,00,00,00,00,00,00,00,00,00,00,00,00,SNR_AVG:0.00
GLO_PRN:68,67,78,76,00,00,00,00,00,00,00,00,00,00,00,SAT_TAL:01
GLO_SNR:00,00,20,00,00,00,00,00,00,00,00,00,00,00,00,SNR_AVG:20.00
GAL_PRN:00,00,00,00,00,00,00,00,00,00,00,00,00,00,00,SAT_TAL:00
GAL_SNR:00,00,00,00,00,00,00,00,00,00,00,00,00,00,00,SNR_AVG:0.00
BEI_PRN:06,16,28,00,00,00,00,00,00,00,00,00,00,00,00,SAT_TAL:00
BEI_SNR:00,00,00,00,00,00,00,00,00,00,00,00,00,00,00,SNR_AVG:0.00
QZS_PRN:00,00,00,00,00,SAT_TAL:00
QZS_SNR:00,00,00,00,00,SNR_AVG:0.00
SatInView:7 GDOP:17319
Roll:-176.562958 Pitch:28.204943
X_AVG:-9.571014 Y_AVG:-1.142680 Z_AVG:-19.613695
X_SD:0.077470 Y_SD:0.060103 Z_SD:0.000000
$MXCM10033,2,91,20240104,075713,12,0E71106F,47EF981A,0061,0000,0000,07,F202*10
GPS_PRN:08,21,02,04,16,09,07,26,31,19519600,00,00,00,SAT_TAL:05
GPS_SNR:00,00,17,00,18,00,00,00,23,19,20,00,00,00,00,SNR_AVG:19.40
GLO_PRN:76,78,67,68,66,77,88,00,00,00,00,00,00,00,00,SAT_TAL:02
GLO_SNR:00,00,19,00,00,00,20,00,00,00,00,00,00,00,00,SNR_AVG:19.50
GAL_PRN:03,36,24,05,12,25,10,00,00,00,00,00,00,00,00,SAT_TAL:00
GAL_SNR:00,00,00,00,00,00,00,00,00,00,00,00,00,00,00,SNR_AVG:0.00
BEI_PRN:39,46,03,27,01,02,60,19,38,20,31,16,30,00,00,SAT_TAL:00
BEI_SNR:00,00,00,00,00,00,00,00,00,00,00,00,00,00,00,SNR_AVG:0.00
QZS_PRN:00,00,00,00,00,SAT_TAL:00
QZS_SNR:00,00,00,00,00,SNR_AVG:0.00
SatInView:38 GDOP:162
Roll:-176.543030 Pitch:28.206635
X_AVG:-9.693791 Y_AVG:-1.887435 Z_AVG:-19.613695
X_SD:0.065578 Y_SD:0.057616 Z_SD:0.000000
$MXCM10033,2,92,20240104,075729,12,0E7110EA,47EF8F28,0061,0000,5477,0B,F202*1F
GPS_PRN:04,16,08,09,07,19619526,31,21,02,00,00,00,00,SAT_TAL:07
GPS_SNR:14,18,00,00,00,22,19,00,23,16,14,00,00,00,00,SNR_AVG:18.00
GLO_PRN:68,67,78,76,66,77,88,00,00,00,00,00,00,00,00,SAT_TAL:02
GLO_SNR:00,18,22,00,00,00,00,00,00,00,00,00,00,00,00,SNR_AVG:20.00
GAL_PRN:24,25,10,03,36,05,12,00,00,00,00,00,00,00,00,SAT_TAL:00
GAL_SNR:00,00,00,00,00,00,00,00,00,00,00,00,00,00,00,SNR_AVG:0.00
BEI_PRN:27,30,46,07,27,01,02,60,28,19,38,20,31,16,06,SAT_TAL:02
BEI_SNR:00,00,20,00,18,00,00,00,00,00,00,00,00,00,00,SNR_AVG:19.00
QZS_PRN:00,00,00,00,00,SAT_TAL:00
QZS_SNR:00,00,00,00,00,SNR_AVG:0.00
SatInView:41 GDOP:127
Roll:-177.481674 Pitch:28.274096
X_AVG:-9.509242 Y_AVG:-1.205648 Z_AVG:-19.613695
X_SD:1.832758 Y_SD:1.124931 Z_SD:0.000000
$MXCM10033,3*35
$MXCM001,10033,0*2B
======== Tracker Setting ========
[System]
COMPort:COM29
SerialNumber:MX231218CW000008
FirmwareVersion:231220163813_v1.0.CN
[Periodic]
Enable:1
Stage:2
WorkMode:0
T0:15
T1:270
T2:120
T3:30
T4:120
FirstFixStage:2
TraceFixStage:38
PeriodicCycle:39
[Dynamic]
Enable:0
PrecisionChk:0
T5:45
T6:175
[Geofencing]
Enable:0
T7:20
T8:60
DistanceThreshold:1000
DestinationLongitude:121.2237164
DestinationLatitude:24.9698319
DestinationAltitude:154
[MotionDetection]
Enable:1
Angle:45
DataRate:200
SampleFrequency:50
[GPS_EPO]
EpoDataNumber:12
FWN:2295
FTOW:345600
LWN:2296
LTOW:0
[GLO_EPO]
EpoDataNumber:12
FWN:2295
FTOW:345600
LWN:2296
LTOW:0
[GAL_EPO]
EpoDataNumber:0
FWN:0
FTOW:0
LWN:0
LTOW:0
[BEI_EPO]
EpoDataNumber:0
FWN:0
FTOW:0
LWN:0
LTOW:0
