$MXCM10033,0*36
$MXCM10033,1,90,212*0F
$MXCM10033,2,1,19800105,235956,00,35A4E8F5,00000000,0089,0000,0000,00,F102*2A
GPS_PRN:19419500,00,00,00,00,00,00,00,00,00,00,00,00,SAT_TAL:02
GPS_SNR:34,29,00,00,00,00,00,00,00,00,00,00,00,00,00,SNR_AVG:31.50
GLO_PRN:00,00,00,00,00,00,00,00,00,00,00,00,00,00,00,SAT_TAL:00
GLO_SNR:00,00,00,00,00,00,00,00,00,00,00,00,00,00,00,SNR_AVG:0.00
GAL_PRN:03,02,00,00,00,00,00,00,00,00,00,00,00,00,00,SAT_TAL:02
GAL_SNR:31,23,00,00,00,00,00,00,00,00,00,00,00,00,00,SNR_AVG:27.00
BEI_PRN:19,00,00,00,00,00,00,00,00,00,00,00,00,00,00,SAT_TAL:01
BEI_SNR:28,00,00,00,00,00,00,00,00,00,00,00,00,00,00,SNR_AVG:28.00
QZS_PRN:00,00,00,00,00,SAT_TAL:00
QZS_SNR:00,00,00,00,00,SNR_AVG:0.00
SatInView:5 GDOP:19998
Roll:140.638565 Pitch:44.033302
X_AVG:-8.304456 Y_AVG:5.842305 Z_AVG:-7.876986
X_SD:10.554213 Y_SD:9.086799 Z_SD:8.655928
$MXCM10033,2,2,19800110,062028,00,35A4E8F5,00000000,0089,0000,0000,00,F102*2D
GPS_PRN:16,21,19419619500,00,00,00,00,00,00,00,00,00,SAT_TAL:05
GPS_SNR:28,26,25,34,34,00,00,00,00,00,00,00,00,00,00,SNR_AVG:29.40
GLO_PRN:00,00,00,00,00,00,00,00,00,00,00,00,00,00,00,SAT_TAL:00
GLO_SNR:00,00,00,00,00,00,00,00,00,00,00,00,00,00,00,SNR_AVG:0.00
GAL_PRN:03,02,00,00,00,00,00,00,00,00,00,00,00,00,00,SAT_TAL:02
GAL_SNR:33,31,00,00,00,00,00,00,00,00,00,00,00,00,00,SNR_AVG:32.00
BEI_PRN:19,46,30,48,27,00,00,00,00,00,00,00,00,00,00,SAT_TAL:05
BEI_SNR:36,31,32,29,34,00,00,00,00,00,00,00,00,00,00,SNR_AVG:32.40
QZS_PRN:00,00,00,00,00,SAT_TAL:00
QZS_SNR:00,00,00,00,00,SNR_AVG:0.00
SatInView:12 GDOP:19998
Roll:145.998520 Pitch:36.177898
X_AVG:-10.962121 Y_AVG:7.259605 Z_AVG:-10.973039
X_SD:9.673506 Y_SD:9.051514 Z_SD:6.974885
$MXCM10033,2,3,19800110,062042,00,35A4E8F5,00000000,0089,0000,0000,00,F102*20
GPS_PRN:28,18,21,16,19419619500,00,00,00,00,00,00,00,SAT_TAL:07
GPS_SNR:24,35,37,36,35,37,34,00,00,00,00,00,00,00,00,SNR_AVG:34.00
GLO_PRN:00,00,00,00,00,00,00,00,00,00,00,00,00,00,00,SAT_TAL:00
GLO_SNR:00,00,00,00,00,00,00,00,00,00,00,00,00,00,00,SNR_AVG:0.00
GAL_PRN:02,03,00,00,00,00,00,00,00,00,00,00,00,00,00,SAT_TAL:02
GAL_SNR:20,32,00,00,00,00,00,00,00,00,00,00,00,00,00,SNR_AVG:26.00
BEI_PRN:27,19,48,58,30,46,00,00,00,00,00,00,00,00,00,SAT_TAL:06
BEI_SNR:32,23,32,31,37,34,00,00,00,00,00,00,00,00,00,SNR_AVG:31.50
QZS_PRN:00,00,00,00,00,SAT_TAL:00
QZS_SNR:00,00,00,00,00,SNR_AVG:0.00
SatInView:15 GDOP:19998
Roll:137.886139 Pitch:52.237381
X_AVG:-9.278772 Y_AVG:5.785418 Z_AVG:-7.145878
X_SD:8.373309 Y_SD:8.164390 Z_SD:7.224420
$MXCM10033,2,4,19800110,062054,00,35A4E8F5,00000000,0089,0000,0000,00,F102*20
GPS_PRN:28,21,16,18,27,31,03,04,19419619500,00,00,00,SAT_TAL:11
GPS_SNR:32,32,28,34,37,39,35,35,33,33,35,00,00,00,00,SNR_AVG:33.91
GLO_PRN:00,00,00,00,00,00,00,00,00,00,00,00,00,00,00,SAT_TAL:00
GLO_SNR:00,00,00,00,00,00,00,00,00,00,00,00,00,00,00,SNR_AVG:0.00
GAL_PRN:03,02,00,00,00,00,00,00,00,00,00,00,00,00,00,SAT_TAL:02
GAL_SNR:26,33,00,00,00,00,00,00,00,00,00,00,00,00,00,SNR_AVG:29.50
BEI_PRN:19,48,30,58,27,46,00,00,00,00,00,00,00,00,00,SAT_TAL:06
BEI_SNR:33,33,34,32,35,21,00,00,00,00,00,00,00,00,00,SNR_AVG:31.33
QZS_PRN:00,00,00,00,00,SAT_TAL:00
QZS_SNR:00,00,00,00,00,SNR_AVG:0.00
SatInView:19 GDOP:19998
Roll:12.722307 Pitch:26.601734
X_AVG:-9.278772 Y_AVG:5.785418 Z_AVG:-7.145878
X_SD:8.373309 Y_SD:8.164390 Z_SD:7.224420
$MXCM10033,2,5,19800110,062107,00,35A4E8F5,00000000,0089,0000,0000,00,F102*26
GPS_PRN:28,04,08,18,31,16,09,27,19419619500,00,00,00,SAT_TAL:11
GPS_SNR:36,26,36,33,37,35,36,34,31,35,37,00,00,00,00,SNR_AVG:34.18
GLO_PRN:00,00,00,00,00,00,00,00,00,00,00,00,00,00,00,SAT_TAL:00
GLO_SNR:00,00,00,00,00,00,00,00,00,00,00,00,00,00,00,SNR_AVG:0.00
GAL_PRN:03,02,00,00,00,00,00,00,00,00,00,00,00,00,00,SAT_TAL:02
GAL_SNR:26,31,00,00,00,00,00,00,00,00,00,00,00,00,00,SNR_AVG:28.50
BEI_PRN:19,30,20,58,27,46,00,00,00,00,00,00,00,00,00,SAT_TAL:06
BEI_SNR:30,33,30,33,35,35,00,00,00,00,00,00,00,00,00,SNR_AVG:32.67
QZS_PRN:00,00,00,00,00,SAT_TAL:00
QZS_SNR:00,00,00,00,00,SNR_AVG:0.00
SatInView:19 GDOP:19998
Roll:171.798782 Pitch:48.049587
X_AVG:-8.425413 Y_AVG:2.675957 Z_AVG:-9.860000
X_SD:5.582271 Y_SD:7.654424 Z_SD:9.607488
$MXCM10033,2,6,20240104,062122,12,0E997075,47EE1A54,0060,0015,4348,11,F102*57
GPS_PRN:16,31,08,26,19619528,09,18,21,03,04,27,00,00,SAT_TAL:13
GPS_SNR:35,38,33,35,35,36,38,34,36,35,31,29,34,00,00,SNR_AVG:34.54
GLO_PRN:77,67,85,65,76,66,00,00,00,00,00,00,00,00,00,SAT_TAL:05
GLO_SNR:21,00,36,36,38,28,00,00,00,00,00,00,00,00,00,SNR_AVG:31.80
GAL_PRN:24,05,25,03,09,02,00,00,00,00,00,00,00,00,00,SAT_TAL:06
GAL_SNR:35,25,28,31,34,31,00,00,00,00,00,00,00,00,00,SNR_AVG:30.67
BEI_PRN:19,16,27,10,46,57,28,20,30,19,07,06,20,09,00,SAT_TAL:08
BEI_SNR:32,00,34,00,34,00,00,31,34,31,20,00,32,00,00,SNR_AVG:31.00
QZS_PRN:00,00,00,00,00,SAT_TAL:00
QZS_SNR:00,00,00,00,00,SNR_AVG:0.00
SatInView:39 GDOP:158
Roll:133.892258 Pitch:54.839336
X_AVG:-11.595448 Y_AVG:6.236494 Z_AVG:-8.470856
X_SD:7.718189 Y_SD:9.515104 Z_SD:10.547403
$MXCM10033,2,7,20240104,062137,12,0E998F7C,47EDF5ED,0065,0008,8296,12,F102*5B
GPS_PRN:31,04,26,28,09,18,19619521,03,16,08,00,00,00,SAT_TAL:12
GPS_SNR:36,33,34,35,36,35,35,36,32,36,26,35,00,00,00,SNR_AVG:34.08
GLO_PRN:77,67,85,65,76,66,00,00,00,00,00,00,00,00,00,SAT_TAL:04
GLO_SNR:23,00,37,32,28,00,00,00,00,00,00,00,00,00,00,SNR_AVG:30.00
GAL_PRN:03,05,25,24,10,09,12,02,00,00,00,00,00,00,00,SAT_TAL:07
GAL_SNR:34,32,34,30,30,33,00,35,00,00,00,00,00,00,00,SNR_AVG:32.57
BEI_PRN:19,27,10,46,57,28,20,30,19,07,06,20,09,00,00,SAT_TAL:08
BEI_SNR:33,34,00,28,00,00,34,33,36,27,00,33,00,00,00,SNR_AVG:32.25
QZS_PRN:00,00,00,00,00,SAT_TAL:00
QZS_SNR:00,00,00,00,00,SNR_AVG:0.00
SatInView:39 GDOP:154
Roll:95.038857 Pitch:68.429459
X_AVG:-11.035002 Y_AVG:4.933352 Z_AVG:-3.008758
X_SD:9.021461 Y_SD:9.001568 Z_SD:8.958251
$MXCM10033,2,8,20240104,062152,12,0E9942F0,47EE13C9,0078,0011,5153,15,F102*22
GPS_PRN:31,04,26,28,09,19619518,21,03,16,08,00,00,00,SAT_TAL:12
GPS_SNR:36,24,35,34,33,35,34,35,36,34,35,35,00,00,00,SNR_AVG:33.83
GLO_PRN:77,67,85,65,76,66,00,00,00,00,00,00,00,00,00,SAT_TAL:06
GLO_SNR:23,35,35,35,38,37,00,00,00,00,00,00,00,00,00,SNR_AVG:33.83
GAL_PRN:03,05,25,24,10,09,02,00,00,00,00,00,00,00,00,SAT_TAL:07
GAL_SNR:23,28,21,32,31,32,32,00,00,00,00,00,00,00,00,SNR_AVG:28.43
BEI_PRN:19,16,27,10,57,46,28,20,30,19,07,06,20,09,00,SAT_TAL:08
BEI_SNR:33,00,33,00,00,32,00,34,35,31,25,00,34,00,00,SNR_AVG:32.12
QZS_PRN:00,00,00,00,00,SAT_TAL:00
QZS_SNR:00,00,00,00,00,SNR_AVG:0.00
SatInView:39 GDOP:104
Roll:128.222961 Pitch:54.624653
X_AVG:-13.367337 Y_AVG:6.782958 Z_AVG:-4.971037
X_SD:6.627031 Y_SD:9.464446 Z_SD:10.785475
$MXCM10033,2,9,20240104,062207,12,0E991158,47EE3E9C,007D,0014,30B2,19,F102*2D
GPS_PRN:08,26,09,28,18,19619519421,03,16,31,04,00,00,SAT_TAL:13
GPS_SNR:25,33,32,37,31,35,35,32,32,29,36,35,33,00,00,SNR_AVG:32.69
GLO_PRN:67,85,65,76,66,77,00,00,00,00,00,00,00,00,00,SAT_TAL:06
GLO_SNR:35,33,25,37,32,22,00,00,00,00,00,00,00,00,00,SNR_AVG:30.67
GAL_PRN:03,05,25,24,10,12,09,02,00,00,00,00,00,00,00,SAT_TAL:07
GAL_SNR:32,30,33,32,33,00,33,31,00,00,00,00,00,00,00,SNR_AVG:32.00
BEI_PRN:19,10,46,28,20,30,19,09,07,06,20,27,00,00,00,SAT_TAL:08
BEI_SNR:30,00,35,00,19,33,27,00,27,00,19,33,00,00,00,SNR_AVG:27.88
QZS_PRN:00,00,00,00,00,SAT_TAL:00
QZS_SNR:00,00,00,00,00,SNR_AVG:0.00
SatInView:39 GDOP:127
Roll:110.878181 Pitch:70.823967
X_AVG:-8.246611 Y_AVG:3.636291 Z_AVG:-1.593996
X_SD:8.224384 Y_SD:7.385483 Z_SD:9.091131
$MXCM10033,2,10,20240104,062222,12,0E98EC8D,47EE773A,007B,0012,49FC,18,F102*60
GPS_PRN:08,04,09,28,19619519418,21,03,16,31,26,00,00,SAT_TAL:13
GPS_SNR:33,22,35,35,34,35,31,35,32,34,34,36,36,00,00,SNR_AVG:33.23
GLO_PRN:67,85,65,76,66,77,00,00,00,00,00,00,00,00,00,SAT_TAL:04
GLO_SNR:38,37,00,38,37,00,00,00,00,00,00,00,00,00,00,SNR_AVG:37.50
GAL_PRN:10,05,25,24,03,09,02,00,00,00,00,00,00,00,00,SAT_TAL:07
GAL_SNR:34,29,32,33,32,32,31,00,00,00,00,00,00,00,00,SNR_AVG:31.86
BEI_PRN:19,27,10,46,57,28,20,30,19,09,07,06,20,16,00,SAT_TAL:08
BEI_SNR:28,31,00,34,00,00,35,33,31,00,25,00,35,00,00,SNR_AVG:31.50
QZS_PRN:00,00,00,00,00,SAT_TAL:00
QZS_SNR:00,00,00,00,00,SNR_AVG:0.00
SatInView:40 GDOP:136
Roll:128.275482 Pitch:55.325867
X_AVG:-10.844563 Y_AVG:5.859352 Z_AVG:-4.190464
X_SD:7.270938 Y_SD:9.250719 Z_SD:10.390803
$MXCM10033,2,11,20240104,062237,12,0E98D2E2,47EE9578,007D,0018,4312,1A,F102*16
GPS_PRN:08,04,09,28,18,19619519421,03,16,31,26,00,00,SAT_TAL:13
GPS_SNR:34,35,31,25,33,35,32,32,34,32,35,31,34,00,00,SNR_AVG:32.54
GLO_PRN:67,85,65,76,66,77,00,00,00,00,00,00,00,00,00,SAT_TAL:06
GLO_SNR:36,37,34,37,38,22,00,00,00,00,00,00,00,00,00,SNR_AVG:34.00
GAL_PRN:10,05,25,24,03,12,09,02,00,00,00,00,00,00,00,SAT_TAL:07
GAL_SNR:26,32,34,32,32,00,34,26,00,00,00,00,00,00,00,SNR_AVG:30.86
BEI_PRN:19,27,10,46,57,20,30,19,09,07,06,20,16,00,00,SAT_TAL:08
BEI_SNR:24,31,00,34,00,33,35,23,00,29,00,33,00,00,00,SNR_AVG:30.25
QZS_PRN:00,00,00,00,00,SAT_TAL:00
QZS_SNR:00,00,00,00,00,SNR_AVG:0.00
SatInView:40 GDOP:118
Roll:116.043243 Pitch:62.678997
X_AVG:-8.829563 Y_AVG:3.649124 Z_AVG:-3.015079
X_SD:9.052716 Y_SD:7.213135 Z_SD:8.710604
$MXCM10033,2,12,20240104,062252,12,0E98E27F,47EEB271,007B,000B,11C0,1C,F102*6C
GPS_PRN:08,04,09,28,19619519418,21,03,16,31,26,00,00,SAT_TAL:13
GPS_SNR:36,32,37,33,33,35,31,36,29,32,23,35,36,00,00,SNR_AVG:32.92
GLO_PRN:67,85,65,76,66,77,00,00,00,00,00,00,00,00,00,SAT_TAL:06
GLO_SNR:38,37,31,32,38,21,00,00,00,00,00,00,00,00,00,SNR_AVG:32.83
GAL_PRN:10,05,25,24,03,09,02,00,00,00,00,00,00,00,00,SAT_TAL:07
GAL_SNR:31,33,30,31,30,32,32,00,00,00,00,00,00,00,00,SNR_AVG:31.29
BEI_PRN:19,27,10,46,57,28,20,30,19,09,07,06,20,16,00,SAT_TAL:08
BEI_SNR:33,34,00,31,00,00,33,33,33,00,28,00,34,00,00,SNR_AVG:32.38
QZS_PRN:00,00,00,00,00,SAT_TAL:00
QZS_SNR:00,00,00,00,00,SNR_AVG:0.00
SatInView:40 GDOP:116
Roll:131.197891 Pitch:70.692871
X_AVG:-7.230204 Y_AVG:2.441991 Z_AVG:-4.292124
X_SD:10.445418 Y_SD:8.519930 Z_SD:12.431233
$MXCM10033,2,13,20240104,062307,12,0E9913DA,47EEBCA7,0075,000D,7A7C,1C,F102*6D
GPS_PRN:08,04,09,28,19619519418,21,03,16,31,26,00,00,SAT_TAL:13
GPS_SNR:36,29,35,31,34,34,32,32,32,32,36,34,34,00,00,SNR_AVG:33.15
GLO_PRN:67,85,65,76,66,77,00,00,00,00,00,00,00,00,00,SAT_TAL:06
GLO_SNR:35,37,33,38,33,24,00,00,00,00,00,00,00,00,00,SNR_AVG:33.33
GAL_PRN:10,05,25,24,03,09,02,00,00,00,00,00,00,00,00,SAT_TAL:07
GAL_SNR:30,32,31,33,32,31,26,00,00,00,00,00,00,00,00,SNR_AVG:30.71
BEI_PRN:19,27,10,46,57,28,20,30,19,09,07,06,20,16,00,SAT_TAL:09
BEI_SNR:28,35,00,35,00,00,33,35,28,28,26,00,33,00,00,SNR_AVG:31.22
QZS_PRN:00,00,00,00,00,SAT_TAL:00
QZS_SNR:00,00,00,00,00,SNR_AVG:0.00
SatInView:40 GDOP:116
Roll:160.846725 Pitch:55.228748
X_AVG:-7.885606 Y_AVG:1.824514 Z_AVG:-5.715314
X_SD:7.895025 Y_SD:5.581935 Z_SD:6.019270
$MXCM10033,2,14,20240104,062322,12,0E995210,47EEADC0,0075,000B,7E80,1C,F102*13
GPS_PRN:08,04,09,28,18,19619519421,03,16,31,26,00,00,SAT_TAL:13
GPS_SNR:36,30,36,23,33,33,34,32,32,31,35,31,35,00,00,SNR_AVG:32.38
GLO_PRN:67,85,65,76,66,77,00,00,00,00,00,00,00,00,00,SAT_TAL:06
GLO_SNR:34,38,32,39,29,26,00,00,00,00,00,00,00,00,00,SNR_AVG:33.00
GAL_PRN:10,05,25,24,03,12,09,02,00,00,00,00,00,00,00,SAT_TAL:07
GAL_SNR:29,33,29,33,32,00,30,22,00,00,00,00,00,00,00,SNR_AVG:29.71
BEI_PRN:19,16,10,46,57,28,30,20,19,09,07,06,20,27,00,SAT_TAL:09
BEI_SNR:24,00,00,33,00,00,33,34,28,27,28,00,30,36,00,SNR_AVG:30.33
QZS_PRN:00,00,00,00,00,SAT_TAL:00
QZS_SNR:00,00,00,00,00,SNR_AVG:0.00
SatInView:41 GDOP:116
Roll:158.864838 Pitch:59.743874
X_AVG:-10.206161 Y_AVG:3.869682 Z_AVG:-5.911259
X_SD:7.257301 Y_SD:6.502013 Z_SD:8.570619
$MXCM10033,2,15,20240104,062337,12,0E9976E9,47EE6320,007F,000C,8410,1C,F102*19
GPS_PRN:08,04,09,28,18,19619519421,03,16,31,26,00,00,SAT_TAL:13
GPS_SNR:34,28,26,32,33,34,35,31,33,32,34,37,34,00,00,SNR_AVG:32.54
GLO_PRN:67,85,65,76,66,77,00,00,00,00,00,00,00,00,00,SAT_TAL:06
GLO_SNR:27,35,34,37,35,20,00,00,00,00,00,00,00,00,00,SNR_AVG:31.33
GAL_PRN:10,05,25,24,03,12,09,02,00,00,00,00,00,00,00,SAT_TAL:07
GAL_SNR:31,31,26,32,21,00,31,30,00,00,00,00,00,00,00,SNR_AVG:28.86
BEI_PRN:19,16,10,46,57,28,30,20,19,09,07,06,20,27,00,SAT_TAL:09
BEI_SNR:30,00,00,33,00,00,34,34,30,26,26,00,33,36,00,SNR_AVG:31.33
QZS_PRN:00,00,00,00,00,SAT_TAL:00
QZS_SNR:00,00,00,00,00,SNR_AVG:0.00
SatInView:41 GDOP:116
Roll:151.925125 Pitch:64.178246
X_AVG:-9.491669 Y_AVG:2.500794 Z_AVG:-4.729649
X_SD:7.046226 Y_SD:5.327636 Z_SD:4.872790
$MXCM10033,2,16,20240104,062352,12,0E9970FD,47EE10E9,0083,000A,8A8F,1B,F102*68
GPS_PRN:08,04,09,28,18,19619519421,03,16,31,26,00,00,SAT_TAL:13
GPS_SNR:36,32,35,34,34,32,35,30,34,32,33,37,34,00,00,SNR_AVG:33.69
GLO_PRN:67,85,65,76,66,77,00,00,00,00,00,00,00,00,00,SAT_TAL:05
GLO_SNR:38,00,33,35,38,20,00,00,00,00,00,00,00,00,00,SNR_AVG:32.80
GAL_PRN:10,05,25,24,03,12,09,02,00,00,00,00,00,00,00,SAT_TAL:07
GAL_SNR:33,32,29,33,28,00,31,33,00,00,00,00,00,00,00,SNR_AVG:31.29
BEI_PRN:19,16,10,57,46,28,30,20,19,09,07,06,20,27,00,SAT_TAL:09
BEI_SNR:34,00,00,00,28,00,34,35,34,25,28,00,36,34,00,SNR_AVG:32.00
QZS_PRN:00,00,00,00,00,SAT_TAL:00
QZS_SNR:00,00,00,00,00,SNR_AVG:0.00
SatInView:41 GDOP:123
Roll:146.281769 Pitch:62.825874
X_AVG:-9.660176 Y_AVG:2.531440 Z_AVG:-4.779785
X_SD:7.497418 Y_SD:5.414232 Z_SD:6.690097
$MXCM10033,2,17,20240104,062407,12,0E9967FD,47EE5668,0086,0013,2E9D,1C,F102*62
GPS_PRN:08,04,09,28,18,19619519421,03,16,31,26,00,00,SAT_TAL:13
GPS_SNR:33,36,35,36,33,32,35,29,28,29,32,38,32,00,00,SNR_AVG:32.92
GLO_PRN:67,85,65,76,66,77,00,00,00,00,00,00,00,00,00,SAT_TAL:06
GLO_SNR:38,33,20,34,37,25,00,00,00,00,00,00,00,00,00,SNR_AVG:31.17
GAL_PRN:10,05,25,24,03,12,09,02,00,00,00,00,00,00,00,SAT_TAL:07
GAL_SNR:34,32,35,29,33,00,31,27,00,00,00,00,00,00,00,SNR_AVG:31.57
BEI_PRN:19,16,10,57,46,30,20,19,09,07,06,46,20,27,00,SAT_TAL:10
BEI_SNR:30,00,00,00,34,22,21,29,30,29,00,36,21,33,00,SNR_AVG:28.50
QZS_PRN:00,00,00,00,00,SAT_TAL:00
QZS_SNR:00,00,00,00,00,SNR_AVG:0.00
SatInView:41 GDOP:115
Roll:154.407486 Pitch:54.055603
X_AVG:-9.456186 Y_AVG:3.325230 Z_AVG:-6.410029
X_SD:7.565875 Y_SD:5.734001 Z_SD:4.786402
$MXCM10033,2,18,20240104,062422,12,0E996EDF,47EE1697,007E,000E,6F24,1B,F102*6A
GPS_PRN:08,04,09,28,19619519418,21,03,16,31,26,00,00,SAT_TAL:13
GPS_SNR:34,31,34,34,34,35,31,35,34,36,33,38,35,00,00,SNR_AVG:34.15
GLO_PRN:67,85,65,76,66,77,00,00,00,00,00,00,00,00,00,SAT_TAL:04
GLO_SNR:36,00,00,33,39,24,00,00,00,00,00,00,00,00,00,SNR_AVG:33.00
GAL_PRN:10,05,25,24,03,09,02,00,00,00,00,00,00,00,00,SAT_TAL:07
GAL_SNR:32,30,22,28,23,33,33,00,00,00,00,00,00,00,00,SNR_AVG:28.71
BEI_PRN:19,16,10,57,46,28,30,20,19,09,07,06,46,20,27,SAT_TAL:11
BEI_SNR:34,00,00,00,33,35,34,34,35,26,25,00,33,35,34,SNR_AVG:32.55
QZS_PRN:00,00,00,00,00,SAT_TAL:00
QZS_SNR:00,00,00,00,00,SNR_AVG:0.00
SatInView:41 GDOP:124
Roll:127.066681 Pitch:57.166569
X_AVG:-10.825122 Y_AVG:4.903567 Z_AVG:-6.284667
X_SD:7.924891 Y_SD:6.939513 Z_SD:6.834704
$MXCM10033,2,19,20240104,062638,12,0E996045,47EE6E74,007C,0017,319F,1E,F202*17
GPS_PRN:31,09,28,04,18,21,19619519416,08,26,00,00,00,SAT_TAL:12
GPS_SNR:25,36,37,36,35,32,33,35,28,35,36,32,00,00,00,SNR_AVG:33.33
GLO_PRN:85,65,76,66,67,00,00,00,00,00,00,00,00,00,00,SAT_TAL:05
GLO_SNR:40,31,37,38,39,00,00,00,00,00,00,00,00,00,00,SNR_AVG:37.00
GAL_PRN:09,05,25,24,03,10,12,02,31,00,00,00,00,00,00,SAT_TAL:08
GAL_SNR:33,34,34,31,35,30,00,29,32,00,00,00,00,00,00,SNR_AVG:32.25
BEI_PRN:27,16,10,57,46,28,30,20,19,36,07,09,06,27,00,SAT_TAL:10
BEI_SNR:30,00,00,00,35,34,30,35,34,33,28,30,00,31,00,SNR_AVG:32.00
QZS_PRN:00,00,00,00,00,SAT_TAL:00
QZS_SNR:00,00,00,00,00,SNR_AVG:0.00
SatInView:40 GDOP:85
Roll:158.579926 Pitch:53.360355
X_AVG:-10.448746 Y_AVG:4.701541 Z_AVG:-7.208943
X_SD:7.443699 Y_SD:6.586092 Z_SD:5.498508
$MXCM10033,2,20,20240104,062653,12,0E99464F,47EEC824,007E,0016,32B9,1E,F202*6A
GPS_PRN:31,09,28,04,18,21,19619519416,08,26,00,00,00,SAT_TAL:12
GPS_SNR:36,36,36,36,34,34,34,35,28,34,37,32,00,00,00,SNR_AVG:34.33
GLO_PRN:85,65,76,66,67,00,00,00,00,00,00,00,00,00,00,SAT_TAL:05
GLO_SNR:36,32,35,38,38,00,00,00,00,00,00,00,00,00,00,SNR_AVG:35.80
GAL_PRN:09,05,25,24,03,10,12,02,31,00,00,00,00,00,00,SAT_TAL:08
GAL_SNR:33,35,35,30,34,35,00,29,31,00,00,00,00,00,00,SNR_AVG:32.75
BEI_PRN:27,16,10,46,28,30,20,19,36,23,09,07,06,27,00,SAT_TAL:11
BEI_SNR:31,00,00,34,28,35,33,33,31,32,29,29,00,32,00,SNR_AVG:31.55
QZS_PRN:00,00,00,00,00,SAT_TAL:00
QZS_SNR:00,00,00,00,00,SNR_AVG:0.00
SatInView:40 GDOP:85
Roll:153.166107 Pitch:56.506603
X_AVG:-7.742382 Y_AVG:2.407706 Z_AVG:-5.345785
X_SD:7.804905 Y_SD:5.565762 Z_SD:5.350900
$MXCM10033,2,21,20240104,062909,12,0E97954A,47EF7376,0095,0016,4A6B,1B,F202*15
GPS_PRN:31,09,28,18,04,19519416,08,26,19600,00,00,00,SAT_TAL:11
GPS_SNR:35,24,33,35,34,29,35,36,36,36,32,00,00,00,00,SNR_AVG:33.18
GLO_PRN:76,67,85,65,66,00,00,00,00,00,00,00,00,00,00,SAT_TAL:05
GLO_SNR:38,24,35,32,37,00,00,00,00,00,00,00,00,00,00,SNR_AVG:33.20
GAL_PRN:02,05,25,24,03,10,12,09,36,00,00,00,00,00,00,SAT_TAL:07
GAL_SNR:30,32,27,00,24,31,00,34,31,00,00,00,00,00,00,SNR_AVG:29.86
BEI_PRN:19,16,10,01,57,46,28,30,20,19,09,07,06,27,27,SAT_TAL:10
BEI_SNR:32,00,00,27,00,34,00,35,36,33,31,28,00,30,30,SNR_AVG:31.60
QZS_PRN:00,00,00,00,00,SAT_TAL:00
QZS_SNR:00,00,00,00,00,SNR_AVG:0.00
SatInView:40 GDOP:112
Roll:138.884613 Pitch:63.127018
X_AVG:-7.909405 Y_AVG:4.151294 Z_AVG:-4.854916
X_SD:9.521867 Y_SD:7.682965 Z_SD:7.312945
$MXCM10033,2,22,20240104,062924,12,0E97326D,47EFC0B5,009A,0015,2839,1C,F202*65
GPS_PRN:31,09,28,18,04,19519416,08,26,19600,00,00,00,SAT_TAL:11
GPS_SNR:37,35,36,27,36,35,30,33,35,30,34,00,00,00,00,SNR_AVG:33.45
GLO_PRN:76,67,85,65,66,00,00,00,00,00,00,00,00,00,00,SAT_TAL:05
GLO_SNR:33,36,33,24,36,00,00,00,00,00,00,00,00,00,00,SNR_AVG:32.40
GAL_PRN:02,05,25,24,03,10,12,09,36,00,00,00,00,00,00,SAT_TAL:08
GAL_SNR:29,34,34,30,33,35,00,33,24,00,00,00,00,00,00,SNR_AVG:31.50
BEI_PRN:19,16,10,01,57,46,28,30,20,19,09,07,06,27,27,SAT_TAL:11
BEI_SNR:32,00,00,29,00,35,00,31,33,29,30,29,28,31,31,SNR_AVG:30.73
QZS_PRN:00,00,00,00,00,SAT_TAL:00
QZS_SNR:00,00,00,00,00,SNR_AVG:0.00
SatInView:40 GDOP:111
Roll:128.860886 Pitch:63.306530
X_AVG:-8.579603 Y_AVG:3.259340 Z_AVG:-4.853001
X_SD:8.341616 Y_SD:6.014047 Z_SD:6.651554
$MXCM10033,2,23,20240104,063140,12,0E957FDE,47EF01F3,00F6,0015,5139,1C,F202*18
GPS_PRN:31,09,28,18,04,19519416,08,26,19600,00,00,00,SAT_TAL:10
GPS_SNR:36,35,35,35,33,31,36,37,36,36,00,00,00,00,00,SNR_AVG:35.00
GLO_PRN:76,67,85,65,66,00,00,00,00,00,00,00,00,00,00,SAT_TAL:05
GLO_SNR:37,37,32,31,38,00,00,00,00,00,00,00,00,00,00,SNR_AVG:35.00
GAL_PRN:02,05,25,24,03,10,12,09,31,00,00,00,00,00,00,SAT_TAL:08
GAL_SNR:32,33,34,35,33,33,00,31,32,00,00,00,00,00,00,SNR_AVG:32.88
BEI_PRN:19,16,10,57,46,28,30,20,19,23,09,07,06,27,27,SAT_TAL:12
BEI_SNR:34,00,00,00,34,36,24,36,33,20,32,27,30,31,31,SNR_AVG:30.67
QZS_PRN:00,00,00,00,00,SAT_TAL:00
QZS_SNR:00,00,00,00,00,SNR_AVG:0.00
SatInView:40 GDOP:104
Roll:140.247299 Pitch:65.490440
X_AVG:-7.532597 Y_AVG:2.600634 Z_AVG:-4.052843
X_SD:7.837779 Y_SD:5.490587 Z_SD:5.713694
$MXCM10033,2,24,20240104,063155,12,0E95594A,47EEC291,00FB,0016,42E8,1D,F202*19
GPS_PRN:31,09,28,18,04,19519416,08,26,19600,00,00,00,SAT_TAL:11
GPS_SNR:33,35,26,34,35,33,34,38,35,36,35,00,00,00,00,SNR_AVG:34.00
GLO_PRN:76,67,85,65,66,00,00,00,00,00,00,00,00,00,00,SAT_TAL:05
GLO_SNR:39,35,37,34,38,00,00,00,00,00,00,00,00,00,00,SNR_AVG:36.60
GAL_PRN:02,05,25,24,03,10,12,09,31,00,00,00,00,00,00,SAT_TAL:09
GAL_SNR:27,33,33,35,30,29,28,34,29,00,00,00,00,00,00,SNR_AVG:30.89
BEI_PRN:19,16,10,57,46,28,30,20,19,36,07,09,06,27,27,SAT_TAL:11
BEI_SNR:30,00,00,00,35,34,36,34,30,00,29,31,30,29,31,SNR_AVG:31.73
QZS_PRN:00,00,00,00,00,SAT_TAL:00
QZS_SNR:00,00,00,00,00,SNR_AVG:0.00
SatInView:40 GDOP:104
Roll:130.254257 Pitch:70.262978
X_AVG:-8.462764 Y_AVG:3.625708 Z_AVG:-3.069333
X_SD:7.911117 Y_SD:5.749672 Z_SD:6.045312
$MXCM10033,2,25,20240104,063411,12,0E91B0FD,47EF8C41,0130,0018,4BAF,1E,F202*17
GPS_PRN:31,09,28,04,18,21,19619519416,08,26,00,00,00,SAT_TAL:12
GPS_SNR:34,34,33,35,36,33,32,29,34,37,36,35,00,00,00,SNR_AVG:34.00
GLO_PRN:85,65,76,66,67,00,00,00,00,00,00,00,00,00,00,SAT_TAL:05
GLO_SNR:36,33,38,36,37,00,00,00,00,00,00,00,00,00,00,SNR_AVG:36.00
GAL_PRN:09,05,25,24,03,10,12,02,31,00,00,00,00,00,00,SAT_TAL:09
GAL_SNR:25,31,34,35,34,33,27,32,30,00,00,00,00,00,00,SNR_AVG:31.22
BEI_PRN:27,27,10,57,46,28,30,20,19,36,09,16,06,07,00,SAT_TAL:11
BEI_SNR:29,30,00,00,36,35,34,35,33,27,00,32,31,26,00,SNR_AVG:31.64
QZS_PRN:00,00,00,00,00,SAT_TAL:00
QZS_SNR:00,00,00,00,00,SNR_AVG:0.00
SatInView:40 GDOP:99
Roll:154.698288 Pitch:51.991085
X_AVG:-9.361948 Y_AVG:3.854120 Z_AVG:-4.770303
X_SD:8.300158 Y_SD:6.673664 Z_SD:5.956618
$MXCM10033,2,26,20240104,063426,12,0E914428,47EF8B5A,0131,0017,4028,1E,F202*6B
GPS_PRN:31,09,28,04,18,21,19619519416,08,26,00,00,00,SAT_TAL:12
GPS_SNR:32,34,33,36,35,34,36,22,32,35,35,35,00,00,00,SNR_AVG:33.25
GLO_PRN:85,65,76,66,67,00,00,00,00,00,00,00,00,00,00,SAT_TAL:05
GLO_SNR:37,33,35,37,35,00,00,00,00,00,00,00,00,00,00,SNR_AVG:35.40
GAL_PRN:09,05,25,24,03,10,12,02,31,00,00,00,00,00,00,SAT_TAL:09
GAL_SNR:34,31,35,32,34,32,26,30,31,00,00,00,00,00,00,SNR_AVG:31.67
BEI_PRN:27,27,10,57,46,28,30,20,19,36,09,16,06,07,00,SAT_TAL:12
BEI_SNR:27,30,00,00,34,34,34,32,31,28,29,30,27,28,00,SNR_AVG:30.33
QZS_PRN:00,00,00,00,00,SAT_TAL:00
QZS_SNR:00,00,00,00,00,SNR_AVG:0.00
SatInView:40 GDOP:99
Roll:150.720093 Pitch:58.836906
X_AVG:-9.095660 Y_AVG:2.860841 Z_AVG:-3.504033
X_SD:6.939800 Y_SD:5.746704 Z_SD:5.103933
$MXCM10033,2,27,20240104,063642,12,0E8DB96E,47EEBEFD,014D,0014,34BC,1E,F202*6D
GPS_PRN:31,26,09,28,18,19619519421,04,08,16,00,00,00,SAT_TAL:12
GPS_SNR:28,33,35,34,35,34,35,29,32,36,37,35,00,00,00,SNR_AVG:33.58
GLO_PRN:67,85,65,76,66,77,00,00,00,00,00,00,00,00,00,SAT_TAL:05
GLO_SNR:37,00,29,36,38,21,00,00,00,00,00,00,00,00,00,SNR_AVG:32.20
GAL_PRN:05,25,24,03,10,09,02,31,00,00,00,00,00,00,00,SAT_TAL:08
GAL_SNR:34,34,32,34,19,32,29,31,00,00,00,00,00,00,00,SNR_AVG:30.62
BEI_PRN:19,07,10,57,46,28,30,20,19,36,09,16,06,27,27,SAT_TAL:12
BEI_SNR:32,27,00,00,34,32,33,33,32,00,29,29,27,33,32,SNR_AVG:31.08
QZS_PRN:00,00,00,00,00,SAT_TAL:00
QZS_SNR:00,00,00,00,00,SNR_AVG:0.00
SatInView:41 GDOP:103
Roll:105.297104 Pitch:70.478928
X_AVG:-8.573617 Y_AVG:4.534901 Z_AVG:-2.449270
X_SD:8.596536 Y_SD:8.189606 Z_SD:8.113059
$MXCM10033,2,28,20240104,063657,12,0E8D49BB,47EEFA48,0154,0017,322A,1F,F202*68
GPS_PRN:31,26,09,28,21,18,19619519404,08,16,00,00,00,SAT_TAL:12
GPS_SNR:37,30,32,36,34,32,35,36,30,35,36,34,00,00,00,SNR_AVG:33.92
GLO_PRN:67,85,65,76,66,77,00,00,00,00,00,00,00,00,00,SAT_TAL:06
GLO_SNR:34,35,32,35,35,24,00,00,00,00,00,00,00,00,00,SNR_AVG:32.50
GAL_PRN:05,25,24,03,10,12,09,02,31,00,00,00,00,00,00,SAT_TAL:09
GAL_SNR:34,34,31,31,33,11,34,22,25,00,00,00,00,00,00,SNR_AVG:28.33
BEI_PRN:19,07,10,57,46,28,30,20,19,09,06,16,27,27,00,SAT_TAL:12
BEI_SNR:24,28,00,00,35,31,34,30,26,31,29,31,31,32,00,SNR_AVG:30.17
QZS_PRN:00,00,00,00,00,SAT_TAL:00
QZS_SNR:00,00,00,00,00,SNR_AVG:0.00
SatInView:41 GDOP:97
Roll:120.437119 Pitch:64.861885
X_AVG:-7.253715 Y_AVG:2.495718 Z_AVG:-3.090833
X_SD:8.538077 Y_SD:6.216960 Z_SD:6.308706
$MXCM10033,2,29,20240104,063913,12,0E8A8664,47EF878A,01AE,001A,4754,1F,F202*1F
GPS_PRN:31,26,09,28,21,18,19619519404,08,16,00,00,00,SAT_TAL:12
GPS_SNR:30,34,33,25,36,35,36,29,33,35,34,36,00,00,00,SNR_AVG:33.00
GLO_PRN:67,85,65,76,77,66,00,00,00,00,00,00,00,00,00,SAT_TAL:06
GLO_SNR:36,38,35,37,21,36,00,00,00,00,00,00,00,00,00,SNR_AVG:33.83
GAL_PRN:05,25,24,03,10,12,09,02,36,00,00,00,00,00,00,SAT_TAL:08
GAL_SNR:31,34,34,31,31,00,32,30,33,00,00,00,00,00,00,SNR_AVG:32.00
BEI_PRN:19,07,10,57,46,28,30,19,20,27,06,16,27,09,00,SAT_TAL:11
BEI_SNR:32,29,00,00,35,33,36,31,33,29,30,31,29,00,00,SNR_AVG:31.64
QZS_PRN:00,00,00,00,00,SAT_TAL:00
QZS_SNR:00,00,00,00,00,SNR_AVG:0.00
SatInView:41 GDOP:99
Roll:117.763687 Pitch:68.998894
X_AVG:-8.672596 Y_AVG:3.173913 Z_AVG:-2.677729
X_SD:8.619323 Y_SD:6.966630 Z_SD:8.253405
$MXCM10033,2,30,20240104,063928,12,0E89F98C,47EF8289,01A9,001B,4B27,1F,F202*1C
GPS_PRN:31,26,09,28,21,18,19619519404,08,16,00,00,00,SAT_TAL:12
GPS_SNR:34,34,30,29,32,35,32,29,34,35,34,36,00,00,00,SNR_AVG:32.83
GLO_PRN:67,85,65,76,77,66,00,00,00,00,00,00,00,00,00,SAT_TAL:06
GLO_SNR:33,37,32,38,21,36,00,00,00,00,00,00,00,00,00,SNR_AVG:32.83
GAL_PRN:05,25,24,03,10,12,09,02,36,00,00,00,00,00,00,SAT_TAL:09
GAL_SNR:31,32,34,31,31,07,29,31,31,00,00,00,00,00,00,SNR_AVG:28.56
BEI_PRN:19,07,10,57,46,28,30,19,20,27,06,16,27,09,00,SAT_TAL:12
BEI_SNR:33,28,00,00,34,34,36,32,34,29,30,31,29,30,00,SNR_AVG:31.67
QZS_PRN:00,00,00,00,00,SAT_TAL:00
QZS_SNR:00,00,00,00,00,SNR_AVG:0.00
SatInView:41 GDOP:99
Roll:153.646149 Pitch:60.927204
X_AVG:-7.480882 Y_AVG:2.345216 Z_AVG:-2.905949
X_SD:8.785474 Y_SD:6.623829 Z_SD:7.071272
$MXCM10033,2,31,20240104,064144,12,0E8548B1,47EFF65A,01C8,001B,43F4,1D,F202*67
GPS_PRN:31,09,28,04,21,18,19619519408,16,26,00,00,00,SAT_TAL:12
GPS_SNR:32,32,24,36,36,33,36,31,34,33,37,34,00,00,00,SNR_AVG:33.17
GLO_PRN:85,65,76,66,67,00,00,00,00,00,00,00,00,00,00,SAT_TAL:05
GLO_SNR:37,34,38,36,35,00,00,00,00,00,00,00,00,00,00,SNR_AVG:36.00
GAL_PRN:09,05,25,24,03,10,12,02,36,00,00,00,00,00,00,SAT_TAL:08
GAL_SNR:35,32,34,33,32,28,00,26,34,00,00,00,00,00,00,SNR_AVG:31.75
BEI_PRN:27,07,10,57,01,46,28,30,20,36,09,16,06,27,00,SAT_TAL:09
BEI_SNR:29,30,00,00,27,35,00,36,32,00,00,32,30,30,00,SNR_AVG:31.22
QZS_PRN:00,00,00,00,00,SAT_TAL:00
QZS_SNR:00,00,00,00,00,SNR_AVG:0.00
SatInView:40 GDOP:103
Roll:152.272705 Pitch:66.645638
X_AVG:-9.012531 Y_AVG:3.215813 Z_AVG:-3.011871
X_SD:9.110010 Y_SD:6.377090 Z_SD:6.490746
$MXCM10033,2,32,20240104,064159,12,0E84B413,47EFFF97,01C1,001C,45EA,1C,F202*17
GPS_PRN:31,09,28,04,21,18,19619519408,16,26,00,00,00,SAT_TAL:11
GPS_SNR:32,32,00,35,35,33,36,30,34,34,37,35,00,00,00,SNR_AVG:33.91
GLO_PRN:85,65,76,66,67,00,00,00,00,00,00,00,00,00,00,SAT_TAL:05
GLO_SNR:37,33,39,37,34,00,00,00,00,00,00,00,00,00,00,SNR_AVG:36.00
GAL_PRN:09,05,25,24,03,10,12,02,36,00,00,00,00,00,00,SAT_TAL:08
GAL_SNR:32,31,33,34,31,29,00,27,33,00,00,00,00,00,00,SNR_AVG:31.25
BEI_PRN:27,07,10,57,01,46,28,30,19,20,09,16,06,27,00,SAT_TAL:10
BEI_SNR:29,30,00,00,27,35,00,36,30,35,00,32,31,29,00,SNR_AVG:31.40
QZS_PRN:00,00,00,00,00,SAT_TAL:00
QZS_SNR:00,00,00,00,00,SNR_AVG:0.00
SatInView:40 GDOP:106
Roll:147.474640 Pitch:65.561134
X_AVG:-8.758932 Y_AVG:3.279787 Z_AVG:-2.262039
X_SD:8.677440 Y_SD:6.603119 Z_SD:7.230743
$MXCM10033,2,33,20240104,064415,12,0E7FBDD9,47F0AF76,01A5,001A,5097,1B,F202*1F
GPS_PRN:31,09,28,04,21,19619519418,08,16,26,00,00,00,SAT_TAL:12
GPS_SNR:35,34,32,33,25,31,32,34,34,36,37,35,00,00,00,SNR_AVG:33.17
GLO_PRN:85,65,76,66,67,00,00,00,00,00,00,00,00,00,00,SAT_TAL:05
GLO_SNR:36,27,38,38,36,00,00,00,00,00,00,00,00,00,00,SNR_AVG:35.00
GAL_PRN:09,05,25,24,03,10,12,02,00,00,00,00,00,00,00,SAT_TAL:06
GAL_SNR:00,34,32,34,32,32,00,33,00,00,00,00,00,00,00,SNR_AVG:32.83
BEI_PRN:19,07,57,10,46,30,28,19,20,36,27,16,06,27,09,SAT_TAL:12
BEI_SNR:34,28,00,00,34,34,34,33,36,00,32,31,31,32,30,SNR_AVG:32.42
QZS_PRN:00,00,00,00,00,SAT_TAL:00
QZS_SNR:00,00,00,00,00,SNR_AVG:0.00
SatInView:40 GDOP:109
Roll:115.480614 Pitch:70.728523
X_AVG:-6.831992 Y_AVG:2.906045 Z_AVG:-2.186860
X_SD:9.620744 Y_SD:7.517438 Z_SD:10.349939
$MXCM10033,2,34,20240104,064430,12,0E7F31D6,47F09B25,019E,001A,473A,1D,F202*1A
GPS_PRN:31,09,28,04,21,18,19619519408,16,26,00,00,00,SAT_TAL:12
GPS_SNR:33,28,30,34,34,35,35,31,35,34,36,36,00,00,00,SNR_AVG:33.42
GLO_PRN:85,65,76,66,67,00,00,00,00,00,00,00,00,00,00,SAT_TAL:05
GLO_SNR:36,32,38,37,31,00,00,00,00,00,00,00,00,00,00,SNR_AVG:34.80
GAL_PRN:09,05,25,24,03,10,12,02,36,00,00,00,00,00,00,SAT_TAL:08
GAL_SNR:30,32,32,34,29,31,00,30,33,00,00,00,00,00,00,SNR_AVG:31.38
BEI_PRN:19,07,57,10,46,30,28,19,20,27,16,06,27,09,00,SAT_TAL:12
BEI_SNR:33,29,00,00,33,36,34,33,36,31,32,31,30,30,00,SNR_AVG:32.33
QZS_PRN:00,00,00,00,00,SAT_TAL:00
QZS_SNR:00,00,00,00,00,SNR_AVG:0.00
SatInView:40 GDOP:103
Roll:106.577553 Pitch:68.005333
X_AVG:-8.054496 Y_AVG:2.980745 Z_AVG:-1.815081
X_SD:9.352978 Y_SD:6.518598 Z_SD:7.581541
$MXCM10033,2,35,20240104,064646,12,0E7A2E81,47F034C1,0164,001C,47E5,1B,F202*60
GPS_PRN:16,26,09,28,21,18,19619519408,04,31,00,00,00,SAT_TAL:12
GPS_SNR:36,35,28,32,34,36,35,31,35,34,35,33,00,00,00,SNR_AVG:33.67
GLO_PRN:76,67,88,65,77,66,00,00,00,00,00,00,00,00,00,SAT_TAL:06
GLO_SNR:38,28,36,30,18,37,00,00,00,00,00,00,00,00,00,SNR_AVG:31.17
GAL_PRN:05,25,24,03,10,12,09,02,36,31,00,00,00,00,00,SAT_TAL:06
GAL_SNR:32,30,34,00,29,00,00,00,33,29,00,00,00,00,00,SNR_AVG:31.17
BEI_PRN:27,07,57,10,46,30,28,19,20,27,06,16,09,00,00,SAT_TAL:09
BEI_SNR:33,29,00,00,33,36,35,33,35,32,31,00,00,00,00,SNR_AVG:33.00
QZS_PRN:00,00,00,00,00,SAT_TAL:00
QZS_SNR:00,00,00,00,00,SNR_AVG:0.00
SatInView:41 GDOP:117
Roll:104.158127 Pitch:68.354431
X_AVG:-8.954207 Y_AVG:2.578799 Z_AVG:-1.808185
X_SD:9.458344 Y_SD:6.548685 Z_SD:8.168702
$MXCM10033,2,36,20240104,064701,12,0E799919,47F0364C,015B,001E,45D8,1E,F202*12
GPS_PRN:16,26,09,28,21,18,19619519408,04,31,00,00,00,SAT_TAL:12
GPS_SNR:36,35,30,30,35,35,35,30,35,34,35,33,00,00,00,SNR_AVG:33.58
GLO_PRN:76,67,88,65,77,66,00,00,00,00,00,00,00,00,00,SAT_TAL:06
GLO_SNR:38,32,36,34,19,37,00,00,00,00,00,00,00,00,00,SNR_AVG:32.67
GAL_PRN:05,25,24,03,10,12,09,02,36,31,00,00,00,00,00,SAT_TAL:09
GAL_SNR:32,32,34,30,31,00,31,29,33,29,00,00,00,00,00,SNR_AVG:31.22
BEI_PRN:27,07,57,10,46,30,28,19,20,27,06,16,09,00,00,SAT_TAL:10
BEI_SNR:30,29,00,00,33,36,35,33,35,32,30,33,00,00,00,SNR_AVG:32.60
QZS_PRN:00,00,00,00,00,SAT_TAL:00
QZS_SNR:00,00,00,00,00,SNR_AVG:0.00
SatInView:41 GDOP:108
Roll:98.370621 Pitch:72.427032
X_AVG:-8.487616 Y_AVG:1.994602 Z_AVG:-0.719233
X_SD:8.177219 Y_SD:5.607801 Z_SD:6.908309
$MXCM10033,2,37,20240104,064917,12,0E747A49,47F05425,010A,0017,4BF5,1D,F202*1D
GPS_PRN:31,26,09,28,21,18,19619519408,04,16,00,00,00,SAT_TAL:12
GPS_SNR:34,35,34,32,32,34,30,31,34,34,33,36,00,00,00,SNR_AVG:33.25
GLO_PRN:67,88,65,76,77,66,00,00,00,00,00,00,00,00,00,SAT_TAL:05
GLO_SNR:36,35,26,38,24,00,00,00,00,00,00,00,00,00,00,SNR_AVG:31.80
GAL_PRN:05,25,24,03,10,12,09,02,36,00,00,00,00,00,00,SAT_TAL:08
GAL_SNR:33,35,34,32,33,00,31,30,29,00,00,00,00,00,00,SNR_AVG:32.12
BEI_PRN:27,07,57,10,46,30,28,19,20,36,09,16,06,27,00,SAT_TAL:11
BEI_SNR:33,28,00,00,35,27,35,32,35,31,00,31,29,32,00,SNR_AVG:31.64
QZS_PRN:00,00,00,00,00,SAT_TAL:00
QZS_SNR:00,00,00,00,00,SNR_AVG:0.00
SatInView:41 GDOP:108
Roll:68.709908 Pitch:71.656746
X_AVG:-7.367969 Y_AVG:3.986713 Z_AVG:-2.723603
X_SD:9.727361 Y_SD:7.697965 Z_SD:10.848769
$MXCM10033,2,38,20240104,064932,12,0E740222,47F044C3,0116,0017,4D9E,1D,F202*65
GPS_PRN:31,26,09,21,28,18,19619519408,04,16,00,00,00,SAT_TAL:12
GPS_SNR:35,35,33,29,31,35,30,31,34,35,33,36,00,00,00,SNR_AVG:33.08
GLO_PRN:67,88,65,76,77,66,00,00,00,00,00,00,00,00,00,SAT_TAL:05
GLO_SNR:36,31,25,38,21,00,00,00,00,00,00,00,00,00,00,SNR_AVG:30.20
GAL_PRN:05,25,24,03,10,12,09,02,36,00,00,00,00,00,00,SAT_TAL:08
GAL_SNR:32,33,33,32,32,00,20,31,21,00,00,00,00,00,00,SNR_AVG:29.25
BEI_PRN:27,07,57,10,46,30,28,19,20,36,09,16,06,27,00,SAT_TAL:12
BEI_SNR:33,28,00,00,34,34,35,32,35,28,31,31,30,33,00,SNR_AVG:32.00
QZS_PRN:00,00,00,00,00,SAT_TAL:00
QZS_SNR:00,00,00,00,00,SNR_AVG:0.00
SatInView:41 GDOP:108
Roll:60.716316 Pitch:65.974716
X_AVG:-8.860113 Y_AVG:4.037902 Z_AVG:-0.374700
X_SD:9.764964 Y_SD:8.484138 Z_SD:9.006030
$MXCM10033,2,39,20240104,065148,12,0E71023A,47EF9CEC,00E5,0000,27F5,13,F201*10
GPS_PRN:31,08,09,21,28,18,19619519407,04,16,26,00,00,SAT_TAL:09
GPS_SNR:39,21,00,33,22,00,29,36,27,00,00,25,32,00,00,SNR_AVG:29.33
GLO_PRN:67,88,68,76,77,66,00,00,00,00,00,00,00,00,00,SAT_TAL:03
GLO_SNR:00,29,17,34,00,00,00,00,00,00,00,00,00,00,00,SNR_AVG:26.67
GAL_PRN:10,05,25,24,03,09,02,36,31,00,00,00,00,00,00,SAT_TAL:05
GAL_SNR:24,00,11,29,00,35,00,19,00,00,00,00,00,00,00,SNR_AVG:23.60
BEI_PRN:27,03,46,01,02,30,19,20,22,27,06,16,07,00,00,SAT_TAL:06
BEI_SNR:34,00,31,27,00,30,00,00,00,36,29,00,00,00,00,SNR_AVG:31.17
QZS_PRN:00,00,00,00,00,SAT_TAL:00
QZS_SNR:00,00,00,00,00,SNR_AVG:0.00
SatInView:41 GDOP:125
Roll:122.810745 Pitch:28.436844
X_AVG:-5.309920 Y_AVG:8.208351 Z_AVG:-4.871389
X_SD:0.705461 Y_SD:0.986585 Z_SD:0.686198
$MXCM10033,2,40,20240104,065203,12,0E71037A,47EF9CD5,00D8,0000,27F5,18,F201*67
GPS_PRN:16,26,09,21,28,19619519404,08,31,00,00,00,00,SAT_TAL:11
GPS_SNR:33,38,17,28,35,29,30,37,17,31,33,00,00,00,00,SNR_AVG:29.82
GLO_PRN:76,67,88,68,77,66,00,00,00,00,00,00,00,00,00,SAT_TAL:04
GLO_SNR:38,00,27,16,00,23,00,00,00,00,00,00,00,00,00,SNR_AVG:26.00
GAL_PRN:25,05,24,03,10,12,09,02,36,00,00,00,00,00,00,SAT_TAL:06
GAL_SNR:17,27,33,00,37,00,20,00,23,00,00,00,00,00,00,SNR_AVG:26.17
BEI_PRN:27,07,03,57,10,46,01,30,28,19,20,27,16,06,09,SAT_TAL:10
BEI_SNR:37,20,27,00,00,27,28,30,33,00,00,38,31,32,00,SNR_AVG:30.30
QZS_PRN:00,00,00,00,00,SAT_TAL:00
QZS_SNR:00,00,00,00,00,SNR_AVG:0.00
SatInView:41 GDOP:108
Roll:120.388199 Pitch:19.938570
X_AVG:-5.268786 Y_AVG:8.252405 Z_AVG:-7.380371
X_SD:3.394450 Y_SD:2.876704 Z_SD:3.069909
$MXCM10033,2,41,20240104,065419,12,0E7100E8,47EFA000,00D7,0000,552E,1A,F202*6D
GPS_PRN:31,26,09,21,28,18,19619519408,04,16,00,00,00,SAT_TAL:11
GPS_SNR:44,42,00,36,38,37,27,33,41,24,20,44,00,00,00,SNR_AVG:35.09
GLO_PRN:67,88,68,76,77,66,00,00,00,00,00,00,00,00,00,SAT_TAL:04
GLO_SNR:18,24,00,40,00,20,00,00,00,00,00,00,00,00,00,SNR_AVG:25.50
GAL_PRN:05,25,24,03,10,12,02,09,36,00,00,00,00,00,00,SAT_TAL:07
GAL_SNR:18,18,44,14,41,00,00,28,23,00,00,00,00,00,00,SNR_AVG:26.57
BEI_PRN:27,07,57,46,10,30,28,19,20,36,27,16,06,09,00,SAT_TAL:09
BEI_SNR:43,15,00,18,00,33,41,00,21,00,40,34,33,00,00,SNR_AVG:30.89
QZS_PRN:00,00,00,00,00,SAT_TAL:00
QZS_SNR:00,00,00,00,00,SNR_AVG:0.00
SatInView:41 GDOP:97
Roll:137.067261 Pitch:-7.863192
X_AVG:0.850102 Y_AVG:5.353830 Z_AVG:-13.947846
X_SD:5.490320 Y_SD:7.987795 Z_SD:6.022564
$MXCM10033,2,42,20240104,065434,12,0E710082,47EF9FF7,00D7,0000,552E,19,F201*12
GPS_PRN:31,26,09,21,28,18,19619519408,04,16,00,00,00,SAT_TAL:11
GPS_SNR:40,29,00,38,34,40,34,41,38,19,16,30,00,00,00,SNR_AVG:32.64
GLO_PRN:67,88,68,76,77,66,00,00,00,00,00,00,00,00,00,SAT_TAL:05
GLO_SNR:17,37,17,38,00,17,00,00,00,00,00,00,00,00,00,SNR_AVG:25.20
GAL_PRN:05,25,24,03,10,12,02,09,36,00,00,00,00,00,00,SAT_TAL:06
GAL_SNR:18,16,38,00,31,00,00,36,32,00,00,00,00,00,00,SNR_AVG:28.50
BEI_PRN:27,07,57,46,10,30,28,19,20,36,27,16,06,09,00,SAT_TAL:10
BEI_SNR:45,16,00,31,00,33,42,00,17,00,47,35,32,23,00,SNR_AVG:32.10
QZS_PRN:00,00,00,00,00,SAT_TAL:00
QZS_SNR:00,00,00,00,00,SNR_AVG:0.00
SatInView:41 GDOP:100
Roll:93.069824 Pitch:3.070712
X_AVG:1.803924 Y_AVG:8.111814 Z_AVG:0.313312
X_SD:7.220187 Y_SD:8.315983 Z_SD:6.516684
$MXCM10033,2,43,20240104,065649,12,0E7102FB,47EFA6F7,00D7,0002,2650,0C,F202*13
GPS_PRN:08,09,26,21,28,18,19619519404,16,31,00,00,00,SAT_TAL:08
GPS_SNR:00,00,30,24,23,00,22,23,20,00,21,30,00,00,00,SNR_AVG:24.12
GLO_PRN:67,88,68,76,77,66,00,00,00,00,00,00,00,00,00,SAT_TAL:03
GLO_SNR:00,23,17,25,00,00,00,00,00,00,00,00,00,00,00,SNR_AVG:21.67
GAL_PRN:03,05,25,24,10,09,02,36,31,00,00,00,00,00,00,SAT_TAL:01
GAL_SNR:00,00,00,21,00,00,00,00,00,00,00,00,00,00,00,SNR_AVG:21.00
BEI_PRN:27,03,46,30,20,22,27,16,06,07,00,00,00,00,00,SAT_TAL:02
BEI_SNR:20,00,00,00,00,00,22,00,00,00,00,00,00,00,00,SNR_AVG:21.00
QZS_PRN:00,00,00,00,00,SAT_TAL:00
QZS_SNR:00,00,00,00,00,SNR_AVG:0.00
SatInView:37 GDOP:176
Roll:72.304382 Pitch:47.487534
X_AVG:-1.009368 Y_AVG:3.866091 Z_AVG:-6.126646
X_SD:9.013919 Y_SD:12.165019 Z_SD:10.367781
$MXCM10033,2,44,20240104,065704,12,0E71014D,47EFA6A5,00D7,0000,2835,0E,F201*64
GPS_PRN:09,08,26,21,28,19619519418,04,16,31,00,00,00,SAT_TAL:10
GPS_SNR:00,15,22,27,24,26,23,20,16,00,17,22,00,00,00,SNR_AVG:21.20
GLO_PRN:67,88,68,76,77,66,00,00,00,00,00,00,00,00,00,SAT_TAL:02
GLO_SNR:00,25,00,19,00,00,00,00,00,00,00,00,00,00,00,SNR_AVG:22.00
GAL_PRN:10,05,25,24,03,09,36,31,00,00,00,00,00,00,00,SAT_TAL:01
GAL_SNR:00,00,00,20,00,00,00,00,00,00,00,00,00,00,00,SNR_AVG:20.00
BEI_PRN:27,03,46,01,02,30,19,20,27,06,16,07,00,00,00,SAT_TAL:02
BEI_SNR:28,00,00,00,00,00,00,00,23,00,00,00,00,00,00,SNR_AVG:25.50
QZS_PRN:00,00,00,00,00,SAT_TAL:00
QZS_SNR:00,00,00,00,00,SNR_AVG:0.00
SatInView:38 GDOP:147
Roll:108.490967 Pitch:4.780201
X_AVG:-2.805678 Y_AVG:9.343848 Z_AVG:-2.071457
X_SD:0.818491 Y_SD:0.505542 Z_SD:0.944803
$MXCM10033,2,45,20240104,065919,12,0E71017A,47EFA2D0,00D7,0000,7C06,0C,F202*1E
GPS_PRN:09,26,08,21,28,18,19619519404,16,31,00,00,00,SAT_TAL:08
GPS_SNR:00,22,00,30,33,00,32,33,18,00,18,31,00,00,00,SNR_AVG:27.12
GLO_PRN:66,88,68,76,77,67,00,00,00,00,00,00,00,00,00,SAT_TAL:02
GLO_SNR:00,31,00,31,00,00,00,00,00,00,00,00,00,00,00,SNR_AVG:31.00
GAL_PRN:02,05,25,03,24,10,36,09,31,00,00,00,00,00,00,SAT_TAL:01
GAL_SNR:00,00,00,00,00,27,00,00,00,00,00,00,00,00,00,SNR_AVG:27.00
BEI_PRN:27,03,46,01,30,02,19,20,22,27,16,06,07,00,00,SAT_TAL:03
BEI_SNR:20,00,00,30,00,00,00,00,00,27,00,00,00,00,00,SNR_AVG:25.67
QZS_PRN:00,00,00,00,00,SAT_TAL:00
QZS_SNR:00,00,00,00,00,SNR_AVG:0.00
SatInView:40 GDOP:173
Roll:153.899551 Pitch:42.065598
X_AVG:-6.280548 Y_AVG:0.575817 Z_AVG:-10.867548
X_SD:11.763224 Y_SD:11.269107 Z_SD:10.372154
$MXCM10033,2,46,20240104,065935,12,0E710332,47EF9EDC,00D7,0000,7C06,17,F202*6F
GPS_PRN:16,09,26,21,28,19619519404,08,31,00,00,00,00,SAT_TAL:11
GPS_SNR:32,16,18,40,26,32,31,28,17,21,36,00,00,00,00,SNR_AVG:27.00
GLO_PRN:76,66,88,68,77,67,00,00,00,00,00,00,00,00,00,SAT_TAL:04
GLO_SNR:31,15,27,00,00,17,00,00,00,00,00,00,00,00,00,SNR_AVG:22.50
GAL_PRN:05,25,03,24,10,12,02,36,09,00,00,00,00,00,00,SAT_TAL:04
GAL_SNR:00,15,00,33,29,00,00,32,00,00,00,00,00,00,00,SNR_AVG:27.25
BEI_PRN:27,07,57,46,10,01,30,02,28,19,20,27,16,06,09,SAT_TAL:07
BEI_SNR:38,00,00,16,00,32,19,00,00,00,19,31,26,00,00,SNR_AVG:25.86
QZS_PRN:00,00,00,00,00,SAT_TAL:00
QZS_SNR:00,00,00,00,00,SNR_AVG:0.00
SatInView:41 GDOP:106
Roll:159.914078 Pitch:11.735410
X_AVG:-1.175625 Y_AVG:3.141735 Z_AVG:-18.928557
X_SD:0.141803 Y_SD:0.102808 Z_SD:0.197994
$MXCM10033,2,47,20240104,070151,12,0E7104C0,47EF969A,00D7,0000,7311,0C,F202*1A
GPS_PRN:08,04,16,31,09,26,21,28,07,18,19419519600,00,SAT_TAL:07
GPS_SNR:00,00,21,19,00,23,25,20,00,00,00,18,26,00,00,SNR_AVG:21.71
GLO_PRN:66,88,68,76,77,67,00,00,00,00,00,00,00,00,00,SAT_TAL:03
GLO_SNR:00,19,00,20,00,19,00,00,00,00,00,00,00,00,00,SNR_AVG:19.33
GAL_PRN:24,10,02,36,09,31,25,05,03,00,00,00,00,00,00,SAT_TAL:01
GAL_SNR:00,23,00,00,00,00,00,00,00,00,00,00,00,00,00,SNR_AVG:23.00
BEI_PRN:27,03,46,01,30,02,19,20,16,06,07,00,00,00,00,SAT_TAL:01
BEI_SNR:24,00,00,00,00,00,00,00,00,00,00,00,00,00,00,SNR_AVG:24.00
QZS_PRN:00,00,00,00,00,SAT_TAL:00
QZS_SNR:00,00,00,00,00,SNR_AVG:0.00
SatInView:39 GDOP:182
Roll:148.768082 Pitch:0.000000
X_AVG:-0.329257 Y_AVG:7.784760 Z_AVG:-12.643028
X_SD:0.080410 Y_SD:0.086549 Z_SD:0.115384
$MXCM10033,2,48,20240104,070206,12,0E710386,47EF9B6E,00D7,0000,7776,10,F202*66
GPS_PRN:31,08,26,21,28,07,19619519418,04,16,09,00,00,SAT_TAL:08
GPS_SNR:29,00,24,30,26,00,30,21,18,00,00,24,00,00,00,SNR_AVG:25.25
GLO_PRN:66,88,68,76,77,67,00,00,00,00,00,00,00,00,00,SAT_TAL:03
GLO_SNR:00,19,17,19,00,00,00,00,00,00,00,00,00,00,00,SNR_AVG:18.33
GAL_PRN:10,25,05,03,24,02,36,09,31,00,00,00,00,00,00,SAT_TAL:04
GAL_SNR:23,00,00,00,29,00,25,24,00,00,00,00,00,00,00,SNR_AVG:25.25
BEI_PRN:27,03,46,01,30,02,19,20,22,27,16,06,07,00,00,SAT_TAL:04
BEI_SNR:30,00,00,00,15,00,00,00,00,29,20,00,00,00,00,SNR_AVG:23.50
QZS_PRN:00,00,00,00,00,SAT_TAL:00
QZS_SNR:00,00,00,00,00,SNR_AVG:0.00
SatInView:41 GDOP:160
Roll:138.219284 Pitch:9.401311
X_AVG:-2.245854 Y_AVG:8.563226 Z_AVG:-9.410791
X_SD:0.120034 Y_SD:0.238104 Z_SD:0.320260
$MXCM10033,2,49,20240104,070422,12,0E710223,47EFA561,00D7,0000,0000,10,F202*13
GPS_PRN:09,26,21,28,07,18,19619519404,16,31,00,00,00,SAT_TAL:10
GPS_SNR:22,24,35,29,00,00,35,25,22,16,17,28,00,00,00,SNR_AVG:25.30
GLO_PRN:66,88,68,76,77,67,00,00,00,00,00,00,00,00,00,SAT_TAL:03
GLO_SNR:00,35,19,36,00,00,00,00,00,00,00,00,00,00,00,SNR_AVG:30.00
GAL_PRN:25,05,03,24,10,02,36,09,31,00,00,00,00,00,00,SAT_TAL:02
GAL_SNR:00,00,00,32,00,00,18,00,00,00,00,00,00,00,00,SNR_AVG:25.00
BEI_PRN:27,03,46,01,30,02,28,19,20,22,27,06,16,07,00,SAT_TAL:03
BEI_SNR:25,00,24,00,00,00,00,00,00,00,33,00,00,00,00,SNR_AVG:27.33
QZS_PRN:00,00,00,00,00,SAT_TAL:00
QZS_SNR:00,00,00,00,00,SNR_AVG:0.00
SatInView:41 GDOP:124
Roll:164.320999 Pitch:-14.760462
X_AVG:2.732605 Y_AVG:2.891871 Z_AVG:-18.932387
X_SD:0.184265 Y_SD:0.120897 Z_SD:0.320183
$MXCM10033,2,50,20240104,070437,12,0E71005E,47EFA5D2,00D7,0000,0000,18,F202*15
GPS_PRN:31,08,26,21,28,07,19619519418,04,16,09,00,00,SAT_TAL:11
GPS_SNR:28,00,20,33,30,17,30,28,28,00,18,20,19,00,00,SNR_AVG:24.64
GLO_PRN:66,88,68,76,77,67,00,00,00,00,00,00,00,00,00,SAT_TAL:04
GLO_SNR:00,31,19,35,00,18,00,00,00,00,00,00,00,00,00,SNR_AVG:25.75
GAL_PRN:10,25,05,03,24,12,02,36,09,00,00,00,00,00,00,SAT_TAL:06
GAL_SNR:24,17,17,00,29,00,00,20,26,00,00,00,00,00,00,SNR_AVG:22.17
BEI_PRN:27,07,57,46,10,01,30,28,20,27,06,16,09,00,00,SAT_TAL:06
BEI_SNR:29,00,00,20,00,00,28,00,17,33,00,25,00,00,00,SNR_AVG:25.33
QZS_PRN:00,00,00,00,00,SAT_TAL:00
QZS_SNR:00,00,00,00,00,SNR_AVG:0.00
SatInView:41 GDOP:98
Roll:160.749161 Pitch:-12.937897
X_AVG:2.688360 Y_AVG:3.936769 Z_AVG:-17.600849
X_SD:0.721032 Y_SD:0.677279 Z_SD:0.773766
$MXCM10033,2,51,20240104,070653,12,0E710581,47EF9A6F,00D7,0001,2ACB,0E,F201*6E
GPS_PRN:09,08,21,02,28,19619519407,18,04,16,26,00,00,SAT_TAL:07
GPS_SNR:00,17,30,30,25,28,24,00,00,00,00,00,29,00,00,SNR_AVG:26.14
GLO_PRN:66,88,68,76,77,67,00,00,00,00,00,00,00,00,00,SAT_TAL:02
GLO_SNR:00,23,00,31,00,00,00,00,00,00,00,00,00,00,00,SNR_AVG:27.00
GAL_PRN:10,25,05,03,24,02,36,09,00,00,00,00,00,00,00,SAT_TAL:03
GAL_SNR:27,00,00,00,30,00,00,32,00,00,00,00,00,00,00,SNR_AVG:29.67
BEI_PRN:27,07,03,46,01,30,28,19,20,22,09,06,16,27,00,SAT_TAL:04
BEI_SNR:31,00,00,00,00,20,27,00,00,00,00,00,00,22,00,SNR_AVG:25.00
QZS_PRN:00,00,00,00,00,SAT_TAL:00
QZS_SNR:00,00,00,00,00,SNR_AVG:0.00
SatInView:41 GDOP:166
Roll:105.212944 Pitch:26.591438
X_AVG:-5.638698 Y_AVG:7.990857 Z_AVG:-3.828166
X_SD:3.035353 Y_SD:2.725605 Z_SD:5.247134
$MXCM10033,2,52,20240104,070708,12,0E710261,47EFA21E,00D7,0000,2C1D,17,F201*60
GPS_PRN:09,31,26,21,02,19619519428,07,18,04,16,08,00,SAT_TAL:11
GPS_SNR:00,32,28,26,21,24,25,18,17,00,19,00,25,16,00,SNR_AVG:22.82
GLO_PRN:66,88,68,76,77,67,00,00,00,00,00,00,00,00,00,SAT_TAL:04
GLO_SNR:15,19,18,30,00,00,00,00,00,00,00,00,00,00,00,SNR_AVG:20.50
GAL_PRN:10,25,05,03,24,02,36,09,00,00,00,00,00,00,00,SAT_TAL:05
GAL_SNR:18,00,17,00,25,00,24,20,00,00,00,00,00,00,00,SNR_AVG:20.80
BEI_PRN:27,07,57,46,10,01,30,28,20,27,16,06,09,00,00,SAT_TAL:06
BEI_SNR:26,00,00,17,00,27,15,27,00,22,00,00,00,00,00,SNR_AVG:22.33
QZS_PRN:00,00,00,00,00,SAT_TAL:00
QZS_SNR:00,00,00,00,00,SNR_AVG:0.00
SatInView:41 GDOP:97
Roll:102.611710 Pitch:19.100126
X_AVG:-3.775876 Y_AVG:8.958277 Z_AVG:-2.532973
X_SD:0.224859 Y_SD:0.133673 Z_SD:0.442158
$MXCM10033,2,53,20240104,070923,12,0E710353,47EF9BFD,00D6,0000,7546,0E,F201*6E
GPS_PRN:08,04,16,09,31,26,21,28,18,19419519600,00,00,SAT_TAL:09
GPS_SNR:00,00,20,00,26,23,27,28,17,14,23,25,00,00,00,SNR_AVG:22.56
GLO_PRN:88,66,68,76,77,67,00,00,00,00,00,00,00,00,00,SAT_TAL:02
GLO_SNR:23,00,00,22,00,00,00,00,00,00,00,00,00,00,00,SNR_AVG:22.50
GAL_PRN:10,24,02,36,09,25,05,03,00,00,00,00,00,00,00,SAT_TAL:04
GAL_SNR:20,21,00,27,20,00,00,00,00,00,00,00,00,00,00,SNR_AVG:22.00
BEI_PRN:09,07,46,30,02,19,20,06,16,27,00,00,00,00,00,SAT_TAL:00
BEI_SNR:00,00,00,00,00,00,00,00,00,00,00,00,00,00,00,SNR_AVG:0.00
QZS_PRN:00,00,00,00,00,SAT_TAL:00
QZS_SNR:00,00,00,00,00,SNR_AVG:0.00
SatInView:36 GDOP:176
Roll:102.153496 Pitch:10.393547
X_AVG:-2.307291 Y_AVG:9.423911 Z_AVG:-2.048712
X_SD:0.304555 Y_SD:0.210632 Z_SD:0.418894
$MXCM10033,2,54,20240104,070939,12,0E7102D6,47EF9DAB,00D6,0000,75A3,10,F201*14
GPS_PRN:09,08,26,21,07,19619519428,18,04,16,31,00,00,SAT_TAL:09
GPS_SNR:00,00,17,28,00,27,23,24,16,17,00,26,14,00,00,SNR_AVG:21.33
GLO_PRN:66,88,68,76,77,67,00,00,00,00,00,00,00,00,00,SAT_TAL:02
GLO_SNR:00,19,00,17,00,00,00,00,00,00,00,00,00,00,00,SNR_AVG:18.00
GAL_PRN:24,25,05,03,10,02,36,09,00,00,00,00,00,00,00,SAT_TAL:03
GAL_SNR:19,00,00,00,20,00,21,00,00,00,00,00,00,00,00,SNR_AVG:20.00
BEI_PRN:06,07,03,46,01,30,02,28,19,20,22,09,16,27,00,SAT_TAL:03
BEI_SNR:00,00,00,19,00,17,00,00,00,00,00,00,00,23,00,SNR_AVG:19.67
QZS_PRN:00,00,00,00,00,SAT_TAL:00
QZS_SNR:00,00,00,00,00,SNR_AVG:0.00
SatInView:41 GDOP:151
Roll:69.284042 Pitch:15.502726
X_AVG:-3.124400 Y_AVG:9.147567 Z_AVG:3.389923
X_SD:0.205152 Y_SD:0.130986 Z_SD:0.655554
$MXCM10033,2,55,20240104,071155,12,0E710272,47EF9C6B,00D6,0000,2774,10,F202*64
GPS_PRN:08,04,16,09,31,26,21,28,18,19419519600,00,00,SAT_TAL:08
GPS_SNR:18,00,00,00,34,31,33,28,00,20,33,26,00,00,00,SNR_AVG:27.88
GLO_PRN:88,66,78,76,77,67,00,00,00,00,00,00,00,00,00,SAT_TAL:02
GLO_SNR:00,19,00,28,00,00,00,00,00,00,00,00,00,00,00,SNR_AVG:23.50
GAL_PRN:10,24,36,02,09,25,05,03,00,00,00,00,00,00,00,SAT_TAL:03
GAL_SNR:19,24,00,00,32,00,00,00,00,00,00,00,00,00,00,SNR_AVG:25.00
BEI_PRN:09,07,03,46,01,30,02,28,19,20,22,16,06,27,00,SAT_TAL:04
BEI_SNR:00,00,00,17,32,19,00,00,00,00,00,00,00,31,00,SNR_AVG:24.75
QZS_PRN:00,00,00,00,00,SAT_TAL:00
QZS_SNR:00,00,00,00,00,SNR_AVG:0.00
SatInView:40 GDOP:134
Roll:9.253688 Pitch:15.000830
X_AVG:-5.452521 Y_AVG:3.703330 Z_AVG:18.488781
X_SD:0.084072 Y_SD:0.066589 Z_SD:0.118100
$MXCM10033,2,56,20240104,071210,12,0E710272,47EF9EC3,00D6,0000,1D5A,17,F202*67
GPS_PRN:09,31,26,21,07,28,19619519408,04,16,00,00,00,SAT_TAL:11
GPS_SNR:18,30,25,37,00,28,36,28,28,18,12,21,00,00,00,SNR_AVG:25.55
GLO_PRN:88,66,78,76,77,67,00,00,00,00,00,00,00,00,00,SAT_TAL:02
GLO_SNR:30,00,00,31,00,00,00,00,00,00,00,00,00,00,00,SNR_AVG:30.50
GAL_PRN:25,05,03,10,24,12,36,02,09,00,00,00,00,00,00,SAT_TAL:06
GAL_SNR:21,18,00,29,24,00,28,00,30,00,00,00,00,00,00,SNR_AVG:25.00
BEI_PRN:27,07,57,46,10,01,30,28,36,20,09,16,06,27,00,SAT_TAL:09
BEI_SNR:24,00,00,19,00,26,24,25,00,16,00,17,19,22,00,SNR_AVG:21.33
QZS_PRN:00,00,00,00,00,SAT_TAL:00
QZS_SNR:00,00,00,00,00,SNR_AVG:0.00
SatInView:41 GDOP:112
Roll:9.065490 Pitch:9.667503
X_AVG:-3.324847 Y_AVG:0.552210 Z_AVG:16.405927
X_SD:5.112028 Y_SD:5.077809 Z_SD:3.849432
$MXCM10033,2,57,20240104,071425,12,0E7100EC,47EF9C68,00D7,0000,313A,0C,F201*19
GPS_PRN:08,04,16,09,31,26,21,02,28,18,19419519600,00,SAT_TAL:09
GPS_SNR:00,00,25,00,27,17,28,37,25,00,22,24,28,00,00,SNR_AVG:25.89
GLO_PRN:88,66,78,76,77,67,00,00,00,00,00,00,00,00,00,SAT_TAL:02
GLO_SNR:23,00,00,20,00,00,00,00,00,00,00,00,00,00,00,SNR_AVG:21.50
GAL_PRN:03,24,36,09,25,05,10,00,00,00,00,00,00,00,00,SAT_TAL:02
GAL_SNR:00,00,00,17,00,00,21,00,00,00,00,00,00,00,00,SNR_AVG:19.00
BEI_PRN:07,46,01,02,20,22,06,27,03,00,00,00,00,00,00,SAT_TAL:00
BEI_SNR:00,00,00,00,00,00,00,00,00,00,00,00,00,00,00,SNR_AVG:0.00
QZS_PRN:00,00,00,00,00,SAT_TAL:00
QZS_SNR:00,00,00,00,00,SNR_AVG:0.00
SatInView:35 GDOP:187
Roll:134.937225 Pitch:2.937501
X_AVG:-2.237666 Y_AVG:7.539684 Z_AVG:-6.494499
X_SD:4.522560 Y_SD:5.839448 Z_SD:4.327812
$MXCM10033,2,58,20240104,071441,12,0E71022F,47EF9CBD,00D6,0000,313A,11,F201*1E
GPS_PRN:09,31,26,21,02,19619519407,28,18,04,16,08,00,SAT_TAL:10
GPS_SNR:00,27,15,32,27,25,19,19,00,31,00,14,20,00,00,SNR_AVG:22.90
GLO_PRN:88,66,78,76,77,67,00,00,00,00,00,00,00,00,00,SAT_TAL:02
GLO_SNR:21,00,00,21,00,00,00,00,00,00,00,00,00,00,00,SNR_AVG:21.00
GAL_PRN:10,25,05,03,24,36,02,09,00,00,00,00,00,00,00,SAT_TAL:03
GAL_SNR:22,00,00,00,00,28,00,28,00,00,00,00,00,00,00,SNR_AVG:26.00
BEI_PRN:27,03,46,30,02,28,19,20,22,27,09,16,07,00,00,SAT_TAL:03
BEI_SNR:25,00,16,00,00,00,00,00,00,23,00,00,00,00,00,SNR_AVG:21.33
QZS_PRN:00,00,00,00,00,SAT_TAL:00
QZS_SNR:00,00,00,00,00,SNR_AVG:0.00
SatInView:41 GDOP:142
Roll:120.189400 Pitch:17.488401
X_AVG:-2.587179 Y_AVG:7.744584 Z_AVG:-6.928097
X_SD:6.355449 Y_SD:6.753956 Z_SD:7.609446
$MXCM10033,2,59,20240104,071657,12,0E710307,47EFA533,00D6,0000,6A6E,0A,F201*65
GPS_PRN:08,04,16,09,31,26,21,07,28,18,19419519600,00,SAT_TAL:07
GPS_SNR:16,00,23,00,26,24,18,00,00,00,18,22,00,00,00,SNR_AVG:21.00
GLO_PRN:67,66,78,77,76,88,00,00,00,00,00,00,00,00,00,SAT_TAL:02
GLO_SNR:00,00,00,00,29,21,00,00,00,00,00,00,00,00,00,SNR_AVG:25.00
GAL_PRN:24,36,02,09,25,05,03,00,00,00,00,00,00,00,00,SAT_TAL:01
GAL_SNR:00,22,00,00,00,00,00,00,00,00,00,00,00,00,00,SNR_AVG:22.00
BEI_PRN:09,07,03,46,10,02,28,19,20,22,06,16,27,00,00,SAT_TAL:00
BEI_SNR:00,00,00,00,00,00,00,00,00,00,00,00,00,00,00,SNR_AVG:0.00
QZS_PRN:00,00,00,00,00,SAT_TAL:00
QZS_SNR:00,00,00,00,00,SNR_AVG:0.00
SatInView:39 GDOP:176
Roll:109.000076 Pitch:17.902946
X_AVG:-3.466778 Y_AVG:9.020145 Z_AVG:-3.245406
X_SD:0.079275 Y_SD:0.063080 Z_SD:0.093286
$MXCM10033,2,60,20240104,071712,12,0E710314,47EF9F04,00D6,0000,35DB,0C,F201*64
GPS_PRN:26,08,21,02,07,19619519428,18,04,16,31,00,00,SAT_TAL:07
GPS_SNR:21,00,19,00,00,17,19,18,00,00,00,21,28,00,00,SNR_AVG:20.43
GLO_PRN:78,66,68,67,77,76,88,00,00,00,00,00,00,00,00,SAT_TAL:02
GLO_SNR:00,00,00,00,00,30,20,00,00,00,00,00,00,00,00,SNR_AVG:25.00
GAL_PRN:24,25,05,03,10,36,02,09,00,00,00,00,00,00,00,SAT_TAL:03
GAL_SNR:18,00,00,00,00,23,00,23,00,00,00,00,00,00,00,SNR_AVG:21.33
BEI_PRN:06,07,03,46,01,30,02,28,19,20,22,09,16,27,00,SAT_TAL:02
BEI_SNR:00,00,00,00,00,17,00,21,00,00,00,00,00,00,00,SNR_AVG:19.00
QZS_PRN:00,00,00,00,00,SAT_TAL:00
QZS_SNR:00,00,00,00,00,SNR_AVG:0.00
SatInView:42 GDOP:196
Roll:103.011223 Pitch:18.707064
X_AVG:-3.598653 Y_AVG:8.997400 Z_AVG:-2.664848
X_SD:0.218133 Y_SD:0.147896 Z_SD:0.196704
$MXCM10033,2,61,20240104,071927,12,0E71048D,47EF9881,00D6,0001,71A2,09,F202*6D
GPS_PRN:08,04,16,09,31,21,26,28,18,19419519600,00,00,SAT_TAL:07
GPS_SNR:00,00,23,00,24,22,21,22,00,00,22,19,00,00,00,SNR_AVG:21.86
GLO_PRN:67,66,78,77,76,88,00,00,00,00,00,00,00,00,00,SAT_TAL:02
GLO_SNR:00,00,00,00,22,18,00,00,00,00,00,00,00,00,00,SNR_AVG:20.00
GAL_PRN:10,24,36,09,25,05,03,00,00,00,00,00,00,00,00,SAT_TAL:01
GAL_SNR:00,00,23,00,00,00,00,00,00,00,00,00,00,00,00,SNR_AVG:23.00
BEI_PRN:03,01,30,02,28,19,20,22,27,07,46,00,00,00,00,SAT_TAL:00
BEI_SNR:00,00,00,00,00,00,00,00,00,00,00,00,00,00,00,SNR_AVG:0.00
QZS_PRN:00,00,00,00,00,SAT_TAL:00
QZS_SNR:00,00,00,00,00,SNR_AVG:0.00
SatInView:36 GDOP:237
Roll:136.922073 Pitch:32.529701
X_AVG:-6.031499 Y_AVG:6.909470 Z_AVG:-8.154767
X_SD:3.891545 Y_SD:4.712568 Z_SD:4.497893
$MXCM10033,2,62,20240104,071942,12,0E71046A,47EF95F7,00D6,0000,6CAB,09,F202*11
GPS_PRN:08,04,16,09,31,21,26,28,18,19419519600,00,00,SAT_TAL:08
GPS_SNR:15,00,20,00,22,19,16,17,00,00,14,14,00,00,00,SNR_AVG:17.12
GLO_PRN:67,66,78,77,76,88,00,00,00,00,00,00,00,00,00,SAT_TAL:01
GLO_SNR:00,00,00,00,20,00,00,00,00,00,00,00,00,00,00,SNR_AVG:20.00
GAL_PRN:10,24,36,02,09,25,05,03,00,00,00,00,00,00,00,SAT_TAL:01
GAL_SNR:20,00,00,00,00,00,00,00,00,00,00,00,00,00,00,SNR_AVG:20.00
BEI_PRN:07,46,01,30,28,19,22,16,27,03,00,00,00,00,00,SAT_TAL:00
BEI_SNR:00,00,00,00,00,00,00,00,00,00,00,00,00,00,00,SNR_AVG:0.00
QZS_PRN:00,00,00,00,00,SAT_TAL:00
QZS_SNR:00,00,00,00,00,SNR_AVG:0.00
SatInView:36 GDOP:180
Roll:52.858299 Pitch:57.711502
X_AVG:-8.689499 Y_AVG:4.553193 Z_AVG:3.666267
X_SD:0.085037 Y_SD:0.071080 Z_SD:0.106687
$MXCM10033,2,63,20240104,072157,12,0E71051E,47EF9793,00D6,0000,78FF,0A,F202*65
GPS_PRN:08,04,16,09,21,31,26,28,19419519600,00,00,00,SAT_TAL:06
GPS_SNR:00,00,00,00,22,30,22,00,18,26,23,00,00,00,00,SNR_AVG:23.50
GLO_PRN:67,66,78,77,76,88,00,00,00,00,00,00,00,00,00,SAT_TAL:02
GLO_SNR:00,00,00,00,19,20,00,00,00,00,00,00,00,00,00,SNR_AVG:19.50
GAL_PRN:10,24,36,02,25,05,03,00,00,00,00,00,00,00,00,SAT_TAL:02
GAL_SNR:20,00,19,00,00,00,00,00,00,00,00,00,00,00,00,SNR_AVG:19.50
BEI_PRN:09,07,46,03,30,01,02,19,20,06,16,27,00,00,00,SAT_TAL:00
BEI_SNR:00,00,00,00,00,00,00,00,00,00,00,00,00,00,00,SNR_AVG:0.00
QZS_PRN:00,00,00,00,00,SAT_TAL:00
QZS_SNR:00,00,00,00,00,SNR_AVG:0.00
SatInView:36 GDOP:231
Roll:19.964462 Pitch:36.979736
X_AVG:-8.102525 Y_AVG:4.665723 Z_AVG:5.647748
X_SD:4.836485 Y_SD:6.029118 Z_SD:7.792052
$MXCM10033,2,64,20240104,072213,12,0E710169,47EF9FE6,00D6,0000,78F8,12,F202*1A
GPS_PRN:21,31,08,26,07,19619519428,04,16,09,00,00,00,SAT_TAL:09
GPS_SNR:23,30,14,28,00,28,28,18,23,00,23,00,00,00,00,SNR_AVG:23.89
GLO_PRN:67,66,78,77,76,88,00,00,00,00,00,00,00,00,00,SAT_TAL:03
GLO_SNR:00,15,00,00,24,21,00,00,00,00,00,00,00,00,00,SNR_AVG:20.00
GAL_PRN:36,25,05,03,10,24,02,09,00,00,00,00,00,00,00,SAT_TAL:03
GAL_SNR:26,00,00,00,20,21,00,00,00,00,00,00,00,00,00,SNR_AVG:22.33
BEI_PRN:27,07,46,30,01,02,28,19,20,22,09,16,06,27,00,SAT_TAL:07
BEI_SNR:22,00,14,18,26,00,00,00,24,00,00,17,00,23,00,SNR_AVG:20.57
QZS_PRN:00,00,00,00,00,SAT_TAL:00
QZS_SNR:00,00,00,00,00,SNR_AVG:0.00
SatInView:40 GDOP:133
Roll:6.380713 Pitch:16.846462
X_AVG:-5.815202 Y_AVG:2.476756 Z_AVG:16.876541
X_SD:3.947470 Y_SD:4.092363 Z_SD:4.404652
$MXCM10033,2,65,20240104,072429,12,0E710281,47EF9E28,00D6,0000,0000,09,F202*10
GPS_PRN:09,31,08,26,19619519407,28,04,16,21,00,00,00,SAT_TAL:06
GPS_SNR:00,31,00,26,31,26,00,00,00,00,28,23,00,00,00,SNR_AVG:27.50
GLO_PRN:66,78,77,76,67,00,00,00,00,00,00,00,00,00,00,SAT_TAL:01
GLO_SNR:00,00,00,20,00,00,00,00,00,00,00,00,00,00,00,SNR_AVG:20.00
GAL_PRN:02,25,03,05,24,36,09,00,00,00,00,00,00,00,00,SAT_TAL:01
GAL_SNR:00,00,00,00,00,29,00,00,00,00,00,00,00,00,00,SNR_AVG:29.00
BEI_PRN:27,07,46,30,01,02,28,19,20,22,09,16,06,27,00,SAT_TAL:04
BEI_SNR:25,00,00,00,27,00,25,00,00,00,00,00,00,24,00,SNR_AVG:25.25
QZS_PRN:00,00,00,00,00,SAT_TAL:00
QZS_SNR:00,00,00,00,00,SNR_AVG:0.00
SatInView:38 GDOP:251
Roll:0.000000 Pitch:0.000000
X_AVG:-0.234349 Y_AVG:-0.066033 Z_AVG:19.604118
X_SD:0.075263 Y_SD:0.069678 Z_SD:0.000000
$MXCM10033,2,66,20240104,072444,12,0E7101E4,47EF9C8E,00D6,0000,0000,10,F202*1A
GPS_PRN:09,31,08,26,07,19619519428,04,16,21,00,00,00,SAT_TAL:07
GPS_SNR:00,31,00,26,00,31,24,18,00,00,26,24,00,00,00,SNR_AVG:25.71
GLO_PRN:66,78,77,76,67,00,00,00,00,00,00,00,00,00,00,SAT_TAL:01
GLO_SNR:00,00,00,16,00,00,00,00,00,00,00,00,00,00,00,SNR_AVG:16.00
GAL_PRN:36,25,10,03,05,24,02,09,00,00,00,00,00,00,00,SAT_TAL:05
GAL_SNR:27,00,24,00,12,18,00,19,00,00,00,00,00,00,00,SNR_AVG:20.00
BEI_PRN:27,07,46,03,30,01,28,19,20,22,09,16,06,27,00,SAT_TAL:07
BEI_SNR:23,00,20,00,16,27,25,00,18,00,00,00,00,23,00,SNR_AVG:21.71
QZS_PRN:00,00,00,00,00,SAT_TAL:00
QZS_SNR:00,00,00,00,00,SNR_AVG:0.00
SatInView:39 GDOP:148
Roll:0.000000 Pitch:0.799683
X_AVG:-0.222809 Y_AVG:-0.084756 Z_AVG:19.604118
X_SD:0.207152 Y_SD:0.187396 Z_SD:0.000000
$MXCM10033,2,67,20240104,072700,12,0E70FEED,47EF9FC0,00D6,0000,7F55,0B,F202*62
GPS_PRN:21,26,08,31,07,19619519428,04,16,09,00,00,00,SAT_TAL:07
GPS_SNR:30,20,00,20,00,30,17,17,00,00,25,00,00,00,00,SNR_AVG:22.71
GLO_PRN:67,66,78,77,76,88,00,00,00,00,00,00,00,00,00,SAT_TAL:02
GLO_SNR:00,00,00,00,23,20,00,00,00,00,00,00,00,00,00,SNR_AVG:21.50
GAL_PRN:36,25,10,03,05,24,02,09,00,00,00,00,00,00,00,SAT_TAL:01
GAL_SNR:21,00,00,00,00,00,00,00,00,00,00,00,00,00,00,SNR_AVG:21.00
BEI_PRN:27,07,46,03,30,01,02,28,19,20,09,06,16,27,00,SAT_TAL:02
BEI_SNR:18,00,00,00,00,00,00,00,00,00,00,00,00,19,00,SNR_AVG:18.50
QZS_PRN:00,00,00,00,00,SAT_TAL:00
QZS_SNR:00,00,00,00,00,SNR_AVG:0.00
SatInView:40 GDOP:219
Roll:13.716186 Pitch:39.987789
X_AVG:-8.274001 Y_AVG:2.869413 Z_AVG:9.770647
X_SD:3.857575 Y_SD:4.832924 Z_SD:4.997356
$MXCM10033,2,68,20240104,072715,12,0E710069,47EF9FB6,00D6,0000,803F,0C,F202*6F
GPS_PRN:21,26,08,31,07,19619519428,04,16,09,00,00,00,SAT_TAL:06
GPS_SNR:23,13,00,17,00,20,18,00,00,00,17,00,00,00,00,SNR_AVG:18.00
GLO_PRN:67,66,78,77,76,88,00,00,00,00,00,00,00,00,00,SAT_TAL:02
GLO_SNR:00,00,00,00,19,19,00,00,00,00,00,00,00,00,00,SNR_AVG:19.00
GAL_PRN:36,25,10,03,05,24,02,09,00,00,00,00,00,00,00,SAT_TAL:03
GAL_SNR:15,00,11,00,00,11,00,00,00,00,00,00,00,00,00,SNR_AVG:12.33
BEI_PRN:27,07,46,03,30,01,02,28,19,20,09,06,16,27,00,SAT_TAL:02
BEI_SNR:17,00,00,00,00,00,00,00,00,00,00,00,00,12,00,SNR_AVG:14.50
QZS_PRN:00,00,00,00,00,SAT_TAL:00
QZS_SNR:00,00,00,00,00,SNR_AVG:0.00
SatInView:40 GDOP:224
Roll:168.863495 Pitch:21.531401
X_AVG:-4.944940 Y_AVG:2.171441 Z_AVG:-16.231195
X_SD:0.090061 Y_SD:0.080107 Z_SD:0.132171
$MXCM10033,2,69,20240104,072930,00,0E71008E,47EF9FDC,00D6,0000,0000,00,F202*6B
GPS_PRN:00,00,00,00,00,00,00,00,00,00,00,00,00,00,00,SAT_TAL:00
GPS_SNR:00,00,00,00,00,00,00,00,00,00,00,00,00,00,00,SNR_AVG:0.00
GLO_PRN:00,00,00,00,00,00,00,00,00,00,00,00,00,00,00,SAT_TAL:00
GLO_SNR:00,00,00,00,00,00,00,00,00,00,00,00,00,00,00,SNR_AVG:0.00
GAL_PRN:00,00,00,00,00,00,00,00,00,00,00,00,00,00,00,SAT_TAL:00
GAL_SNR:00,00,00,00,00,00,00,00,00,00,00,00,00,00,00,SNR_AVG:0.00
BEI_PRN:00,00,00,00,00,00,00,00,00,00,00,00,00,00,00,SAT_TAL:00
BEI_SNR:00,00,00,00,00,00,00,00,00,00,00,00,00,00,00,SNR_AVG:0.00
QZS_PRN:00,00,00,00,00,SAT_TAL:00
QZS_SNR:00,00,00,00,00,SNR_AVG:0.00
SatInView:0 GDOP:17319
Roll:-26.657135 Pitch:10.438554
X_AVG:-4.510863 Y_AVG:-6.453940 Z_AVG:17.140866
X_SD:0.786525 Y_SD:1.137838 Z_SD:2.381184
$MXCM10033,2,70,20240104,072945,12,0E71046A,47EF93C2,00D6,0000,6677,0B,F202*1D
GPS_PRN:21,08,31,26,28,19619519404,16,09,00,00,00,00,SAT_TAL:07
GPS_SNR:25,00,37,37,00,26,36,21,00,31,00,00,00,00,00,SNR_AVG:30.43
GLO_PRN:67,66,78,77,76,88,00,00,00,00,00,00,00,00,00,SAT_TAL:02
GLO_SNR:00,00,00,00,26,24,00,00,00,00,00,00,00,00,00,SNR_AVG:25.00
GAL_PRN:24,25,10,03,05,36,02,09,00,00,00,00,00,00,00,SAT_TAL:01
GAL_SNR:00,00,38,00,00,00,00,00,00,00,00,00,00,00,00,SNR_AVG:38.00
BEI_PRN:27,07,46,30,01,02,20,09,16,06,27,00,00,00,00,SAT_TAL:02
BEI_SNR:25,00,00,00,00,00,00,00,00,00,34,00,00,00,00,SNR_AVG:29.50
QZS_PRN:00,00,00,00,00,SAT_TAL:00
QZS_SNR:00,00,00,00,00,SNR_AVG:0.00
SatInView:36 GDOP:215
Roll:1.711635 Pitch:90.000000
X_AVG:-7.982046 Y_AVG:0.213423 Z_AVG:-0.272466
X_SD:0.746169 Y_SD:1.072744 Z_SD:2.006629
$MXCM10033,2,71,20240104,073201,12,0E71017F,47EFA3A4,00D6,0000,2A06,0F,F202*18
GPS_PRN:09,21,26,31,19619519404,08,16,00,00,00,00,00,SAT_TAL:07
GPS_SNR:17,00,35,41,35,36,00,00,21,38,00,00,00,00,00,SNR_AVG:31.86
GLO_PRN:68,77,66,67,78,76,88,00,00,00,00,00,00,00,00,SAT_TAL:04
GLO_SNR:00,00,17,20,00,40,31,00,00,00,00,00,00,00,00,SNR_AVG:27.00
GAL_PRN:10,25,03,05,24,36,02,09,00,00,00,00,00,00,00,SAT_TAL:03
GAL_SNR:44,00,00,00,40,35,00,00,00,00,00,00,00,00,00,SNR_AVG:39.67
BEI_PRN:27,07,46,03,30,01,02,04,28,19,20,22,09,06,16,SAT_TAL:05
BEI_SNR:34,00,00,00,00,37,00,31,29,00,00,00,00,00,28,SNR_AVG:31.80
QZS_PRN:00,00,00,00,00,SAT_TAL:00
QZS_SNR:00,00,00,00,00,SNR_AVG:0.00
SatInView:41 GDOP:122
Roll:134.001953 Pitch:67.776634
X_AVG:-7.240595 Y_AVG:2.615048 Z_AVG:-2.288759
X_SD:0.075396 Y_SD:0.057256 Z_SD:0.098636
$MXCM10033,2,72,20240104,073216,12,0E710225,47EFA1A6,00D6,0000,2A06,16,F202*19
GPS_PRN:09,21,31,26,02,19619519407,08,04,16,00,00,00,SAT_TAL:09
GPS_SNR:00,26,41,36,00,34,36,20,17,18,00,38,00,00,00,SNR_AVG:29.56
GLO_PRN:78,66,68,67,77,76,88,00,00,00,00,00,00,00,00,SAT_TAL:05
GLO_SNR:10,26,00,19,00,40,33,00,00,00,00,00,00,00,00,SNR_AVG:25.60
GAL_PRN:25,10,03,05,24,12,36,02,00,00,00,00,00,00,00,SAT_TAL:04
GAL_SNR:00,44,00,22,40,00,33,00,00,00,00,00,00,00,00,SNR_AVG:34.75
BEI_PRN:27,57,07,46,30,10,01,04,36,28,20,09,06,16,27,SAT_TAL:10
BEI_SNR:34,00,00,25,18,00,37,31,00,30,24,00,23,28,33,SNR_AVG:28.30
QZS_PRN:00,00,00,00,00,SAT_TAL:00
QZS_SNR:00,00,00,00,00,SNR_AVG:0.00
SatInView:42 GDOP:97
Roll:135.135132 Pitch:67.423080
X_AVG:-7.244904 Y_AVG:2.618112 Z_AVG:-2.302311
X_SD:0.070082 Y_SD:0.057226 Z_SD:0.093850
$MXCM10033,2,73,20240104,073432,12,0E7101F0,47EFA6EB,00D6,0000,7659,14,F202*67
GPS_PRN:09,21,26,31,07,19619519404,08,16,00,00,00,00,SAT_TAL:09
GPS_SNR:00,37,36,40,22,35,41,23,00,18,35,00,00,00,00,SNR_AVG:31.89
GLO_PRN:78,66,68,67,77,76,88,00,00,00,00,00,00,00,00,SAT_TAL:03
GLO_SNR:00,00,18,00,00,44,27,00,00,00,00,00,00,00,00,SNR_AVG:29.67
GAL_PRN:10,25,03,24,05,36,02,09,00,00,00,00,00,00,00,SAT_TAL:05
GAL_SNR:41,19,17,37,00,33,00,00,00,00,00,00,00,00,00,SNR_AVG:29.40
BEI_PRN:27,03,30,10,01,02,04,28,05,19,20,22,46,27,16,SAT_TAL:07
BEI_SNR:35,00,00,00,36,00,32,25,00,00,29,00,26,38,00,SNR_AVG:31.57
QZS_PRN:00,00,00,00,00,SAT_TAL:00
QZS_SNR:00,00,00,00,00,SNR_AVG:0.00
SatInView:42 GDOP:103
Roll:134.001953 Pitch:67.776634
X_AVG:-7.247107 Y_AVG:2.616484 Z_AVG:-2.334681
X_SD:0.070501 Y_SD:0.057456 Z_SD:0.085719
$MXCM10033,2,74,20240104,073447,12,0E7101ED,47EFA4E9,00D6,0000,7659,1A,F202*19
GPS_PRN:21,09,31,26,07,19619519404,08,16,00,00,00,00,SAT_TAL:10
GPS_SNR:36,00,40,37,20,35,41,22,23,18,36,00,00,00,00,SNR_AVG:30.80
GLO_PRN:78,66,68,67,77,76,88,00,00,00,00,00,00,00,00,SAT_TAL:04
GLO_SNR:00,15,00,17,00,44,21,00,00,00,00,00,00,00,00,SNR_AVG:24.25
GAL_PRN:10,25,03,05,24,12,36,02,00,00,00,00,00,00,00,SAT_TAL:07
GAL_SNR:41,22,17,19,37,00,32,16,00,00,00,00,00,00,00,SNR_AVG:26.29
BEI_PRN:27,57,46,07,30,10,01,04,36,28,19,20,09,06,16,SAT_TAL:11
BEI_SNR:35,00,27,00,27,00,36,32,16,27,00,29,19,23,25,SNR_AVG:26.91
QZS_PRN:00,00,00,00,00,SAT_TAL:00
QZS_SNR:00,00,00,00,00,SNR_AVG:0.00
SatInView:42 GDOP:96
Roll:135.135132 Pitch:67.423080
X_AVG:-7.238488 Y_AVG:2.621464 Z_AVG:-2.336022
X_SD:0.069450 Y_SD:0.056932 Z_SD:0.090468
$MXCM10033,2,75,20240104,073703,12,0E71014E,47EFAA37,00D6,0000,2F31,10,F202*6C
GPS_PRN:21,09,26,31,07,19619519408,04,16,00,00,00,00,SAT_TAL:08
GPS_SNR:38,00,30,23,00,34,39,26,00,18,33,00,00,00,00,SNR_AVG:30.12
GLO_PRN:78,66,68,67,77,76,88,00,00,00,00,00,00,00,00,SAT_TAL:03
GLO_SNR:00,22,00,00,00,40,26,00,00,00,00,00,00,00,00,SNR_AVG:29.33
GAL_PRN:25,10,03,05,24,36,02,09,00,00,00,00,00,00,00,SAT_TAL:03
GAL_SNR:23,36,00,00,34,00,00,00,00,00,00,00,00,00,00,SNR_AVG:31.00
BEI_PRN:27,07,30,10,01,02,04,28,19,20,22,27,09,16,46,SAT_TAL:06
BEI_SNR:29,00,00,00,38,00,31,30,00,00,00,40,00,00,32,SNR_AVG:33.33
QZS_PRN:00,00,00,00,00,SAT_TAL:00
QZS_SNR:00,00,00,00,00,SNR_AVG:0.00
SatInView:41 GDOP:134
Roll:134.001953 Pitch:67.776634
X_AVG:-7.258169 Y_AVG:2.616580 Z_AVG:-2.360683
X_SD:0.066171 Y_SD:0.065003 Z_SD:0.090790
$MXCM10033,2,76,20240104,073718,12,0E710196,47EFA7FE,00D6,0000,2F31,1A,F202*1B
GPS_PRN:21,09,26,31,07,19619519404,08,16,00,00,00,00,SAT_TAL:10
GPS_SNR:37,20,30,20,18,34,39,26,13,00,33,00,00,00,00,SNR_AVG:27.00
GLO_PRN:78,66,68,67,77,76,88,00,00,00,00,00,00,00,00,SAT_TAL:06
GLO_SNR:18,13,17,21,00,42,14,00,00,00,00,00,00,00,00,SNR_AVG:20.83
GAL_PRN:10,25,03,05,24,12,36,02,00,00,00,00,00,00,00,SAT_TAL:06
GAL_SNR:36,21,00,21,34,00,13,14,00,00,00,00,00,00,00,SNR_AVG:23.17
BEI_PRN:27,57,46,07,30,10,01,04,36,28,19,20,09,06,16,SAT_TAL:12
BEI_SNR:30,00,31,00,00,15,38,30,22,30,17,28,26,21,23,SNR_AVG:25.92
QZS_PRN:00,00,00,00,00,SAT_TAL:00
QZS_SNR:00,00,00,00,00,SNR_AVG:0.00
SatInView:42 GDOP:92
Roll:134.891785 Pitch:67.501526
X_AVG:-7.247730 Y_AVG:2.616724 Z_AVG:-2.359533
X_SD:0.069780 Y_SD:0.052575 Z_SD:0.085512
$MXCM10033,2,77,20240104,073934,12,0E710541,47EFA3E2,00D6,0000,6FAE,12,F202*15
GPS_PRN:09,26,08,19619519431,07,04,21,16,00,00,00,00,SAT_TAL:09
GPS_SNR:16,24,28,33,39,26,30,00,00,30,35,00,00,00,00,SNR_AVG:29.00
GLO_PRN:78,66,68,67,77,76,88,00,00,00,00,00,00,00,00,SAT_TAL:03
GLO_SNR:00,00,00,21,00,45,25,00,00,00,00,00,00,00,00,SNR_AVG:30.33
GAL_PRN:02,10,03,05,24,36,00,00,00,00,00,00,00,00,00,SAT_TAL:03
GAL_SNR:00,35,00,00,36,29,00,00,00,00,00,00,00,00,00,SNR_AVG:33.33
BEI_PRN:27,07,30,10,01,02,04,05,28,19,20,22,09,16,06,SAT_TAL:07
BEI_SNR:36,00,30,00,37,00,32,00,31,00,30,00,00,22,00,SNR_AVG:31.14
QZS_PRN:00,00,00,00,00,SAT_TAL:00
QZS_SNR:00,00,00,00,00,SNR_AVG:0.00
SatInView:40 GDOP:121
Roll:134.001953 Pitch:67.776634
X_AVG:-7.258121 Y_AVG:2.611073 Z_AVG:-2.368344
X_SD:0.072988 Y_SD:0.059014 Z_SD:0.087213
$MXCM10033,2,78,20240104,073949,12,0E71050D,47EFA47C,00D6,0000,758F,1A,F202*1E
GPS_PRN:16,09,02,26,31,19619519407,08,04,21,00,00,00,SAT_TAL:11
GPS_SNR:35,18,26,21,33,33,39,26,00,25,22,31,00,00,00,SNR_AVG:28.09
GLO_PRN:78,66,68,67,77,76,88,00,00,00,00,00,00,00,00,SAT_TAL:04
GLO_SNR:00,16,00,18,00,45,26,00,00,00,00,00,00,00,00,SNR_AVG:26.25
GAL_PRN:25,10,03,05,24,12,36,02,00,00,00,00,00,00,00,SAT_TAL:06
GAL_SNR:15,35,00,17,36,00,31,14,00,00,00,00,00,00,00,SNR_AVG:24.67
BEI_PRN:27,46,27,07,30,10,01,04,36,28,20,09,16,06,57,SAT_TAL:13
BEI_SNR:36,26,25,00,27,17,37,32,18,30,26,22,24,18,00,SNR_AVG:26.00
QZS_PRN:00,00,00,00,00,SAT_TAL:00
QZS_SNR:00,00,00,00,00,SNR_AVG:0.00
SatInView:42 GDOP:98
Roll:135.135132 Pitch:67.423080
X_AVG:-7.254673 Y_AVG:2.612175 Z_AVG:-2.366237
X_SD:0.071070 Y_SD:0.061102 Z_SD:0.090242
$MXCM10033,2,79,20240104,074204,00,0E710508,47EFA483,00D6,0000,0000,00,F202*16
GPS_PRN:07,00,00,00,00,00,00,00,00,00,00,00,00,00,00,SAT_TAL:00
GPS_SNR:00,00,00,00,00,00,00,00,00,00,00,00,00,00,00,SNR_AVG:0.00
GLO_PRN:00,00,00,00,00,00,00,00,00,00,00,00,00,00,00,SAT_TAL:00
GLO_SNR:00,00,00,00,00,00,00,00,00,00,00,00,00,00,00,SNR_AVG:0.00
GAL_PRN:00,00,00,00,00,00,00,00,00,00,00,00,00,00,00,SAT_TAL:00
GAL_SNR:00,00,00,00,00,00,00,00,00,00,00,00,00,00,00,SNR_AVG:0.00
BEI_PRN:00,00,00,00,00,00,00,00,00,00,00,00,00,00,00,SAT_TAL:00
BEI_SNR:00,00,00,00,00,00,00,00,00,00,00,00,00,00,00,SNR_AVG:0.00
QZS_PRN:00,00,00,00,00,SAT_TAL:00
QZS_SNR:00,00,00,00,00,SNR_AVG:0.00
SatInView:1 GDOP:17319
Roll:17.428810 Pitch:25.798874
X_AVG:-8.326531 Y_AVG:5.097789 Z_AVG:16.707363
X_SD:0.076529 Y_SD:0.056632 Z_SD:0.089656
$MXCM10033,2,80,20240104,074219,12,0E710848,47EF875C,00D6,0000,5DE6,0C,F202*60
GPS_PRN:08,04,21,16,09,26,07,31,19419519600,00,00,00,SAT_TAL:07
GPS_SNR:00,17,00,00,18,19,21,16,00,18,18,00,00,00,00,SNR_AVG:18.14
GLO_PRN:67,78,68,66,77,88,76,00,00,00,00,00,00,00,00,SAT_TAL:05
GLO_SNR:22,23,21,18,00,00,20,00,00,00,00,00,00,00,00,SNR_AVG:20.80
GAL_PRN:24,05,36,02,25,10,03,00,00,00,00,00,00,00,00,SAT_TAL:00
GAL_SNR:00,00,00,00,00,00,00,00,00,00,00,00,00,00,00,SNR_AVG:0.00
BEI_PRN:46,30,07,03,01,02,04,05,20,22,06,16,27,00,00,SAT_TAL:00
BEI_SNR:00,00,00,00,00,00,00,00,00,00,00,00,00,00,00,SNR_AVG:0.00
QZS_PRN:00,00,00,00,00,SAT_TAL:00
QZS_SNR:00,00,00,00,00,SNR_AVG:0.00
SatInView:38 GDOP:117
Roll:17.490730 Pitch:25.744982
X_AVG:-8.319683 Y_AVG:5.102194 Z_AVG:16.618872
X_SD:0.074979 Y_SD:0.058148 Z_SD:0.086874
$MXCM10033,2,81,20240104,074434,00,0E7107B6,47EF87C5,00D6,0000,0000,00,F202*6D
GPS_PRN:07,26,00,00,00,00,00,00,00,00,00,00,00,00,00,SAT_TAL:00
GPS_SNR:00,00,00,00,00,00,00,00,00,00,00,00,00,00,00,SNR_AVG:0.00
GLO_PRN:00,00,00,00,00,00,00,00,00,00,00,00,00,00,00,SAT_TAL:00
GLO_SNR:00,00,00,00,00,00,00,00,00,00,00,00,00,00,00,SNR_AVG:0.00
GAL_PRN:00,00,00,00,00,00,00,00,00,00,00,00,00,00,00,SAT_TAL:00
GAL_SNR:00,00,00,00,00,00,00,00,00,00,00,00,00,00,00,SNR_AVG:0.00
BEI_PRN:00,00,00,00,00,00,00,00,00,00,00,00,00,00,00,SAT_TAL:00
BEI_SNR:00,00,00,00,00,00,00,00,00,00,00,00,00,00,00,SNR_AVG:0.00
QZS_PRN:00,00,00,00,00,SAT_TAL:00
QZS_SNR:00,00,00,00,00,SNR_AVG:0.00
SatInView:2 GDOP:17319
Roll:9.227736 Pitch:13.342854
X_AVG:-5.599672 Y_AVG:3.842340 Z_AVG:19.604118
X_SD:0.822255 Y_SD:0.807215 Z_SD:0.000000
$MXCM10033,2,82,20240104,074449,00,0E7107B6,47EF87C5,00D6,0000,0000,00,F202*64
GPS_PRN:00,00,00,00,00,00,00,00,00,00,00,00,00,00,00,SAT_TAL:00
GPS_SNR:00,00,00,00,00,00,00,00,00,00,00,00,00,00,00,SNR_AVG:0.00
GLO_PRN:77,88,76,78,68,00,00,00,00,00,00,00,00,00,00,SAT_TAL:00
GLO_SNR:00,00,00,00,00,00,00,00,00,00,00,00,00,00,00,SNR_AVG:0.00
GAL_PRN:00,00,00,00,00,00,00,00,00,00,00,00,00,00,00,SAT_TAL:00
GAL_SNR:00,00,00,00,00,00,00,00,00,00,00,00,00,00,00,SNR_AVG:0.00
BEI_PRN:06,00,00,00,00,00,00,00,00,00,00,00,00,00,00,SAT_TAL:00
BEI_SNR:00,00,00,00,00,00,00,00,00,00,00,00,00,00,00,SNR_AVG:0.00
QZS_PRN:00,00,00,00,00,SAT_TAL:00
QZS_SNR:00,00,00,00,00,SNR_AVG:0.00
SatInView:6 GDOP:17319
Roll:5.326346 Pitch:23.584732
X_AVG:-8.990935 Y_AVG:1.008362 Z_AVG:19.572993
X_SD:1.143824 Y_SD:0.813685 Z_SD:0.182985
$MXCM10033,2,83,20240104,074704,00,0E7107B6,47EF87C5,00D6,0000,0000,00,F202*6F
GPS_PRN:07,26,00,00,00,00,00,00,00,00,00,00,00,00,00,SAT_TAL:00
GPS_SNR:00,00,00,00,00,00,00,00,00,00,00,00,00,00,00,SNR_AVG:0.00
GLO_PRN:00,00,00,00,00,00,00,00,00,00,00,00,00,00,00,SAT_TAL:00
GLO_SNR:00,00,00,00,00,00,00,00,00,00,00,00,00,00,00,SNR_AVG:0.00
GAL_PRN:00,00,00,00,00,00,00,00,00,00,00,00,00,00,00,SAT_TAL:00
GAL_SNR:00,00,00,00,00,00,00,00,00,00,00,00,00,00,00,SNR_AVG:0.00
BEI_PRN:00,00,00,00,00,00,00,00,00,00,00,00,00,00,00,SAT_TAL:00
BEI_SNR:00,00,00,00,00,00,00,00,00,00,00,00,00,00,00,SNR_AVG:0.00
QZS_PRN:00,00,00,00,00,SAT_TAL:00
QZS_SNR:00,00,00,00,00,SNR_AVG:0.00
SatInView:2 GDOP:17319
Roll:0.828562 Pitch:28.325012
X_AVG:-9.724198 Y_AVG:0.935673 Z_AVG:17.408400
X_SD:0.074929 Y_SD:0.061390 Z_SD:0.083538
$MXCM10033,2,84,20240104,074719,00,0E7107B6,47EF87C5,00D6,0000,0000,00,F202*64
GPS_PRN:00,00,00,00,00,00,00,00,00,00,00,00,00,00,00,SAT_TAL:00
GPS_SNR:00,00,00,00,00,00,00,00,00,00,00,00,00,00,00,SNR_AVG:0.00
GLO_PRN:67,88,76,77,78,68,00,00,00,00,00,00,00,00,00,SAT_TAL:01
GLO_SNR:00,00,22,00,00,00,00,00,00,00,00,00,00,00,00,SNR_AVG:22.00
GAL_PRN:00,00,00,00,00,00,00,00,00,00,00,00,00,00,00,SAT_TAL:00
GAL_SNR:00,00,00,00,00,00,00,00,00,00,00,00,00,00,00,SNR_AVG:0.00
BEI_PRN:06,00,00,00,00,00,00,00,00,00,00,00,00,00,00,SAT_TAL:00
BEI_SNR:00,00,00,00,00,00,00,00,00,00,00,00,00,00,00,SNR_AVG:0.00
QZS_PRN:00,00,00,00,00,SAT_TAL:00
QZS_SNR:00,00,00,00,00,SNR_AVG:0.00
SatInView:7 GDOP:17319
Roll:0.847841 Pitch:27.830750
X_AVG:-9.727742 Y_AVG:0.942903 Z_AVG:17.404521
X_SD:0.084832 Y_SD:0.057484 Z_SD:0.088544
$MXCM10033,2,85,20240104,074934,00,0E7107B6,47EF87C5,00D6,0000,0000,00,F202*64
GPS_PRN:07,19600,00,00,00,00,00,00,00,00,00,00,00,00,SAT_TAL:00
GPS_SNR:00,00,00,00,00,00,00,00,00,00,00,00,00,00,00,SNR_AVG:0.00
GLO_PRN:00,00,00,00,00,00,00,00,00,00,00,00,00,00,00,SAT_TAL:00
GLO_SNR:00,00,00,00,00,00,00,00,00,00,00,00,00,00,00,SNR_AVG:0.00
GAL_PRN:00,00,00,00,00,00,00,00,00,00,00,00,00,00,00,SAT_TAL:00
GAL_SNR:00,00,00,00,00,00,00,00,00,00,00,00,00,00,00,SNR_AVG:0.00
BEI_PRN:00,00,00,00,00,00,00,00,00,00,00,00,00,00,00,SAT_TAL:00
BEI_SNR:00,00,00,00,00,00,00,00,00,00,00,00,00,00,00,SNR_AVG:0.00
QZS_PRN:00,00,00,00,00,SAT_TAL:00
QZS_SNR:00,00,00,00,00,SNR_AVG:0.00
SatInView:2 GDOP:19998
Roll:0.000000 Pitch:60.389431
X_AVG:-9.813743 Y_AVG:0.039361 Z_AVG:5.303168
X_SD:0.074252 Y_SD:0.056818 Z_SD:0.094508
$MXCM10033,2,86,20240104,074949,00,0E7107B6,47EF87C5,00D6,0000,0000,00,F202*6D
GPS_PRN:00,00,00,00,00,00,00,00,00,00,00,00,00,00,00,SAT_TAL:00
GPS_SNR:00,00,00,00,00,00,00,00,00,00,00,00,00,00,00,SNR_AVG:0.00
GLO_PRN:77,88,76,78,68,00,00,00,00,00,00,00,00,00,00,SAT_TAL:00
GLO_SNR:00,00,00,00,00,00,00,00,00,00,00,00,00,00,00,SNR_AVG:0.00
GAL_PRN:00,00,00,00,00,00,00,00,00,00,00,00,00,00,00,SAT_TAL:00
GAL_SNR:00,00,00,00,00,00,00,00,00,00,00,00,00,00,00,SNR_AVG:0.00
BEI_PRN:06,00,00,00,00,00,00,00,00,00,00,00,00,00,00,SAT_TAL:00
BEI_SNR:00,00,00,00,00,00,00,00,00,00,00,00,00,00,00,SNR_AVG:0.00
QZS_PRN:00,00,00,00,00,SAT_TAL:00
QZS_SNR:00,00,00,00,00,SNR_AVG:0.00
SatInView:6 GDOP:19998
Roll:0.000000 Pitch:60.378063
X_AVG:-9.806273 Y_AVG:0.080399 Z_AVG:5.383231
X_SD:0.077530 Y_SD:0.056316 Z_SD:0.093585
$MXCM10033,2,87,20240104,075204,00,0E7107B6,47EF87C5,00D6,0000,0000,00,F202*6F
GPS_PRN:07,19600,00,00,00,00,00,00,00,00,00,00,00,00,SAT_TAL:00
GPS_SNR:00,00,00,00,00,00,00,00,00,00,00,00,00,00,00,SNR_AVG:0.00
GLO_PRN:00,00,00,00,00,00,00,00,00,00,00,00,00,00,00,SAT_TAL:00
GLO_SNR:00,00,00,00,00,00,00,00,00,00,00,00,00,00,00,SNR_AVG:0.00
GAL_PRN:00,00,00,00,00,00,00,00,00,00,00,00,00,00,00,SAT_TAL:00
GAL_SNR:00,00,00,00,00,00,00,00,00,00,00,00,00,00,00,SNR_AVG:0.00
BEI_PRN:00,00,00,00,00,00,00,00,00,00,00,00,00,00,00,SAT_TAL:00
BEI_SNR:00,00,00,00,00,00,00,00,00,00,00,00,00,00,00,SNR_AVG:0.00
QZS_PRN:00,00,00,00,00,SAT_TAL:00
QZS_SNR:00,00,00,00,00,SNR_AVG:0.00
SatInView:2 GDOP:19998
Roll:0.000000 Pitch:65.288589
X_AVG:-9.838883 Y_AVG:-0.000335 Z_AVG:4.659498
X_SD:0.083070 Y_SD:0.074124 Z_SD:0.101068
$MXCM10033,2,88,20240104,075219,00,0E7107B6,47EF87C5,00D6,0000,0000,00,F202*6C
GPS_PRN:00,00,00,00,00,00,00,00,00,00,00,00,00,00,00,SAT_TAL:00
GPS_SNR:00,00,00,00,00,00,00,00,00,00,00,00,00,00,00,SNR_AVG:0.00
GLO_PRN:77,88,76,67,78,00,00,00,00,00,00,00,00,00,00,SAT_TAL:00
GLO_SNR:00,00,00,00,00,00,00,00,00,00,00,00,00,00,00,SNR_AVG:0.00
GAL_PRN:00,00,00,00,00,00,00,00,00,00,00,00,00,00,00,SAT_TAL:00
GAL_SNR:00,00,00,00,00,00,00,00,00,00,00,00,00,00,00,SNR_AVG:0.00
BEI_PRN:00,00,00,00,00,00,00,00,00,00,00,00,00,00,00,SAT_TAL:00
BEI_SNR:00,00,00,00,00,00,00,00,00,00,00,00,00,00,00,SNR_AVG:0.00
QZS_PRN:00,00,00,00,00,SAT_TAL:00
QZS_SNR:00,00,00,00,00,SNR_AVG:0.00
SatInView:5 GDOP:19998
Roll:0.000000 Pitch:65.959213
X_AVG:-9.832083 Y_AVG:0.001724 Z_AVG:4.686409
X_SD:0.068368 Y_SD:0.059760 Z_SD:0.094592
$MXCM10033,2,89,20240104,075434,00,0E7107B6,47EF87C5,00D6,0000,0000,00,F202*64
GPS_PRN:07,00,00,00,00,00,00,00,00,00,00,00,00,00,00,SAT_TAL:00
GPS_SNR:00,00,00,00,00,00,00,00,00,00,00,00,00,00,00,SNR_AVG:0.00
GLO_PRN:00,00,00,00,00,00,00,00,00,00,00,00,00,00,00,SAT_TAL:00
GLO_SNR:00,00,00,00,00,00,00,00,00,00,00,00,00,00,00,SNR_AVG:0.00
GAL_PRN:00,00,00,00,00,00,00,00,00,00,00,00,00,00,00,SAT_TAL:00
GAL_SNR:00,00,00,00,00,00,00,00,00,00,00,00,00,00,00,SNR_AVG:0.00
BEI_PRN:00,00,00,00,00,00,00,00,00,00,00,00,00,00,00,SAT_TAL:00
BEI_SNR:00,00,00,00,00,00,00,00,00,00,00,00,00,00,00,SNR_AVG:0.00
QZS_PRN:00,00,00,00,00,SAT_TAL:00
QZS_SNR:00,00,00,00,00,SNR_AVG:0.00
SatInView:1 GDOP:19998
Roll:0.009764 Pitch:51.856213
X_AVG:-9.564597 Y_AVG:-0.876774 Z_AVG:7.466373
X_SD:0.081499 Y_SD:0.069924 Z_SD:0.103128
$MXCM10033,2,90,20240104,075449,00,0E7107B6,47EF87C5,00D6,0000,0000,00,F202*66
GPS_PRN:00,00,00,00,00,00,00,00,00,00,00,00,00,00,00,SAT_TAL:00
GPS_SNR:00,00,00,00,00,00,00,00,00,00,00,00,00,00,00,SNR_AVG:0.00
GLO_PRN:77,88,76,67,78,68,00,00,00,00,00,00,00,00,00,SAT_TAL:00
GLO_SNR:00,00,00,00,00,00,00,00,00,00,00,00,00,00,00,SNR_AVG:0.00
GAL_PRN:00,00,00,00,00,00,00,00,00,00,00,00,00,00,00,SAT_TAL:00
GAL_SNR:00,00,00,00,00,00,00,00,00,00,00,00,00,00,00,SNR_AVG:0.00
BEI_PRN:09,57,00,00,00,00,00,00,00,00,00,00,00,00,00,SAT_TAL:00
BEI_SNR:00,00,00,00,00,00,00,00,00,00,00,00,00,00,00,SNR_AVG:0.00
QZS_PRN:00,00,00,00,00,SAT_TAL:00
QZS_SNR:00,00,00,00,00,SNR_AVG:0.00
SatInView:8 GDOP:19998
Roll:-0.484030 Pitch:52.054512
X_AVG:-9.572450 Y_AVG:-0.875098 Z_AVG:7.453683
X_SD:0.076406 Y_SD:0.059156 Z_SD:0.102530
$MXCM10033,3*35
$MXCM001,10033,0*2B
======== Tracker Setting ========
[System]
COMPort:COM29
SerialNumber:MX231214CW000001
FirmwareVersion:231220163813_v1.0.CN
[Periodic]
Enable:1
Stage:2
WorkMode:0
T0:15
T1:270
T2:120
T3:30
T4:120
FirstFixStage:2
TraceFixStage:0
PeriodicCycle:38
[Dynamic]
Enable:0
PrecisionChk:1
T5:70
T6:10
[Geofencing]
Enable:0
T7:30
T8:60
DistanceThreshold:500
DestinationLongitude:120.6886122
DestinationLatitude:24.2287275
DestinationAltitude:134
[MotionDetection]
Enable:1
Angle:45
DataRate:200
SampleFrequency:50
[GPS_EPO]
EpoDataNumber:12
FWN:2295
FTOW:345600
LWN:2296
LTOW:0
[GLO_EPO]
EpoDataNumber:12
FWN:2295
FTOW:345600
LWN:2296
LTOW:0
[GAL_EPO]
EpoDataNumber:0
FWN:0
FTOW:0
LWN:0
LTOW:0
[BEI_EPO]
EpoDataNumber:0
FWN:0
FTOW:0
LWN:0
LTOW:0
