$MXCM10033,0*36
$MXCM10033,1,70,212*01
$MXCM10033,2,1,19800105,235956,00,35A4E8F5,00000000,0089,0000,0000,00,9102*55
GPS_PRN:19929,00,00,00,00,00,00,00,00,00,00,00,00,00,SAT_TAL:02
GPS_SNR:27,36,00,00,00,00,00,00,00,00,00,00,00,00,00,SNR_AVG:31.50
GLO_PRN:00,00,00,00,00,00,00,00,00,00,00,00,00,00,00,SAT_TAL:00
GLO_SNR:00,00,00,00,00,00,00,00,00,00,00,00,00,00,00,SNR_AVG:0.00
GAL_PRN:00,00,00,00,00,00,00,00,00,00,00,00,00,00,00,SAT_TAL:00
GAL_SNR:00,00,00,00,00,00,00,00,00,00,00,00,00,00,00,SNR_AVG:0.00
BEI_PRN:37,36,39,20,32,48,40,20,32,36,37,39,40,46,50,SAT_TAL:15
BEI_SNR:35,29,29,36,34,29,31,32,34,27,31,28,28,37,30,SNR_AVG:31.33
QZS_PRN:00,00,00,00,00,SAT_TAL:00
QZS_SNR:00,00,00,00,00,SNR_AVG:0.00
SatInView:17 GDOP:19998
Roll:140.330139 Pitch:67.865555
X_AVG:-8.754527 Y_AVG:4.196737 Z_AVG:-8.227505
X_SD:9.892063 Y_SD:9.690225 Z_SD:13.693069
$MXCM10033,2,2,19800109,021030,00,35A4E8F5,00000000,0089,0000,0000,00,9102*54
GPS_PRN:19929,00,00,00,00,00,00,00,00,00,00,00,00,00,SAT_TAL:02
GPS_SNR:26,32,00,00,00,00,00,00,00,00,00,00,00,00,00,SNR_AVG:29.00
GLO_PRN:00,00,00,00,00,00,00,00,00,00,00,00,00,00,00,SAT_TAL:00
GLO_SNR:00,00,00,00,00,00,00,00,00,00,00,00,00,00,00,SNR_AVG:0.00
GAL_PRN:00,00,00,00,00,00,00,00,00,00,00,00,00,00,00,SAT_TAL:00
GAL_SNR:00,00,00,00,00,00,00,00,00,00,00,00,00,00,00,SNR_AVG:0.00
BEI_PRN:37,36,60,39,20,32,46,08,48,50,40,20,32,36,37,SAT_TAL:15
BEI_SNR:35,22,31,34,36,33,34,27,38,35,28,34,32,15,34,SNR_AVG:31.20
QZS_PRN:00,00,00,00,00,SAT_TAL:00
QZS_SNR:00,00,00,00,00,SNR_AVG:0.00
SatInView:21 GDOP:19998
Roll:135.869202 Pitch:57.920815
X_AVG:-6.990970 Y_AVG:4.410974 Z_AVG:-8.796857
X_SD:10.614337 Y_SD:9.848747 Z_SD:11.387888
$MXCM10033,2,3,19800109,021045,00,35A4E8F5,00000000,0089,0000,0000,00,9102*57
GPS_PRN:29,23,19928,00,00,00,00,00,00,00,00,00,00,00,SAT_TAL:04
GPS_SNR:28,32,24,32,00,00,00,00,00,00,00,00,00,00,00,SNR_AVG:29.00
GLO_PRN:00,00,00,00,00,00,00,00,00,00,00,00,00,00,00,SAT_TAL:00
GLO_SNR:00,00,00,00,00,00,00,00,00,00,00,00,00,00,00,SNR_AVG:0.00
GAL_PRN:00,00,00,00,00,00,00,00,00,00,00,00,00,00,00,SAT_TAL:00
GAL_SNR:00,00,00,00,00,00,00,00,00,00,00,00,00,00,00,SNR_AVG:0.00
BEI_PRN:20,32,46,48,50,07,01,40,16,20,32,36,37,39,40,SAT_TAL:15
BEI_SNR:36,33,38,28,24,31,29,28,29,33,33,26,29,26,26,SNR_AVG:29.93
QZS_PRN:00,00,00,00,00,SAT_TAL:00
QZS_SNR:00,00,00,00,00,SNR_AVG:0.00
SatInView:23 GDOP:19998
Roll:151.784622 Pitch:60.087208
X_AVG:-9.282603 Y_AVG:3.929874 Z_AVG:-11.072544
X_SD:9.506776 Y_SD:9.242362 Z_SD:9.786649
$MXCM10033,2,4,19800109,021059,00,35A4E8F5,00000000,0089,0000,0000,00,9102*5D
GPS_PRN:29,28,19923,00,00,00,00,00,00,00,00,00,00,00,SAT_TAL:04
GPS_SNR:35,31,23,31,00,00,00,00,00,00,00,00,00,00,00,SNR_AVG:30.00
GLO_PRN:00,00,00,00,00,00,00,00,00,00,00,00,00,00,00,SAT_TAL:00
GLO_SNR:00,00,00,00,00,00,00,00,00,00,00,00,00,00,00,SNR_AVG:0.00
GAL_PRN:00,00,00,00,00,00,00,00,00,00,00,00,00,00,00,SAT_TAL:00
GAL_SNR:00,00,00,00,00,00,00,00,00,00,00,00,00,00,00,SNR_AVG:0.00
BEI_PRN:20,32,48,50,07,01,40,46,20,32,36,37,39,40,46,SAT_TAL:15
BEI_SNR:29,31,34,33,26,28,30,34,28,25,32,33,34,26,33,SNR_AVG:30.40
QZS_PRN:00,00,00,00,00,SAT_TAL:00
QZS_SNR:00,00,00,00,00,SNR_AVG:0.00
SatInView:22 GDOP:19998
Roll:-177.779587 Pitch:48.148952
X_AVG:-8.325046 Y_AVG:2.539437 Z_AVG:-10.751427
X_SD:8.575038 Y_SD:7.688320 Z_SD:9.526571
$MXCM10033,2,5,19800109,021112,00,35A4E8F5,00000000,0089,0000,0000,00,9102*52
GPS_PRN:12,23,31,29,32,19928,00,00,00,00,00,00,00,00,SAT_TAL:07
GPS_SNR:36,37,34,31,31,27,34,00,00,00,00,00,00,00,00,SNR_AVG:32.86
GLO_PRN:00,00,00,00,00,00,00,00,00,00,00,00,00,00,00,SAT_TAL:00
GLO_SNR:00,00,00,00,00,00,00,00,00,00,00,00,00,00,00,SNR_AVG:0.00
GAL_PRN:00,00,00,00,00,00,00,00,00,00,00,00,00,00,00,SAT_TAL:00
GAL_SNR:00,00,00,00,00,00,00,00,00,00,00,00,00,00,00,SNR_AVG:0.00
BEI_PRN:60,39,01,48,20,20,32,36,37,39,40,46,50,32,07,SAT_TAL:15
BEI_SNR:30,22,30,34,29,28,35,34,22,23,33,29,33,35,32,SNR_AVG:29.93
QZS_PRN:00,00,00,00,00,SAT_TAL:00
QZS_SNR:00,00,00,00,00,SNR_AVG:0.00
SatInView:25 GDOP:19998
Roll:174.303864 Pitch:42.190582
X_AVG:-8.601247 Y_AVG:2.862230 Z_AVG:-9.923687
X_SD:8.018717 Y_SD:7.448609 Z_SD:10.808853
$MXCM10033,2,6,19800109,021124,00,35A4E8F5,00000000,0089,0000,0000,00,9102*54
GPS_PRN:12,23,31,29,32,19928,00,00,00,00,00,00,00,00,SAT_TAL:07
GPS_SNR:37,35,37,35,29,23,34,00,00,00,00,00,00,00,00,SNR_AVG:32.86
GLO_PRN:00,00,00,00,00,00,00,00,00,00,00,00,00,00,00,SAT_TAL:00
GLO_SNR:00,00,00,00,00,00,00,00,00,00,00,00,00,00,00,SNR_AVG:0.00
GAL_PRN:00,00,00,00,00,00,00,00,00,00,00,00,00,00,00,SAT_TAL:00
GAL_SNR:00,00,00,00,00,00,00,00,00,00,00,00,00,00,00,SNR_AVG:0.00
BEI_PRN:60,39,01,48,20,20,32,36,37,39,40,46,50,32,07,SAT_TAL:15
BEI_SNR:32,26,27,34,24,22,30,30,28,24,31,34,34,31,28,SNR_AVG:29.00
QZS_PRN:00,00,00,00,00,SAT_TAL:00
QZS_SNR:00,00,00,00,00,SNR_AVG:0.00
SatInView:25 GDOP:19998
Roll:2.520003 Pitch:35.093849
X_AVG:-8.601247 Y_AVG:2.862230 Z_AVG:-9.923687
X_SD:8.018717 Y_SD:7.448609 Z_SD:10.808853
$MXCM10033,2,7,19800109,021137,00,35A4E8F5,00000000,0089,0000,0000,00,9102*57
GPS_PRN:12,23,31,29,32,19928,00,00,00,00,00,00,00,00,SAT_TAL:07
GPS_SNR:33,37,24,32,33,27,25,00,00,00,00,00,00,00,00,SNR_AVG:30.14
GLO_PRN:00,00,00,00,00,00,00,00,00,00,00,00,00,00,00,SAT_TAL:00
GLO_SNR:00,00,00,00,00,00,00,00,00,00,00,00,00,00,00,SNR_AVG:0.00
GAL_PRN:00,00,00,00,00,00,00,00,00,00,00,00,00,00,00,SAT_TAL:00
GAL_SNR:00,00,00,00,00,00,00,00,00,00,00,00,00,00,00,SNR_AVG:0.00
BEI_PRN:60,39,01,48,20,20,32,36,37,39,40,46,50,32,07,SAT_TAL:15
BEI_SNR:30,31,30,26,30,30,35,25,31,29,33,28,29,36,32,SNR_AVG:30.33
QZS_PRN:00,00,00,00,00,SAT_TAL:00
QZS_SNR:00,00,00,00,00,SNR_AVG:0.00
SatInView:25 GDOP:19998
Roll:169.514053 Pitch:50.466496
X_AVG:-10.036887 Y_AVG:3.671343 Z_AVG:-12.696228
X_SD:8.173432 Y_SD:7.279047 Z_SD:8.864212
$MXCM10033,2,8,19800109,021150,00,35A4E8F5,00000000,0089,0000,0000,00,9102*59
GPS_PRN:12,23,31,29,32,19928,00,00,00,00,00,00,00,00,SAT_TAL:07
GPS_SNR:30,26,36,36,31,22,33,00,00,00,00,00,00,00,00,SNR_AVG:30.57
GLO_PRN:00,00,00,00,00,00,00,00,00,00,00,00,00,00,00,SAT_TAL:00
GLO_SNR:00,00,00,00,00,00,00,00,00,00,00,00,00,00,00,SNR_AVG:0.00
GAL_PRN:00,00,00,00,00,00,00,00,00,00,00,00,00,00,00,SAT_TAL:00
GAL_SNR:00,00,00,00,00,00,00,00,00,00,00,00,00,00,00,SNR_AVG:0.00
BEI_PRN:60,39,01,48,20,20,32,36,37,39,40,46,50,32,07,SAT_TAL:15
BEI_SNR:32,27,28,33,34,32,32,35,24,24,24,37,33,31,25,SNR_AVG:30.07
QZS_PRN:00,00,00,00,00,SAT_TAL:00
QZS_SNR:00,00,00,00,00,SNR_AVG:0.00
SatInView:25 GDOP:19998
Roll:150.166122 Pitch:47.875393
X_AVG:-8.824008 Y_AVG:2.530962 Z_AVG:-12.519485
X_SD:9.145502 Y_SD:8.646684 Z_SD:8.183156
$MXCM10033,2,9,19800109,021203,00,35A4E8F5,00000000,0089,0000,0000,00,9102*5D
GPS_PRN:29,12,23,28,31,32,19419900,00,00,00,00,00,00,SAT_TAL:08
GPS_SNR:35,34,32,31,36,38,35,23,00,00,00,00,00,00,00,SNR_AVG:33.00
GLO_PRN:00,00,00,00,00,00,00,00,00,00,00,00,00,00,00,SAT_TAL:00
GLO_SNR:00,00,00,00,00,00,00,00,00,00,00,00,00,00,00,SNR_AVG:0.00
GAL_PRN:00,00,00,00,00,00,00,00,00,00,00,00,00,00,00,SAT_TAL:00
GAL_SNR:00,00,00,00,00,00,00,00,00,00,00,00,00,00,00,SNR_AVG:0.00
BEI_PRN:48,32,20,32,36,37,39,40,46,01,50,37,46,60,39,SAT_TAL:15
BEI_SNR:33,33,33,32,33,34,32,25,35,28,25,35,34,27,32,SNR_AVG:31.40
QZS_PRN:00,00,00,00,00,SAT_TAL:00
QZS_SNR:00,00,00,00,00,SNR_AVG:0.00
SatInView:24 GDOP:19998
Roll:161.750031 Pitch:52.572365
X_AVG:-8.075278 Y_AVG:3.232285 Z_AVG:-12.610179
X_SD:7.570025 Y_SD:6.752265 Z_SD:8.630355
$MXCM10033,2,10,19800109,021216,00,35A4E8F5,00000000,0089,0000,0000,00,9102*61
GPS_PRN:29,12,23,28,31,32,19919600,00,00,00,00,00,00,SAT_TAL:08
GPS_SNR:38,35,35,34,36,31,24,27,00,00,00,00,00,00,00,SNR_AVG:32.50
GLO_PRN:00,00,00,00,00,00,00,00,00,00,00,00,00,00,00,SAT_TAL:00
GLO_SNR:00,00,00,00,00,00,00,00,00,00,00,00,00,00,00,SNR_AVG:0.00
GAL_PRN:00,00,00,00,00,00,00,00,00,00,00,00,00,00,00,SAT_TAL:00
GAL_SNR:00,00,00,00,00,00,00,00,00,00,00,00,00,00,00,SNR_AVG:0.00
BEI_PRN:48,23,20,39,32,36,37,40,46,50,01,46,60,39,20,SAT_TAL:15
BEI_SNR:35,35,32,29,30,29,29,30,32,35,30,31,29,30,30,SNR_AVG:31.07
QZS_PRN:00,00,00,00,00,SAT_TAL:00
QZS_SNR:00,00,00,00,00,SNR_AVG:0.00
SatInView:24 GDOP:19998
Roll:121.777695 Pitch:54.601719
X_AVG:-7.334545 Y_AVG:4.269426 Z_AVG:-9.955914
X_SD:10.305338 Y_SD:7.990913 Z_SD:9.370718
$MXCM10033,2,11,20240103,021230,12,0E98435C,47EDBCE6,006B,000D,564D,06,9102*15
GPS_PRN:32,29,19619923,12,16,28,10,25,31,26,00,00,00,SAT_TAL:09
GPS_SNR:40,30,25,18,34,36,00,39,13,00,39,00,00,00,00,SNR_AVG:30.44
GLO_PRN:00,00,00,00,00,00,00,00,00,00,00,00,00,00,00,SAT_TAL:00
GLO_SNR:00,00,00,00,00,00,00,00,00,00,00,00,00,00,00,SNR_AVG:0.00
GAL_PRN:00,00,00,00,00,00,00,00,00,00,00,00,00,00,00,SAT_TAL:00
GAL_SNR:00,00,00,00,00,00,00,00,00,00,00,00,00,00,00,SNR_AVG:0.00
BEI_PRN:48,46,60,50,20,23,39,32,36,37,40,46,20,06,16,SAT_TAL:13
BEI_SNR:38,35,33,38,36,31,33,25,30,37,28,33,38,00,00,SNR_AVG:33.46
QZS_PRN:00,00,00,00,00,SAT_TAL:00
QZS_SNR:00,00,00,00,00,SNR_AVG:0.00
SatInView:35 GDOP:265
Roll:152.033630 Pitch:40.020729
X_AVG:-9.158964 Y_AVG:3.558430 Z_AVG:-12.999723
X_SD:7.573743 Y_SD:7.892531 Z_SD:7.796307
$MXCM10033,2,12,20240103,021245,12,0E986B1B,47EDF303,0058,0011,0852,08,9102*19
GPS_PRN:32,29,19619923,12,16,28,10,25,31,26,00,00,00,SAT_TAL:11
GPS_SNR:30,34,32,25,36,36,33,30,36,00,36,34,00,00,00,SNR_AVG:32.91
GLO_PRN:00,00,00,00,00,00,00,00,00,00,00,00,00,00,00,SAT_TAL:00
GLO_SNR:00,00,00,00,00,00,00,00,00,00,00,00,00,00,00,SNR_AVG:0.00
GAL_PRN:00,00,00,00,00,00,00,00,00,00,00,00,00,00,00,SAT_TAL:00
GAL_SNR:00,00,00,00,00,00,00,00,00,00,00,00,00,00,00,SNR_AVG:0.00
BEI_PRN:48,46,60,50,20,23,39,32,36,37,40,46,20,06,16,SAT_TAL:13
BEI_SNR:35,27,31,36,29,32,25,34,34,24,31,31,26,00,00,SNR_AVG:30.38
QZS_PRN:00,00,00,00,00,SAT_TAL:00
QZS_SNR:00,00,00,00,00,SNR_AVG:0.00
SatInView:35 GDOP:233
Roll:173.498367 Pitch:63.268055
X_AVG:-8.537081 Y_AVG:1.985599 Z_AVG:-11.432208
X_SD:8.120020 Y_SD:7.835109 Z_SD:11.681706
$MXCM10033,2,13,20240103,021300,12,0E98C6B8,47EE0E59,0059,0013,896E,08,9102*60
GPS_PRN:32,29,19619923,12,16,28,10,25,31,26,00,00,00,SAT_TAL:11
GPS_SNR:31,36,30,25,35,34,35,36,37,00,40,36,00,00,00,SNR_AVG:34.09
GLO_PRN:00,00,00,00,00,00,00,00,00,00,00,00,00,00,00,SAT_TAL:00
GLO_SNR:00,00,00,00,00,00,00,00,00,00,00,00,00,00,00,SNR_AVG:0.00
GAL_PRN:00,00,00,00,00,00,00,00,00,00,00,00,00,00,00,SAT_TAL:00
GAL_SNR:00,00,00,00,00,00,00,00,00,00,00,00,00,00,00,SNR_AVG:0.00
BEI_PRN:48,46,60,50,20,23,39,32,36,37,40,46,20,06,16,SAT_TAL:13
BEI_SNR:35,38,36,36,34,30,25,33,38,26,34,38,35,00,00,SNR_AVG:33.69
QZS_PRN:00,00,00,00,00,SAT_TAL:00
QZS_SNR:00,00,00,00,00,SNR_AVG:0.00
SatInView:35 GDOP:233
Roll:130.152969 Pitch:60.704739
X_AVG:-3.648406 Y_AVG:1.066590 Z_AVG:-10.258834
X_SD:6.430049 Y_SD:7.774178 Z_SD:12.532149
$MXCM10033,2,14,20240103,021315,12,0E9925A9,47EE2002,0052,0010,1550,0A,9102*69
GPS_PRN:32,29,19619923,12,16,28,10,25,31,26,00,00,00,SAT_TAL:11
GPS_SNR:42,33,31,24,28,37,34,40,30,00,40,36,00,00,00,SNR_AVG:34.09
GLO_PRN:00,00,00,00,00,00,00,00,00,00,00,00,00,00,00,SAT_TAL:00
GLO_SNR:00,00,00,00,00,00,00,00,00,00,00,00,00,00,00,SNR_AVG:0.00
GAL_PRN:00,00,00,00,00,00,00,00,00,00,00,00,00,00,00,SAT_TAL:00
GAL_SNR:00,00,00,00,00,00,00,00,00,00,00,00,00,00,00,SNR_AVG:0.00
BEI_PRN:39,48,50,60,32,46,20,23,39,36,37,40,20,06,16,SAT_TAL:13
BEI_SNR:37,39,38,35,28,36,39,33,37,30,38,24,40,00,00,SNR_AVG:34.92
QZS_PRN:00,00,00,00,00,SAT_TAL:00
QZS_SNR:00,00,00,00,00,SNR_AVG:0.00
SatInView:35 GDOP:133
Roll:-149.985077 Pitch:38.522041
X_AVG:-4.599737 Y_AVG:2.317107 Z_AVG:-11.277444
X_SD:6.309399 Y_SD:7.270889 Z_SD:9.721679
$MXCM10033,2,15,20240103,021330,12,0E9925D7,47EE77C6,0064,0011,2CFF,0B,9102*66
GPS_PRN:32,29,19619923,12,16,28,10,25,31,26,00,00,00,SAT_TAL:12
GPS_SNR:41,36,33,26,33,38,26,35,31,38,34,25,00,00,00,SNR_AVG:33.00
GLO_PRN:00,00,00,00,00,00,00,00,00,00,00,00,00,00,00,SAT_TAL:00
GLO_SNR:00,00,00,00,00,00,00,00,00,00,00,00,00,00,00,SNR_AVG:0.00
GAL_PRN:00,00,00,00,00,00,00,00,00,00,00,00,00,00,00,SAT_TAL:00
GAL_SNR:00,00,00,00,00,00,00,00,00,00,00,00,00,00,00,SNR_AVG:0.00
BEI_PRN:23,60,39,48,32,46,20,23,39,36,37,40,20,03,06,SAT_TAL:13
BEI_SNR:37,24,35,34,34,20,30,36,33,30,35,32,33,00,00,SNR_AVG:31.77
QZS_PRN:00,00,00,00,00,SAT_TAL:00
QZS_SNR:00,00,00,00,00,SNR_AVG:0.00
SatInView:35 GDOP:131
Roll:149.305664 Pitch:38.007450
X_AVG:-9.936808 Y_AVG:5.500741 Z_AVG:-12.860857
X_SD:7.888087 Y_SD:7.576479 Z_SD:7.346661
$MXCM10033,2,16,20240103,021345,12,0E98F851,47EE5E77,007B,0012,32EC,0B,9102*6F
GPS_PRN:32,29,19619923,12,16,28,10,25,31,26,00,00,00,SAT_TAL:12
GPS_SNR:37,35,27,21,34,37,33,29,37,36,36,35,00,00,00,SNR_AVG:33.08
GLO_PRN:00,00,00,00,00,00,00,00,00,00,00,00,00,00,00,SAT_TAL:00
GLO_SNR:00,00,00,00,00,00,00,00,00,00,00,00,00,00,00,SNR_AVG:0.00
GAL_PRN:00,00,00,00,00,00,00,00,00,00,00,00,00,00,00,SAT_TAL:00
GAL_SNR:00,00,00,00,00,00,00,00,00,00,00,00,00,00,00,SNR_AVG:0.00
BEI_PRN:23,60,39,48,32,46,20,23,39,36,37,40,20,03,06,SAT_TAL:12
BEI_SNR:35,32,33,34,27,33,00,34,27,34,31,29,22,00,00,SNR_AVG:30.92
QZS_PRN:00,00,00,00,00,SAT_TAL:00
QZS_SNR:00,00,00,00,00,SNR_AVG:0.00
SatInView:35 GDOP:131
Roll:161.902634 Pitch:35.841175
X_AVG:-7.613715 Y_AVG:2.637649 Z_AVG:-12.355239
X_SD:9.329723 Y_SD:7.111429 Z_SD:7.146034
$MXCM10033,2,17,20240103,021400,12,0E98D21E,47EE40CF,0079,000B,1267,0B,9102*6E
GPS_PRN:32,29,19619923,12,16,28,10,25,31,26,00,00,00,SAT_TAL:12
GPS_SNR:35,35,29,26,36,36,34,37,37,29,38,34,00,00,00,SNR_AVG:33.83
GLO_PRN:00,00,00,00,00,00,00,00,00,00,00,00,00,00,00,SAT_TAL:00
GLO_SNR:00,00,00,00,00,00,00,00,00,00,00,00,00,00,00,SNR_AVG:0.00
GAL_PRN:00,00,00,00,00,00,00,00,00,00,00,00,00,00,00,SAT_TAL:00
GAL_SNR:00,00,00,00,00,00,00,00,00,00,00,00,00,00,00,SNR_AVG:0.00
BEI_PRN:23,60,39,48,32,46,20,23,39,36,37,40,20,03,06,SAT_TAL:14
BEI_SNR:35,32,33,35,34,29,29,33,31,37,29,34,30,28,00,SNR_AVG:32.07
QZS_PRN:00,00,00,00,00,SAT_TAL:00
QZS_SNR:00,00,00,00,00,SNR_AVG:0.00
SatInView:35 GDOP:199
Roll:169.046738 Pitch:59.862358
X_AVG:-7.433284 Y_AVG:3.368470 Z_AVG:-11.569686
X_SD:9.414052 Y_SD:8.040975 Z_SD:9.723764
$MXCM10033,2,18,20240103,021415,12,0E98842B,47EE6C66,007B,001B,46E2,0B,9102*62
GPS_PRN:32,29,19619923,12,16,28,10,25,31,26,00,00,00,SAT_TAL:12
GPS_SNR:40,36,35,26,36,40,30,31,31,38,30,27,00,00,00,SNR_AVG:33.33
GLO_PRN:00,00,00,00,00,00,00,00,00,00,00,00,00,00,00,SAT_TAL:00
GLO_SNR:00,00,00,00,00,00,00,00,00,00,00,00,00,00,00,SNR_AVG:0.00
GAL_PRN:00,00,00,00,00,00,00,00,00,00,00,00,00,00,00,SAT_TAL:00
GAL_SNR:00,00,00,00,00,00,00,00,00,00,00,00,00,00,00,SNR_AVG:0.00
BEI_PRN:23,60,39,48,20,32,46,23,39,36,37,40,20,03,06,SAT_TAL:14
BEI_SNR:35,29,31,32,28,37,25,36,30,24,34,33,26,26,00,SNR_AVG:30.43
QZS_PRN:00,00,00,00,00,SAT_TAL:00
QZS_SNR:00,00,00,00,00,SNR_AVG:0.00
SatInView:35 GDOP:195
Roll:168.163986 Pitch:70.388138
X_AVG:-8.967711 Y_AVG:2.592829 Z_AVG:-9.100209
X_SD:8.576479 Y_SD:7.659293 Z_SD:11.513184
$MXCM10033,2,19,20240103,021630,12,0E98EFF3,47EE18F7,00BE,0018,3BC6,0C,9202*1A
GPS_PRN:32,29,23,12,16,19619928,10,25,31,26,00,00,00,SAT_TAL:11
GPS_SNR:26,35,00,38,30,27,20,32,37,29,37,33,00,00,00,SNR_AVG:31.27
GLO_PRN:00,00,00,00,00,00,00,00,00,00,00,00,00,00,00,SAT_TAL:00
GLO_SNR:00,00,00,00,00,00,00,00,00,00,00,00,00,00,00,SNR_AVG:0.00
GAL_PRN:00,00,00,00,00,00,00,00,00,00,00,00,00,00,00,SAT_TAL:00
GAL_SNR:00,00,00,00,00,00,00,00,00,00,00,00,00,00,00,SNR_AVG:0.00
BEI_PRN:10,05,23,28,27,38,36,20,32,46,23,27,20,06,16,SAT_TAL:11
BEI_SNR:00,30,33,00,34,32,30,35,33,36,30,32,36,00,00,SNR_AVG:32.82
QZS_PRN:00,00,00,00,00,SAT_TAL:00
QZS_SNR:00,00,00,00,00,SNR_AVG:0.00
SatInView:35 GDOP:127
Roll:-136.226990 Pitch:60.925995
X_AVG:-5.971930 Y_AVG:2.197299 Z_AVG:-12.177682
X_SD:7.222056 Y_SD:6.396532 Z_SD:8.365665
$MXCM10033,2,20,20240103,021646,12,0E9874C6,47EE4E3B,006A,0013,275D,0C,9202*62
GPS_PRN:32,29,23,12,16,19619928,10,25,31,26,00,00,00,SAT_TAL:11
GPS_SNR:00,34,31,29,32,34,25,33,38,22,36,36,00,00,00,SNR_AVG:31.82
GLO_PRN:00,00,00,00,00,00,00,00,00,00,00,00,00,00,00,SAT_TAL:00
GLO_SNR:00,00,00,00,00,00,00,00,00,00,00,00,00,00,00,SNR_AVG:0.00
GAL_PRN:00,00,00,00,00,00,00,00,00,00,00,00,00,00,00,SAT_TAL:00
GAL_SNR:00,00,00,00,00,00,00,00,00,00,00,00,00,00,00,SNR_AVG:0.00
BEI_PRN:07,10,05,23,27,38,36,20,32,46,23,27,20,03,06,SAT_TAL:12
BEI_SNR:00,00,29,31,23,34,35,33,33,35,27,16,34,31,00,SNR_AVG:30.08
QZS_PRN:00,00,00,00,00,SAT_TAL:00
QZS_SNR:00,00,00,00,00,SNR_AVG:0.00
SatInView:35 GDOP:173
Roll:164.578278 Pitch:41.030590
X_AVG:-7.941918 Y_AVG:3.785740 Z_AVG:-14.418460
X_SD:8.217927 Y_SD:6.619112 Z_SD:8.875185
$MXCM10033,2,21,20240103,021902,12,0E97B2E9,47EEE0E6,0069,0010,155A,0D,9202*67
GPS_PRN:32,10,25,31,26,29,19619919523,12,16,03,28,00,SAT_TAL:14
GPS_SNR:32,37,29,38,35,35,23,23,36,35,37,34,40,35,00,SNR_AVG:33.50
GLO_PRN:00,00,00,00,00,00,00,00,00,00,00,00,00,00,00,SAT_TAL:00
GLO_SNR:00,00,00,00,00,00,00,00,00,00,00,00,00,00,00,SNR_AVG:0.00
GAL_PRN:00,00,00,00,00,00,00,00,00,00,00,00,00,00,00,SAT_TAL:00
GAL_SNR:00,00,00,00,00,00,00,00,00,00,00,00,00,00,00,SNR_AVG:0.00
BEI_PRN:27,28,19,20,32,46,23,27,20,03,06,16,46,01,32,SAT_TAL:10
BEI_SNR:22,00,36,35,34,37,30,12,36,00,00,00,36,00,34,SNR_AVG:31.20
QZS_PRN:00,00,00,00,00,SAT_TAL:00
QZS_SNR:00,00,00,00,00,SNR_AVG:0.00
SatInView:35 GDOP:123
Roll:145.809189 Pitch:90.000000
X_AVG:-5.045738 Y_AVG:2.180970 Z_AVG:-10.447022
X_SD:5.772099 Y_SD:7.776204 Z_SD:10.913089
$MXCM10033,2,22,20240103,021917,12,0E979AD2,47EEAA88,0070,001D,530C,0D,9202*1D
GPS_PRN:32,10,25,31,26,29,23,19619919512,16,03,28,00,SAT_TAL:14
GPS_SNR:31,39,35,30,34,39,37,35,29,36,37,33,35,28,00,SNR_AVG:34.14
GLO_PRN:00,00,00,00,00,00,00,00,00,00,00,00,00,00,00,SAT_TAL:00
GLO_SNR:00,00,00,00,00,00,00,00,00,00,00,00,00,00,00,SNR_AVG:0.00
GAL_PRN:00,00,00,00,00,00,00,00,00,00,00,00,00,00,00,SAT_TAL:00
GAL_SNR:00,00,00,00,00,00,00,00,00,00,00,00,00,00,00,SNR_AVG:0.00
BEI_PRN:23,27,28,19,20,32,46,23,20,03,06,16,32,01,46,SAT_TAL:12
BEI_SNR:36,35,00,33,24,39,29,32,27,26,00,00,39,32,24,SNR_AVG:31.33
QZS_PRN:00,00,00,00,00,SAT_TAL:00
QZS_SNR:00,00,00,00,00,SNR_AVG:0.00
SatInView:35 GDOP:123
Roll:159.532669 Pitch:33.572193
X_AVG:-6.603964 Y_AVG:4.117152 Z_AVG:-11.920204
X_SD:7.975397 Y_SD:7.306143 Z_SD:8.801885
$MXCM10033,2,23,20240103,022132,00,0E914BAB,47EE2EC9,1621,0000,0000,00,9202*14
GPS_PRN:32,25,31,26,29,23,19619912,16,03,28,10,00,00,SAT_TAL:13
GPS_SNR:41,32,35,37,37,38,38,32,22,35,27,38,40,00,00,SNR_AVG:34.77
GLO_PRN:00,00,00,00,00,00,00,00,00,00,00,00,00,00,00,SAT_TAL:00
GLO_SNR:00,00,00,00,00,00,00,00,00,00,00,00,00,00,00,SNR_AVG:0.00
GAL_PRN:00,00,00,00,00,00,00,00,00,00,00,00,00,00,00,SAT_TAL:00
GAL_SNR:00,00,00,00,00,00,00,00,00,00,00,00,00,00,00,SNR_AVG:0.00
BEI_PRN:10,05,23,27,28,20,46,32,23,27,20,03,06,16,01,SAT_TAL:10
BEI_SNR:00,00,19,37,00,38,38,37,20,30,40,00,00,35,35,SNR_AVG:32.90
QZS_PRN:00,00,00,00,00,SAT_TAL:00
QZS_SNR:00,00,00,00,00,SNR_AVG:0.00
SatInView:35 GDOP:148
Roll:149.198868 Pitch:55.415043
X_AVG:-9.482187 Y_AVG:4.698524 Z_AVG:-9.314302
X_SD:8.237516 Y_SD:9.121678 Z_SD:10.368218
$MXCM10033,2,24,20240103,022148,12,0E946F69,47EE8934,00E1,0021,4B3E,0C,9202*19
GPS_PRN:32,25,31,26,29,23,19619912,16,03,28,10,00,00,SAT_TAL:12
GPS_SNR:36,36,36,32,39,36,32,28,38,33,33,31,00,00,00,SNR_AVG:34.17
GLO_PRN:00,00,00,00,00,00,00,00,00,00,00,00,00,00,00,SAT_TAL:00
GLO_SNR:00,00,00,00,00,00,00,00,00,00,00,00,00,00,00,SNR_AVG:0.00
GAL_PRN:00,00,00,00,00,00,00,00,00,00,00,00,00,00,00,SAT_TAL:00
GAL_SNR:00,00,00,00,00,00,00,00,00,00,00,00,00,00,00,SNR_AVG:0.00
BEI_PRN:10,05,23,27,28,20,46,32,23,27,20,03,06,16,01,SAT_TAL:11
BEI_SNR:00,28,37,33,00,26,23,38,36,30,25,00,27,00,33,SNR_AVG:30.55
QZS_PRN:00,00,00,00,00,SAT_TAL:00
QZS_SNR:00,00,00,00,00,SNR_AVG:0.00
SatInView:35 GDOP:164
Roll:176.514252 Pitch:56.726418
X_AVG:-6.493158 Y_AVG:2.707322 Z_AVG:-10.078930
X_SD:6.809567 Y_SD:7.171521 Z_SD:10.270821
$MXCM10033,2,25,20240103,022403,12,0E8F43F2,47EEAE12,00EB,001D,51C4,0D,9202*1D
GPS_PRN:32,25,31,26,29,23,19619916,12,03,28,10,00,00,SAT_TAL:13
GPS_SNR:33,34,35,35,39,37,30,27,34,37,34,33,34,00,00,SNR_AVG:34.00
GLO_PRN:00,00,00,00,00,00,00,00,00,00,00,00,00,00,00,SAT_TAL:00
GLO_SNR:00,00,00,00,00,00,00,00,00,00,00,00,00,00,00,SNR_AVG:0.00
GAL_PRN:00,00,00,00,00,00,00,00,00,00,00,00,00,00,00,SAT_TAL:00
GAL_SNR:00,00,00,00,00,00,00,00,00,00,00,00,00,00,00,SNR_AVG:0.00
BEI_PRN:10,05,23,28,27,20,46,32,23,27,20,03,06,16,46,SAT_TAL:10
BEI_SNR:00,28,35,00,36,22,26,37,30,33,28,00,00,00,24,SNR_AVG:29.90
QZS_PRN:00,00,00,00,00,SAT_TAL:00
QZS_SNR:00,00,00,00,00,SNR_AVG:0.00
SatInView:35 GDOP:162
Roll:163.584244 Pitch:90.000000
X_AVG:-6.070716 Y_AVG:2.701145 Z_AVG:-7.229246
X_SD:7.789659 Y_SD:8.894327 Z_SD:12.981933
$MXCM10033,2,26,20240103,022419,12,0E8E9DD3,47EE9C8B,00DE,0021,45FD,0E,9202*69
GPS_PRN:32,10,25,31,26,29,19619923,16,12,03,28,00,00,SAT_TAL:13
GPS_SNR:36,29,38,36,31,39,25,20,36,32,38,34,35,00,00,SNR_AVG:33.00
GLO_PRN:00,00,00,00,00,00,00,00,00,00,00,00,00,00,00,SAT_TAL:00
GLO_SNR:00,00,00,00,00,00,00,00,00,00,00,00,00,00,00,SNR_AVG:0.00
GAL_PRN:00,00,00,00,00,00,00,00,00,00,00,00,00,00,00,SAT_TAL:00
GAL_SNR:00,00,00,00,00,00,00,00,00,00,00,00,00,00,00,SNR_AVG:0.00
BEI_PRN:05,23,27,28,20,46,32,23,27,20,03,06,16,46,01,SAT_TAL:11
BEI_SNR:28,37,35,00,25,32,28,36,33,28,00,00,00,31,32,SNR_AVG:31.36
QZS_PRN:00,00,00,00,00,SAT_TAL:00
QZS_SNR:00,00,00,00,00,SNR_AVG:0.00
SatInView:34 GDOP:149
Roll:-12.439908 Pitch:90.000000
X_AVG:-4.823216 Y_AVG:2.414601 Z_AVG:-9.610232
X_SD:6.813890 Y_SD:8.054256 Z_SD:11.061726
$MXCM10033,2,27,20240103,022635,12,0E88E400,47ECFC30,0123,001F,3FAF,0E,9202*66
GPS_PRN:10,31,26,29,23,16,19619912,03,28,32,25,00,00,SAT_TAL:12
GPS_SNR:34,37,32,37,36,31,22,00,38,35,33,36,38,00,00,SNR_AVG:34.08
GLO_PRN:00,00,00,00,00,00,00,00,00,00,00,00,00,00,00,SAT_TAL:00
GLO_SNR:00,00,00,00,00,00,00,00,00,00,00,00,00,00,00,SNR_AVG:0.00
GAL_PRN:00,00,00,00,00,00,00,00,00,00,00,00,00,00,00,SAT_TAL:00
GAL_SNR:00,00,00,00,00,00,00,00,00,00,00,00,00,00,00,SNR_AVG:0.00
BEI_PRN:23,20,06,16,46,32,05,23,19,20,46,32,00,00,00,SAT_TAL:09
BEI_SNR:36,25,00,00,34,31,00,37,35,22,30,25,00,00,00,SNR_AVG:30.56
QZS_PRN:00,00,00,00,00,SAT_TAL:00
QZS_SNR:00,00,00,00,00,SNR_AVG:0.00
SatInView:25 GDOP:148
Roll:137.540695 Pitch:66.502556
X_AVG:-6.237500 Y_AVG:3.308758 Z_AVG:-9.864214
X_SD:6.779539 Y_SD:7.784354 Z_SD:10.655963
$MXCM10033,2,28,20240103,022650,12,0E8842F5,47ED1302,0131,0020,4354,0E,9202*6D
GPS_PRN:32,25,31,26,29,23,19619916,12,03,28,10,00,00,SAT_TAL:13
GPS_SNR:32,36,36,30,37,35,22,17,31,37,32,32,34,00,00,SNR_AVG:31.62
GLO_PRN:00,00,00,00,00,00,00,00,00,00,00,00,00,00,00,SAT_TAL:00
GLO_SNR:00,00,00,00,00,00,00,00,00,00,00,00,00,00,00,SNR_AVG:0.00
GAL_PRN:00,00,00,00,00,00,00,00,00,00,00,00,00,00,00,SAT_TAL:00
GAL_SNR:00,00,00,00,00,00,00,00,00,00,00,00,00,00,00,SNR_AVG:0.00
BEI_PRN:05,23,28,27,19,20,46,32,23,27,20,03,06,16,46,SAT_TAL:11
BEI_SNR:00,38,31,34,35,25,33,24,35,30,27,00,00,00,34,SNR_AVG:31.45
QZS_PRN:00,00,00,00,00,SAT_TAL:00
QZS_SNR:00,00,00,00,00,SNR_AVG:0.00
SatInView:35 GDOP:148
Roll:75.132896 Pitch:69.099487
X_AVG:-5.217932 Y_AVG:2.306189 Z_AVG:-7.572103
X_SD:6.657848 Y_SD:8.747507 Z_SD:13.162453
$MXCM10033,2,29,20240103,022906,12,0E822CD0,47ED66ED,0163,0022,4320,0E,9202*1D
GPS_PRN:32,10,31,25,26,19619919429,23,16,12,03,28,00,SAT_TAL:13
GPS_SNR:35,34,37,37,30,20,00,30,39,35,30,39,35,34,00,SNR_AVG:33.46
GLO_PRN:00,00,00,00,00,00,00,00,00,00,00,00,00,00,00,SAT_TAL:00
GLO_SNR:00,00,00,00,00,00,00,00,00,00,00,00,00,00,00,SNR_AVG:0.00
GAL_PRN:00,00,00,00,00,00,00,00,00,00,00,00,00,00,00,SAT_TAL:00
GAL_SNR:00,00,00,00,00,00,00,00,00,00,00,00,00,00,00,SNR_AVG:0.00
BEI_PRN:27,28,20,46,32,23,27,28,20,03,06,16,46,01,32,SAT_TAL:13
BEI_SNR:36,38,25,34,25,35,31,36,26,00,28,00,35,26,27,SNR_AVG:30.92
QZS_PRN:00,00,00,00,00,SAT_TAL:00
QZS_SNR:00,00,00,00,00,SNR_AVG:0.00
SatInView:35 GDOP:148
Roll:-31.332140 Pitch:90.000000
X_AVG:-6.210301 Y_AVG:1.805552 Z_AVG:-7.373619
X_SD:7.749983 Y_SD:8.721243 Z_SD:11.648321
$MXCM10033,2,30,20240103,022921,12,0E817F87,47ED78A6,017D,001D,415A,0E,9202*66
GPS_PRN:32,10,31,25,26,19619919429,23,16,12,03,28,00,SAT_TAL:14
GPS_SNR:37,34,36,38,31,31,20,33,39,35,30,40,34,31,00,SNR_AVG:33.50
GLO_PRN:00,00,00,00,00,00,00,00,00,00,00,00,00,00,00,SAT_TAL:00
GLO_SNR:00,00,00,00,00,00,00,00,00,00,00,00,00,00,00,SNR_AVG:0.00
GAL_PRN:00,00,00,00,00,00,00,00,00,00,00,00,00,00,00,SAT_TAL:00
GAL_SNR:00,00,00,00,00,00,00,00,00,00,00,00,00,00,00,SNR_AVG:0.00
BEI_PRN:27,28,20,46,32,23,27,28,20,03,06,16,46,01,32,SAT_TAL:13
BEI_SNR:34,36,30,23,31,38,32,35,27,00,26,00,30,27,31,SNR_AVG:30.77
QZS_PRN:00,00,00,00,00,SAT_TAL:00
QZS_SNR:00,00,00,00,00,SNR_AVG:0.00
SatInView:35 GDOP:148
Roll:-53.181709 Pitch:51.719936
X_AVG:-5.288036 Y_AVG:0.858434 Z_AVG:-6.232951
X_SD:7.811552 Y_SD:11.234362 Z_SD:13.070131
$MXCM10033,2,31,20240103,023136,12,0E7BC850,47EE6F3E,01A7,0020,4429,0D,9202*62
GPS_PRN:32,31,26,25,29,19619916,23,03,12,28,10,00,00,SAT_TAL:11
GPS_SNR:38,34,28,36,37,31,24,32,34,00,37,31,00,00,00,SNR_AVG:32.91
GLO_PRN:00,00,00,00,00,00,00,00,00,00,00,00,00,00,00,SAT_TAL:00
GLO_SNR:00,00,00,00,00,00,00,00,00,00,00,00,00,00,00,SNR_AVG:0.00
GAL_PRN:00,00,00,00,00,00,00,00,00,00,00,00,00,00,00,SAT_TAL:00
GAL_SNR:00,00,00,00,00,00,00,00,00,00,00,00,00,00,00,SNR_AVG:0.00
BEI_PRN:05,23,27,28,20,46,32,23,27,28,20,03,06,16,46,SAT_TAL:13
BEI_SNR:00,37,34,37,26,21,33,36,30,33,28,00,26,29,23,SNR_AVG:30.23
QZS_PRN:00,00,00,00,00,SAT_TAL:00
QZS_SNR:00,00,00,00,00,SNR_AVG:0.00
SatInView:35 GDOP:147
Roll:-161.567398 Pitch:90.000000
X_AVG:-6.774865 Y_AVG:2.494090 Z_AVG:-10.245522
X_SD:6.097463 Y_SD:8.044539 Z_SD:10.517436
$MXCM10033,2,32,20240103,023151,12,0E7B14FD,47EE74A7,01A8,0022,46A3,0E,9202*1D
GPS_PRN:32,31,26,25,29,19619916,23,03,12,28,10,00,00,SAT_TAL:12
GPS_SNR:35,36,29,35,38,27,22,33,34,35,37,32,00,00,00,SNR_AVG:32.75
GLO_PRN:00,00,00,00,00,00,00,00,00,00,00,00,00,00,00,SAT_TAL:00
GLO_SNR:00,00,00,00,00,00,00,00,00,00,00,00,00,00,00,SNR_AVG:0.00
GAL_PRN:00,00,00,00,00,00,00,00,00,00,00,00,00,00,00,SAT_TAL:00
GAL_SNR:00,00,00,00,00,00,00,00,00,00,00,00,00,00,00,SNR_AVG:0.00
BEI_PRN:05,23,27,28,20,46,32,23,27,28,20,03,06,16,46,SAT_TAL:13
BEI_SNR:00,36,34,36,22,25,32,35,31,34,21,00,27,29,28,SNR_AVG:30.00
QZS_PRN:00,00,00,00,00,SAT_TAL:00
QZS_SNR:00,00,00,00,00,SNR_AVG:0.00
SatInView:35 GDOP:125
Roll:168.632523 Pitch:70.971428
X_AVG:-5.369536 Y_AVG:2.218081 Z_AVG:-9.251813
X_SD:5.664641 Y_SD:8.213735 Z_SD:11.288611
$MXCM10033,2,33,20240103,023407,12,0E74FCF8,47EF8BBD,018C,0024,415E,0F,9202*18
GPS_PRN:32,26,31,25,29,19619916,23,03,12,28,10,00,00,SAT_TAL:12
GPS_SNR:36,28,37,39,38,26,20,30,36,34,39,36,00,00,00,SNR_AVG:33.25
GLO_PRN:00,00,00,00,00,00,00,00,00,00,00,00,00,00,00,SAT_TAL:00
GLO_SNR:00,00,00,00,00,00,00,00,00,00,00,00,00,00,00,SNR_AVG:0.00
GAL_PRN:00,00,00,00,00,00,00,00,00,00,00,00,00,00,00,SAT_TAL:00
GAL_SNR:00,00,00,00,00,00,00,00,00,00,00,00,00,00,00,SNR_AVG:0.00
BEI_PRN:05,23,27,28,20,46,32,23,27,28,20,03,46,06,16,SAT_TAL:13
BEI_SNR:00,38,36,37,24,33,22,36,34,36,25,00,32,30,33,SNR_AVG:32.00
QZS_PRN:00,00,00,00,00,SAT_TAL:00
QZS_SNR:00,00,00,00,00,SNR_AVG:0.00
SatInView:35 GDOP:123
Roll:158.342697 Pitch:90.000000
X_AVG:-4.760679 Y_AVG:1.496119 Z_AVG:-9.983112
X_SD:6.298397 Y_SD:7.373053 Z_SD:13.689507
$MXCM10033,2,34,20240103,023422,12,0E744219,47EFAD50,0172,0024,4342,0F,9202*1B
GPS_PRN:32,26,31,25,29,19619916,23,03,12,28,10,00,00,SAT_TAL:12
GPS_SNR:43,22,38,39,40,33,26,32,36,35,39,36,00,00,00,SNR_AVG:34.92
GLO_PRN:00,00,00,00,00,00,00,00,00,00,00,00,00,00,00,SAT_TAL:00
GLO_SNR:00,00,00,00,00,00,00,00,00,00,00,00,00,00,00,SNR_AVG:0.00
GAL_PRN:00,00,00,00,00,00,00,00,00,00,00,00,00,00,00,SAT_TAL:00
GAL_SNR:00,00,00,00,00,00,00,00,00,00,00,00,00,00,00,SNR_AVG:0.00
BEI_PRN:05,23,27,28,20,46,32,23,27,28,20,03,46,06,16,SAT_TAL:13
BEI_SNR:00,38,36,38,25,30,32,36,36,36,30,00,27,31,33,SNR_AVG:32.92
QZS_PRN:00,00,00,00,00,SAT_TAL:00
QZS_SNR:00,00,00,00,00,SNR_AVG:0.00
SatInView:35 GDOP:123
Roll:149.773178 Pitch:63.757477
X_AVG:-5.518171 Y_AVG:2.110914 Z_AVG:-11.791010
X_SD:7.286286 Y_SD:6.976846 Z_SD:11.229536
$MXCM10033,2,35,20240103,023638,12,0E71061D,47EF9B8E,00B9,0000,6E24,09,9201*1C
GPS_PRN:32,25,29,16,23,12,28,19619919426,31,10,00,00,SAT_TAL:09
GPS_SNR:36,35,26,00,29,00,00,25,23,34,16,00,15,00,00,SNR_AVG:26.56
GLO_PRN:00,00,00,00,00,00,00,00,00,00,00,00,00,00,00,SAT_TAL:00
GLO_SNR:00,00,00,00,00,00,00,00,00,00,00,00,00,00,00,SNR_AVG:0.00
GAL_PRN:00,00,00,00,00,00,00,00,00,00,00,00,00,00,00,SAT_TAL:00
GAL_SNR:00,00,00,00,00,00,00,00,00,00,00,00,00,00,00,SNR_AVG:0.00
BEI_PRN:28,20,46,01,32,13,04,10,23,28,27,20,32,00,00,SAT_TAL:07
BEI_SNR:19,19,00,31,37,00,00,00,00,17,32,00,33,00,00,SNR_AVG:26.86
QZS_PRN:00,00,00,00,00,SAT_TAL:00
QZS_SNR:00,00,00,00,00,SNR_AVG:0.00
SatInView:26 GDOP:167
Roll:51.774937 Pitch:10.275581
X_AVG:-2.525742 Y_AVG:9.079379 Z_AVG:7.202861
X_SD:0.598538 Y_SD:0.801518 Z_SD:0.482582
$MXCM10033,2,36,20240103,023653,12,0E70FFFD,47EF9CF0,00CD,0000,5AE5,0F,9202*19
GPS_PRN:32,26,31,10,25,29,19619919416,23,03,12,28,00,SAT_TAL:13
GPS_SNR:37,16,17,31,35,35,34,29,31,16,26,00,17,21,00,SNR_AVG:26.54
GLO_PRN:00,00,00,00,00,00,00,00,00,00,00,00,00,00,00,SAT_TAL:00
GLO_SNR:00,00,00,00,00,00,00,00,00,00,00,00,00,00,00,SNR_AVG:0.00
GAL_PRN:00,00,00,00,00,00,00,00,00,00,00,00,00,00,00,SAT_TAL:00
GAL_SNR:00,00,00,00,00,00,00,00,00,00,00,00,00,00,00,SNR_AVG:0.00
BEI_PRN:23,27,28,46,32,23,27,28,20,03,46,06,16,01,09,SAT_TAL:09
BEI_SNR:15,33,24,00,36,00,22,24,26,00,18,00,00,30,00,SNR_AVG:25.33
QZS_PRN:00,00,00,00,00,SAT_TAL:00
QZS_SNR:00,00,00,00,00,SNR_AVG:0.00
SatInView:35 GDOP:117
Roll:24.471540 Pitch:10.456562
X_AVG:-5.038124 Y_AVG:6.501298 Z_AVG:19.604118
X_SD:4.550653 Y_SD:6.209998 Z_SD:0.000000
$MXCM10033,2,37,20240103,023908,12,0E70F98F,47EF8FE5,0115,0000,0000,07,9202*6F
GPS_PRN:32,25,29,16,23,03,12,28,26,19619931,10,00,00,SAT_TAL:07
GPS_SNR:27,24,28,00,30,00,00,00,00,24,18,00,23,00,00,SNR_AVG:24.86
GLO_PRN:00,00,00,00,00,00,00,00,00,00,00,00,00,00,00,SAT_TAL:00
GLO_SNR:00,00,00,00,00,00,00,00,00,00,00,00,00,00,00,SNR_AVG:0.00
GAL_PRN:00,00,00,00,00,00,00,00,00,00,00,00,00,00,00,SAT_TAL:00
GAL_SNR:00,00,00,00,00,00,00,00,00,00,00,00,00,00,00,SNR_AVG:0.00
BEI_PRN:32,27,20,03,46,06,16,01,32,02,04,28,27,23,00,SAT_TAL:06
BEI_SNR:29,23,00,00,00,00,00,26,33,00,30,00,27,00,00,SNR_AVG:28.00
QZS_PRN:00,00,00,00,00,SAT_TAL:00
QZS_SNR:00,00,00,00,00,SNR_AVG:0.00
SatInView:27 GDOP:274
Roll:135.093063 Pitch:-1.314298
X_AVG:0.806335 Y_AVG:19.613695 Z_AVG:-19.613695
X_SD:0.283573 Y_SD:0.000000 Z_SD:0.000000
$MXCM10033,2,38,20240103,023924,12,0E70FD53,47EF9872,00C8,0000,0000,0B,9201*69
GPS_PRN:32,29,16,23,03,12,28,26,19619919531,10,25,00,SAT_TAL:10
GPS_SNR:27,31,00,34,00,00,15,00,17,19,33,17,25,28,00,SNR_AVG:24.60
GLO_PRN:00,00,00,00,00,00,00,00,00,00,00,00,00,00,00,SAT_TAL:00
GLO_SNR:00,00,00,00,00,00,00,00,00,00,00,00,00,00,00,SNR_AVG:0.00
GAL_PRN:00,00,00,00,00,00,00,00,00,00,00,00,00,00,00,SAT_TAL:00
GAL_SNR:00,00,00,00,00,00,00,00,00,00,00,00,00,00,00,SNR_AVG:0.00
BEI_PRN:27,28,20,03,46,06,16,01,32,02,04,23,27,28,32,SAT_TAL:09
BEI_SNR:24,20,00,00,13,00,00,00,28,00,27,19,34,22,23,SNR_AVG:23.33
QZS_PRN:00,00,00,00,00,SAT_TAL:00
QZS_SNR:00,00,00,00,00,SNR_AVG:0.00
SatInView:29 GDOP:130
Roll:100.148994 Pitch:5.307280
X_AVG:-1.189272 Y_AVG:15.585274 Z_AVG:-3.343283
X_SD:0.419109 Y_SD:0.087267 Z_SD:0.199589
$MXCM10033,2,39,20240103,024139,12,0E71029A,47EF9394,00C8,0000,8279,08,9202*6A
GPS_PRN:32,16,23,12,28,26,31,19619910,25,29,00,00,00,SAT_TAL:05
GPS_SNR:30,00,28,00,00,00,17,00,00,00,20,28,00,00,00,SNR_AVG:24.60
GLO_PRN:00,00,00,00,00,00,00,00,00,00,00,00,00,00,00,SAT_TAL:00
GLO_SNR:00,00,00,00,00,00,00,00,00,00,00,00,00,00,00,SNR_AVG:0.00
GAL_PRN:00,00,00,00,00,00,00,00,00,00,00,00,00,00,00,SAT_TAL:00
GAL_SNR:00,00,00,00,00,00,00,00,00,00,00,00,00,00,00,SNR_AVG:0.00
BEI_PRN:23,32,27,28,20,03,46,06,16,01,32,02,04,27,28,SAT_TAL:05
BEI_SNR:00,29,19,00,00,00,00,00,00,00,35,00,00,23,23,SNR_AVG:25.80
QZS_PRN:00,00,00,00,00,SAT_TAL:00
QZS_SNR:00,00,00,00,00,SNR_AVG:0.00
SatInView:27 GDOP:154
Roll:170.177856 Pitch:21.158106
X_AVG:-2.890386 Y_AVG:1.703748 Z_AVG:-10.950581
X_SD:0.572779 Y_SD:0.227582 Z_SD:0.547196
$MXCM10033,2,40,20240103,024155,12,0E71000F,47EF9AA7,00C8,0000,8279,0B,9203*10
GPS_PRN:32,29,16,23,12,28,19619926,31,10,25,00,00,00,SAT_TAL:07
GPS_SNR:15,21,20,34,00,00,13,00,16,00,00,25,00,00,00,SNR_AVG:20.57
GLO_PRN:00,00,00,00,00,00,00,00,00,00,00,00,00,00,00,SAT_TAL:00
GLO_SNR:00,00,00,00,00,00,00,00,00,00,00,00,00,00,00,SNR_AVG:0.00
GAL_PRN:00,00,00,00,00,00,00,00,00,00,00,00,00,00,00,SAT_TAL:00
GAL_SNR:00,00,00,00,00,00,00,00,00,00,00,00,00,00,00,SNR_AVG:0.00
BEI_PRN:27,28,23,20,03,46,06,32,13,04,27,28,23,32,00,SAT_TAL:13
BEI_SNR:23,24,24,19,00,14,14,27,18,27,27,20,17,24,00,SNR_AVG:21.38
QZS_PRN:00,00,00,00,00,SAT_TAL:00
QZS_SNR:00,00,00,00,00,SNR_AVG:0.00
SatInView:26 GDOP:145
Roll:-124.537132 Pitch:28.374386
X_AVG:-6.244395 Y_AVG:-9.852338 Z_AVG:-6.950507
X_SD:0.238976 Y_SD:0.097176 Z_SD:0.228443
$MXCM10033,2,41,20240103,024410,00,0E70FFD6,47EF9B14,00C8,0000,0000,00,9202*14
GPS_PRN:10,25,00,00,00,00,00,00,00,00,00,00,00,00,00,SAT_TAL:00
GPS_SNR:00,00,00,00,00,00,00,00,00,00,00,00,00,00,00,SNR_AVG:0.00
GLO_PRN:00,00,00,00,00,00,00,00,00,00,00,00,00,00,00,SAT_TAL:00
GLO_SNR:00,00,00,00,00,00,00,00,00,00,00,00,00,00,00,SNR_AVG:0.00
GAL_PRN:00,00,00,00,00,00,00,00,00,00,00,00,00,00,00,SAT_TAL:00
GAL_SNR:00,00,00,00,00,00,00,00,00,00,00,00,00,00,00,SNR_AVG:0.00
BEI_PRN:00,00,00,00,00,00,00,00,00,00,00,00,00,00,00,SAT_TAL:00
BEI_SNR:00,00,00,00,00,00,00,00,00,00,00,00,00,00,00,SNR_AVG:0.00
QZS_PRN:00,00,00,00,00,SAT_TAL:00
QZS_SNR:00,00,00,00,00,SNR_AVG:0.00
SatInView:2 GDOP:17319
Roll:-139.496689 Pitch:27.331734
X_AVG:-13.496339 Y_AVG:-16.955599 Z_AVG:-19.613695
X_SD:0.182030 Y_SD:0.080291 Z_SD:0.000000
$MXCM10033,2,42,20240103,024430,00,0E7290B3,47E1D78D,0113,0000,0000,00,9202*63
GPS_PRN:31,25,29,16,23,28,19619919532,26,10,00,00,00,SAT_TAL:07
GPS_SNR:17,23,21,00,28,00,00,00,32,17,00,22,00,00,00,SNR_AVG:22.86
GLO_PRN:00,00,00,00,00,00,00,00,00,00,00,00,00,00,00,SAT_TAL:00
GLO_SNR:00,00,00,00,00,00,00,00,00,00,00,00,00,00,00,SNR_AVG:0.00
GAL_PRN:00,00,00,00,00,00,00,00,00,00,00,00,00,00,00,SAT_TAL:00
GAL_SNR:00,00,00,00,00,00,00,00,00,00,00,00,00,00,00,SNR_AVG:0.00
BEI_PRN:27,20,46,06,16,32,10,28,27,23,00,00,00,00,00,SAT_TAL:02
BEI_SNR:27,00,00,00,00,00,00,00,30,00,00,00,00,00,00,SNR_AVG:28.50
QZS_PRN:00,00,00,00,00,SAT_TAL:00
QZS_SNR:00,00,00,00,00,SNR_AVG:0.00
SatInView:22 GDOP:227
Roll:-168.770950 Pitch:18.765179
X_AVG:-3.435174 Y_AVG:-1.590788 Z_AVG:-19.613695
X_SD:0.198104 Y_SD:0.176020 Z_SD:0.000000
$MXCM10033,2,43,20240103,024641,12,0E70F338,47EFA11A,00E6,0000,2DAD,08,9202*12
GPS_PRN:32,03,23,28,26,31,19619910,25,29,16,00,00,00,SAT_TAL:05
GPS_SNR:36,00,00,18,00,00,20,00,00,00,28,19,00,00,00,SNR_AVG:24.20
GLO_PRN:00,00,00,00,00,00,00,00,00,00,00,00,00,00,00,SAT_TAL:00
GLO_SNR:00,00,00,00,00,00,00,00,00,00,00,00,00,00,00,SNR_AVG:0.00
GAL_PRN:00,00,00,00,00,00,00,00,00,00,00,00,00,00,00,SAT_TAL:00
GAL_SNR:00,00,00,00,00,00,00,00,00,00,00,00,00,00,00,SNR_AVG:0.00
BEI_PRN:23,20,32,27,28,20,03,46,06,16,01,02,32,04,28,SAT_TAL:07
BEI_SNR:16,00,25,17,00,21,00,00,00,00,26,00,26,00,26,SNR_AVG:22.43
QZS_PRN:00,00,00,00,00,SAT_TAL:00
QZS_SNR:00,00,00,00,00,SNR_AVG:0.00
SatInView:28 GDOP:158
Roll:0.000009 Pitch:68.609619
X_AVG:-9.982250 Y_AVG:0.190199 Z_AVG:4.298780
X_SD:0.611028 Y_SD:0.253509 Z_SD:0.246087
$MXCM10033,2,44,20240103,024656,12,0E70FCBC,47EFA2FF,00E1,0000,2DAD,0C,9202*66
GPS_PRN:32,16,03,23,28,26,31,19619910,25,29,00,00,00,SAT_TAL:09
GPS_SNR:36,18,00,20,19,17,00,23,00,24,21,27,00,00,00,SNR_AVG:22.78
GLO_PRN:00,00,00,00,00,00,00,00,00,00,00,00,00,00,00,SAT_TAL:00
GLO_SNR:00,00,00,00,00,00,00,00,00,00,00,00,00,00,00,SNR_AVG:0.00
GAL_PRN:00,00,00,00,00,00,00,00,00,00,00,00,00,00,00,SAT_TAL:00
GAL_SNR:00,00,00,00,00,00,00,00,00,00,00,00,00,00,00,SNR_AVG:0.00
BEI_PRN:23,32,27,28,20,03,46,06,16,01,02,32,04,28,27,SAT_TAL:10
BEI_SNR:20,28,18,18,22,00,17,00,00,28,00,23,00,24,27,SNR_AVG:22.50
QZS_PRN:00,00,00,00,00,SAT_TAL:00
QZS_SNR:00,00,00,00,00,SNR_AVG:0.00
SatInView:27 GDOP:136
Roll:0.000000 Pitch:66.825417
X_AVG:-9.991588 Y_AVG:0.153950 Z_AVG:4.294566
X_SD:0.134657 Y_SD:0.089671 Z_SD:0.173580
$MXCM10033,2,45,20240103,024911,00,0E70FD01,47EFA2E9,00E0,0000,0000,00,9203*13
GPS_PRN:10,25,29,16,00,00,00,00,00,00,00,00,00,00,00,SAT_TAL:00
GPS_SNR:00,00,00,00,00,00,00,00,00,00,00,00,00,00,00,SNR_AVG:0.00
GLO_PRN:00,00,00,00,00,00,00,00,00,00,00,00,00,00,00,SAT_TAL:00
GLO_SNR:00,00,00,00,00,00,00,00,00,00,00,00,00,00,00,SNR_AVG:0.00
GAL_PRN:00,00,00,00,00,00,00,00,00,00,00,00,00,00,00,SAT_TAL:00
GAL_SNR:00,00,00,00,00,00,00,00,00,00,00,00,00,00,00,SNR_AVG:0.00
BEI_PRN:00,00,00,00,00,00,00,00,00,00,00,00,00,00,00,SAT_TAL:00
BEI_SNR:00,00,00,00,00,00,00,00,00,00,00,00,00,00,00,SNR_AVG:0.00
QZS_PRN:00,00,00,00,00,SAT_TAL:00
QZS_SNR:00,00,00,00,00,SNR_AVG:0.00
SatInView:4 GDOP:17319
Roll:-70.499992 Pitch:32.528992
X_AVG:-8.727951 Y_AVG:-12.229637 Z_AVG:3.972156
X_SD:0.305800 Y_SD:0.554537 Z_SD:0.538016
$MXCM10033,2,46,20240103,024926,00,0E61FC1F,47DDC9A2,003F,0000,0000,00,9201*62
GPS_PRN:10,29,23,19932,28,00,00,00,00,00,00,00,00,00,SAT_TAL:04
GPS_SNR:20,29,20,00,19,00,00,00,00,00,00,00,00,00,00,SNR_AVG:22.00
GLO_PRN:00,00,00,00,00,00,00,00,00,00,00,00,00,00,00,SAT_TAL:00
GLO_SNR:00,00,00,00,00,00,00,00,00,00,00,00,00,00,00,SNR_AVG:0.00
GAL_PRN:00,00,00,00,00,00,00,00,00,00,00,00,00,00,00,SAT_TAL:00
GAL_SNR:00,00,00,00,00,00,00,00,00,00,00,00,00,00,00,SNR_AVG:0.00
BEI_PRN:32,03,32,04,62,00,00,00,00,00,00,00,00,00,00,SAT_TAL:04
BEI_SNR:23,00,28,25,30,00,00,00,00,00,00,00,00,00,00,SNR_AVG:26.50
QZS_PRN:00,00,00,00,00,SAT_TAL:00
QZS_SNR:00,00,00,00,00,SNR_AVG:0.00
SatInView:11 GDOP:16990
Roll:127.173050 Pitch:2.720071
X_AVG:-1.704036 Y_AVG:19.613695 Z_AVG:-15.798219
X_SD:0.258784 Y_SD:0.000000 Z_SD:0.292763
$MXCM10033,2,47,20240103,025140,00,0E6CE17F,47EC30C3,0000,0000,368B,00,9202*1A
GPS_PRN:32,29,23,28,19619526,31,10,25,00,00,00,00,00,SAT_TAL:08
GPS_SNR:36,29,25,24,00,34,20,19,33,00,00,00,00,00,00,SNR_AVG:27.50
GLO_PRN:00,00,00,00,00,00,00,00,00,00,00,00,00,00,00,SAT_TAL:00
GLO_SNR:00,00,00,00,00,00,00,00,00,00,00,00,00,00,00,SNR_AVG:0.00
GAL_PRN:00,00,00,00,00,00,00,00,00,00,00,00,00,00,00,SAT_TAL:00
GAL_SNR:00,00,00,00,00,00,00,00,00,00,00,00,00,00,00,SNR_AVG:0.00
BEI_PRN:32,27,28,03,46,01,02,32,04,27,28,46,00,00,00,SAT_TAL:09
BEI_SNR:37,34,28,00,24,29,00,32,33,35,30,00,00,00,00,SNR_AVG:31.33
QZS_PRN:00,00,00,00,00,SAT_TAL:00
QZS_SNR:00,00,00,00,00,SNR_AVG:0.00
SatInView:22 GDOP:190
Roll:-91.134064 Pitch:90.000000
X_AVG:-9.630152 Y_AVG:-2.032670 Z_AVG:-0.876391
X_SD:0.069106 Y_SD:0.060650 Z_SD:0.136512
$MXCM10033,2,48,20240103,025156,12,0E70FA31,47EFA023,00E7,0000,59C6,0A,9202*60
GPS_PRN:32,29,16,23,28,26,19619919531,10,25,00,00,00,SAT_TAL:11
GPS_SNR:36,32,00,21,24,22,18,18,33,18,29,28,00,00,00,SNR_AVG:25.36
GLO_PRN:00,00,00,00,00,00,00,00,00,00,00,00,00,00,00,SAT_TAL:00
GLO_SNR:00,00,00,00,00,00,00,00,00,00,00,00,00,00,00,SNR_AVG:0.00
GAL_PRN:00,00,00,00,00,00,00,00,00,00,00,00,00,00,00,SAT_TAL:00
GAL_SNR:00,00,00,00,00,00,00,00,00,00,00,00,00,00,00,SNR_AVG:0.00
BEI_PRN:27,28,03,46,06,01,02,32,04,27,28,23,32,00,00,SAT_TAL:10
BEI_SNR:36,28,00,24,16,29,00,35,32,33,30,00,38,00,00,SNR_AVG:30.10
QZS_PRN:00,00,00,00,00,SAT_TAL:00
QZS_SNR:00,00,00,00,00,SNR_AVG:0.00
SatInView:25 GDOP:143
Roll:-95.723869 Pitch:90.000000
X_AVG:-9.633983 Y_AVG:-2.038608 Z_AVG:-0.900046
X_SD:0.068291 Y_SD:0.065149 Z_SD:0.135649
$MXCM10033,2,49,20240103,025411,12,0E70F3EB,47EF602C,0029,0000,6BC4,06,9202*63
GPS_PRN:32,23,28,31,10,25,19619929,16,00,00,00,00,00,SAT_TAL:04
GPS_SNR:31,00,00,00,00,33,00,22,37,00,00,00,00,00,00,SNR_AVG:30.75
GLO_PRN:00,00,00,00,00,00,00,00,00,00,00,00,00,00,00,SAT_TAL:00
GLO_SNR:00,00,00,00,00,00,00,00,00,00,00,00,00,00,00,SNR_AVG:0.00
GAL_PRN:00,00,00,00,00,00,00,00,00,00,00,00,00,00,00,SAT_TAL:00
GAL_SNR:00,00,00,00,00,00,00,00,00,00,00,00,00,00,00,SNR_AVG:0.00
BEI_PRN:27,23,32,27,20,03,46,06,01,02,04,32,10,00,00,SAT_TAL:07
BEI_SNR:29,00,21,34,20,00,19,00,00,00,31,35,00,00,00,SNR_AVG:27.00
QZS_PRN:00,00,00,00,00,SAT_TAL:00
QZS_SNR:00,00,00,00,00,SNR_AVG:0.00
SatInView:23 GDOP:307
Roll:-84.454315 Pitch:90.000000
X_AVG:-9.777781 Y_AVG:-1.743253 Z_AVG:-0.404916
X_SD:0.081440 Y_SD:0.064019 Z_SD:0.130082
$MXCM10033,2,50,20240103,025427,12,0E70FF09,47EF838B,003E,0000,25CC,0B,9202*1E
GPS_PRN:32,16,23,28,26,19619931,10,25,29,00,00,00,00,SAT_TAL:09
GPS_SNR:28,00,00,18,20,15,21,16,20,35,33,00,00,00,00,SNR_AVG:22.89
GLO_PRN:00,00,00,00,00,00,00,00,00,00,00,00,00,00,00,SAT_TAL:00
GLO_SNR:00,00,00,00,00,00,00,00,00,00,00,00,00,00,00,SNR_AVG:0.00
GAL_PRN:00,00,00,00,00,00,00,00,00,00,00,00,00,00,00,SAT_TAL:00
GAL_SNR:00,00,00,00,00,00,00,00,00,00,00,00,00,00,00,SNR_AVG:0.00
BEI_PRN:20,32,27,28,20,46,06,01,04,32,08,28,27,23,00,SAT_TAL:12
BEI_SNR:00,20,35,31,22,21,14,26,31,35,19,22,31,00,00,SNR_AVG:25.58
QZS_PRN:00,00,00,00,00,SAT_TAL:00
QZS_SNR:00,00,00,00,00,SNR_AVG:0.00
SatInView:25 GDOP:141
Roll:-84.454384 Pitch:90.000000
X_AVG:-9.776249 Y_AVG:-1.752399 Z_AVG:-0.411284
X_SD:0.078699 Y_SD:0.059176 Z_SD:0.122358
$MXCM10033,2,51,20240103,025642,00,0E70FEEE,47EF83AA,0040,0000,0000,00,9202*6A
GPS_PRN:10,29,16,19600,00,00,00,00,00,00,00,00,00,00,SAT_TAL:01
GPS_SNR:00,00,00,22,00,00,00,00,00,00,00,00,00,00,00,SNR_AVG:22.00
GLO_PRN:00,00,00,00,00,00,00,00,00,00,00,00,00,00,00,SAT_TAL:00
GLO_SNR:00,00,00,00,00,00,00,00,00,00,00,00,00,00,00,SNR_AVG:0.00
GAL_PRN:00,00,00,00,00,00,00,00,00,00,00,00,00,00,00,SAT_TAL:00
GAL_SNR:00,00,00,00,00,00,00,00,00,00,00,00,00,00,00,SNR_AVG:0.00
BEI_PRN:00,00,00,00,00,00,00,00,00,00,00,00,00,00,00,SAT_TAL:00
BEI_SNR:00,00,00,00,00,00,00,00,00,00,00,00,00,00,00,SNR_AVG:0.00
QZS_PRN:00,00,00,00,00,SAT_TAL:00
QZS_SNR:00,00,00,00,00,SNR_AVG:0.00
SatInView:4 GDOP:17319
Roll:135.002029 Pitch:20.309832
X_AVG:-10.605665 Y_AVG:19.613695 Z_AVG:-19.613695
X_SD:0.070703 Y_SD:0.000000 Z_SD:0.000000
$MXCM10033,2,52,20240103,025657,00,0E69DA8E,47F6D09E,001A,0000,7BC5,00,9202*19
GPS_PRN:19928,26,31,10,29,25,16,03,23,19632,00,00,00,SAT_TAL:04
GPS_SNR:00,00,23,15,21,00,00,00,00,00,23,00,00,00,00,SNR_AVG:20.50
GLO_PRN:00,00,00,00,00,00,00,00,00,00,00,00,00,00,00,SAT_TAL:00
GLO_SNR:00,00,00,00,00,00,00,00,00,00,00,00,00,00,00,SNR_AVG:0.00
GAL_PRN:00,00,00,00,00,00,00,00,00,00,00,00,00,00,00,SAT_TAL:00
GAL_SNR:00,00,00,00,00,00,00,00,00,00,00,00,00,00,00,SNR_AVG:0.00
BEI_PRN:13,08,10,20,46,00,00,00,00,00,00,00,00,00,00,SAT_TAL:00
BEI_SNR:00,00,00,00,00,00,00,00,00,00,00,00,00,00,00,SNR_AVG:0.00
QZS_PRN:00,00,00,00,00,SAT_TAL:00
QZS_SNR:00,00,00,00,00,SNR_AVG:0.00
SatInView:17 GDOP:14145
Roll:135.002045 Pitch:20.310097
X_AVG:-10.587038 Y_AVG:19.613695 Z_AVG:-19.613695
X_SD:0.075061 Y_SD:0.000000 Z_SD:0.000000
$MXCM10033,2,53,20240103,025912,00,0E70FEEE,47EF83AA,0040,0000,0000,00,9202*62
GPS_PRN:29,25,00,00,00,00,00,00,00,00,00,00,00,00,00,SAT_TAL:00
GPS_SNR:00,00,00,00,00,00,00,00,00,00,00,00,00,00,00,SNR_AVG:0.00
GLO_PRN:00,00,00,00,00,00,00,00,00,00,00,00,00,00,00,SAT_TAL:00
GLO_SNR:00,00,00,00,00,00,00,00,00,00,00,00,00,00,00,SNR_AVG:0.00
GAL_PRN:00,00,00,00,00,00,00,00,00,00,00,00,00,00,00,SAT_TAL:00
GAL_SNR:00,00,00,00,00,00,00,00,00,00,00,00,00,00,00,SNR_AVG:0.00
BEI_PRN:00,00,00,00,00,00,00,00,00,00,00,00,00,00,00,SAT_TAL:00
BEI_SNR:00,00,00,00,00,00,00,00,00,00,00,00,00,00,00,SNR_AVG:0.00
QZS_PRN:00,00,00,00,00,SAT_TAL:00
QZS_SNR:00,00,00,00,00,SNR_AVG:0.00
SatInView:2 GDOP:17319
Roll:180.000015 Pitch:67.032120
X_AVG:-2.485423 Y_AVG:-0.666559 Z_AVG:-1.120461
X_SD:0.080235 Y_SD:0.054631 Z_SD:0.127656
$MXCM10033,2,54,20240103,025927,00,0E70FEEE,47EF83AA,0040,0000,0000,00,9202*63
GPS_PRN:00,00,00,00,00,00,00,00,00,00,00,00,00,00,00,SAT_TAL:00
GPS_SNR:00,00,00,00,00,00,00,00,00,00,00,00,00,00,00,SNR_AVG:0.00
GLO_PRN:00,00,00,00,00,00,00,00,00,00,00,00,00,00,00,SAT_TAL:00
GLO_SNR:00,00,00,00,00,00,00,00,00,00,00,00,00,00,00,SNR_AVG:0.00
GAL_PRN:00,00,00,00,00,00,00,00,00,00,00,00,00,00,00,SAT_TAL:00
GAL_SNR:00,00,00,00,00,00,00,00,00,00,00,00,00,00,00,SNR_AVG:0.00
BEI_PRN:03,13,08,10,00,00,00,00,00,00,00,00,00,00,00,SAT_TAL:00
BEI_SNR:00,00,00,00,00,00,00,00,00,00,00,00,00,00,00,SNR_AVG:0.00
QZS_PRN:00,00,00,00,00,SAT_TAL:00
QZS_SNR:00,00,00,00,00,SNR_AVG:0.00
SatInView:4 GDOP:17319
Roll:180.000015 Pitch:44.711227
X_AVG:-1.790659 Y_AVG:-0.534205 Z_AVG:-1.546207
X_SD:0.081711 Y_SD:0.061600 Z_SD:0.128295
$MXCM10033,2,55,20240103,030142,00,0E710320,47EF7D01,0040,0000,0000,00,9202*17
GPS_PRN:28,29,00,00,00,00,00,00,00,00,00,00,00,00,00,SAT_TAL:02
GPS_SNR:21,17,00,00,00,00,00,00,00,00,00,00,00,00,00,SNR_AVG:19.00
GLO_PRN:00,00,00,00,00,00,00,00,00,00,00,00,00,00,00,SAT_TAL:00
GLO_SNR:00,00,00,00,00,00,00,00,00,00,00,00,00,00,00,SNR_AVG:0.00
GAL_PRN:00,00,00,00,00,00,00,00,00,00,00,00,00,00,00,SAT_TAL:00
GAL_SNR:00,00,00,00,00,00,00,00,00,00,00,00,00,00,00,SNR_AVG:0.00
BEI_PRN:04,08,05,00,00,00,00,00,00,00,00,00,00,00,00,SAT_TAL:00
BEI_SNR:00,00,00,00,00,00,00,00,00,00,00,00,00,00,00,SNR_AVG:0.00
QZS_PRN:00,00,00,00,00,SAT_TAL:00
QZS_SNR:00,00,00,00,00,SNR_AVG:0.00
SatInView:5 GDOP:13755
Roll:0.000000 Pitch:25.787899
X_AVG:-9.473089 Y_AVG:0.144900 Z_AVG:19.604118
X_SD:0.074299 Y_SD:0.059418 Z_SD:0.000000
$MXCM10033,2,56,20240103,030157,00,0E71017C,47EF7F9B,0040,0000,3068,00,9202*11
GPS_PRN:28,29,00,00,00,00,00,00,00,00,00,00,00,00,00,SAT_TAL:02
GPS_SNR:21,18,00,00,00,00,00,00,00,00,00,00,00,00,00,SNR_AVG:19.50
GLO_PRN:00,00,00,00,00,00,00,00,00,00,00,00,00,00,00,SAT_TAL:00
GLO_SNR:00,00,00,00,00,00,00,00,00,00,00,00,00,00,00,SNR_AVG:0.00
GAL_PRN:00,00,00,00,00,00,00,00,00,00,00,00,00,00,00,SAT_TAL:00
GAL_SNR:00,00,00,00,00,00,00,00,00,00,00,00,00,00,00,SNR_AVG:0.00
BEI_PRN:00,00,00,00,00,00,00,00,00,00,00,00,00,00,00,SAT_TAL:00
BEI_SNR:00,00,00,00,00,00,00,00,00,00,00,00,00,00,00,SNR_AVG:0.00
QZS_PRN:00,00,00,00,00,SAT_TAL:00
QZS_SNR:00,00,00,00,00,SNR_AVG:0.00
SatInView:2 GDOP:13757
Roll:0.000000 Pitch:25.823475
X_AVG:-9.469163 Y_AVG:0.151604 Z_AVG:19.604118
X_SD:0.082469 Y_SD:0.063412 Z_SD:0.000000
$MXCM10033,2,57,20240103,030412,00,0E70FEEE,47EF83AA,0040,0000,0000,00,9202*6F
GPS_PRN:29,16,00,00,00,00,00,00,00,00,00,00,00,00,00,SAT_TAL:00
GPS_SNR:00,00,00,00,00,00,00,00,00,00,00,00,00,00,00,SNR_AVG:0.00
GLO_PRN:00,00,00,00,00,00,00,00,00,00,00,00,00,00,00,SAT_TAL:00
GLO_SNR:00,00,00,00,00,00,00,00,00,00,00,00,00,00,00,SNR_AVG:0.00
GAL_PRN:00,00,00,00,00,00,00,00,00,00,00,00,00,00,00,SAT_TAL:00
GAL_SNR:00,00,00,00,00,00,00,00,00,00,00,00,00,00,00,SNR_AVG:0.00
BEI_PRN:00,00,00,00,00,00,00,00,00,00,00,00,00,00,00,SAT_TAL:00
BEI_SNR:00,00,00,00,00,00,00,00,00,00,00,00,00,00,00,SNR_AVG:0.00
QZS_PRN:00,00,00,00,00,SAT_TAL:00
QZS_SNR:00,00,00,00,00,SNR_AVG:0.00
SatInView:2 GDOP:19998
Roll:0.000000 Pitch:25.787899
X_AVG:-9.470072 Y_AVG:0.143703 Z_AVG:19.604118
X_SD:0.076327 Y_SD:0.056816 Z_SD:0.000000
$MXCM10033,2,58,20240103,030427,00,0E70FEEE,47EF83AA,0040,0000,0000,00,9202*66
GPS_PRN:25,00,00,00,00,00,00,00,00,00,00,00,00,00,00,SAT_TAL:01
GPS_SNR:23,00,00,00,00,00,00,00,00,00,00,00,00,00,00,SNR_AVG:23.00
GLO_PRN:00,00,00,00,00,00,00,00,00,00,00,00,00,00,00,SAT_TAL:00
GLO_SNR:00,00,00,00,00,00,00,00,00,00,00,00,00,00,00,SNR_AVG:0.00
GAL_PRN:00,00,00,00,00,00,00,00,00,00,00,00,00,00,00,SAT_TAL:00
GAL_SNR:00,00,00,00,00,00,00,00,00,00,00,00,00,00,00,SNR_AVG:0.00
BEI_PRN:01,04,05,00,00,00,00,00,00,00,00,00,00,00,00,SAT_TAL:00
BEI_SNR:00,00,00,00,00,00,00,00,00,00,00,00,00,00,00,SNR_AVG:0.00
QZS_PRN:00,00,00,00,00,SAT_TAL:00
QZS_SNR:00,00,00,00,00,SNR_AVG:0.00
SatInView:4 GDOP:17053
Roll:0.000000 Pitch:25.823475
X_AVG:-9.473329 Y_AVG:0.141835 Z_AVG:19.604118
X_SD:0.087458 Y_SD:0.059903 Z_SD:0.000000
$MXCM10033,2,59,20240103,030642,00,0E70FEEE,47EF83AA,0040,0000,0000,00,9202*66
GPS_PRN:29,16,10,00,00,00,00,00,00,00,00,00,00,00,00,SAT_TAL:00
GPS_SNR:00,00,00,00,00,00,00,00,00,00,00,00,00,00,00,SNR_AVG:0.00
GLO_PRN:00,00,00,00,00,00,00,00,00,00,00,00,00,00,00,SAT_TAL:00
GLO_SNR:00,00,00,00,00,00,00,00,00,00,00,00,00,00,00,SNR_AVG:0.00
GAL_PRN:00,00,00,00,00,00,00,00,00,00,00,00,00,00,00,SAT_TAL:00
GAL_SNR:00,00,00,00,00,00,00,00,00,00,00,00,00,00,00,SNR_AVG:0.00
BEI_PRN:00,00,00,00,00,00,00,00,00,00,00,00,00,00,00,SAT_TAL:00
BEI_SNR:00,00,00,00,00,00,00,00,00,00,00,00,00,00,00,SNR_AVG:0.00
QZS_PRN:00,00,00,00,00,SAT_TAL:00
QZS_SNR:00,00,00,00,00,SNR_AVG:0.00
SatInView:3 GDOP:19998
Roll:0.000000 Pitch:25.787899
X_AVG:-9.465332 Y_AVG:0.146193 Z_AVG:19.604118
X_SD:0.076126 Y_SD:0.065380 Z_SD:0.000000
$MXCM10033,2,60,20240103,030657,00,0E70FEEE,47EF83AA,0040,0000,0000,00,9202*68
GPS_PRN:25,00,00,00,00,00,00,00,00,00,00,00,00,00,00,SAT_TAL:01
GPS_SNR:22,00,00,00,00,00,00,00,00,00,00,00,00,00,00,SNR_AVG:22.00
GLO_PRN:00,00,00,00,00,00,00,00,00,00,00,00,00,00,00,SAT_TAL:00
GLO_SNR:00,00,00,00,00,00,00,00,00,00,00,00,00,00,00,SNR_AVG:0.00
GAL_PRN:00,00,00,00,00,00,00,00,00,00,00,00,00,00,00,SAT_TAL:00
GAL_SNR:00,00,00,00,00,00,00,00,00,00,00,00,00,00,00,SNR_AVG:0.00
BEI_PRN:03,01,02,04,08,10,05,00,00,00,00,00,00,00,00,SAT_TAL:00
BEI_SNR:00,00,00,00,00,00,00,00,00,00,00,00,00,00,00,SNR_AVG:0.00
QZS_PRN:00,00,00,00,00,SAT_TAL:00
QZS_SNR:00,00,00,00,00,SNR_AVG:0.00
SatInView:8 GDOP:17075
Roll:0.000000 Pitch:25.823475
X_AVG:-9.474957 Y_AVG:0.138531 Z_AVG:19.604118
X_SD:0.075297 Y_SD:0.056292 Z_SD:0.000000
$MXCM10033,2,61,20240103,030912,00,0E70FEEE,47EF83AA,0040,0000,0000,00,9202*67
GPS_PRN:16,10,25,00,00,00,00,00,00,00,00,00,00,00,00,SAT_TAL:00
GPS_SNR:00,00,00,00,00,00,00,00,00,00,00,00,00,00,00,SNR_AVG:0.00
GLO_PRN:00,00,00,00,00,00,00,00,00,00,00,00,00,00,00,SAT_TAL:00
GLO_SNR:00,00,00,00,00,00,00,00,00,00,00,00,00,00,00,SNR_AVG:0.00
GAL_PRN:00,00,00,00,00,00,00,00,00,00,00,00,00,00,00,SAT_TAL:00
GAL_SNR:00,00,00,00,00,00,00,00,00,00,00,00,00,00,00,SNR_AVG:0.00
BEI_PRN:00,00,00,00,00,00,00,00,00,00,00,00,00,00,00,SAT_TAL:00
BEI_SNR:00,00,00,00,00,00,00,00,00,00,00,00,00,00,00,SNR_AVG:0.00
QZS_PRN:00,00,00,00,00,SAT_TAL:00
QZS_SNR:00,00,00,00,00,SNR_AVG:0.00
SatInView:3 GDOP:19998
Roll:0.000000 Pitch:25.787899
X_AVG:-9.522315 Y_AVG:0.145139 Z_AVG:19.604118
X_SD:0.071415 Y_SD:0.057726 Z_SD:0.000000
$MXCM10033,2,62,20240103,030927,00,0E6D97DE,47EE12D0,0040,0000,0000,00,9202*64
GPS_PRN:10,25,00,00,00,00,00,00,00,00,00,00,00,00,00,SAT_TAL:02
GPS_SNR:22,23,00,00,00,00,00,00,00,00,00,00,00,00,00,SNR_AVG:22.50
GLO_PRN:00,00,00,00,00,00,00,00,00,00,00,00,00,00,00,SAT_TAL:00
GLO_SNR:00,00,00,00,00,00,00,00,00,00,00,00,00,00,00,SNR_AVG:0.00
GAL_PRN:00,00,00,00,00,00,00,00,00,00,00,00,00,00,00,SAT_TAL:00
GAL_SNR:00,00,00,00,00,00,00,00,00,00,00,00,00,00,00,SNR_AVG:0.00
BEI_PRN:05,00,00,00,00,00,00,00,00,00,00,00,00,00,00,SAT_TAL:00
BEI_SNR:00,00,00,00,00,00,00,00,00,00,00,00,00,00,00,SNR_AVG:0.00
QZS_PRN:00,00,00,00,00,SAT_TAL:00
QZS_SNR:00,00,00,00,00,SNR_AVG:0.00
SatInView:3 GDOP:11801
Roll:0.000000 Pitch:25.823475
X_AVG:-9.520974 Y_AVG:0.140782 Z_AVG:19.604118
X_SD:0.101907 Y_SD:0.065482 Z_SD:0.000000
$MXCM10033,2,63,20240103,031142,00,0E70FEEE,47EF83AA,0040,0000,0000,00,9202*69
GPS_PRN:28,31,10,25,03,00,00,00,00,00,00,00,00,00,00,SAT_TAL:01
GPS_SNR:00,17,00,00,00,00,00,00,00,00,00,00,00,00,00,SNR_AVG:17.00
GLO_PRN:00,00,00,00,00,00,00,00,00,00,00,00,00,00,00,SAT_TAL:00
GLO_SNR:00,00,00,00,00,00,00,00,00,00,00,00,00,00,00,SNR_AVG:0.00
GAL_PRN:00,00,00,00,00,00,00,00,00,00,00,00,00,00,00,SAT_TAL:00
GAL_SNR:00,00,00,00,00,00,00,00,00,00,00,00,00,00,00,SNR_AVG:0.00
BEI_PRN:00,00,00,00,00,00,00,00,00,00,00,00,00,00,00,SAT_TAL:00
BEI_SNR:00,00,00,00,00,00,00,00,00,00,00,00,00,00,00,SNR_AVG:0.00
QZS_PRN:00,00,00,00,00,SAT_TAL:00
QZS_SNR:00,00,00,00,00,SNR_AVG:0.00
SatInView:5 GDOP:16324
Roll:0.000000 Pitch:25.787899
X_AVG:-9.517670 Y_AVG:0.131157 Z_AVG:19.604118
X_SD:0.079626 Y_SD:0.058083 Z_SD:0.000000
$MXCM10033,2,64,20240103,031157,00,0E6CE16E,47F0C1C0,003E,0000,0000,00,9202*11
GPS_PRN:31,10,00,00,00,00,00,00,00,00,00,00,00,00,00,SAT_TAL:02
GPS_SNR:17,20,00,00,00,00,00,00,00,00,00,00,00,00,00,SNR_AVG:18.50
GLO_PRN:00,00,00,00,00,00,00,00,00,00,00,00,00,00,00,SAT_TAL:00
GLO_SNR:00,00,00,00,00,00,00,00,00,00,00,00,00,00,00,SNR_AVG:0.00
GAL_PRN:00,00,00,00,00,00,00,00,00,00,00,00,00,00,00,SAT_TAL:00
GAL_SNR:00,00,00,00,00,00,00,00,00,00,00,00,00,00,00,SNR_AVG:0.00
BEI_PRN:00,00,00,00,00,00,00,00,00,00,00,00,00,00,00,SAT_TAL:00
BEI_SNR:00,00,00,00,00,00,00,00,00,00,00,00,00,00,00,SNR_AVG:0.00
QZS_PRN:00,00,00,00,00,SAT_TAL:00
QZS_SNR:00,00,00,00,00,SNR_AVG:0.00
SatInView:2 GDOP:11331
Roll:0.000000 Pitch:25.823475
X_AVG:-9.502347 Y_AVG:0.144852 Z_AVG:19.604118
X_SD:0.073521 Y_SD:0.064065 Z_SD:0.000000
$MXCM10033,2,65,20240103,031412,00,0E70FEEE,47EF83AA,0040,0000,0000,00,9202*6F
GPS_PRN:16,10,25,03,00,00,00,00,00,00,00,00,00,00,00,SAT_TAL:00
GPS_SNR:00,00,00,00,00,00,00,00,00,00,00,00,00,00,00,SNR_AVG:0.00
GLO_PRN:00,00,00,00,00,00,00,00,00,00,00,00,00,00,00,SAT_TAL:00
GLO_SNR:00,00,00,00,00,00,00,00,00,00,00,00,00,00,00,SNR_AVG:0.00
GAL_PRN:00,00,00,00,00,00,00,00,00,00,00,00,00,00,00,SAT_TAL:00
GAL_SNR:00,00,00,00,00,00,00,00,00,00,00,00,00,00,00,SNR_AVG:0.00
BEI_PRN:00,00,00,00,00,00,00,00,00,00,00,00,00,00,00,SAT_TAL:00
BEI_SNR:00,00,00,00,00,00,00,00,00,00,00,00,00,00,00,SNR_AVG:0.00
QZS_PRN:00,00,00,00,00,SAT_TAL:00
QZS_SNR:00,00,00,00,00,SNR_AVG:0.00
SatInView:4 GDOP:19998
Roll:0.000000 Pitch:25.787899
X_AVG:-9.533376 Y_AVG:0.149353 Z_AVG:19.604118
X_SD:0.083109 Y_SD:0.063650 Z_SD:0.000000
$MXCM10033,2,66,20240103,031427,00,0E70FEEE,47EF83AA,0040,0000,0000,00,9202*6A
GPS_PRN:25,19500,00,00,00,00,00,00,00,00,00,00,00,00,SAT_TAL:02
GPS_SNR:25,19,00,00,00,00,00,00,00,00,00,00,00,00,00,SNR_AVG:22.00
GLO_PRN:00,00,00,00,00,00,00,00,00,00,00,00,00,00,00,SAT_TAL:00
GLO_SNR:00,00,00,00,00,00,00,00,00,00,00,00,00,00,00,SNR_AVG:0.00
GAL_PRN:00,00,00,00,00,00,00,00,00,00,00,00,00,00,00,SAT_TAL:00
GAL_SNR:00,00,00,00,00,00,00,00,00,00,00,00,00,00,00,SNR_AVG:0.00
BEI_PRN:00,00,00,00,00,00,00,00,00,00,00,00,00,00,00,SAT_TAL:00
BEI_SNR:00,00,00,00,00,00,00,00,00,00,00,00,00,00,00,SNR_AVG:0.00
QZS_PRN:00,00,00,00,00,SAT_TAL:00
QZS_SNR:00,00,00,00,00,SNR_AVG:0.00
SatInView:2 GDOP:17136
Roll:0.000000 Pitch:25.823475
X_AVG:-9.521645 Y_AVG:0.152226 Z_AVG:19.604118
X_SD:0.069479 Y_SD:0.059765 Z_SD:0.000000
$MXCM10033,2,67,20240103,031642,00,0E70FEEE,47EF83AA,0040,0000,0000,00,9202*6A
GPS_PRN:16,10,25,00,00,00,00,00,00,00,00,00,00,00,00,SAT_TAL:01
GPS_SNR:20,00,00,00,00,00,00,00,00,00,00,00,00,00,00,SNR_AVG:20.00
GLO_PRN:00,00,00,00,00,00,00,00,00,00,00,00,00,00,00,SAT_TAL:00
GLO_SNR:00,00,00,00,00,00,00,00,00,00,00,00,00,00,00,SNR_AVG:0.00
GAL_PRN:00,00,00,00,00,00,00,00,00,00,00,00,00,00,00,SAT_TAL:00
GAL_SNR:00,00,00,00,00,00,00,00,00,00,00,00,00,00,00,SNR_AVG:0.00
BEI_PRN:00,00,00,00,00,00,00,00,00,00,00,00,00,00,00,SAT_TAL:00
BEI_SNR:00,00,00,00,00,00,00,00,00,00,00,00,00,00,00,SNR_AVG:0.00
QZS_PRN:00,00,00,00,00,SAT_TAL:00
QZS_SNR:00,00,00,00,00,SNR_AVG:0.00
SatInView:3 GDOP:19998
Roll:0.000000 Pitch:25.787899
X_AVG:-9.542858 Y_AVG:0.140399 Z_AVG:19.604118
X_SD:0.064291 Y_SD:0.057847 Z_SD:0.000000
$MXCM10033,2,68,20240103,031657,00,0E70FEE0,47EF84F4,0040,0000,6B0A,00,9202*64
GPS_PRN:16,19500,00,00,00,00,00,00,00,00,00,00,00,00,SAT_TAL:02
GPS_SNR:23,28,00,00,00,00,00,00,00,00,00,00,00,00,00,SNR_AVG:25.50
GLO_PRN:00,00,00,00,00,00,00,00,00,00,00,00,00,00,00,SAT_TAL:00
GLO_SNR:00,00,00,00,00,00,00,00,00,00,00,00,00,00,00,SNR_AVG:0.00
GAL_PRN:00,00,00,00,00,00,00,00,00,00,00,00,00,00,00,SAT_TAL:00
GAL_SNR:00,00,00,00,00,00,00,00,00,00,00,00,00,00,00,SNR_AVG:0.00
BEI_PRN:27,27,00,00,00,00,00,00,00,00,00,00,00,00,00,SAT_TAL:02
BEI_SNR:25,18,00,00,00,00,00,00,00,00,00,00,00,00,00,SNR_AVG:21.50
QZS_PRN:00,00,00,00,00,SAT_TAL:00
QZS_SNR:00,00,00,00,00,SNR_AVG:0.00
SatInView:4 GDOP:12729
Roll:0.000000 Pitch:25.823475
X_AVG:-9.524087 Y_AVG:0.145187 Z_AVG:19.604118
X_SD:0.079886 Y_SD:0.056264 Z_SD:0.000000
$MXCM10033,2,69,20240103,031912,00,0E70E4B5,47EF916F,0077,0000,0000,00,9202*1C
GPS_PRN:32,16,29,10,25,03,00,00,00,00,00,00,00,00,00,SAT_TAL:04
GPS_SNR:23,25,21,00,22,00,00,00,00,00,00,00,00,00,00,SNR_AVG:22.75
GLO_PRN:00,00,00,00,00,00,00,00,00,00,00,00,00,00,00,SAT_TAL:00
GLO_SNR:00,00,00,00,00,00,00,00,00,00,00,00,00,00,00,SNR_AVG:0.00
GAL_PRN:00,00,00,00,00,00,00,00,00,00,00,00,00,00,00,SAT_TAL:00
GAL_SNR:00,00,00,00,00,00,00,00,00,00,00,00,00,00,00,SNR_AVG:0.00
BEI_PRN:20,46,32,00,00,00,00,00,00,00,00,00,00,00,00,SAT_TAL:00
BEI_SNR:00,00,00,00,00,00,00,00,00,00,00,00,00,00,00,SNR_AVG:0.00
QZS_PRN:00,00,00,00,00,SAT_TAL:00
QZS_SNR:00,00,00,00,00,SNR_AVG:0.00
SatInView:9 GDOP:254
Roll:0.000000 Pitch:25.787899
X_AVG:-9.510535 Y_AVG:0.114110 Z_AVG:19.604118
X_SD:0.069018 Y_SD:0.058575 Z_SD:0.000000
$MXCM10033,2,70,20240103,031928,12,0E711385,47EF860A,00B6,0000,3D40,08,9202*1E
GPS_PRN:32,25,26,28,31,16,29,19919610,03,00,00,00,00,SAT_TAL:07
GPS_SNR:21,20,00,20,00,24,20,00,18,16,00,00,00,00,00,SNR_AVG:19.86
GLO_PRN:00,00,00,00,00,00,00,00,00,00,00,00,00,00,00,SAT_TAL:00
GLO_SNR:00,00,00,00,00,00,00,00,00,00,00,00,00,00,00,SNR_AVG:0.00
GAL_PRN:00,00,00,00,00,00,00,00,00,00,00,00,00,00,00,SAT_TAL:00
GAL_SNR:00,00,00,00,00,00,00,00,00,00,00,00,00,00,00,SNR_AVG:0.00
BEI_PRN:32,27,28,32,27,20,03,46,06,16,01,02,04,13,08,SAT_TAL:03
BEI_SNR:20,21,00,00,00,00,00,00,14,00,00,00,00,00,00,SNR_AVG:18.33
QZS_PRN:00,00,00,00,00,SAT_TAL:00
QZS_SNR:00,00,00,00,00,SNR_AVG:0.00
SatInView:26 GDOP:158
Roll:0.000000 Pitch:25.823475
X_AVG:-9.515036 Y_AVG:0.116408 Z_AVG:19.604118
X_SD:0.075567 Y_SD:0.057503 Z_SD:0.000000
$MXCM10033,3*35
$MXCM001,10033,0*2B
======== Tracker Setting ========
[System]
COMPort:COM9
SerialNumber:MX231218CW000008
FirmwareVersion:231220163813_v1.0.CN
[Periodic]
Enable:1
Stage:2
WorkMode:0
T0:15
T1:270
T2:120
T3:30
T4:120
FirstFixStage:2
TraceFixStage:27
PeriodicCycle:28
[Dynamic]
Enable:0
PrecisionChk:0
T5:45
T6:175
[Geofencing]
Enable:0
T7:20
T8:60
DistanceThreshold:1000
DestinationLongitude:121.2237164
DestinationLatitude:24.9698319
DestinationAltitude:154
[MotionDetection]
Enable:1
Angle:45
DataRate:200
SampleFrequency:50
[GPS_EPO]
EpoDataNumber:12
FWN:2295
FTOW:172800
LWN:2295
LTOW:432000
[GLO_EPO]
EpoDataNumber:12
FWN:2295
FTOW:172800
LWN:2295
LTOW:432000
[GAL_EPO]
EpoDataNumber:0
FWN:0
FTOW:0
LWN:0
LTOW:0
[BEI_EPO]
EpoDataNumber:0
FWN:0
FTOW:0
LWN:0
LTOW:0
