$MXCM10033,0*36
$MXCM10033,1,105,212*32
$MXCM10033,2,1,19800105,235956,00,35A4E8F5,00000000,0089,0000,0000,00,C102*2F
GPS_PRN:00,00,00,00,00,00,00,00,00,00,00,00,00,00,00,SAT_TAL:00
GPS_SNR:00,00,00,00,00,00,00,00,00,00,00,00,00,00,00,SNR_AVG:0.00
GLO_PRN:00,00,00,00,00,00,00,00,00,00,00,00,00,00,00,SAT_TAL:00
GLO_SNR:00,00,00,00,00,00,00,00,00,00,00,00,00,00,00,SNR_AVG:0.00
GAL_PRN:00,00,00,00,00,00,00,00,00,00,00,00,00,00,00,SAT_TAL:00
GAL_SNR:00,00,00,00,00,00,00,00,00,00,00,00,00,00,00,SNR_AVG:0.00
BEI_PRN:00,00,00,00,00,00,00,00,00,00,00,00,00,00,00,SAT_TAL:00
BEI_SNR:00,00,00,00,00,00,00,00,00,00,00,00,00,00,00,SNR_AVG:0.00
QZS_PRN:00,00,00,00,00,SAT_TAL:00
QZS_SNR:00,00,00,00,00,SNR_AVG:0.00
SatInView:0 GDOP:19998
Roll:44.230949 Pitch:2.928607
X_AVG:-0.590757 Y_AVG:5.112346 Z_AVG:6.960228
X_SD:0.913208 Y_SD:1.559728 Z_SD:0.797905
$MXCM10033,2,2,19800106,000011,00,35A4E8F5,00000000,0089,0000,0000,00,C102*21
GPS_PRN:28,19600,00,00,00,00,00,00,00,00,00,00,00,00,SAT_TAL:02
GPS_SNR:34,33,00,00,00,00,00,00,00,00,00,00,00,00,00,SNR_AVG:33.50
GLO_PRN:00,00,00,00,00,00,00,00,00,00,00,00,00,00,00,SAT_TAL:00
GLO_SNR:00,00,00,00,00,00,00,00,00,00,00,00,00,00,00,SNR_AVG:0.00
GAL_PRN:00,00,00,00,00,00,00,00,00,00,00,00,00,00,00,SAT_TAL:00
GAL_SNR:00,00,00,00,00,00,00,00,00,00,00,00,00,00,00,SNR_AVG:0.00
BEI_PRN:00,00,00,00,00,00,00,00,00,00,00,00,00,00,00,SAT_TAL:00
BEI_SNR:00,00,00,00,00,00,00,00,00,00,00,00,00,00,00,SNR_AVG:0.00
QZS_PRN:00,00,00,00,00,SAT_TAL:00
QZS_SNR:00,00,00,00,00,SNR_AVG:0.00
SatInView:2 GDOP:19998
Roll:115.547005 Pitch:-45.686169
X_AVG:6.668704 Y_AVG:7.299685 Z_AVG:-2.856053
X_SD:13.663790 Y_SD:11.910358 Z_SD:10.067725
$MXCM10033,2,3,19800106,000025,00,35A4E8F5,00000000,0089,0000,0000,00,C102*27
GPS_PRN:19616,09,08,18,31,04,28,27,19419500,00,00,00,SAT_TAL:11
GPS_SNR:33,37,34,36,33,37,36,35,38,38,35,00,00,00,00,SNR_AVG:35.64
GLO_PRN:75,00,00,00,00,00,00,00,00,00,00,00,00,00,00,SAT_TAL:01
GLO_SNR:34,00,00,00,00,00,00,00,00,00,00,00,00,00,00,SNR_AVG:34.00
GAL_PRN:00,00,00,00,00,00,00,00,00,00,00,00,00,00,00,SAT_TAL:00
GAL_SNR:00,00,00,00,00,00,00,00,00,00,00,00,00,00,00,SNR_AVG:0.00
BEI_PRN:00,00,00,00,00,00,00,00,00,00,00,00,00,00,00,SAT_TAL:00
BEI_SNR:00,00,00,00,00,00,00,00,00,00,00,00,00,00,00,SNR_AVG:0.00
QZS_PRN:00,00,00,00,00,SAT_TAL:00
QZS_SNR:00,00,00,00,00,SNR_AVG:0.00
SatInView:12 GDOP:19998
Roll:105.002869 Pitch:-57.363552
X_AVG:11.749255 Y_AVG:7.779636 Z_AVG:-1.584993
X_SD:6.353413 Y_SD:7.293455 Z_SD:5.097259
$MXCM10033,2,4,19800109,061056,00,35A4E8F5,00000000,0089,0000,0000,00,C101*2F
GPS_PRN:19628,16,09,08,18,31,04,27,03,26,19519400,00,SAT_TAL:13
GPS_SNR:33,34,35,32,36,34,36,36,38,33,33,34,34,00,00,SNR_AVG:34.46
GLO_PRN:75,00,00,00,00,00,00,00,00,00,00,00,00,00,00,SAT_TAL:01
GLO_SNR:33,00,00,00,00,00,00,00,00,00,00,00,00,00,00,SNR_AVG:33.00
GAL_PRN:00,00,00,00,00,00,00,00,00,00,00,00,00,00,00,SAT_TAL:00
GAL_SNR:00,00,00,00,00,00,00,00,00,00,00,00,00,00,00,SNR_AVG:0.00
BEI_PRN:00,00,00,00,00,00,00,00,00,00,00,00,00,00,00,SAT_TAL:00
BEI_SNR:00,00,00,00,00,00,00,00,00,00,00,00,00,00,00,SNR_AVG:0.00
QZS_PRN:00,00,00,00,00,SAT_TAL:00
QZS_SNR:00,00,00,00,00,SNR_AVG:0.00
SatInView:14 GDOP:19998
Roll:102.452156 Pitch:-34.537685
X_AVG:4.738316 Y_AVG:6.460069 Z_AVG:-3.675174
X_SD:11.535783 Y_SD:10.637229 Z_SD:6.645605
$MXCM10033,2,5,20240103,061110,12,0E9983EF,47EDC7D1,0068,0006,0B9A,0D,C102*57
GPS_PRN:27,16,04,31,26,08,28,09,18,03,19919619519400,SAT_TAL:14
GPS_SNR:36,33,22,36,35,25,35,30,35,26,28,33,36,33,00,SNR_AVG:31.64
GLO_PRN:72,84,65,66,76,74,00,00,00,00,00,00,00,00,00,SAT_TAL:04
GLO_SNR:32,18,23,00,31,00,00,00,00,00,00,00,00,00,00,SNR_AVG:26.00
GAL_PRN:00,00,00,00,00,00,00,00,00,00,00,00,00,00,00,SAT_TAL:00
GAL_SNR:00,00,00,00,00,00,00,00,00,00,00,00,00,00,00,SNR_AVG:0.00
BEI_PRN:00,00,00,00,00,00,00,00,00,00,00,00,00,00,00,SAT_TAL:00
BEI_SNR:00,00,00,00,00,00,00,00,00,00,00,00,00,00,00,SNR_AVG:0.00
QZS_PRN:00,00,00,00,00,SAT_TAL:00
QZS_SNR:00,00,00,00,00,SNR_AVG:0.00
SatInView:20 GDOP:155
Roll:94.729004 Pitch:-62.046459
X_AVG:8.782683 Y_AVG:5.931802 Z_AVG:-2.069829
X_SD:7.624788 Y_SD:7.490723 Z_SD:5.608893
$MXCM10033,2,6,20240103,061125,12,0E996CB3,47EDF65B,007F,0011,41EA,0E,C102*2B
GPS_PRN:27,16,04,31,26,08,28,09,18,03,19919619519400,SAT_TAL:14
GPS_SNR:37,36,35,33,22,36,32,35,24,33,28,34,34,31,00,SNR_AVG:32.14
GLO_PRN:72,84,65,66,76,74,00,00,00,00,00,00,00,00,00,SAT_TAL:06
GLO_SNR:34,14,34,36,37,22,00,00,00,00,00,00,00,00,00,SNR_AVG:29.50
GAL_PRN:00,00,00,00,00,00,00,00,00,00,00,00,00,00,00,SAT_TAL:00
GAL_SNR:00,00,00,00,00,00,00,00,00,00,00,00,00,00,00,SNR_AVG:0.00
BEI_PRN:00,00,00,00,00,00,00,00,00,00,00,00,00,00,00,SAT_TAL:00
BEI_SNR:00,00,00,00,00,00,00,00,00,00,00,00,00,00,00,SNR_AVG:0.00
QZS_PRN:00,00,00,00,00,SAT_TAL:00
QZS_SNR:00,00,00,00,00,SNR_AVG:0.00
SatInView:20 GDOP:151
Roll:100.385353 Pitch:-62.825138
X_AVG:9.596441 Y_AVG:6.682878 Z_AVG:-1.375975
X_SD:7.999042 Y_SD:8.137684 Z_SD:6.751831
$MXCM10033,2,7,20240103,061140,12,0E9921A8,47EDE456,0090,0011,39D2,0E,C102*27
GPS_PRN:27,16,04,31,26,08,28,09,18,03,19919619519400,SAT_TAL:14
GPS_SNR:37,35,36,38,37,36,33,25,34,32,28,33,35,35,00,SNR_AVG:33.86
GLO_PRN:72,84,65,66,76,74,00,00,00,00,00,00,00,00,00,SAT_TAL:06
GLO_SNR:35,20,32,29,27,28,00,00,00,00,00,00,00,00,00,SNR_AVG:28.50
GAL_PRN:00,00,00,00,00,00,00,00,00,00,00,00,00,00,00,SAT_TAL:00
GAL_SNR:00,00,00,00,00,00,00,00,00,00,00,00,00,00,00,SNR_AVG:0.00
BEI_PRN:00,00,00,00,00,00,00,00,00,00,00,00,00,00,00,SAT_TAL:00
BEI_SNR:00,00,00,00,00,00,00,00,00,00,00,00,00,00,00,SNR_AVG:0.00
QZS_PRN:00,00,00,00,00,SAT_TAL:00
QZS_SNR:00,00,00,00,00,SNR_AVG:0.00
SatInView:20 GDOP:111
Roll:103.258720 Pitch:-66.263374
X_AVG:11.653485 Y_AVG:6.326853 Z_AVG:-1.837491
X_SD:7.358418 Y_SD:8.479782 Z_SD:6.407318
$MXCM10033,2,8,20240103,061155,12,0E993B3E,47EE0B93,0096,000C,020D,0D,C102*24
GPS_PRN:27,16,04,31,26,08,28,09,18,03,19919619519400,SAT_TAL:14
GPS_SNR:38,36,31,39,37,32,36,31,34,26,29,34,36,35,00,SNR_AVG:33.86
GLO_PRN:72,84,65,66,76,74,00,00,00,00,00,00,00,00,00,SAT_TAL:04
GLO_SNR:34,21,21,00,33,00,00,00,00,00,00,00,00,00,00,SNR_AVG:27.25
GAL_PRN:00,00,00,00,00,00,00,00,00,00,00,00,00,00,00,SAT_TAL:00
GAL_SNR:00,00,00,00,00,00,00,00,00,00,00,00,00,00,00,SNR_AVG:0.00
BEI_PRN:00,00,00,00,00,00,00,00,00,00,00,00,00,00,00,SAT_TAL:00
BEI_SNR:00,00,00,00,00,00,00,00,00,00,00,00,00,00,00,SNR_AVG:0.00
QZS_PRN:00,00,00,00,00,SAT_TAL:00
QZS_SNR:00,00,00,00,00,SNR_AVG:0.00
SatInView:20 GDOP:155
Roll:123.181732 Pitch:-65.437469
X_AVG:11.247420 Y_AVG:5.711052 Z_AVG:-1.623158
X_SD:7.685800 Y_SD:7.585371 Z_SD:4.494965
$MXCM10033,2,9,20240103,061210,12,0E991022,47EE4003,0084,001F,3EED,10,C102*2D
GPS_PRN:16,04,31,26,08,28,09,18,03,19419919519600,00,SAT_TAL:13
GPS_SNR:28,37,36,28,37,35,30,32,33,34,29,36,35,00,00,SNR_AVG:33.08
GLO_PRN:72,84,65,66,76,74,00,00,00,00,00,00,00,00,00,SAT_TAL:05
GLO_SNR:00,18,33,32,32,27,00,00,00,00,00,00,00,00,00,SNR_AVG:28.40
GAL_PRN:00,00,00,00,00,00,00,00,00,00,00,00,00,00,00,SAT_TAL:00
GAL_SNR:00,00,00,00,00,00,00,00,00,00,00,00,00,00,00,SNR_AVG:0.00
BEI_PRN:00,00,00,00,00,00,00,00,00,00,00,00,00,00,00,SAT_TAL:00
BEI_SNR:00,00,00,00,00,00,00,00,00,00,00,00,00,00,00,SNR_AVG:0.00
QZS_PRN:00,00,00,00,00,SAT_TAL:00
QZS_SNR:00,00,00,00,00,SNR_AVG:0.00
SatInView:19 GDOP:142
Roll:112.517540 Pitch:-90.000000
X_AVG:9.308077 Y_AVG:4.543472 Z_AVG:-2.141273
X_SD:7.144268 Y_SD:6.966150 Z_SD:5.583096
$MXCM10033,2,10,20240103,061225,12,0E98D86D,47EE7B9C,0079,0007,8C2E,11,C102*1D
GPS_PRN:16,04,31,26,08,28,09,18,03,19419919519600,00,SAT_TAL:13
GPS_SNR:36,34,37,35,24,34,32,38,25,35,28,35,33,00,00,SNR_AVG:32.77
GLO_PRN:72,84,65,66,76,74,00,00,00,00,00,00,00,00,00,SAT_TAL:06
GLO_SNR:33,20,23,33,33,33,00,00,00,00,00,00,00,00,00,SNR_AVG:29.17
GAL_PRN:00,00,00,00,00,00,00,00,00,00,00,00,00,00,00,SAT_TAL:00
GAL_SNR:00,00,00,00,00,00,00,00,00,00,00,00,00,00,00,SNR_AVG:0.00
BEI_PRN:00,00,00,00,00,00,00,00,00,00,00,00,00,00,00,SAT_TAL:00
BEI_SNR:00,00,00,00,00,00,00,00,00,00,00,00,00,00,00,SNR_AVG:0.00
QZS_PRN:00,00,00,00,00,SAT_TAL:00
QZS_SNR:00,00,00,00,00,SNR_AVG:0.00
SatInView:19 GDOP:104
Roll:71.546036 Pitch:-59.428871
X_AVG:4.815315 Y_AVG:2.775654 Z_AVG:-2.188919
X_SD:9.532949 Y_SD:8.387088 Z_SD:7.532079
$MXCM10033,2,11,20240103,061240,12,0E98E437,47EE8763,007E,0012,31ED,10,C102*17
GPS_PRN:16,04,31,26,08,28,09,18,03,19419919519600,00,SAT_TAL:13
GPS_SNR:36,33,37,34,35,35,25,32,34,34,30,36,35,00,00,SNR_AVG:33.54
GLO_PRN:84,65,66,76,74,00,00,00,00,00,00,00,00,00,00,SAT_TAL:05
GLO_SNR:20,31,26,28,29,00,00,00,00,00,00,00,00,00,00,SNR_AVG:26.80
GAL_PRN:00,00,00,00,00,00,00,00,00,00,00,00,00,00,00,SAT_TAL:00
GAL_SNR:00,00,00,00,00,00,00,00,00,00,00,00,00,00,00,SNR_AVG:0.00
BEI_PRN:00,00,00,00,00,00,00,00,00,00,00,00,00,00,00,SAT_TAL:00
BEI_SNR:00,00,00,00,00,00,00,00,00,00,00,00,00,00,00,SNR_AVG:0.00
QZS_PRN:00,00,00,00,00,SAT_TAL:00
QZS_SNR:00,00,00,00,00,SNR_AVG:0.00
SatInView:18 GDOP:141
Roll:77.841988 Pitch:-64.915329
X_AVG:8.663881 Y_AVG:5.226264 Z_AVG:-2.669972
X_SD:9.122646 Y_SD:8.673878 Z_SD:8.593880
$MXCM10033,2,12,20240103,061255,12,0E98D048,47EEB95B,0092,0013,406A,10,C102*13
GPS_PRN:16,04,31,26,08,28,09,18,03,19419919519600,00,SAT_TAL:13
GPS_SNR:23,34,35,25,36,33,34,32,34,24,29,35,34,00,00,SNR_AVG:31.38
GLO_PRN:84,65,66,76,74,00,00,00,00,00,00,00,00,00,00,SAT_TAL:05
GLO_SNR:18,33,34,35,27,00,00,00,00,00,00,00,00,00,00,SNR_AVG:29.40
GAL_PRN:00,00,00,00,00,00,00,00,00,00,00,00,00,00,00,SAT_TAL:00
GAL_SNR:00,00,00,00,00,00,00,00,00,00,00,00,00,00,00,SNR_AVG:0.00
BEI_PRN:00,00,00,00,00,00,00,00,00,00,00,00,00,00,00,SAT_TAL:00
BEI_SNR:00,00,00,00,00,00,00,00,00,00,00,00,00,00,00,SNR_AVG:0.00
QZS_PRN:00,00,00,00,00,SAT_TAL:00
QZS_SNR:00,00,00,00,00,SNR_AVG:0.00
SatInView:18 GDOP:141
Roll:99.929924 Pitch:-67.761169
X_AVG:7.834369 Y_AVG:3.894056 Z_AVG:-2.399278
X_SD:7.857980 Y_SD:6.425165 Z_SD:6.825941
$MXCM10033,2,13,20240103,061310,12,0E985099,47EED7D4,008D,0007,1C29,0E,C102*6C
GPS_PRN:16,04,31,26,08,28,09,18,03,19419919519600,00,SAT_TAL:13
GPS_SNR:37,35,38,35,36,34,32,26,28,35,30,36,33,00,00,SNR_AVG:33.46
GLO_PRN:84,65,66,76,74,00,00,00,00,00,00,00,00,00,00,SAT_TAL:03
GLO_SNR:21,30,00,34,00,00,00,00,00,00,00,00,00,00,00,SNR_AVG:28.33
GAL_PRN:00,00,00,00,00,00,00,00,00,00,00,00,00,00,00,SAT_TAL:00
GAL_SNR:00,00,00,00,00,00,00,00,00,00,00,00,00,00,00,SNR_AVG:0.00
BEI_PRN:00,00,00,00,00,00,00,00,00,00,00,00,00,00,00,SAT_TAL:00
BEI_SNR:00,00,00,00,00,00,00,00,00,00,00,00,00,00,00,SNR_AVG:0.00
QZS_PRN:00,00,00,00,00,SAT_TAL:00
QZS_SNR:00,00,00,00,00,SNR_AVG:0.00
SatInView:18 GDOP:144
Roll:101.219292 Pitch:-56.560902
X_AVG:10.921562 Y_AVG:7.239206 Z_AVG:-2.776468
X_SD:8.552581 Y_SD:8.651955 Z_SD:7.961716
$MXCM10033,2,14,20240103,061325,12,0E983125,47EEF5E3,00AC,0017,4241,0F,C102*6D
GPS_PRN:16,04,31,26,08,28,09,18,03,19419919519600,00,SAT_TAL:13
GPS_SNR:35,34,37,37,36,35,31,33,32,33,30,36,33,00,00,SNR_AVG:34.00
GLO_PRN:72,84,65,66,76,74,00,00,00,00,00,00,00,00,00,SAT_TAL:04
GLO_SNR:27,18,32,00,37,00,00,00,00,00,00,00,00,00,00,SNR_AVG:28.50
GAL_PRN:00,00,00,00,00,00,00,00,00,00,00,00,00,00,00,SAT_TAL:00
GAL_SNR:00,00,00,00,00,00,00,00,00,00,00,00,00,00,00,SNR_AVG:0.00
BEI_PRN:00,00,00,00,00,00,00,00,00,00,00,00,00,00,00,SAT_TAL:00
BEI_SNR:00,00,00,00,00,00,00,00,00,00,00,00,00,00,00,SNR_AVG:0.00
QZS_PRN:00,00,00,00,00,SAT_TAL:00
QZS_SNR:00,00,00,00,00,SNR_AVG:0.00
SatInView:19 GDOP:140
Roll:70.262947 Pitch:-60.064007
X_AVG:6.349120 Y_AVG:4.091965 Z_AVG:-1.869861
X_SD:8.370300 Y_SD:7.570154 Z_SD:6.934490
$MXCM10033,2,15,20240103,061340,12,0E97A73A,47EF23FA,00A5,001F,3FB0,11,C102*14
GPS_PRN:16,04,31,26,08,28,09,18,03,19419919519600,00,SAT_TAL:13
GPS_SNR:32,36,35,30,38,34,33,30,33,34,31,36,35,00,00,SNR_AVG:33.62
GLO_PRN:72,84,65,66,76,74,00,00,00,00,00,00,00,00,00,SAT_TAL:05
GLO_SNR:37,13,33,00,35,26,00,00,00,00,00,00,00,00,00,SNR_AVG:28.80
GAL_PRN:00,00,00,00,00,00,00,00,00,00,00,00,00,00,00,SAT_TAL:00
GAL_SNR:00,00,00,00,00,00,00,00,00,00,00,00,00,00,00,SNR_AVG:0.00
BEI_PRN:00,00,00,00,00,00,00,00,00,00,00,00,00,00,00,SAT_TAL:00
BEI_SNR:00,00,00,00,00,00,00,00,00,00,00,00,00,00,00,SNR_AVG:0.00
QZS_PRN:00,00,00,00,00,SAT_TAL:00
QZS_SNR:00,00,00,00,00,SNR_AVG:0.00
SatInView:19 GDOP:134
Roll:115.190834 Pitch:-62.865463
X_AVG:9.749817 Y_AVG:4.796832 Z_AVG:-1.980619
X_SD:7.777206 Y_SD:7.935634 Z_SD:5.660173
$MXCM10033,2,16,20240103,061355,12,0E96F013,47EF1C48,008F,001D,418F,10,C102*6F
GPS_PRN:16,04,31,26,08,28,09,18,03,19419919519600,00,SAT_TAL:13
GPS_SNR:34,36,36,32,38,35,35,32,31,34,31,36,33,00,00,SNR_AVG:34.08
GLO_PRN:65,72,84,74,75,66,76,00,00,00,00,00,00,00,00,SAT_TAL:05
GLO_SNR:33,34,00,26,26,00,36,00,00,00,00,00,00,00,00,SNR_AVG:31.00
GAL_PRN:00,00,00,00,00,00,00,00,00,00,00,00,00,00,00,SAT_TAL:00
GAL_SNR:00,00,00,00,00,00,00,00,00,00,00,00,00,00,00,SNR_AVG:0.00
BEI_PRN:00,00,00,00,00,00,00,00,00,00,00,00,00,00,00,SAT_TAL:00
BEI_SNR:00,00,00,00,00,00,00,00,00,00,00,00,00,00,00,SNR_AVG:0.00
QZS_PRN:00,00,00,00,00,SAT_TAL:00
QZS_SNR:00,00,00,00,00,SNR_AVG:0.00
SatInView:20 GDOP:145
Roll:83.611214 Pitch:-90.000000
X_AVG:6.713333 Y_AVG:3.659563 Z_AVG:-1.242855
X_SD:8.455608 Y_SD:6.807006 Z_SD:5.435178
$MXCM10033,2,17,20240103,061410,12,0E964E90,47EF3715,0097,0025,46E8,10,C102*1C
GPS_PRN:16,04,31,26,08,28,09,18,03,19419919519600,00,SAT_TAL:13
GPS_SNR:33,36,35,26,39,34,35,25,32,34,30,36,35,00,00,SNR_AVG:33.08
GLO_PRN:65,72,84,74,75,66,76,00,00,00,00,00,00,00,00,SAT_TAL:05
GLO_SNR:32,34,00,22,25,00,37,00,00,00,00,00,00,00,00,SNR_AVG:30.00
GAL_PRN:00,00,00,00,00,00,00,00,00,00,00,00,00,00,00,SAT_TAL:00
GAL_SNR:00,00,00,00,00,00,00,00,00,00,00,00,00,00,00,SNR_AVG:0.00
BEI_PRN:00,00,00,00,00,00,00,00,00,00,00,00,00,00,00,SAT_TAL:00
BEI_SNR:00,00,00,00,00,00,00,00,00,00,00,00,00,00,00,SNR_AVG:0.00
QZS_PRN:00,00,00,00,00,SAT_TAL:00
QZS_SNR:00,00,00,00,00,SNR_AVG:0.00
SatInView:20 GDOP:143
Roll:127.655838 Pitch:-68.268692
X_AVG:9.050217 Y_AVG:4.532554 Z_AVG:-1.889877
X_SD:8.188663 Y_SD:8.393004 Z_SD:5.555780
$MXCM10033,2,18,20240103,061425,12,0E95EBED,47EF228D,0099,0013,3944,11,C102*6B
GPS_PRN:16,04,31,26,08,28,09,18,03,19419919519600,00,SAT_TAL:13
GPS_SNR:34,34,38,34,35,35,31,32,32,34,29,36,35,00,00,SNR_AVG:33.77
GLO_PRN:65,72,84,74,75,66,76,00,00,00,00,00,00,00,00,SAT_TAL:06
GLO_SNR:34,35,23,29,34,00,29,00,00,00,00,00,00,00,00,SNR_AVG:30.67
GAL_PRN:00,00,00,00,00,00,00,00,00,00,00,00,00,00,00,SAT_TAL:00
GAL_SNR:00,00,00,00,00,00,00,00,00,00,00,00,00,00,00,SNR_AVG:0.00
BEI_PRN:00,00,00,00,00,00,00,00,00,00,00,00,00,00,00,SAT_TAL:00
BEI_SNR:00,00,00,00,00,00,00,00,00,00,00,00,00,00,00,SNR_AVG:0.00
QZS_PRN:00,00,00,00,00,SAT_TAL:00
QZS_SNR:00,00,00,00,00,SNR_AVG:0.00
SatInView:20 GDOP:132
Roll:105.269508 Pitch:-69.143265
X_AVG:7.501903 Y_AVG:4.216753 Z_AVG:-2.256197
X_SD:8.330692 Y_SD:7.873985 Z_SD:6.326630
$MXCM10033,2,19,20240103,061641,12,0E93395B,47EEF7C9,010F,001D,4144,0F,C202*19
GPS_PRN:16,04,31,26,28,09,18,03,21,19419919500,00,00,SAT_TAL:12
GPS_SNR:35,34,37,33,36,32,32,30,31,34,30,36,00,00,00,SNR_AVG:33.33
GLO_PRN:74,72,84,66,75,65,76,00,00,00,00,00,00,00,00,SAT_TAL:06
GLO_SNR:24,38,00,32,30,32,33,00,00,00,00,00,00,00,00,SNR_AVG:31.50
GAL_PRN:00,00,00,00,00,00,00,00,00,00,00,00,00,00,00,SAT_TAL:00
GAL_SNR:00,00,00,00,00,00,00,00,00,00,00,00,00,00,00,SNR_AVG:0.00
BEI_PRN:00,00,00,00,00,00,00,00,00,00,00,00,00,00,00,SAT_TAL:00
BEI_SNR:00,00,00,00,00,00,00,00,00,00,00,00,00,00,00,SNR_AVG:0.00
QZS_PRN:00,00,00,00,00,SAT_TAL:00
QZS_SNR:00,00,00,00,00,SNR_AVG:0.00
SatInView:19 GDOP:109
Roll:55.161625 Pitch:-90.000000
X_AVG:7.371848 Y_AVG:4.097807 Z_AVG:-1.743493
X_SD:8.304255 Y_SD:7.620150 Z_SD:5.248466
$MXCM10033,2,20,20240103,061656,12,0E9296CD,47EF2F9F,00E9,001C,3D1C,12,C202*1B
GPS_PRN:16,04,31,26,08,28,09,18,03,21,19419919519600,SAT_TAL:14
GPS_SNR:36,36,38,36,36,35,33,33,32,28,36,31,36,35,00,SNR_AVG:34.36
GLO_PRN:65,84,74,72,75,66,76,00,00,00,00,00,00,00,00,SAT_TAL:07
GLO_SNR:34,18,26,34,35,33,33,00,00,00,00,00,00,00,00,SNR_AVG:30.43
GAL_PRN:00,00,00,00,00,00,00,00,00,00,00,00,00,00,00,SAT_TAL:00
GAL_SNR:00,00,00,00,00,00,00,00,00,00,00,00,00,00,00,SNR_AVG:0.00
BEI_PRN:00,00,00,00,00,00,00,00,00,00,00,00,00,00,00,SAT_TAL:00
BEI_SNR:00,00,00,00,00,00,00,00,00,00,00,00,00,00,00,SNR_AVG:0.00
QZS_PRN:00,00,00,00,00,SAT_TAL:00
QZS_SNR:00,00,00,00,00,SNR_AVG:0.00
SatInView:21 GDOP:128
Roll:31.385691 Pitch:-64.297333
X_AVG:3.770465 Y_AVG:1.952415 Z_AVG:-1.621721
X_SD:10.123004 Y_SD:5.761266 Z_SD:6.662645
$MXCM10033,2,21,20240103,061912,12,0E8E5F18,47EF3D0A,0105,0016,38FA,11,C202*1B
GPS_PRN:16,04,31,26,08,28,09,18,03,21,19419919519600,SAT_TAL:14
GPS_SNR:33,34,38,32,36,34,25,32,34,30,33,31,36,36,00,SNR_AVG:33.14
GLO_PRN:75,84,74,72,65,66,76,00,00,00,00,00,00,00,00,SAT_TAL:07
GLO_SNR:27,18,23,33,32,25,26,00,00,00,00,00,00,00,00,SNR_AVG:26.29
GAL_PRN:00,00,00,00,00,00,00,00,00,00,00,00,00,00,00,SAT_TAL:00
GAL_SNR:00,00,00,00,00,00,00,00,00,00,00,00,00,00,00,SNR_AVG:0.00
BEI_PRN:00,00,00,00,00,00,00,00,00,00,00,00,00,00,00,SAT_TAL:00
BEI_SNR:00,00,00,00,00,00,00,00,00,00,00,00,00,00,00,SNR_AVG:0.00
QZS_PRN:00,00,00,00,00,SAT_TAL:00
QZS_SNR:00,00,00,00,00,SNR_AVG:0.00
SatInView:21 GDOP:143
Roll:102.399437 Pitch:-53.378426
X_AVG:9.281118 Y_AVG:6.070716 Z_AVG:-2.872190
X_SD:9.237236 Y_SD:8.867193 Z_SD:7.045073
$MXCM10033,2,22,20240103,061927,12,0E8E118C,47EF789E,012C,0015,37D4,10,C202*64
GPS_PRN:16,04,31,08,26,28,09,18,03,21,19419919519600,SAT_TAL:14
GPS_SNR:34,33,37,36,33,34,22,33,35,29,34,30,36,35,00,SNR_AVG:32.93
GLO_PRN:75,84,74,72,65,66,76,00,00,00,00,00,00,00,00,SAT_TAL:06
GLO_SNR:33,20,27,00,32,25,21,00,00,00,00,00,00,00,00,SNR_AVG:26.33
GAL_PRN:00,00,00,00,00,00,00,00,00,00,00,00,00,00,00,SAT_TAL:00
GAL_SNR:00,00,00,00,00,00,00,00,00,00,00,00,00,00,00,SNR_AVG:0.00
BEI_PRN:00,00,00,00,00,00,00,00,00,00,00,00,00,00,00,SAT_TAL:00
BEI_SNR:00,00,00,00,00,00,00,00,00,00,00,00,00,00,00,SNR_AVG:0.00
QZS_PRN:00,00,00,00,00,SAT_TAL:00
QZS_SNR:00,00,00,00,00,SNR_AVG:0.00
SatInView:21 GDOP:161
Roll:115.632492 Pitch:-58.603615
X_AVG:8.363546 Y_AVG:5.000582 Z_AVG:-1.879438
X_SD:9.169006 Y_SD:8.194922 Z_SD:6.228231
$MXCM10033,2,23,20240103,062143,12,0E889166,47F01AF1,01B2,001E,4100,10,C202*63
GPS_PRN:04,16,31,08,26,28,09,18,03,21,19419919519600,SAT_TAL:14
GPS_SNR:36,21,35,38,22,33,30,30,30,30,32,30,35,35,00,SNR_AVG:31.21
GLO_PRN:66,74,84,82,75,65,76,72,00,00,00,00,00,00,00,SAT_TAL:06
GLO_SNR:31,22,00,00,18,32,32,38,00,00,00,00,00,00,00,SNR_AVG:28.83
GAL_PRN:00,00,00,00,00,00,00,00,00,00,00,00,00,00,00,SAT_TAL:00
GAL_SNR:00,00,00,00,00,00,00,00,00,00,00,00,00,00,00,SNR_AVG:0.00
BEI_PRN:00,00,00,00,00,00,00,00,00,00,00,00,00,00,00,SAT_TAL:00
BEI_SNR:00,00,00,00,00,00,00,00,00,00,00,00,00,00,00,SNR_AVG:0.00
QZS_PRN:00,00,00,00,00,SAT_TAL:00
QZS_SNR:00,00,00,00,00,SNR_AVG:0.00
SatInView:22 GDOP:111
Roll:101.311028 Pitch:-90.000000
X_AVG:7.180355 Y_AVG:3.564942 Z_AVG:-2.125663
X_SD:9.068029 Y_SD:7.360281 Z_SD:5.350809
$MXCM10033,2,24,20240103,062158,12,0E87D4CB,47F03995,0197,0023,3FC1,10,C202*10
GPS_PRN:04,16,31,08,26,28,09,18,03,21,19419919519600,SAT_TAL:14
GPS_SNR:36,36,37,37,35,35,35,30,30,26,35,31,36,34,00,SNR_AVG:33.79
GLO_PRN:66,74,84,82,75,65,76,72,00,00,00,00,00,00,00,SAT_TAL:06
GLO_SNR:35,25,00,00,33,31,35,33,00,00,00,00,00,00,00,SNR_AVG:32.00
GAL_PRN:00,00,00,00,00,00,00,00,00,00,00,00,00,00,00,SAT_TAL:00
GAL_SNR:00,00,00,00,00,00,00,00,00,00,00,00,00,00,00,SNR_AVG:0.00
BEI_PRN:00,00,00,00,00,00,00,00,00,00,00,00,00,00,00,SAT_TAL:00
BEI_SNR:00,00,00,00,00,00,00,00,00,00,00,00,00,00,00,SNR_AVG:0.00
QZS_PRN:00,00,00,00,00,SAT_TAL:00
QZS_SNR:00,00,00,00,00,SNR_AVG:0.00
SatInView:22 GDOP:152
Roll:119.992538 Pitch:-90.000000
X_AVG:8.694192 Y_AVG:4.655763 Z_AVG:-1.739231
X_SD:7.889891 Y_SD:7.689628 Z_SD:5.118350
$MXCM10033,2,25,20240103,062413,12,0E823EB7,47F20190,01F7,0028,433F,10,C202*61
GPS_PRN:04,16,31,08,26,28,09,18,21,03,19419919519600,SAT_TAL:14
GPS_SNR:37,26,35,38,22,32,33,26,29,33,29,29,35,36,00,SNR_AVG:31.43
GLO_PRN:66,74,84,82,75,65,76,72,00,00,00,00,00,00,00,SAT_TAL:06
GLO_SNR:34,22,00,00,20,34,33,38,00,00,00,00,00,00,00,SNR_AVG:30.17
GAL_PRN:00,00,00,00,00,00,00,00,00,00,00,00,00,00,00,SAT_TAL:00
GAL_SNR:00,00,00,00,00,00,00,00,00,00,00,00,00,00,00,SNR_AVG:0.00
BEI_PRN:00,00,00,00,00,00,00,00,00,00,00,00,00,00,00,SAT_TAL:00
BEI_SNR:00,00,00,00,00,00,00,00,00,00,00,00,00,00,00,SNR_AVG:0.00
QZS_PRN:00,00,00,00,00,SAT_TAL:00
QZS_SNR:00,00,00,00,00,SNR_AVG:0.00
SatInView:22 GDOP:151
Roll:5.156931 Pitch:-90.000000
X_AVG:7.561807 Y_AVG:2.325726 Z_AVG:-2.153532
X_SD:10.600761 Y_SD:10.415324 Z_SD:8.476553
$MXCM10033,2,26,20240103,062429,12,0E8179CC,47F219B3,0202,0021,3C6E,10,C202*1C
GPS_PRN:04,16,31,08,26,28,09,18,21,03,19419919519600,SAT_TAL:14
GPS_SNR:36,35,38,37,38,35,36,32,25,30,36,31,36,32,00,SNR_AVG:34.07
GLO_PRN:66,74,84,82,75,65,76,72,00,00,00,00,00,00,00,SAT_TAL:06
GLO_SNR:36,26,00,00,37,32,35,32,00,00,00,00,00,00,00,SNR_AVG:33.00
GAL_PRN:00,00,00,00,00,00,00,00,00,00,00,00,00,00,00,SAT_TAL:00
GAL_SNR:00,00,00,00,00,00,00,00,00,00,00,00,00,00,00,SNR_AVG:0.00
BEI_PRN:00,00,00,00,00,00,00,00,00,00,00,00,00,00,00,SAT_TAL:00
BEI_SNR:00,00,00,00,00,00,00,00,00,00,00,00,00,00,00,SNR_AVG:0.00
QZS_PRN:00,00,00,00,00,SAT_TAL:00
QZS_SNR:00,00,00,00,00,SNR_AVG:0.00
SatInView:22 GDOP:150
Roll:98.998619 Pitch:-69.834549
X_AVG:10.644691 Y_AVG:6.239272 Z_AVG:-2.574681
X_SD:8.681919 Y_SD:9.842191 Z_SD:7.170978
$MXCM10033,2,27,20240103,062645,12,0E7A8C44,47F210B6,01BA,0026,47E7,10,C202*64
GPS_PRN:04,16,31,08,26,09,28,18,21,03,19419919519600,SAT_TAL:14
GPS_SNR:37,33,35,39,30,37,33,20,25,30,34,30,35,34,00,SNR_AVG:32.29
GLO_PRN:75,84,82,72,65,66,76,00,00,00,00,00,00,00,00,SAT_TAL:05
GLO_SNR:28,00,00,27,33,36,37,00,00,00,00,00,00,00,00,SNR_AVG:32.20
GAL_PRN:00,00,00,00,00,00,00,00,00,00,00,00,00,00,00,SAT_TAL:00
GAL_SNR:00,00,00,00,00,00,00,00,00,00,00,00,00,00,00,SNR_AVG:0.00
BEI_PRN:00,00,00,00,00,00,00,00,00,00,00,00,00,00,00,SAT_TAL:00
BEI_SNR:00,00,00,00,00,00,00,00,00,00,00,00,00,00,00,SNR_AVG:0.00
QZS_PRN:00,00,00,00,00,SAT_TAL:00
QZS_SNR:00,00,00,00,00,SNR_AVG:0.00
SatInView:21 GDOP:149
Roll:87.227905 Pitch:-68.859695
X_AVG:7.449756 Y_AVG:3.953050 Z_AVG:-2.142135
X_SD:10.370724 Y_SD:8.849015 Z_SD:6.408808
$MXCM10033,2,28,20240103,062700,12,0E79BF15,47F1F174,01A2,0025,4574,11,C202*6B
GPS_PRN:04,16,31,08,26,09,28,18,21,03,19419919519600,SAT_TAL:14
GPS_SNR:36,33,35,39,24,37,33,20,27,31,34,31,35,34,00,SNR_AVG:32.07
GLO_PRN:66,72,84,82,75,65,76,74,00,00,00,00,00,00,00,SAT_TAL:06
GLO_SNR:38,34,13,00,29,33,38,00,00,00,00,00,00,00,00,SNR_AVG:30.83
GAL_PRN:00,00,00,00,00,00,00,00,00,00,00,00,00,00,00,SAT_TAL:00
GAL_SNR:00,00,00,00,00,00,00,00,00,00,00,00,00,00,00,SNR_AVG:0.00
BEI_PRN:00,00,00,00,00,00,00,00,00,00,00,00,00,00,00,SAT_TAL:00
BEI_SNR:00,00,00,00,00,00,00,00,00,00,00,00,00,00,00,SNR_AVG:0.00
QZS_PRN:00,00,00,00,00,SAT_TAL:00
QZS_SNR:00,00,00,00,00,SNR_AVG:0.00
SatInView:22 GDOP:138
Roll:79.040718 Pitch:-70.619804
X_AVG:7.012423 Y_AVG:3.850912 Z_AVG:-1.591649
X_SD:9.691275 Y_SD:7.939805 Z_SD:6.313843
$MXCM10033,2,29,20240103,062916,12,0E72E4B2,47F02B05,0140,0025,4EB4,12,C202*18
GPS_PRN:04,16,08,31,26,09,28,18,21,03,19419919519600,SAT_TAL:14
GPS_SNR:37,35,38,30,28,36,30,23,33,25,31,29,34,34,00,SNR_AVG:31.64
GLO_PRN:75,84,82,72,65,66,76,00,00,00,00,00,00,00,00,SAT_TAL:06
GLO_SNR:31,20,00,36,34,35,36,00,00,00,00,00,00,00,00,SNR_AVG:32.00
GAL_PRN:00,00,00,00,00,00,00,00,00,00,00,00,00,00,00,SAT_TAL:00
GAL_SNR:00,00,00,00,00,00,00,00,00,00,00,00,00,00,00,SNR_AVG:0.00
BEI_PRN:00,00,00,00,00,00,00,00,00,00,00,00,00,00,00,SAT_TAL:00
BEI_SNR:00,00,00,00,00,00,00,00,00,00,00,00,00,00,00,SNR_AVG:0.00
QZS_PRN:00,00,00,00,00,SAT_TAL:00
QZS_SNR:00,00,00,00,00,SNR_AVG:0.00
SatInView:21 GDOP:123
Roll:119.394012 Pitch:-90.000000
X_AVG:8.121056 Y_AVG:3.421287 Z_AVG:-2.179773
X_SD:7.995068 Y_SD:7.291232 Z_SD:5.504145
$MXCM10033,2,30,20240103,062931,12,0E723859,47EFD496,014E,0023,4B3F,12,C202*1B
GPS_PRN:04,16,08,31,26,09,28,18,21,03,19419919519600,SAT_TAL:14
GPS_SNR:37,36,38,35,31,37,34,27,33,20,34,30,35,34,00,SNR_AVG:32.93
GLO_PRN:66,72,84,82,75,65,76,74,00,00,00,00,00,00,00,SAT_TAL:06
GLO_SNR:36,35,21,00,33,33,37,00,00,00,00,00,00,00,00,SNR_AVG:32.50
GAL_PRN:00,00,00,00,00,00,00,00,00,00,00,00,00,00,00,SAT_TAL:00
GAL_SNR:00,00,00,00,00,00,00,00,00,00,00,00,00,00,00,SNR_AVG:0.00
BEI_PRN:00,00,00,00,00,00,00,00,00,00,00,00,00,00,00,SAT_TAL:00
BEI_SNR:00,00,00,00,00,00,00,00,00,00,00,00,00,00,00,SNR_AVG:0.00
QZS_PRN:00,00,00,00,00,SAT_TAL:00
QZS_SNR:00,00,00,00,00,SNR_AVG:0.00
SatInView:22 GDOP:123
Roll:114.773415 Pitch:-58.868149
X_AVG:9.947629 Y_AVG:5.676000 Z_AVG:-1.838544
X_SD:6.676666 Y_SD:7.162590 Z_SD:6.238105
$MXCM10033,2,31,20240103,063146,12,0E71024E,47EF9DB4,00C3,0001,28EC,0C,C201*6C
GPS_PRN:04,16,08,31,26,09,28,18,21,03,19419919519600,SAT_TAL:11
GPS_SNR:13,25,00,37,25,00,37,29,22,00,23,17,26,25,00,SNR_AVG:25.36
GLO_PRN:66,84,82,83,75,65,76,72,00,00,00,00,00,00,00,SAT_TAL:01
GLO_SNR:00,00,00,00,00,00,00,27,00,00,00,00,00,00,00,SNR_AVG:27.00
GAL_PRN:00,00,00,00,00,00,00,00,00,00,00,00,00,00,00,SAT_TAL:00
GAL_SNR:00,00,00,00,00,00,00,00,00,00,00,00,00,00,00,SNR_AVG:0.00
BEI_PRN:00,00,00,00,00,00,00,00,00,00,00,00,00,00,00,SAT_TAL:00
BEI_SNR:00,00,00,00,00,00,00,00,00,00,00,00,00,00,00,SNR_AVG:0.00
QZS_PRN:00,00,00,00,00,SAT_TAL:00
QZS_SNR:00,00,00,00,00,SNR_AVG:0.00
SatInView:22 GDOP:135
Roll:112.323456 Pitch:6.428433
X_AVG:-2.813100 Y_AVG:8.387153 Z_AVG:-4.303999
X_SD:6.668127 Y_SD:7.107018 Z_SD:5.289582
$MXCM10033,2,32,20240103,063202,12,0E710161,47EF9CD7,00BE,0000,5F84,0C,C201*1E
GPS_PRN:04,16,08,31,26,28,18,21,19419919519600,00,00,SAT_TAL:11
GPS_SNR:00,18,15,25,22,25,19,23,18,16,25,23,00,00,00,SNR_AVG:20.82
GLO_PRN:65,82,83,72,76,66,84,00,00,00,00,00,00,00,00,SAT_TAL:01
GLO_SNR:00,00,00,19,00,00,00,00,00,00,00,00,00,00,00,SNR_AVG:19.00
GAL_PRN:00,00,00,00,00,00,00,00,00,00,00,00,00,00,00,SAT_TAL:00
GAL_SNR:00,00,00,00,00,00,00,00,00,00,00,00,00,00,00,SNR_AVG:0.00
BEI_PRN:00,00,00,00,00,00,00,00,00,00,00,00,00,00,00,SAT_TAL:00
BEI_SNR:00,00,00,00,00,00,00,00,00,00,00,00,00,00,00,SNR_AVG:0.00
QZS_PRN:00,00,00,00,00,SAT_TAL:00
QZS_SNR:00,00,00,00,00,SNR_AVG:0.00
SatInView:19 GDOP:146
Roll:115.247063 Pitch:31.689140
X_AVG:-6.222129 Y_AVG:6.063342 Z_AVG:-2.819038
X_SD:7.927945 Y_SD:9.196247 Z_SD:5.979791
$MXCM10033,2,33,20240103,063417,12,0E70FE23,47EF9EC6,00BE,0000,0000,0A,C201*65
GPS_PRN:04,16,08,31,26,09,28,18,21,03,19419919519600,SAT_TAL:09
GPS_SNR:00,17,00,31,19,00,29,18,20,00,16,00,25,29,00,SNR_AVG:22.67
GLO_PRN:65,82,83,72,76,66,84,00,00,00,00,00,00,00,00,SAT_TAL:01
GLO_SNR:00,00,00,27,00,00,00,00,00,00,00,00,00,00,00,SNR_AVG:27.00
GAL_PRN:00,00,00,00,00,00,00,00,00,00,00,00,00,00,00,SAT_TAL:00
GAL_SNR:00,00,00,00,00,00,00,00,00,00,00,00,00,00,00,SNR_AVG:0.00
BEI_PRN:00,00,00,00,00,00,00,00,00,00,00,00,00,00,00,SAT_TAL:00
BEI_SNR:00,00,00,00,00,00,00,00,00,00,00,00,00,00,00,SNR_AVG:0.00
QZS_PRN:00,00,00,00,00,SAT_TAL:00
QZS_SNR:00,00,00,00,00,SNR_AVG:0.00
SatInView:21 GDOP:160
Roll:109.768234 Pitch:19.407206
X_AVG:-3.594200 Y_AVG:8.871414 Z_AVG:-3.412524
X_SD:0.142217 Y_SD:0.088968 Z_SD:0.141221
$MXCM10033,2,34,20240103,063433,12,0E70FF2B,47EFA0C1,00BE,0000,0000,0D,C201*19
GPS_PRN:04,16,08,31,26,09,28,18,21,19419919519600,00,SAT_TAL:12
GPS_SNR:16,19,16,33,21,00,30,18,19,17,15,25,27,00,00,SNR_AVG:21.33
GLO_PRN:65,82,83,72,76,66,84,00,00,00,00,00,00,00,00,SAT_TAL:01
GLO_SNR:00,00,00,29,00,00,00,00,00,00,00,00,00,00,00,SNR_AVG:29.00
GAL_PRN:00,00,00,00,00,00,00,00,00,00,00,00,00,00,00,SAT_TAL:00
GAL_SNR:00,00,00,00,00,00,00,00,00,00,00,00,00,00,00,SNR_AVG:0.00
BEI_PRN:00,00,00,00,00,00,00,00,00,00,00,00,00,00,00,SAT_TAL:00
BEI_SNR:00,00,00,00,00,00,00,00,00,00,00,00,00,00,00,SNR_AVG:0.00
QZS_PRN:00,00,00,00,00,SAT_TAL:00
QZS_SNR:00,00,00,00,00,SNR_AVG:0.00
SatInView:20 GDOP:132
Roll:110.094795 Pitch:18.866440
X_AVG:-3.490960 Y_AVG:8.887264 Z_AVG:-3.531854
X_SD:0.178916 Y_SD:0.124372 Z_SD:0.141729
$MXCM10033,2,35,20240103,063648,12,0E70F6A8,47EF9B2A,00BE,0000,13B8,08,C201*60
GPS_PRN:04,16,08,31,26,09,28,18,21,02,03,194199195196SAT_TAL:08
GPS_SNR:00,00,00,18,15,00,14,16,23,00,00,17,00,17,21,SNR_AVG:17.62
GLO_PRN:00,00,00,00,00,00,00,00,00,00,00,00,00,00,00,SAT_TAL:00
GLO_SNR:00,00,00,00,00,00,00,00,00,00,00,00,00,00,00,SNR_AVG:0.00
GAL_PRN:00,00,00,00,00,00,00,00,00,00,00,00,00,00,00,SAT_TAL:00
GAL_SNR:00,00,00,00,00,00,00,00,00,00,00,00,00,00,00,SNR_AVG:0.00
BEI_PRN:00,00,00,00,00,00,00,00,00,00,00,00,00,00,00,SAT_TAL:00
BEI_SNR:00,00,00,00,00,00,00,00,00,00,00,00,00,00,00,SNR_AVG:0.00
QZS_PRN:00,00,00,00,00,SAT_TAL:00
QZS_SNR:00,00,00,00,00,SNR_AVG:0.00
SatInView:22 GDOP:201
Roll:119.186920 Pitch:12.120731
X_AVG:-2.487626 Y_AVG:8.705588 Z_AVG:-5.040327
X_SD:0.170529 Y_SD:0.279002 Z_SD:0.192066
$MXCM10033,2,36,20240103,063704,12,0E70FAD8,47EFA0F7,00BD,0000,21B5,0B,C202*64
GPS_PRN:04,16,08,31,26,09,28,18,21,19419919519600,00,SAT_TAL:10
GPS_SNR:00,17,18,29,24,00,26,20,18,21,00,22,18,00,00,SNR_AVG:21.30
GLO_PRN:65,82,83,72,76,66,84,00,00,00,00,00,00,00,00,SAT_TAL:01
GLO_SNR:00,00,00,25,00,00,00,00,00,00,00,00,00,00,00,SNR_AVG:25.00
GAL_PRN:00,00,00,00,00,00,00,00,00,00,00,00,00,00,00,SAT_TAL:00
GAL_SNR:00,00,00,00,00,00,00,00,00,00,00,00,00,00,00,SNR_AVG:0.00
BEI_PRN:00,00,00,00,00,00,00,00,00,00,00,00,00,00,00,SAT_TAL:00
BEI_SNR:00,00,00,00,00,00,00,00,00,00,00,00,00,00,00,SNR_AVG:0.00
QZS_PRN:00,00,00,00,00,SAT_TAL:00
QZS_SNR:00,00,00,00,00,SNR_AVG:0.00
SatInView:20 GDOP:149
Roll:32.518063 Pitch:21.860220
X_AVG:-3.382117 Y_AVG:5.400039 Z_AVG:3.723394
X_SD:10.680251 Y_SD:13.750809 Z_SD:10.376545
$MXCM10033,2,37,20240103,063919,12,0E7103C1,47EFA3E5,00BD,0000,7BF7,0C,C201*1C
GPS_PRN:04,08,16,31,26,09,28,18,21,02,03,194199195196SAT_TAL:12
GPS_SNR:00,13,16,24,20,00,25,12,27,13,00,16,13,19,20,SNR_AVG:18.17
GLO_PRN:00,00,00,00,00,00,00,00,00,00,00,00,00,00,00,SAT_TAL:00
GLO_SNR:00,00,00,00,00,00,00,00,00,00,00,00,00,00,00,SNR_AVG:0.00
GAL_PRN:00,00,00,00,00,00,00,00,00,00,00,00,00,00,00,SAT_TAL:00
GAL_SNR:00,00,00,00,00,00,00,00,00,00,00,00,00,00,00,SNR_AVG:0.00
BEI_PRN:00,00,00,00,00,00,00,00,00,00,00,00,00,00,00,SAT_TAL:00
BEI_SNR:00,00,00,00,00,00,00,00,00,00,00,00,00,00,00,SNR_AVG:0.00
QZS_PRN:00,00,00,00,00,SAT_TAL:00
QZS_SNR:00,00,00,00,00,SNR_AVG:0.00
SatInView:22 GDOP:146
Roll:118.290459 Pitch:14.112927
X_AVG:-4.511054 Y_AVG:6.799382 Z_AVG:-5.290430
X_SD:4.485935 Y_SD:6.094631 Z_SD:2.637320
$MXCM10033,2,38,20240103,063934,12,0E70FE42,47EF9C33,00BD,0000,74C4,0A,C201*63
GPS_PRN:04,08,16,31,26,09,28,18,21,02,19419919519600,SAT_TAL:10
GPS_SNR:00,00,18,22,19,00,21,18,23,17,16,00,22,18,00,SNR_AVG:19.40
GLO_PRN:65,82,83,84,76,66,72,00,00,00,00,00,00,00,00,SAT_TAL:01
GLO_SNR:00,00,00,00,00,00,22,00,00,00,00,00,00,00,00,SNR_AVG:22.00
GAL_PRN:00,00,00,00,00,00,00,00,00,00,00,00,00,00,00,SAT_TAL:00
GAL_SNR:00,00,00,00,00,00,00,00,00,00,00,00,00,00,00,SNR_AVG:0.00
BEI_PRN:00,00,00,00,00,00,00,00,00,00,00,00,00,00,00,SAT_TAL:00
BEI_SNR:00,00,00,00,00,00,00,00,00,00,00,00,00,00,00,SNR_AVG:0.00
QZS_PRN:00,00,00,00,00,SAT_TAL:00
QZS_SNR:00,00,00,00,00,SNR_AVG:0.00
SatInView:21 GDOP:162
Roll:72.193443 Pitch:28.255178
X_AVG:-4.090720 Y_AVG:7.263627 Z_AVG:-0.255850
X_SD:9.819434 Y_SD:9.201240 Z_SD:7.446525
$MXCM10033,2,39,20240103,064149,12,0E7100D8,47EF962B,00BD,0000,7D99,0A,C202*1E
GPS_PRN:04,08,16,31,26,09,28,18,21,02,19419919519600,SAT_TAL:11
GPS_SNR:00,00,16,22,16,00,20,21,27,15,26,16,27,29,00,SNR_AVG:21.36
GLO_PRN:65,82,83,84,76,66,72,00,00,00,00,00,00,00,00,SAT_TAL:00
GLO_SNR:00,00,00,00,00,00,00,00,00,00,00,00,00,00,00,SNR_AVG:0.00
GAL_PRN:00,00,00,00,00,00,00,00,00,00,00,00,00,00,00,SAT_TAL:00
GAL_SNR:00,00,00,00,00,00,00,00,00,00,00,00,00,00,00,SNR_AVG:0.00
BEI_PRN:00,00,00,00,00,00,00,00,00,00,00,00,00,00,00,SAT_TAL:00
BEI_SNR:00,00,00,00,00,00,00,00,00,00,00,00,00,00,00,SNR_AVG:0.00
QZS_PRN:00,00,00,00,00,SAT_TAL:00
QZS_SNR:00,00,00,00,00,SNR_AVG:0.00
SatInView:21 GDOP:173
Roll:116.060539 Pitch:46.189121
X_AVG:-7.126054 Y_AVG:6.227252 Z_AVG:-3.683553
X_SD:0.577188 Y_SD:0.618070 Z_SD:0.467533
$MXCM10033,2,40,20240103,064205,12,0E7102B1,47EF9764,00BD,0000,7D99,0A,C202*65
GPS_PRN:04,08,16,31,26,09,28,21,18,19419919519600,00,SAT_TAL:09
GPS_SNR:00,00,00,29,20,00,19,21,17,18,19,29,24,00,00,SNR_AVG:21.78
GLO_PRN:65,82,83,72,76,66,84,00,00,00,00,00,00,00,00,SAT_TAL:01
GLO_SNR:00,00,00,18,00,00,00,00,00,00,00,00,00,00,00,SNR_AVG:18.00
GAL_PRN:00,00,00,00,00,00,00,00,00,00,00,00,00,00,00,SAT_TAL:00
GAL_SNR:00,00,00,00,00,00,00,00,00,00,00,00,00,00,00,SNR_AVG:0.00
BEI_PRN:00,00,00,00,00,00,00,00,00,00,00,00,00,00,00,SAT_TAL:00
BEI_SNR:00,00,00,00,00,00,00,00,00,00,00,00,00,00,00,SNR_AVG:0.00
QZS_PRN:00,00,00,00,00,SAT_TAL:00
QZS_SNR:00,00,00,00,00,SNR_AVG:0.00
SatInView:20 GDOP:184
Roll:32.567009 Pitch:90.000000
X_AVG:-9.677319 Y_AVG:0.380638 Z_AVG:-0.135467
X_SD:0.149487 Y_SD:0.090415 Z_SD:0.131541
$MXCM10033,2,41,20240103,064421,12,0E71027A,47EF9578,00BD,0000,462D,09,C201*12
GPS_PRN:04,08,16,31,26,09,28,21,18,02,19419919519600,SAT_TAL:10
GPS_SNR:00,16,17,19,19,00,20,23,00,26,18,00,18,18,00,SNR_AVG:19.40
GLO_PRN:65,72,84,83,76,66,82,00,00,00,00,00,00,00,00,SAT_TAL:01
GLO_SNR:00,20,00,00,00,00,00,00,00,00,00,00,00,00,00,SNR_AVG:20.00
GAL_PRN:00,00,00,00,00,00,00,00,00,00,00,00,00,00,00,SAT_TAL:00
GAL_SNR:00,00,00,00,00,00,00,00,00,00,00,00,00,00,00,SNR_AVG:0.00
BEI_PRN:00,00,00,00,00,00,00,00,00,00,00,00,00,00,00,SAT_TAL:00
BEI_SNR:00,00,00,00,00,00,00,00,00,00,00,00,00,00,00,SNR_AVG:0.00
QZS_PRN:00,00,00,00,00,SAT_TAL:00
QZS_SNR:00,00,00,00,00,SNR_AVG:0.00
SatInView:21 GDOP:165
Roll:122.103004 Pitch:14.012905
X_AVG:-2.959963 Y_AVG:8.389164 Z_AVG:-5.635059
X_SD:0.087085 Y_SD:0.078875 Z_SD:0.117434
$MXCM10033,2,42,20240103,064436,12,0E710026,47EF9914,00BD,0000,46F5,0A,C201*1C
GPS_PRN:04,08,16,31,26,09,28,21,02,19419919519600,00,SAT_TAL:11
GPS_SNR:00,18,16,17,19,00,20,22,25,19,17,18,17,00,00,SNR_AVG:18.91
GLO_PRN:65,72,84,83,76,66,82,00,00,00,00,00,00,00,00,SAT_TAL:01
GLO_SNR:00,21,00,00,00,00,00,00,00,00,00,00,00,00,00,SNR_AVG:21.00
GAL_PRN:00,00,00,00,00,00,00,00,00,00,00,00,00,00,00,SAT_TAL:00
GAL_SNR:00,00,00,00,00,00,00,00,00,00,00,00,00,00,00,SNR_AVG:0.00
BEI_PRN:00,00,00,00,00,00,00,00,00,00,00,00,00,00,00,SAT_TAL:00
BEI_SNR:00,00,00,00,00,00,00,00,00,00,00,00,00,00,00,SNR_AVG:0.00
QZS_PRN:00,00,00,00,00,SAT_TAL:00
QZS_SNR:00,00,00,00,00,SNR_AVG:0.00
SatInView:20 GDOP:163
Roll:122.072281 Pitch:11.905467
X_AVG:-2.739596 Y_AVG:8.610872 Z_AVG:-5.316959
X_SD:0.091085 Y_SD:0.079838 Z_SD:0.115675
$MXCM10033,2,43,20240103,064651,12,0E70FD00,47EFA3CE,00BD,0002,38BD,07,C201*60
GPS_PRN:04,08,16,31,26,09,28,21,18,02,07,194199195196SAT_TAL:08
GPS_SNR:00,00,00,18,20,00,32,20,00,21,00,17,00,26,27,SNR_AVG:22.62
GLO_PRN:00,00,00,00,00,00,00,00,00,00,00,00,00,00,00,SAT_TAL:00
GLO_SNR:00,00,00,00,00,00,00,00,00,00,00,00,00,00,00,SNR_AVG:0.00
GAL_PRN:00,00,00,00,00,00,00,00,00,00,00,00,00,00,00,SAT_TAL:00
GAL_SNR:00,00,00,00,00,00,00,00,00,00,00,00,00,00,00,SNR_AVG:0.00
BEI_PRN:00,00,00,00,00,00,00,00,00,00,00,00,00,00,00,SAT_TAL:00
BEI_SNR:00,00,00,00,00,00,00,00,00,00,00,00,00,00,00,SNR_AVG:0.00
QZS_PRN:00,00,00,00,00,SAT_TAL:00
QZS_SNR:00,00,00,00,00,SNR_AVG:0.00
SatInView:22 GDOP:216
Roll:129.616577 Pitch:33.212482
X_AVG:-5.892201 Y_AVG:6.449726 Z_AVG:-5.706934
X_SD:0.113662 Y_SD:0.143156 Z_SD:0.138843
$MXCM10033,2,44,20240103,064706,12,0E7100AA,47EF9C90,00BE,0000,2AD8,0B,C201*14
GPS_PRN:04,08,16,31,26,09,28,21,18,02,19419919519600,SAT_TAL:12
GPS_SNR:00,13,18,28,20,00,31,28,17,19,20,17,23,22,00,SNR_AVG:21.33
GLO_PRN:76,72,84,82,65,66,83,00,00,00,00,00,00,00,00,SAT_TAL:01
GLO_SNR:00,20,00,00,00,00,00,00,00,00,00,00,00,00,00,SNR_AVG:20.00
GAL_PRN:00,00,00,00,00,00,00,00,00,00,00,00,00,00,00,SAT_TAL:00
GAL_SNR:00,00,00,00,00,00,00,00,00,00,00,00,00,00,00,SNR_AVG:0.00
BEI_PRN:00,00,00,00,00,00,00,00,00,00,00,00,00,00,00,SAT_TAL:00
BEI_SNR:00,00,00,00,00,00,00,00,00,00,00,00,00,00,00,SNR_AVG:0.00
QZS_PRN:00,00,00,00,00,SAT_TAL:00
QZS_SNR:00,00,00,00,00,SNR_AVG:0.00
SatInView:21 GDOP:156
Roll:117.345909 Pitch:29.206957
X_AVG:-1.669367 Y_AVG:7.952310 Z_AVG:-3.106683
X_SD:3.225109 Y_SD:4.237392 Z_SD:1.077202
$MXCM10033,2,45,20240103,064921,12,0E70FAFF,47EFA6F6,00BE,0000,3F9E,07,C201*1F
GPS_PRN:04,08,16,31,26,09,28,21,18,02,19419919519600,SAT_TAL:07
GPS_SNR:00,00,00,23,00,00,18,18,00,16,17,00,12,22,00,SNR_AVG:18.00
GLO_PRN:74,82,72,84,76,65,66,83,00,00,00,00,00,00,00,SAT_TAL:01
GLO_SNR:00,00,23,00,00,00,00,00,00,00,00,00,00,00,00,SNR_AVG:23.00
GAL_PRN:00,00,00,00,00,00,00,00,00,00,00,00,00,00,00,SAT_TAL:00
GAL_SNR:00,00,00,00,00,00,00,00,00,00,00,00,00,00,00,SNR_AVG:0.00
BEI_PRN:00,00,00,00,00,00,00,00,00,00,00,00,00,00,00,SAT_TAL:00
BEI_SNR:00,00,00,00,00,00,00,00,00,00,00,00,00,00,00,SNR_AVG:0.00
QZS_PRN:00,00,00,00,00,SAT_TAL:00
QZS_SNR:00,00,00,00,00,SNR_AVG:0.00
SatInView:22 GDOP:226
Roll:126.847534 Pitch:-0.081599
X_AVG:-1.049448 Y_AVG:7.174609 Z_AVG:-8.045302
X_SD:3.996321 Y_SD:4.582068 Z_SD:3.280607
$MXCM10033,2,46,20240103,064937,12,0E710051,47EF9EC2,00BE,0000,3D1A,0B,C201*68
GPS_PRN:04,08,16,31,26,09,28,21,18,02,19419919519600,SAT_TAL:11
GPS_SNR:00,16,17,26,23,00,26,24,00,23,18,15,21,20,00,SNR_AVG:20.82
GLO_PRN:66,82,72,84,75,76,65,83,00,00,00,00,00,00,00,SAT_TAL:02
GLO_SNR:00,00,21,00,16,00,00,00,00,00,00,00,00,00,00,SNR_AVG:18.50
GAL_PRN:00,00,00,00,00,00,00,00,00,00,00,00,00,00,00,SAT_TAL:00
GAL_SNR:00,00,00,00,00,00,00,00,00,00,00,00,00,00,00,SNR_AVG:0.00
BEI_PRN:00,00,00,00,00,00,00,00,00,00,00,00,00,00,00,SAT_TAL:00
BEI_SNR:00,00,00,00,00,00,00,00,00,00,00,00,00,00,00,SNR_AVG:0.00
QZS_PRN:00,00,00,00,00,SAT_TAL:00
QZS_SNR:00,00,00,00,00,SNR_AVG:0.00
SatInView:22 GDOP:157
Roll:101.822548 Pitch:16.317539
X_AVG:-3.368805 Y_AVG:8.243690 Z_AVG:-4.319801
X_SD:1.694137 Y_SD:3.794799 Z_SD:1.778137
$MXCM10033,2,47,20240103,065152,12,0E70FEE9,47EF9D8D,00BE,0000,1888,0A,C201*18
GPS_PRN:08,04,16,31,26,09,28,21,18,02,19419919519600,SAT_TAL:10
GPS_SNR:00,17,15,19,16,00,21,20,00,16,24,00,17,22,00,SNR_AVG:18.70
GLO_PRN:66,83,72,84,75,76,65,82,00,00,00,00,00,00,00,SAT_TAL:02
GLO_SNR:00,00,20,00,29,00,00,00,00,00,00,00,00,00,00,SNR_AVG:24.50
GAL_PRN:00,00,00,00,00,00,00,00,00,00,00,00,00,00,00,SAT_TAL:00
GAL_SNR:00,00,00,00,00,00,00,00,00,00,00,00,00,00,00,SNR_AVG:0.00
BEI_PRN:00,00,00,00,00,00,00,00,00,00,00,00,00,00,00,SAT_TAL:00
BEI_SNR:00,00,00,00,00,00,00,00,00,00,00,00,00,00,00,SNR_AVG:0.00
QZS_PRN:00,00,00,00,00,SAT_TAL:00
QZS_SNR:00,00,00,00,00,SNR_AVG:0.00
SatInView:22 GDOP:152
Roll:116.449860 Pitch:18.550207
X_AVG:-3.514376 Y_AVG:8.680209 Z_AVG:-4.225468
X_SD:0.112756 Y_SD:0.118031 Z_SD:0.137241
$MXCM10033,2,48,20240103,065207,12,0E70FE9A,47EF98B6,00BE,0000,1144,0D,C201*68
GPS_PRN:08,04,16,31,26,09,28,21,18,02,07,194199195196SAT_TAL:13
GPS_SNR:14,16,23,31,30,00,33,28,18,31,00,17,15,23,18,SNR_AVG:22.85
GLO_PRN:00,00,00,00,00,00,00,00,00,00,00,00,00,00,00,SAT_TAL:00
GLO_SNR:00,00,00,00,00,00,00,00,00,00,00,00,00,00,00,SNR_AVG:0.00
GAL_PRN:00,00,00,00,00,00,00,00,00,00,00,00,00,00,00,SAT_TAL:00
GAL_SNR:00,00,00,00,00,00,00,00,00,00,00,00,00,00,00,SNR_AVG:0.00
BEI_PRN:00,00,00,00,00,00,00,00,00,00,00,00,00,00,00,SAT_TAL:00
BEI_SNR:00,00,00,00,00,00,00,00,00,00,00,00,00,00,00,SNR_AVG:0.00
QZS_PRN:00,00,00,00,00,SAT_TAL:00
QZS_SNR:00,00,00,00,00,SNR_AVG:0.00
SatInView:23 GDOP:133
Roll:109.028244 Pitch:17.531164
X_AVG:-3.232381 Y_AVG:9.146753 Z_AVG:-3.902771
X_SD:0.154091 Y_SD:0.100690 Z_SD:0.169299
$MXCM10033,2,49,20240103,065422,12,0E70FE0A,47EF870C,00BE,0000,5018,0B,C201*62
GPS_PRN:19604,16,31,26,09,21,28,18,02,07,19419919508,SAT_TAL:11
GPS_SNR:24,00,19,24,19,00,28,25,00,22,00,17,17,24,12,SNR_AVG:21.00
GLO_PRN:00,00,00,00,00,00,00,00,00,00,00,00,00,00,00,SAT_TAL:00
GLO_SNR:00,00,00,00,00,00,00,00,00,00,00,00,00,00,00,SNR_AVG:0.00
GAL_PRN:00,00,00,00,00,00,00,00,00,00,00,00,00,00,00,SAT_TAL:00
GAL_SNR:00,00,00,00,00,00,00,00,00,00,00,00,00,00,00,SNR_AVG:0.00
BEI_PRN:00,00,00,00,00,00,00,00,00,00,00,00,00,00,00,SAT_TAL:00
BEI_SNR:00,00,00,00,00,00,00,00,00,00,00,00,00,00,00,SNR_AVG:0.00
QZS_PRN:00,00,00,00,00,SAT_TAL:00
QZS_SNR:00,00,00,00,00,SNR_AVG:0.00
SatInView:21 GDOP:158
Roll:102.626038 Pitch:4.241112
X_AVG:-1.840268 Y_AVG:9.496840 Z_AVG:-4.234470
X_SD:2.295643 Y_SD:1.852449 Z_SD:2.546931
$MXCM10033,2,50,20240103,065438,12,0E71021A,47EF9A0C,00BE,0000,233E,0B,C201*6C
GPS_PRN:08,04,16,31,26,09,28,21,02,19419919519600,00,SAT_TAL:11
GPS_SNR:15,00,18,19,16,00,27,27,21,16,19,27,26,00,00,SNR_AVG:21.00
GLO_PRN:83,82,75,76,65,66,00,00,00,00,00,00,00,00,00,SAT_TAL:01
GLO_SNR:00,00,18,00,00,00,00,00,00,00,00,00,00,00,00,SNR_AVG:18.00
GAL_PRN:00,00,00,00,00,00,00,00,00,00,00,00,00,00,00,SAT_TAL:00
GAL_SNR:00,00,00,00,00,00,00,00,00,00,00,00,00,00,00,SNR_AVG:0.00
BEI_PRN:00,00,00,00,00,00,00,00,00,00,00,00,00,00,00,SAT_TAL:00
BEI_SNR:00,00,00,00,00,00,00,00,00,00,00,00,00,00,00,SNR_AVG:0.00
QZS_PRN:00,00,00,00,00,SAT_TAL:00
QZS_SNR:00,00,00,00,00,SNR_AVG:0.00
SatInView:19 GDOP:158
Roll:115.468712 Pitch:10.602975
X_AVG:-1.995033 Y_AVG:8.963114 Z_AVG:-4.774565
X_SD:0.103470 Y_SD:0.110277 Z_SD:0.120590
$MXCM10033,2,51,20240103,065654,12,0E71012D,47EF99CF,00BE,0000,1E12,0B,C201*6E
GPS_PRN:08,04,16,31,26,09,21,28,02,19419919519600,00,SAT_TAL:10
GPS_SNR:00,15,28,29,17,00,25,21,24,17,00,23,24,00,00,SNR_AVG:22.30
GLO_PRN:83,82,75,76,66,65,00,00,00,00,00,00,00,00,00,SAT_TAL:02
GLO_SNR:00,00,25,20,00,00,00,00,00,00,00,00,00,00,00,SNR_AVG:22.50
GAL_PRN:00,00,00,00,00,00,00,00,00,00,00,00,00,00,00,SAT_TAL:00
GAL_SNR:00,00,00,00,00,00,00,00,00,00,00,00,00,00,00,SNR_AVG:0.00
BEI_PRN:00,00,00,00,00,00,00,00,00,00,00,00,00,00,00,SAT_TAL:00
BEI_SNR:00,00,00,00,00,00,00,00,00,00,00,00,00,00,00,SNR_AVG:0.00
QZS_PRN:00,00,00,00,00,SAT_TAL:00
QZS_SNR:00,00,00,00,00,SNR_AVG:0.00
SatInView:19 GDOP:134
Roll:116.406952 Pitch:14.524412
X_AVG:-2.993004 Y_AVG:8.852978 Z_AVG:-4.286426
X_SD:0.094288 Y_SD:0.073425 Z_SD:0.117779
$MXCM10033,2,52,20240103,065709,12,0E710096,47EF9B74,00BE,0000,1E12,0E,C201*66
GPS_PRN:08,04,16,31,26,09,21,28,02,19419919519600,00,SAT_TAL:13
GPS_SNR:15,17,26,28,15,17,21,15,23,19,16,25,24,00,00,SNR_AVG:20.08
GLO_PRN:83,82,75,76,66,65,00,00,00,00,00,00,00,00,00,SAT_TAL:02
GLO_SNR:00,00,22,18,00,00,00,00,00,00,00,00,00,00,00,SNR_AVG:20.00
GAL_PRN:00,00,00,00,00,00,00,00,00,00,00,00,00,00,00,SAT_TAL:00
GAL_SNR:00,00,00,00,00,00,00,00,00,00,00,00,00,00,00,SNR_AVG:0.00
BEI_PRN:00,00,00,00,00,00,00,00,00,00,00,00,00,00,00,SAT_TAL:00
BEI_SNR:00,00,00,00,00,00,00,00,00,00,00,00,00,00,00,SNR_AVG:0.00
QZS_PRN:00,00,00,00,00,SAT_TAL:00
QZS_SNR:00,00,00,00,00,SNR_AVG:0.00
SatInView:19 GDOP:119
Roll:114.045326 Pitch:17.807760
X_AVG:-3.103235 Y_AVG:8.898278 Z_AVG:-4.067926
X_SD:0.143460 Y_SD:0.166266 Z_SD:0.156153
$MXCM10033,2,53,20240103,065924,12,0E71059F,47EF937B,00BE,0000,798B,09,C201*6B
GPS_PRN:19604,16,31,26,09,21,28,02,18,07,19419919508,SAT_TAL:09
GPS_SNR:23,00,18,25,19,00,20,23,26,00,00,17,00,23,00,SNR_AVG:21.56
GLO_PRN:00,00,00,00,00,00,00,00,00,00,00,00,00,00,00,SAT_TAL:00
GLO_SNR:00,00,00,00,00,00,00,00,00,00,00,00,00,00,00,SNR_AVG:0.00
GAL_PRN:00,00,00,00,00,00,00,00,00,00,00,00,00,00,00,SAT_TAL:00
GAL_SNR:00,00,00,00,00,00,00,00,00,00,00,00,00,00,00,SNR_AVG:0.00
BEI_PRN:00,00,00,00,00,00,00,00,00,00,00,00,00,00,00,SAT_TAL:00
BEI_SNR:00,00,00,00,00,00,00,00,00,00,00,00,00,00,00,SNR_AVG:0.00
QZS_PRN:00,00,00,00,00,SAT_TAL:00
QZS_SNR:00,00,00,00,00,SNR_AVG:0.00
SatInView:21 GDOP:183
Roll:116.228508 Pitch:17.337336
X_AVG:-3.117265 Y_AVG:8.208925 Z_AVG:-4.458189
X_SD:4.331680 Y_SD:7.098722 Z_SD:3.627626
$MXCM10033,2,54,20240103,065940,12,0E710318,47EF9657,00BE,0000,80D5,0B,C201*1A
GPS_PRN:08,04,16,31,09,26,21,28,02,19419919519600,00,SAT_TAL:11
GPS_SNR:17,13,17,23,00,20,29,25,20,15,00,25,20,00,00,SNR_AVG:20.36
GLO_PRN:82,67,76,66,65,83,00,00,00,00,00,00,00,00,00,SAT_TAL:00
GLO_SNR:00,00,00,00,00,00,00,00,00,00,00,00,00,00,00,SNR_AVG:0.00
GAL_PRN:00,00,00,00,00,00,00,00,00,00,00,00,00,00,00,SAT_TAL:00
GAL_SNR:00,00,00,00,00,00,00,00,00,00,00,00,00,00,00,SNR_AVG:0.00
BEI_PRN:00,00,00,00,00,00,00,00,00,00,00,00,00,00,00,SAT_TAL:00
BEI_SNR:00,00,00,00,00,00,00,00,00,00,00,00,00,00,00,SNR_AVG:0.00
QZS_PRN:00,00,00,00,00,SAT_TAL:00
QZS_SNR:00,00,00,00,00,SNR_AVG:0.00
SatInView:19 GDOP:150
Roll:109.216446 Pitch:-1.305547
X_AVG:-3.490385 Y_AVG:7.858120 Z_AVG:-5.149601
X_SD:5.089016 Y_SD:6.299611 Z_SD:4.294670
$MXCM10033,2,55,20240103,070155,00,0E71002F,47EF87AD,00BE,0000,0000,00,C201*62
GPS_PRN:19604,16,31,09,26,21,28,02,18,07,19419919508,SAT_TAL:06
GPS_SNR:24,00,19,00,00,19,18,23,18,00,00,00,00,00,00,SNR_AVG:20.17
GLO_PRN:00,00,00,00,00,00,00,00,00,00,00,00,00,00,00,SAT_TAL:00
GLO_SNR:00,00,00,00,00,00,00,00,00,00,00,00,00,00,00,SNR_AVG:0.00
GAL_PRN:00,00,00,00,00,00,00,00,00,00,00,00,00,00,00,SAT_TAL:00
GAL_SNR:00,00,00,00,00,00,00,00,00,00,00,00,00,00,00,SNR_AVG:0.00
BEI_PRN:00,00,00,00,00,00,00,00,00,00,00,00,00,00,00,SAT_TAL:00
BEI_SNR:00,00,00,00,00,00,00,00,00,00,00,00,00,00,00,SNR_AVG:0.00
QZS_PRN:00,00,00,00,00,SAT_TAL:00
QZS_SNR:00,00,00,00,00,SNR_AVG:0.00
SatInView:21 GDOP:252
Roll:113.322189 Pitch:11.571386
X_AVG:-2.552941 Y_AVG:9.043704 Z_AVG:-4.119211
X_SD:0.168118 Y_SD:0.243029 Z_SD:0.179459
$MXCM10033,2,56,20240103,070211,12,0E70FD44,47EF9B0A,00BD,0000,74C0,09,C201*6E
GPS_PRN:08,04,16,31,09,26,21,28,02,18,19419919519600,SAT_TAL:09
GPS_SNR:00,00,15,25,00,17,28,28,26,00,16,00,18,27,00,SNR_AVG:22.22
GLO_PRN:76,67,77,82,66,65,83,00,00,00,00,00,00,00,00,SAT_TAL:00
GLO_SNR:00,00,00,00,00,00,00,00,00,00,00,00,00,00,00,SNR_AVG:0.00
GAL_PRN:00,00,00,00,00,00,00,00,00,00,00,00,00,00,00,SAT_TAL:00
GAL_SNR:00,00,00,00,00,00,00,00,00,00,00,00,00,00,00,SNR_AVG:0.00
BEI_PRN:00,00,00,00,00,00,00,00,00,00,00,00,00,00,00,SAT_TAL:00
BEI_SNR:00,00,00,00,00,00,00,00,00,00,00,00,00,00,00,SNR_AVG:0.00
QZS_PRN:00,00,00,00,00,SAT_TAL:00
QZS_SNR:00,00,00,00,00,SNR_AVG:0.00
SatInView:21 GDOP:185
Roll:113.644257 Pitch:5.475549
X_AVG:-1.607882 Y_AVG:9.255260 Z_AVG:-4.166378
X_SD:0.112870 Y_SD:0.122877 Z_SD:0.120749
$MXCM10033,2,57,20240103,070427,12,0E710282,47EFA040,00BD,0000,2E2F,09,C201*6B
GPS_PRN:08,04,16,31,09,26,21,28,02,18,19419919519600,SAT_TAL:09
GPS_SNR:00,00,22,23,00,21,21,31,24,00,18,00,21,17,00,SNR_AVG:22.00
GLO_PRN:65,82,67,77,75,76,66,83,00,00,00,00,00,00,00,SAT_TAL:01
GLO_SNR:00,00,00,00,25,00,00,00,00,00,00,00,00,00,00,SNR_AVG:25.00
GAL_PRN:00,00,00,00,00,00,00,00,00,00,00,00,00,00,00,SAT_TAL:00
GAL_SNR:00,00,00,00,00,00,00,00,00,00,00,00,00,00,00,SNR_AVG:0.00
BEI_PRN:00,00,00,00,00,00,00,00,00,00,00,00,00,00,00,SAT_TAL:00
BEI_SNR:00,00,00,00,00,00,00,00,00,00,00,00,00,00,00,SNR_AVG:0.00
QZS_PRN:00,00,00,00,00,SAT_TAL:00
QZS_SNR:00,00,00,00,00,SNR_AVG:0.00
SatInView:22 GDOP:187
Roll:121.997078 Pitch:37.358784
X_AVG:-4.012428 Y_AVG:7.577801 Z_AVG:-5.589664
X_SD:2.901938 Y_SD:6.599152 Z_SD:2.663941
$MXCM10033,2,58,20240103,070442,12,0E710381,47EFA312,00BD,0000,2E2F,0E,C201*1D
GPS_PRN:08,04,16,31,09,26,21,28,02,18,19419919519600,SAT_TAL:13
GPS_SNR:16,17,21,29,00,20,27,34,28,16,19,23,16,19,00,SNR_AVG:21.92
GLO_PRN:65,82,67,77,75,76,66,83,00,00,00,00,00,00,00,SAT_TAL:01
GLO_SNR:00,00,00,00,32,00,00,00,00,00,00,00,00,00,00,SNR_AVG:32.00
GAL_PRN:00,00,00,00,00,00,00,00,00,00,00,00,00,00,00,SAT_TAL:00
GAL_SNR:00,00,00,00,00,00,00,00,00,00,00,00,00,00,00,SNR_AVG:0.00
BEI_PRN:00,00,00,00,00,00,00,00,00,00,00,00,00,00,00,SAT_TAL:00
BEI_SNR:00,00,00,00,00,00,00,00,00,00,00,00,00,00,00,SNR_AVG:0.00
QZS_PRN:00,00,00,00,00,SAT_TAL:00
QZS_SNR:00,00,00,00,00,SNR_AVG:0.00
SatInView:22 GDOP:134
Roll:113.399696 Pitch:19.352442
X_AVG:-3.836881 Y_AVG:8.588653 Z_AVG:-4.110305
X_SD:0.105700 Y_SD:0.088901 Z_SD:0.122515
$MXCM10033,2,59,20240103,070658,12,0E710149,47EF9EDE,00BE,0000,2EB2,09,C201*66
GPS_PRN:08,04,16,09,31,26,21,02,28,07,18,194199195196SAT_TAL:09
GPS_SNR:00,00,20,00,21,18,32,28,29,00,00,17,00,24,30,SNR_AVG:24.33
GLO_PRN:00,00,00,00,00,00,00,00,00,00,00,00,00,00,00,SAT_TAL:00
GLO_SNR:00,00,00,00,00,00,00,00,00,00,00,00,00,00,00,SNR_AVG:0.00
GAL_PRN:00,00,00,00,00,00,00,00,00,00,00,00,00,00,00,SAT_TAL:00
GAL_SNR:00,00,00,00,00,00,00,00,00,00,00,00,00,00,00,SNR_AVG:0.00
BEI_PRN:00,00,00,00,00,00,00,00,00,00,00,00,00,00,00,SAT_TAL:00
BEI_SNR:00,00,00,00,00,00,00,00,00,00,00,00,00,00,00,SNR_AVG:0.00
QZS_PRN:00,00,00,00,00,SAT_TAL:00
QZS_SNR:00,00,00,00,00,SNR_AVG:0.00
SatInView:23 GDOP:189
Roll:107.829041 Pitch:7.776881
X_AVG:-2.848391 Y_AVG:14.258668 Z_AVG:-4.959593
X_SD:0.087210 Y_SD:0.067693 Z_SD:0.119623
$MXCM10033,2,60,20240103,070713,12,0E7103E1,47EF9A08,00BE,0000,2C92,0B,C201*12
GPS_PRN:08,04,16,31,09,26,21,02,28,19419919519600,00,SAT_TAL:10
GPS_SNR:00,00,21,17,00,20,33,29,28,18,14,20,30,00,00,SNR_AVG:23.00
GLO_PRN:65,82,77,67,75,76,66,83,00,00,00,00,00,00,00,SAT_TAL:01
GLO_SNR:00,00,00,00,12,00,00,00,00,00,00,00,00,00,00,SNR_AVG:12.00
GAL_PRN:00,00,00,00,00,00,00,00,00,00,00,00,00,00,00,SAT_TAL:00
GAL_SNR:00,00,00,00,00,00,00,00,00,00,00,00,00,00,00,SNR_AVG:0.00
BEI_PRN:00,00,00,00,00,00,00,00,00,00,00,00,00,00,00,SAT_TAL:00
BEI_SNR:00,00,00,00,00,00,00,00,00,00,00,00,00,00,00,SNR_AVG:0.00
QZS_PRN:00,00,00,00,00,SAT_TAL:00
QZS_SNR:00,00,00,00,00,SNR_AVG:0.00
SatInView:21 GDOP:183
Roll:108.601646 Pitch:16.696888
X_AVG:-3.090498 Y_AVG:9.068317 Z_AVG:-3.479946
X_SD:0.078933 Y_SD:0.071822 Z_SD:0.115168
$MXCM10033,2,61,20240103,070928,00,0E7103D6,47EF9A19,00BE,0000,0000,00,C201*18
GPS_PRN:26,21,02,19600,00,00,00,00,00,00,00,00,00,00,SAT_TAL:00
GPS_SNR:00,00,00,00,00,00,00,00,00,00,00,00,00,00,00,SNR_AVG:0.00
GLO_PRN:83,00,00,00,00,00,00,00,00,00,00,00,00,00,00,SAT_TAL:00
GLO_SNR:00,00,00,00,00,00,00,00,00,00,00,00,00,00,00,SNR_AVG:0.00
GAL_PRN:00,00,00,00,00,00,00,00,00,00,00,00,00,00,00,SAT_TAL:00
GAL_SNR:00,00,00,00,00,00,00,00,00,00,00,00,00,00,00,SNR_AVG:0.00
BEI_PRN:00,00,00,00,00,00,00,00,00,00,00,00,00,00,00,SAT_TAL:00
BEI_SNR:00,00,00,00,00,00,00,00,00,00,00,00,00,00,00,SNR_AVG:0.00
QZS_PRN:00,00,00,00,00,SAT_TAL:00
QZS_SNR:00,00,00,00,00,SNR_AVG:0.00
SatInView:5 GDOP:17319
Roll:124.003540 Pitch:26.923143
X_AVG:-4.585372 Y_AVG:8.029117 Z_AVG:-5.815441
X_SD:0.338331 Y_SD:0.799706 Z_SD:0.564599
$MXCM10033,2,62,20240103,070943,00,0E7103D6,47EF9A19,00BE,0000,0000,00,C202*15
GPS_PRN:18,00,00,00,00,00,00,00,00,00,00,00,00,00,00,SAT_TAL:00
GPS_SNR:00,00,00,00,00,00,00,00,00,00,00,00,00,00,00,SNR_AVG:0.00
GLO_PRN:83,67,77,00,00,00,00,00,00,00,00,00,00,00,00,SAT_TAL:00
GLO_SNR:00,00,00,00,00,00,00,00,00,00,00,00,00,00,00,SNR_AVG:0.00
GAL_PRN:00,00,00,00,00,00,00,00,00,00,00,00,00,00,00,SAT_TAL:00
GAL_SNR:00,00,00,00,00,00,00,00,00,00,00,00,00,00,00,SNR_AVG:0.00
BEI_PRN:00,00,00,00,00,00,00,00,00,00,00,00,00,00,00,SAT_TAL:00
BEI_SNR:00,00,00,00,00,00,00,00,00,00,00,00,00,00,00,SNR_AVG:0.00
QZS_PRN:00,00,00,00,00,SAT_TAL:00
QZS_SNR:00,00,00,00,00,SNR_AVG:0.00
SatInView:4 GDOP:17319
Roll:117.893143 Pitch:50.264236
X_AVG:-8.135230 Y_AVG:1.293182 Z_AVG:-2.517697
X_SD:2.367843 Y_SD:4.281378 Z_SD:1.712505
$MXCM10033,2,63,20240103,071159,12,0E70F3E9,47EFA32F,00BE,0000,2FE3,0F,C202*6E
GPS_PRN:08,04,16,09,31,26,21,02,07,28,18,194199195196SAT_TAL:15
GPS_SNR:22,19,23,17,40,24,29,36,21,32,22,24,17,26,32,SNR_AVG:25.60
GLO_PRN:00,00,00,00,00,00,00,00,00,00,00,00,00,00,00,SAT_TAL:00
GLO_SNR:00,00,00,00,00,00,00,00,00,00,00,00,00,00,00,SNR_AVG:0.00
GAL_PRN:00,00,00,00,00,00,00,00,00,00,00,00,00,00,00,SAT_TAL:00
GAL_SNR:00,00,00,00,00,00,00,00,00,00,00,00,00,00,00,SNR_AVG:0.00
BEI_PRN:00,00,00,00,00,00,00,00,00,00,00,00,00,00,00,SAT_TAL:00
BEI_SNR:00,00,00,00,00,00,00,00,00,00,00,00,00,00,00,SNR_AVG:0.00
QZS_PRN:00,00,00,00,00,SAT_TAL:00
QZS_SNR:00,00,00,00,00,SNR_AVG:0.00
SatInView:23 GDOP:110
Roll:-75.161026 Pitch:62.321800
X_AVG:-8.278885 Y_AVG:-4.481701 Z_AVG:1.155609
X_SD:0.076165 Y_SD:0.065267 Z_SD:0.122459
$MXCM10033,2,64,20240103,071214,12,0E70F60B,47EFA130,00BD,0000,2FE3,10,C202*6B
GPS_PRN:08,04,16,09,31,26,21,02,07,28,18,194199195196SAT_TAL:15
GPS_SNR:22,19,27,18,39,27,33,39,12,32,25,27,17,31,33,SNR_AVG:26.73
GLO_PRN:00,00,00,00,00,00,00,00,00,00,00,00,00,00,00,SAT_TAL:00
GLO_SNR:00,00,00,00,00,00,00,00,00,00,00,00,00,00,00,SNR_AVG:0.00
GAL_PRN:00,00,00,00,00,00,00,00,00,00,00,00,00,00,00,SAT_TAL:00
GAL_SNR:00,00,00,00,00,00,00,00,00,00,00,00,00,00,00,SNR_AVG:0.00
BEI_PRN:00,00,00,00,00,00,00,00,00,00,00,00,00,00,00,SAT_TAL:00
BEI_SNR:00,00,00,00,00,00,00,00,00,00,00,00,00,00,00,SNR_AVG:0.00
QZS_PRN:00,00,00,00,00,SAT_TAL:00
QZS_SNR:00,00,00,00,00,SNR_AVG:0.00
SatInView:23 GDOP:108
Roll:-77.012978 Pitch:62.533001
X_AVG:-8.273091 Y_AVG:-4.481270 Z_AVG:1.156088
X_SD:0.069733 Y_SD:0.064808 Z_SD:0.120687
$MXCM10033,2,65,20240103,071430,12,0E70FBB0,47EF9C82,00BD,0000,09BB,0D,C202*63
GPS_PRN:08,04,16,09,31,26,21,02,28,18,19419919519600,SAT_TAL:14
GPS_SNR:18,20,31,21,38,29,27,35,19,18,26,17,41,19,00,SNR_AVG:25.64
GLO_PRN:65,82,67,77,75,76,66,83,00,00,00,00,00,00,00,SAT_TAL:01
GLO_SNR:00,00,00,00,26,00,00,00,00,00,00,00,00,00,00,SNR_AVG:26.00
GAL_PRN:00,00,00,00,00,00,00,00,00,00,00,00,00,00,00,SAT_TAL:00
GAL_SNR:00,00,00,00,00,00,00,00,00,00,00,00,00,00,00,SNR_AVG:0.00
BEI_PRN:00,00,00,00,00,00,00,00,00,00,00,00,00,00,00,SAT_TAL:00
BEI_SNR:00,00,00,00,00,00,00,00,00,00,00,00,00,00,00,SNR_AVG:0.00
QZS_PRN:00,00,00,00,00,SAT_TAL:00
QZS_SNR:00,00,00,00,00,SNR_AVG:0.00
SatInView:22 GDOP:128
Roll:-76.557312 Pitch:62.486530
X_AVG:-8.296986 Y_AVG:-4.476673 Z_AVG:1.125776
X_SD:0.074815 Y_SD:0.070446 Z_SD:0.123245
$MXCM10033,2,66,20240103,071445,12,0E70FBF3,47EF9D29,00BD,0000,09BB,0D,C202*63
GPS_PRN:08,04,16,09,31,26,21,02,28,18,19419919519600,SAT_TAL:14
GPS_SNR:24,19,31,18,39,31,27,37,19,19,28,17,42,21,00,SNR_AVG:26.57
GLO_PRN:65,82,67,77,75,76,66,83,00,00,00,00,00,00,00,SAT_TAL:01
GLO_SNR:00,00,00,00,29,00,00,00,00,00,00,00,00,00,00,SNR_AVG:29.00
GAL_PRN:00,00,00,00,00,00,00,00,00,00,00,00,00,00,00,SAT_TAL:00
GAL_SNR:00,00,00,00,00,00,00,00,00,00,00,00,00,00,00,SNR_AVG:0.00
BEI_PRN:00,00,00,00,00,00,00,00,00,00,00,00,00,00,00,SAT_TAL:00
BEI_SNR:00,00,00,00,00,00,00,00,00,00,00,00,00,00,00,SNR_AVG:0.00
QZS_PRN:00,00,00,00,00,SAT_TAL:00
QZS_SNR:00,00,00,00,00,SNR_AVG:0.00
SatInView:22 GDOP:128
Roll:-75.405464 Pitch:62.382034
X_AVG:-8.292772 Y_AVG:-4.481557 Z_AVG:1.167101
X_SD:0.082499 Y_SD:0.072195 Z_SD:0.114435
$MXCM10033,2,67,20240103,071701,12,0E70FC38,47EF9A3F,00BD,0000,7D5D,0F,C202*6C
GPS_PRN:08,04,16,09,31,26,21,02,28,19419919519600,00,SAT_TAL:13
GPS_SNR:19,17,21,20,41,27,31,38,27,25,17,41,27,00,00,SNR_AVG:27.00
GLO_PRN:65,82,67,77,75,76,66,83,00,00,00,00,00,00,00,SAT_TAL:02
GLO_SNR:00,00,00,00,37,17,00,00,00,00,00,00,00,00,00,SNR_AVG:27.00
GAL_PRN:00,00,00,00,00,00,00,00,00,00,00,00,00,00,00,SAT_TAL:00
GAL_SNR:00,00,00,00,00,00,00,00,00,00,00,00,00,00,00,SNR_AVG:0.00
BEI_PRN:00,00,00,00,00,00,00,00,00,00,00,00,00,00,00,SAT_TAL:00
BEI_SNR:00,00,00,00,00,00,00,00,00,00,00,00,00,00,00,SNR_AVG:0.00
QZS_PRN:00,00,00,00,00,SAT_TAL:00
QZS_SNR:00,00,00,00,00,SNR_AVG:0.00
SatInView:21 GDOP:120
Roll:-75.122269 Pitch:62.318699
X_AVG:-8.292149 Y_AVG:-4.483616 Z_AVG:1.156183
X_SD:0.067213 Y_SD:0.070907 Z_SD:0.122776
$MXCM10033,2,68,20240103,071716,12,0E70FCE9,47EF9ABE,00BD,0000,7D5D,0E,C202*63
GPS_PRN:08,04,16,09,31,26,21,02,28,18,19419919519600,SAT_TAL:13
GPS_SNR:16,16,22,00,39,28,28,38,24,23,26,16,40,21,00,SNR_AVG:25.92
GLO_PRN:65,82,67,77,75,76,66,83,00,00,00,00,00,00,00,SAT_TAL:03
GLO_SNR:00,00,15,00,37,23,00,00,00,00,00,00,00,00,00,SNR_AVG:25.00
GAL_PRN:00,00,00,00,00,00,00,00,00,00,00,00,00,00,00,SAT_TAL:00
GAL_SNR:00,00,00,00,00,00,00,00,00,00,00,00,00,00,00,SNR_AVG:0.00
BEI_PRN:00,00,00,00,00,00,00,00,00,00,00,00,00,00,00,SAT_TAL:00
BEI_SNR:00,00,00,00,00,00,00,00,00,00,00,00,00,00,00,SNR_AVG:0.00
QZS_PRN:00,00,00,00,00,SAT_TAL:00
QZS_SNR:00,00,00,00,00,SNR_AVG:0.00
SatInView:22 GDOP:131
Roll:-75.788872 Pitch:62.381092
X_AVG:-8.290425 Y_AVG:-4.480982 Z_AVG:1.161068
X_SD:0.071805 Y_SD:0.063438 Z_SD:0.112582
$MXCM10033,2,69,20240103,071931,12,0E70FBAB,47EF9B0F,00BD,0000,26AD,0E,C202*66
GPS_PRN:08,04,16,09,31,26,21,02,07,28,18,194199195196SAT_TAL:13
GPS_SNR:21,00,31,19,35,19,31,32,00,27,19,24,16,41,30,SNR_AVG:26.54
GLO_PRN:00,00,00,00,00,00,00,00,00,00,00,00,00,00,00,SAT_TAL:00
GLO_SNR:00,00,00,00,00,00,00,00,00,00,00,00,00,00,00,SNR_AVG:0.00
GAL_PRN:00,00,00,00,00,00,00,00,00,00,00,00,00,00,00,SAT_TAL:00
GAL_SNR:00,00,00,00,00,00,00,00,00,00,00,00,00,00,00,SNR_AVG:0.00
BEI_PRN:00,00,00,00,00,00,00,00,00,00,00,00,00,00,00,SAT_TAL:00
BEI_SNR:00,00,00,00,00,00,00,00,00,00,00,00,00,00,00,SNR_AVG:0.00
QZS_PRN:00,00,00,00,00,SAT_TAL:00
QZS_SNR:00,00,00,00,00,SNR_AVG:0.00
SatInView:23 GDOP:123
Roll:-75.651642 Pitch:62.324661
X_AVG:-8.300386 Y_AVG:-4.480839 Z_AVG:1.159439
X_SD:0.078572 Y_SD:0.066730 Z_SD:0.130918
$MXCM10033,2,70,20240103,071947,12,0E70FBA5,47EF9936,00BD,0000,26AD,0F,C202*13
GPS_PRN:08,04,16,09,31,26,21,02,07,28,18,194199195196SAT_TAL:15
GPS_SNR:24,22,31,18,30,27,29,33,18,21,22,25,17,40,25,SNR_AVG:25.47
GLO_PRN:00,00,00,00,00,00,00,00,00,00,00,00,00,00,00,SAT_TAL:00
GLO_SNR:00,00,00,00,00,00,00,00,00,00,00,00,00,00,00,SNR_AVG:0.00
GAL_PRN:00,00,00,00,00,00,00,00,00,00,00,00,00,00,00,SAT_TAL:00
GAL_SNR:00,00,00,00,00,00,00,00,00,00,00,00,00,00,00,SNR_AVG:0.00
BEI_PRN:00,00,00,00,00,00,00,00,00,00,00,00,00,00,00,SAT_TAL:00
BEI_SNR:00,00,00,00,00,00,00,00,00,00,00,00,00,00,00,SNR_AVG:0.00
QZS_PRN:00,00,00,00,00,SAT_TAL:00
QZS_SNR:00,00,00,00,00,SNR_AVG:0.00
SatInView:23 GDOP:112
Roll:-76.332062 Pitch:62.469753
X_AVG:-8.293442 Y_AVG:-4.476673 Z_AVG:1.149815
X_SD:0.076307 Y_SD:0.065409 Z_SD:0.115702
$MXCM10033,2,71,20240103,072203,12,0E70FF8B,47EF9893,00BD,0000,2956,0D,C202*15
GPS_PRN:08,04,16,09,31,26,21,02,07,28,18,194199195196SAT_TAL:13
GPS_SNR:24,15,32,00,37,27,34,35,17,00,18,23,18,33,32,SNR_AVG:26.54
GLO_PRN:00,00,00,00,00,00,00,00,00,00,00,00,00,00,00,SAT_TAL:00
GLO_SNR:00,00,00,00,00,00,00,00,00,00,00,00,00,00,00,SNR_AVG:0.00
GAL_PRN:00,00,00,00,00,00,00,00,00,00,00,00,00,00,00,SAT_TAL:00
GAL_SNR:00,00,00,00,00,00,00,00,00,00,00,00,00,00,00,SNR_AVG:0.00
BEI_PRN:00,00,00,00,00,00,00,00,00,00,00,00,00,00,00,SAT_TAL:00
BEI_SNR:00,00,00,00,00,00,00,00,00,00,00,00,00,00,00,SNR_AVG:0.00
QZS_PRN:00,00,00,00,00,SAT_TAL:00
QZS_SNR:00,00,00,00,00,SNR_AVG:0.00
SatInView:23 GDOP:123
Roll:-77.138863 Pitch:62.552986
X_AVG:-8.303881 Y_AVG:-4.474805 Z_AVG:1.171746
X_SD:0.077987 Y_SD:0.069349 Z_SD:0.115627
$MXCM10033,2,72,20240103,072218,12,0E70FF5F,47EF96C4,00BC,0000,2956,0D,C202*61
GPS_PRN:08,04,16,09,31,26,21,02,07,28,18,194199195196SAT_TAL:14
GPS_SNR:20,19,33,00,40,33,22,33,13,19,22,24,18,36,32,SNR_AVG:26.00
GLO_PRN:00,00,00,00,00,00,00,00,00,00,00,00,00,00,00,SAT_TAL:00
GLO_SNR:00,00,00,00,00,00,00,00,00,00,00,00,00,00,00,SNR_AVG:0.00
GAL_PRN:00,00,00,00,00,00,00,00,00,00,00,00,00,00,00,SAT_TAL:00
GAL_SNR:00,00,00,00,00,00,00,00,00,00,00,00,00,00,00,SNR_AVG:0.00
BEI_PRN:00,00,00,00,00,00,00,00,00,00,00,00,00,00,00,SAT_TAL:00
BEI_SNR:00,00,00,00,00,00,00,00,00,00,00,00,00,00,00,SNR_AVG:0.00
QZS_PRN:00,00,00,00,00,SAT_TAL:00
QZS_SNR:00,00,00,00,00,SNR_AVG:0.00
SatInView:23 GDOP:119
Roll:-75.850578 Pitch:62.387753
X_AVG:-8.309532 Y_AVG:-4.474662 Z_AVG:1.173087
X_SD:0.080456 Y_SD:0.067303 Z_SD:0.118143
$MXCM10033,2,73,20240103,072434,12,0E710134,47EF9D06,00BC,0000,6D39,0A,C202*6A
GPS_PRN:08,04,16,09,31,21,26,02,28,18,19419919519600,SAT_TAL:11
GPS_SNR:25,00,35,00,35,30,24,34,23,18,26,00,38,29,00,SNR_AVG:28.82
GLO_PRN:83,82,77,67,76,75,66,65,00,00,00,00,00,00,00,SAT_TAL:01
GLO_SNR:00,00,00,00,00,29,00,00,00,00,00,00,00,00,00,SNR_AVG:29.00
GAL_PRN:00,00,00,00,00,00,00,00,00,00,00,00,00,00,00,SAT_TAL:00
GAL_SNR:00,00,00,00,00,00,00,00,00,00,00,00,00,00,00,SNR_AVG:0.00
BEI_PRN:00,00,00,00,00,00,00,00,00,00,00,00,00,00,00,SAT_TAL:00
BEI_SNR:00,00,00,00,00,00,00,00,00,00,00,00,00,00,00,SNR_AVG:0.00
QZS_PRN:00,00,00,00,00,SAT_TAL:00
QZS_SNR:00,00,00,00,00,SNR_AVG:0.00
SatInView:22 GDOP:177
Roll:-77.449493 Pitch:62.585602
X_AVG:-8.303163 Y_AVG:-4.486872 Z_AVG:1.172943
X_SD:0.075779 Y_SD:0.066116 Z_SD:0.119382
$MXCM10033,2,74,20240103,072449,12,0E710105,47EF9B80,00BC,0000,6D39,0E,C202*69
GPS_PRN:08,04,16,09,31,21,26,02,28,19419919519600,00,SAT_TAL:12
GPS_SNR:24,19,37,00,36,29,29,33,19,26,17,40,31,00,00,SNR_AVG:28.33
GLO_PRN:83,82,77,67,76,75,66,65,00,00,00,00,00,00,00,SAT_TAL:03
GLO_SNR:00,00,00,00,16,30,20,00,00,00,00,00,00,00,00,SNR_AVG:22.00
GAL_PRN:00,00,00,00,00,00,00,00,00,00,00,00,00,00,00,SAT_TAL:00
GAL_SNR:00,00,00,00,00,00,00,00,00,00,00,00,00,00,00,SNR_AVG:0.00
BEI_PRN:00,00,00,00,00,00,00,00,00,00,00,00,00,00,00,SAT_TAL:00
BEI_SNR:00,00,00,00,00,00,00,00,00,00,00,00,00,00,00,SNR_AVG:0.00
QZS_PRN:00,00,00,00,00,SAT_TAL:00
QZS_SNR:00,00,00,00,00,SNR_AVG:0.00
SatInView:21 GDOP:123
Roll:-78.851257 Pitch:62.688835
X_AVG:-8.294927 Y_AVG:-4.478875 Z_AVG:1.167340
X_SD:0.075283 Y_SD:0.068031 Z_SD:0.111985
$MXCM10033,2,75,20240103,072705,12,0E70FFDA,47EF9FA9,00BC,0000,0B97,0E,C202*13
GPS_PRN:08,04,16,09,21,31,26,02,07,28,18,194199195196SAT_TAL:12
GPS_SNR:25,13,33,17,26,35,21,34,00,00,00,22,19,42,28,SNR_AVG:26.25
GLO_PRN:00,00,00,00,00,00,00,00,00,00,00,00,00,00,00,SAT_TAL:00
GLO_SNR:00,00,00,00,00,00,00,00,00,00,00,00,00,00,00,SNR_AVG:0.00
GAL_PRN:00,00,00,00,00,00,00,00,00,00,00,00,00,00,00,SAT_TAL:00
GAL_SNR:00,00,00,00,00,00,00,00,00,00,00,00,00,00,00,SNR_AVG:0.00
BEI_PRN:00,00,00,00,00,00,00,00,00,00,00,00,00,00,00,SAT_TAL:00
BEI_SNR:00,00,00,00,00,00,00,00,00,00,00,00,00,00,00,SNR_AVG:0.00
QZS_PRN:00,00,00,00,00,SAT_TAL:00
QZS_SNR:00,00,00,00,00,SNR_AVG:0.00
SatInView:23 GDOP:127
Roll:-75.936562 Pitch:62.418591
X_AVG:-8.307999 Y_AVG:-4.473321 Z_AVG:1.170309
X_SD:0.079189 Y_SD:0.070267 Z_SD:0.118290
$MXCM10033,2,76,20240103,072720,12,0E710079,47EF9E82,00BC,0000,0B97,0D,C202*6D
GPS_PRN:08,04,16,09,21,31,26,02,28,19419919519600,00,SAT_TAL:12
GPS_SNR:21,18,34,12,15,36,29,34,00,22,18,41,29,00,00,SNR_AVG:25.75
GLO_PRN:83,77,82,67,76,75,66,65,00,00,00,00,00,00,00,SAT_TAL:02
GLO_SNR:00,00,00,00,27,37,00,00,00,00,00,00,00,00,00,SNR_AVG:32.00
GAL_PRN:00,00,00,00,00,00,00,00,00,00,00,00,00,00,00,SAT_TAL:00
GAL_SNR:00,00,00,00,00,00,00,00,00,00,00,00,00,00,00,SNR_AVG:0.00
BEI_PRN:00,00,00,00,00,00,00,00,00,00,00,00,00,00,00,SAT_TAL:00
BEI_SNR:00,00,00,00,00,00,00,00,00,00,00,00,00,00,00,SNR_AVG:0.00
QZS_PRN:00,00,00,00,00,SAT_TAL:00
QZS_SNR:00,00,00,00,00,SNR_AVG:0.00
SatInView:21 GDOP:134
Roll:-77.546669 Pitch:62.580166
X_AVG:-8.303402 Y_AVG:-4.470735 Z_AVG:1.164755
X_SD:0.074875 Y_SD:0.070081 Z_SD:0.120516
$MXCM10033,2,77,20240103,072936,12,0E7102CC,47EF9C25,00BC,0000,72C0,0C,C202*6F
GPS_PRN:08,04,16,09,21,31,26,02,28,19419919519600,00,SAT_TAL:10
GPS_SNR:25,00,17,00,29,36,27,26,00,24,17,39,31,00,00,SNR_AVG:27.10
GLO_PRN:83,77,82,67,76,75,66,65,00,00,00,00,00,00,00,SAT_TAL:02
GLO_SNR:00,00,00,00,26,36,00,00,00,00,00,00,00,00,00,SNR_AVG:31.00
GAL_PRN:00,00,00,00,00,00,00,00,00,00,00,00,00,00,00,SAT_TAL:00
GAL_SNR:00,00,00,00,00,00,00,00,00,00,00,00,00,00,00,SNR_AVG:0.00
BEI_PRN:00,00,00,00,00,00,00,00,00,00,00,00,00,00,00,SAT_TAL:00
BEI_SNR:00,00,00,00,00,00,00,00,00,00,00,00,00,00,00,SNR_AVG:0.00
QZS_PRN:00,00,00,00,00,SAT_TAL:00
QZS_SNR:00,00,00,00,00,SNR_AVG:0.00
SatInView:21 GDOP:148
Roll:-75.604973 Pitch:62.378906
X_AVG:-8.310441 Y_AVG:-4.478636 Z_AVG:1.172321
X_SD:0.072639 Y_SD:0.062169 Z_SD:0.116088
$MXCM10033,2,78,20240103,072951,12,0E71041E,47EF9C2A,00BC,0000,72C0,0E,C202*61
GPS_PRN:08,04,16,09,21,31,26,02,28,19419919519600,00,SAT_TAL:11
GPS_SNR:25,00,19,14,22,34,31,26,00,23,17,39,31,00,00,SNR_AVG:25.55
GLO_PRN:83,77,82,67,76,75,66,65,00,00,00,00,00,00,00,SAT_TAL:03
GLO_SNR:00,00,00,00,28,38,00,19,00,00,00,00,00,00,00,SNR_AVG:28.33
GAL_PRN:00,00,00,00,00,00,00,00,00,00,00,00,00,00,00,SAT_TAL:00
GAL_SNR:00,00,00,00,00,00,00,00,00,00,00,00,00,00,00,SNR_AVG:0.00
BEI_PRN:00,00,00,00,00,00,00,00,00,00,00,00,00,00,00,SAT_TAL:00
BEI_SNR:00,00,00,00,00,00,00,00,00,00,00,00,00,00,00,SNR_AVG:0.00
QZS_PRN:00,00,00,00,00,SAT_TAL:00
QZS_SNR:00,00,00,00,00,SNR_AVG:0.00
SatInView:21 GDOP:123
Roll:-77.078468 Pitch:62.537640
X_AVG:-8.299715 Y_AVG:-4.473081 Z_AVG:1.152352
X_SD:0.076558 Y_SD:0.069035 Z_SD:0.128006
$MXCM10033,2,79,20240103,073207,12,0E70FF10,47EFA626,00BC,0000,2AA4,0D,C202*12
GPS_PRN:08,04,16,09,21,31,26,02,07,28,19419919519600,SAT_TAL:12
GPS_SNR:23,14,32,19,34,27,25,26,00,00,24,17,32,29,00,SNR_AVG:25.17
GLO_PRN:75,82,67,77,66,83,65,00,00,00,00,00,00,00,00,SAT_TAL:01
GLO_SNR:34,00,00,00,00,00,00,00,00,00,00,00,00,00,00,SNR_AVG:34.00
GAL_PRN:00,00,00,00,00,00,00,00,00,00,00,00,00,00,00,SAT_TAL:00
GAL_SNR:00,00,00,00,00,00,00,00,00,00,00,00,00,00,00,SNR_AVG:0.00
BEI_PRN:00,00,00,00,00,00,00,00,00,00,00,00,00,00,00,SAT_TAL:00
BEI_SNR:00,00,00,00,00,00,00,00,00,00,00,00,00,00,00,SNR_AVG:0.00
QZS_PRN:00,00,00,00,00,SAT_TAL:00
QZS_SNR:00,00,00,00,00,SNR_AVG:0.00
SatInView:21 GDOP:135
Roll:-79.541588 Pitch:62.739597
X_AVG:-8.309627 Y_AVG:-4.470208 Z_AVG:1.155752
X_SD:0.083095 Y_SD:0.064123 Z_SD:0.126143
$MXCM10033,2,80,20240103,073222,12,0E70FFC3,47EFA2B1,00BC,0000,2DCF,0D,C202*64
GPS_PRN:08,04,16,09,21,31,26,02,28,19419919519600,00,SAT_TAL:11
GPS_SNR:25,00,35,18,34,32,30,21,00,23,17,33,29,00,00,SNR_AVG:27.00
GLO_PRN:83,77,82,67,76,75,66,65,00,00,00,00,00,00,00,SAT_TAL:02
GLO_SNR:00,00,00,18,00,39,00,00,00,00,00,00,00,00,00,SNR_AVG:28.50
GAL_PRN:00,00,00,00,00,00,00,00,00,00,00,00,00,00,00,SAT_TAL:00
GAL_SNR:00,00,00,00,00,00,00,00,00,00,00,00,00,00,00,SNR_AVG:0.00
BEI_PRN:00,00,00,00,00,00,00,00,00,00,00,00,00,00,00,SAT_TAL:00
BEI_SNR:00,00,00,00,00,00,00,00,00,00,00,00,00,00,00,SNR_AVG:0.00
QZS_PRN:00,00,00,00,00,SAT_TAL:00
QZS_SNR:00,00,00,00,00,SNR_AVG:0.00
SatInView:21 GDOP:118
Roll:-76.292786 Pitch:62.466331
X_AVG:-8.294735 Y_AVG:-4.475811 Z_AVG:1.180269
X_SD:0.078073 Y_SD:0.064818 Z_SD:0.118960
$MXCM10033,2,81,20240103,073438,12,0E710060,47EF9D60,00BD,0000,37FF,0E,C202*15
GPS_PRN:08,04,16,09,21,26,31,02,07,28,19419919519600,SAT_TAL:12
GPS_SNR:18,23,25,14,38,29,30,33,00,00,25,19,29,30,00,SNR_AVG:26.08
GLO_PRN:83,77,82,67,76,75,66,65,00,00,00,00,00,00,00,SAT_TAL:02
GLO_SNR:00,00,00,00,23,34,00,00,00,00,00,00,00,00,00,SNR_AVG:28.50
GAL_PRN:00,00,00,00,00,00,00,00,00,00,00,00,00,00,00,SAT_TAL:00
GAL_SNR:00,00,00,00,00,00,00,00,00,00,00,00,00,00,00,SNR_AVG:0.00
BEI_PRN:00,00,00,00,00,00,00,00,00,00,00,00,00,00,00,SAT_TAL:00
BEI_SNR:00,00,00,00,00,00,00,00,00,00,00,00,00,00,00,SNR_AVG:0.00
QZS_PRN:00,00,00,00,00,SAT_TAL:00
QZS_SNR:00,00,00,00,00,SNR_AVG:0.00
SatInView:22 GDOP:129
Roll:-76.331055 Pitch:62.471134
X_AVG:-8.307137 Y_AVG:-4.473656 Z_AVG:1.182328
X_SD:0.081185 Y_SD:0.065003 Z_SD:0.111455
$MXCM10033,2,82,20240103,073453,12,0E71000B,47EF9FA4,00BC,0000,37FF,10,C202*6D
GPS_PRN:08,04,16,09,21,26,31,02,28,19419919519600,00,SAT_TAL:12
GPS_SNR:21,14,24,15,38,34,29,30,00,23,17,31,30,00,00,SNR_AVG:25.50
GLO_PRN:83,77,82,67,76,75,66,65,00,00,00,00,00,00,00,SAT_TAL:04
GLO_SNR:00,00,00,15,26,36,15,00,00,00,00,00,00,00,00,SNR_AVG:23.00
GAL_PRN:00,00,00,00,00,00,00,00,00,00,00,00,00,00,00,SAT_TAL:00
GAL_SNR:00,00,00,00,00,00,00,00,00,00,00,00,00,00,00,SNR_AVG:0.00
BEI_PRN:00,00,00,00,00,00,00,00,00,00,00,00,00,00,00,SAT_TAL:00
BEI_SNR:00,00,00,00,00,00,00,00,00,00,00,00,00,00,00,SNR_AVG:0.00
QZS_PRN:00,00,00,00,00,SAT_TAL:00
QZS_SNR:00,00,00,00,00,SNR_AVG:0.00
SatInView:21 GDOP:110
Roll:-78.173683 Pitch:62.645115
X_AVG:-8.295884 Y_AVG:-4.467239 Z_AVG:1.174092
X_SD:0.076296 Y_SD:0.068506 Z_SD:0.119529
$MXCM10033,2,83,20240103,073709,12,0E70FFE1,47EFA1A9,00BD,0000,2B0E,0D,C202*16
GPS_PRN:08,04,16,09,21,02,26,31,07,19419919519600,00,SAT_TAL:11
GPS_SNR:21,15,33,00,31,32,35,37,00,23,16,35,32,00,00,SNR_AVG:28.18
GLO_PRN:83,65,82,67,76,75,66,77,00,00,00,00,00,00,00,SAT_TAL:02
GLO_SNR:00,00,00,00,27,32,00,00,00,00,00,00,00,00,00,SNR_AVG:29.50
GAL_PRN:00,00,00,00,00,00,00,00,00,00,00,00,00,00,00,SAT_TAL:00
GAL_SNR:00,00,00,00,00,00,00,00,00,00,00,00,00,00,00,SNR_AVG:0.00
BEI_PRN:00,00,00,00,00,00,00,00,00,00,00,00,00,00,00,SAT_TAL:00
BEI_SNR:00,00,00,00,00,00,00,00,00,00,00,00,00,00,00,SNR_AVG:0.00
QZS_PRN:00,00,00,00,00,SAT_TAL:00
QZS_SNR:00,00,00,00,00,SNR_AVG:0.00
SatInView:21 GDOP:142
Roll:-77.540604 Pitch:62.547073
X_AVG:-8.297034 Y_AVG:-4.469729 Z_AVG:1.164898
X_SD:0.077796 Y_SD:0.066595 Z_SD:0.121843
$MXCM10033,2,84,20240103,073724,12,0E710070,47EF9EB7,00BD,0000,2B0E,11,C202*19
GPS_PRN:08,04,16,09,21,02,26,31,19419919519600,00,00,SAT_TAL:12
GPS_SNR:18,24,34,20,34,29,34,37,23,16,36,32,00,00,00,SNR_AVG:28.08
GLO_PRN:83,65,82,67,76,75,66,77,00,00,00,00,00,00,00,SAT_TAL:05
GLO_SNR:00,16,00,17,27,35,15,00,00,00,00,00,00,00,00,SNR_AVG:22.00
GAL_PRN:00,00,00,00,00,00,00,00,00,00,00,00,00,00,00,SAT_TAL:00
GAL_SNR:00,00,00,00,00,00,00,00,00,00,00,00,00,00,00,SNR_AVG:0.00
BEI_PRN:00,00,00,00,00,00,00,00,00,00,00,00,00,00,00,SAT_TAL:00
BEI_SNR:00,00,00,00,00,00,00,00,00,00,00,00,00,00,00,SNR_AVG:0.00
QZS_PRN:00,00,00,00,00,SAT_TAL:00
QZS_SNR:00,00,00,00,00,SNR_AVG:0.00
SatInView:20 GDOP:107
Roll:-77.045013 Pitch:62.206909
X_AVG:-8.305653 Y_AVG:-4.473273 Z_AVG:1.171459
X_SD:0.075170 Y_SD:0.065389 Z_SD:0.125059
$MXCM10033,2,85,20240103,073940,12,0E7101AC,47EF9B6F,00BB,0000,7696,0C,C202*6C
GPS_PRN:08,04,16,09,21,02,26,31,19419919519600,00,00,SAT_TAL:09
GPS_SNR:00,14,35,00,00,35,32,41,25,16,36,33,00,00,00,SNR_AVG:29.67
GLO_PRN:83,65,82,67,76,75,66,77,00,00,00,00,00,00,00,SAT_TAL:03
GLO_SNR:00,18,00,00,20,35,00,00,00,00,00,00,00,00,00,SNR_AVG:24.33
GAL_PRN:00,00,00,00,00,00,00,00,00,00,00,00,00,00,00,SAT_TAL:00
GAL_SNR:00,00,00,00,00,00,00,00,00,00,00,00,00,00,00,SNR_AVG:0.00
BEI_PRN:00,00,00,00,00,00,00,00,00,00,00,00,00,00,00,SAT_TAL:00
BEI_SNR:00,00,00,00,00,00,00,00,00,00,00,00,00,00,00,SNR_AVG:0.00
QZS_PRN:00,00,00,00,00,SAT_TAL:00
QZS_SNR:00,00,00,00,00,SNR_AVG:0.00
SatInView:20 GDOP:136
Roll:-76.139885 Pitch:62.462097
X_AVG:-8.308191 Y_AVG:-4.467335 Z_AVG:1.169064
X_SD:0.074022 Y_SD:0.069332 Z_SD:0.120013
$MXCM10033,2,86,20240103,073955,12,0E710152,47EF995F,00BC,0000,7696,10,C202*65
GPS_PRN:08,04,16,09,21,02,26,31,19419919519600,00,00,SAT_TAL:12
GPS_SNR:23,18,35,20,27,34,31,41,25,16,36,33,00,00,00,SNR_AVG:28.25
GLO_PRN:83,65,82,67,76,75,66,77,00,00,00,00,00,00,00,SAT_TAL:04
GLO_SNR:00,14,00,21,24,34,00,00,00,00,00,00,00,00,00,SNR_AVG:23.25
GAL_PRN:00,00,00,00,00,00,00,00,00,00,00,00,00,00,00,SAT_TAL:00
GAL_SNR:00,00,00,00,00,00,00,00,00,00,00,00,00,00,00,SNR_AVG:0.00
BEI_PRN:00,00,00,00,00,00,00,00,00,00,00,00,00,00,00,SAT_TAL:00
BEI_SNR:00,00,00,00,00,00,00,00,00,00,00,00,00,00,00,SNR_AVG:0.00
QZS_PRN:00,00,00,00,00,SAT_TAL:00
QZS_SNR:00,00,00,00,00,SNR_AVG:0.00
SatInView:20 GDOP:109
Roll:-77.093079 Pitch:62.550377
X_AVG:-8.309149 Y_AVG:-4.469059 Z_AVG:1.159008
X_SD:0.070647 Y_SD:0.062434 Z_SD:0.115695
$MXCM10033,2,87,20240103,074210,00,0E710150,47EF994B,00BC,0000,0000,00,C202*62
GPS_PRN:19604,16,21,09,02,26,31,07,19919508,19400,00,SAT_TAL:01
GPS_SNR:00,00,00,00,00,00,00,14,00,00,00,00,00,00,00,SNR_AVG:14.00
GLO_PRN:76,75,83,00,00,00,00,00,00,00,00,00,00,00,00,SAT_TAL:00
GLO_SNR:00,00,00,00,00,00,00,00,00,00,00,00,00,00,00,SNR_AVG:0.00
GAL_PRN:00,00,00,00,00,00,00,00,00,00,00,00,00,00,00,SAT_TAL:00
GAL_SNR:00,00,00,00,00,00,00,00,00,00,00,00,00,00,00,SNR_AVG:0.00
BEI_PRN:00,00,00,00,00,00,00,00,00,00,00,00,00,00,00,SAT_TAL:00
BEI_SNR:00,00,00,00,00,00,00,00,00,00,00,00,00,00,00,SNR_AVG:0.00
QZS_PRN:00,00,00,00,00,SAT_TAL:00
QZS_SNR:00,00,00,00,00,SNR_AVG:0.00
SatInView:16 GDOP:17129
Roll:77.420403 Pitch:65.031021
X_AVG:-7.526947 Y_AVG:4.658013 Z_AVG:1.184052
X_SD:1.221671 Y_SD:0.903236 Z_SD:0.860544
$MXCM10033,2,88,20240103,074225,00,0E70CB75,47EF42D1,00BC,0000,1847,00,C202*62
GPS_PRN:19604,16,21,09,02,31,07,19419919508,00,00,00,SAT_TAL:02
GPS_SNR:00,00,00,19,00,26,00,00,00,00,00,00,00,00,00,SNR_AVG:22.50
GLO_PRN:00,00,00,00,00,00,00,00,00,00,00,00,00,00,00,SAT_TAL:00
GLO_SNR:00,00,00,00,00,00,00,00,00,00,00,00,00,00,00,SNR_AVG:0.00
GAL_PRN:00,00,00,00,00,00,00,00,00,00,00,00,00,00,00,SAT_TAL:00
GAL_SNR:00,00,00,00,00,00,00,00,00,00,00,00,00,00,00,SNR_AVG:0.00
BEI_PRN:00,00,00,00,00,00,00,00,00,00,00,00,00,00,00,SAT_TAL:00
BEI_SNR:00,00,00,00,00,00,00,00,00,00,00,00,00,00,00,SNR_AVG:0.00
QZS_PRN:00,00,00,00,00,SAT_TAL:00
QZS_SNR:00,00,00,00,00,SNR_AVG:0.00
SatInView:12 GDOP:14173
Roll:171.159271 Pitch:52.604397
X_AVG:-8.344966 Y_AVG:1.116870 Z_AVG:-6.258138
X_SD:0.070016 Y_SD:0.066300 Z_SD:0.112479
$MXCM10033,2,89,20240103,074440,00,0E710150,47EF994B,00BC,0000,0000,00,C202*6F
GPS_PRN:02,26,07,31,00,00,00,00,00,00,00,00,00,00,00,SAT_TAL:01
GPS_SNR:18,00,00,00,00,00,00,00,00,00,00,00,00,00,00,SNR_AVG:18.00
GLO_PRN:00,00,00,00,00,00,00,00,00,00,00,00,00,00,00,SAT_TAL:00
GLO_SNR:00,00,00,00,00,00,00,00,00,00,00,00,00,00,00,SNR_AVG:0.00
GAL_PRN:00,00,00,00,00,00,00,00,00,00,00,00,00,00,00,SAT_TAL:00
GAL_SNR:00,00,00,00,00,00,00,00,00,00,00,00,00,00,00,SNR_AVG:0.00
BEI_PRN:00,00,00,00,00,00,00,00,00,00,00,00,00,00,00,SAT_TAL:00
BEI_SNR:00,00,00,00,00,00,00,00,00,00,00,00,00,00,00,SNR_AVG:0.00
QZS_PRN:00,00,00,00,00,SAT_TAL:00
QZS_SNR:00,00,00,00,00,SNR_AVG:0.00
SatInView:4 GDOP:17319
Roll:171.206589 Pitch:52.614326
X_AVG:-8.335485 Y_AVG:1.090724 Z_AVG:-6.273653
X_SD:0.078952 Y_SD:0.062828 Z_SD:0.109877
$MXCM10033,2,90,20240103,074455,12,0E70F30A,47EF8412,00BC,0000,0000,07,C202*1F
GPS_PRN:08,04,21,16,09,02,26,07,31,19419919519600,00,SAT_TAL:07
GPS_SNR:00,23,16,17,15,19,19,17,00,00,00,00,00,00,00,SNR_AVG:18.00
GLO_PRN:66,65,67,82,76,75,83,77,00,00,00,00,00,00,00,SAT_TAL:00
GLO_SNR:00,00,00,00,00,00,00,00,00,00,00,00,00,00,00,SNR_AVG:0.00
GAL_PRN:00,00,00,00,00,00,00,00,00,00,00,00,00,00,00,SAT_TAL:00
GAL_SNR:00,00,00,00,00,00,00,00,00,00,00,00,00,00,00,SNR_AVG:0.00
BEI_PRN:00,00,00,00,00,00,00,00,00,00,00,00,00,00,00,SAT_TAL:00
BEI_SNR:00,00,00,00,00,00,00,00,00,00,00,00,00,00,00,SNR_AVG:0.00
QZS_PRN:00,00,00,00,00,SAT_TAL:00
QZS_SNR:00,00,00,00,00,SNR_AVG:0.00
SatInView:21 GDOP:145
Roll:170.996460 Pitch:52.454197
X_AVG:-8.320306 Y_AVG:1.099344 Z_AVG:-6.278394
X_SD:0.079990 Y_SD:0.067077 Z_SD:0.110971
$MXCM10033,2,91,20240103,074711,00,0E70FE30,47EF912F,00BC,0000,0000,00,C202*6E
GPS_PRN:19604,21,16,09,02,07,26,31,08,19419919500,00,SAT_TAL:03
GPS_SNR:00,22,00,20,00,20,00,00,00,00,00,00,00,00,00,SNR_AVG:20.67
GLO_PRN:76,00,00,00,00,00,00,00,00,00,00,00,00,00,00,SAT_TAL:00
GLO_SNR:00,00,00,00,00,00,00,00,00,00,00,00,00,00,00,SNR_AVG:0.00
GAL_PRN:00,00,00,00,00,00,00,00,00,00,00,00,00,00,00,SAT_TAL:00
GAL_SNR:00,00,00,00,00,00,00,00,00,00,00,00,00,00,00,SNR_AVG:0.00
BEI_PRN:00,00,00,00,00,00,00,00,00,00,00,00,00,00,00,SAT_TAL:00
BEI_SNR:00,00,00,00,00,00,00,00,00,00,00,00,00,00,00,SNR_AVG:0.00
QZS_PRN:00,00,00,00,00,SAT_TAL:00
QZS_SNR:00,00,00,00,00,SNR_AVG:0.00
SatInView:14 GDOP:13882
Roll:170.998444 Pitch:52.329006
X_AVG:-8.332325 Y_AVG:1.106191 Z_AVG:-6.286965
X_SD:0.077777 Y_SD:0.063121 Z_SD:0.098995
$MXCM10033,2,92,20240103,074726,12,0E71008C,47EF8D9F,00BC,0000,2EF8,09,C202*6F
GPS_PRN:08,04,21,16,09,02,07,26,31,19419919519600,00,SAT_TAL:09
GPS_SNR:16,23,00,17,00,20,16,14,17,00,00,17,15,00,00,SNR_AVG:17.22
GLO_PRN:76,65,82,67,83,66,77,00,00,00,00,00,00,00,00,SAT_TAL:00
GLO_SNR:00,00,00,00,00,00,00,00,00,00,00,00,00,00,00,SNR_AVG:0.00
GAL_PRN:00,00,00,00,00,00,00,00,00,00,00,00,00,00,00,SAT_TAL:00
GAL_SNR:00,00,00,00,00,00,00,00,00,00,00,00,00,00,00,SNR_AVG:0.00
BEI_PRN:00,00,00,00,00,00,00,00,00,00,00,00,00,00,00,SAT_TAL:00
BEI_SNR:00,00,00,00,00,00,00,00,00,00,00,00,00,00,00,SNR_AVG:0.00
QZS_PRN:00,00,00,00,00,SAT_TAL:00
QZS_SNR:00,00,00,00,00,SNR_AVG:0.00
SatInView:20 GDOP:136
Roll:171.107910 Pitch:52.491234
X_AVG:-8.339460 Y_AVG:1.105377 Z_AVG:-6.285959
X_SD:0.077189 Y_SD:0.060239 Z_SD:0.115997
$MXCM10033,2,93,20240103,074941,00,0E7100AE,47EF8D74,00BC,0000,0000,00,C202*61
GPS_PRN:21,02,07,26,19600,00,00,00,00,00,00,00,00,00,SAT_TAL:01
GPS_SNR:18,00,00,00,00,00,00,00,00,00,00,00,00,00,00,SNR_AVG:18.00
GLO_PRN:67,00,00,00,00,00,00,00,00,00,00,00,00,00,00,SAT_TAL:00
GLO_SNR:00,00,00,00,00,00,00,00,00,00,00,00,00,00,00,SNR_AVG:0.00
GAL_PRN:00,00,00,00,00,00,00,00,00,00,00,00,00,00,00,SAT_TAL:00
GAL_SNR:00,00,00,00,00,00,00,00,00,00,00,00,00,00,00,SNR_AVG:0.00
BEI_PRN:00,00,00,00,00,00,00,00,00,00,00,00,00,00,00,SAT_TAL:00
BEI_SNR:00,00,00,00,00,00,00,00,00,00,00,00,00,00,00,SNR_AVG:0.00
QZS_PRN:00,00,00,00,00,SAT_TAL:00
QZS_SNR:00,00,00,00,00,SNR_AVG:0.00
SatInView:6 GDOP:16638
Roll:171.111526 Pitch:52.334290
X_AVG:-8.329978 Y_AVG:1.107676 Z_AVG:-6.286630
X_SD:0.079122 Y_SD:0.070249 Z_SD:0.103788
$MXCM10033,2,94,20240103,074956,12,0E70F17E,47EF8583,00BD,0000,60C3,0A,C202*1A
GPS_PRN:08,21,04,16,09,02,07,26,31,19419919519600,00,SAT_TAL:09
GPS_SNR:00,19,00,18,16,17,17,16,18,17,00,00,17,00,00,SNR_AVG:17.22
GLO_PRN:76,65,82,67,83,66,77,00,00,00,00,00,00,00,00,SAT_TAL:01
GLO_SNR:19,00,00,00,00,00,00,00,00,00,00,00,00,00,00,SNR_AVG:19.00
GAL_PRN:00,00,00,00,00,00,00,00,00,00,00,00,00,00,00,SAT_TAL:00
GAL_SNR:00,00,00,00,00,00,00,00,00,00,00,00,00,00,00,SNR_AVG:0.00
BEI_PRN:00,00,00,00,00,00,00,00,00,00,00,00,00,00,00,SAT_TAL:00
BEI_SNR:00,00,00,00,00,00,00,00,00,00,00,00,00,00,00,SNR_AVG:0.00
QZS_PRN:00,00,00,00,00,SAT_TAL:00
QZS_SNR:00,00,00,00,00,SNR_AVG:0.00
SatInView:20 GDOP:132
Roll:171.128601 Pitch:52.338505
X_AVG:-8.330745 Y_AVG:1.092161 Z_AVG:-6.283326
X_SD:0.077688 Y_SD:0.067779 Z_SD:0.112491
$MXCM10033,2,95,20240103,075212,12,0E71063E,47EF8872,00BE,0000,6D61,05,C203*11
GPS_PRN:08,21,04,16,09,02,07,26,31,19419919519600,00,SAT_TAL:05
GPS_SNR:00,00,17,00,00,22,17,16,14,00,00,00,00,00,00,SNR_AVG:17.20
GLO_PRN:76,82,65,67,83,66,77,00,00,00,00,00,00,00,00,SAT_TAL:00
GLO_SNR:00,00,00,00,00,00,00,00,00,00,00,00,00,00,00,SNR_AVG:0.00
GAL_PRN:00,00,00,00,00,00,00,00,00,00,00,00,00,00,00,SAT_TAL:00
GAL_SNR:00,00,00,00,00,00,00,00,00,00,00,00,00,00,00,SNR_AVG:0.00
BEI_PRN:00,00,00,00,00,00,00,00,00,00,00,00,00,00,00,SAT_TAL:00
BEI_SNR:00,00,00,00,00,00,00,00,00,00,00,00,00,00,00,SNR_AVG:0.00
QZS_PRN:00,00,00,00,00,SAT_TAL:00
QZS_SNR:00,00,00,00,00,SNR_AVG:0.00
SatInView:20 GDOP:159
Roll:-96.512779 Pitch:0.000000
X_AVG:-0.043049 Y_AVG:-9.758436 Z_AVG:-1.346526
X_SD:0.073587 Y_SD:0.061838 Z_SD:0.117960
$MXCM10033,2,96,20240103,075227,12,0E70FDC1,47EF85A8,00BE,0000,5B9D,08,C203*16
GPS_PRN:08,21,04,16,09,02,07,26,31,19419919519600,00,SAT_TAL:07
GPS_SNR:00,00,16,14,13,22,14,16,00,00,00,00,15,00,00,SNR_AVG:15.71
GLO_PRN:76,82,65,67,83,66,77,00,00,00,00,00,00,00,00,SAT_TAL:01
GLO_SNR:00,00,00,18,00,00,00,00,00,00,00,00,00,00,00,SNR_AVG:18.00
GAL_PRN:00,00,00,00,00,00,00,00,00,00,00,00,00,00,00,SAT_TAL:00
GAL_SNR:00,00,00,00,00,00,00,00,00,00,00,00,00,00,00,SNR_AVG:0.00
BEI_PRN:00,00,00,00,00,00,00,00,00,00,00,00,00,00,00,SAT_TAL:00
BEI_SNR:00,00,00,00,00,00,00,00,00,00,00,00,00,00,00,SNR_AVG:0.00
QZS_PRN:00,00,00,00,00,SAT_TAL:00
QZS_SNR:00,00,00,00,00,SNR_AVG:0.00
SatInView:20 GDOP:135
Roll:-96.509430 Pitch:-0.049129
X_AVG:-0.086816 Y_AVG:-9.960127 Z_AVG:-1.263110
X_SD:1.519053 Y_SD:2.388035 Z_SD:0.413227
$MXCM10033,2,97,20240103,075441,00,0E70FD94,47EF854C,00BF,0000,0000,00,C202*63
GPS_PRN:19621,04,16,09,02,07,31,19508,19419900,00,00,SAT_TAL:01
GPS_SNR:00,19,00,00,00,00,00,00,00,00,00,00,00,00,00,SNR_AVG:19.00
GLO_PRN:76,67,00,00,00,00,00,00,00,00,00,00,00,00,00,SAT_TAL:00
GLO_SNR:00,00,00,00,00,00,00,00,00,00,00,00,00,00,00,SNR_AVG:0.00
GAL_PRN:00,00,00,00,00,00,00,00,00,00,00,00,00,00,00,SAT_TAL:00
GAL_SNR:00,00,00,00,00,00,00,00,00,00,00,00,00,00,00,SNR_AVG:0.00
BEI_PRN:00,00,00,00,00,00,00,00,00,00,00,00,00,00,00,SAT_TAL:00
BEI_SNR:00,00,00,00,00,00,00,00,00,00,00,00,00,00,00,SNR_AVG:0.00
QZS_PRN:00,00,00,00,00,SAT_TAL:00
QZS_SNR:00,00,00,00,00,SNR_AVG:0.00
SatInView:14 GDOP:16543
Roll:0.000000 Pitch:90.000000
X_AVG:-9.598213 Y_AVG:0.009864 Z_AVG:0.206432
X_SD:0.072202 Y_SD:0.065432 Z_SD:0.109399
$MXCM10033,2,98,20240103,075456,00,0E70F567,47EF64FE,00BF,0000,32FC,00,C202*68
GPS_PRN:08,21,04,16,09,02,07,26,31,19419919519600,00,SAT_TAL:07
GPS_SNR:00,20,00,17,00,17,00,21,20,00,00,17,15,00,00,SNR_AVG:18.14
GLO_PRN:76,82,65,67,83,66,77,00,00,00,00,00,00,00,00,SAT_TAL:01
GLO_SNR:00,00,00,20,00,00,00,00,00,00,00,00,00,00,00,SNR_AVG:20.00
GAL_PRN:00,00,00,00,00,00,00,00,00,00,00,00,00,00,00,SAT_TAL:00
GAL_SNR:00,00,00,00,00,00,00,00,00,00,00,00,00,00,00,SNR_AVG:0.00
BEI_PRN:00,00,00,00,00,00,00,00,00,00,00,00,00,00,00,SAT_TAL:00
BEI_SNR:00,00,00,00,00,00,00,00,00,00,00,00,00,00,00,SNR_AVG:0.00
QZS_PRN:00,00,00,00,00,SAT_TAL:00
QZS_SNR:00,00,00,00,00,SNR_AVG:0.00
SatInView:20 GDOP:398
Roll:0.000000 Pitch:90.000000
X_AVG:-9.598691 Y_AVG:0.010104 Z_AVG:0.225155
X_SD:0.071735 Y_SD:0.062230 Z_SD:0.108161
$MXCM10033,2,99,20240103,075711,00,0E70F6FF,47EF63A6,00BF,0000,0000,00,C202*1C
GPS_PRN:19521,04,16,02,09,07,26,31,19908,19400,00,00,SAT_TAL:01
GPS_SNR:00,25,00,00,00,00,00,00,00,00,00,00,00,00,00,SNR_AVG:25.00
GLO_PRN:76,83,00,00,00,00,00,00,00,00,00,00,00,00,00,SAT_TAL:00
GLO_SNR:00,00,00,00,00,00,00,00,00,00,00,00,00,00,00,SNR_AVG:0.00
GAL_PRN:00,00,00,00,00,00,00,00,00,00,00,00,00,00,00,SAT_TAL:00
GAL_SNR:00,00,00,00,00,00,00,00,00,00,00,00,00,00,00,SNR_AVG:0.00
BEI_PRN:00,00,00,00,00,00,00,00,00,00,00,00,00,00,00,SAT_TAL:00
BEI_SNR:00,00,00,00,00,00,00,00,00,00,00,00,00,00,00,SNR_AVG:0.00
QZS_PRN:00,00,00,00,00,SAT_TAL:00
QZS_SNR:00,00,00,00,00,SNR_AVG:0.00
SatInView:14 GDOP:16492
Roll:-0.404065 Pitch:90.000000
X_AVG:-9.559665 Y_AVG:0.052195 Z_AVG:0.206193
X_SD:0.436395 Y_SD:0.270638 Z_SD:0.190059
$MXCM10033,2,100,20240103,075727,12,0E70FBCD,47EF9F7E,00BE,0000,0B7B,09,C202*2A
GPS_PRN:08,21,04,16,02,09,26,31,19419919519600,00,00,SAT_TAL:08
GPS_SNR:15,25,16,18,16,00,16,00,16,00,00,19,00,00,00,SNR_AVG:17.62
GLO_PRN:76,82,65,67,83,77,66,00,00,00,00,00,00,00,00,SAT_TAL:01
GLO_SNR:17,00,00,00,00,00,00,00,00,00,00,00,00,00,00,SNR_AVG:17.00
GAL_PRN:00,00,00,00,00,00,00,00,00,00,00,00,00,00,00,SAT_TAL:00
GAL_SNR:00,00,00,00,00,00,00,00,00,00,00,00,00,00,00,SNR_AVG:0.00
BEI_PRN:00,00,00,00,00,00,00,00,00,00,00,00,00,00,00,SAT_TAL:00
BEI_SNR:00,00,00,00,00,00,00,00,00,00,00,00,00,00,00,SNR_AVG:0.00
QZS_PRN:00,00,00,00,00,SAT_TAL:00
QZS_SNR:00,00,00,00,00,SNR_AVG:0.00
SatInView:19 GDOP:164
Roll:0.000000 Pitch:90.000000
X_AVG:-9.591940 Y_AVG:0.055978 Z_AVG:0.214860
X_SD:0.071621 Y_SD:0.064317 Z_SD:0.122356
$MXCM10033,2,101,20240103,075942,00,0E70FA69,47EF9D23,00BE,0000,0000,00,C202*51
GPS_PRN:19621,02,04,09,16,07,26,31,19419919508,00,00,SAT_TAL:03
GPS_SNR:00,00,22,00,00,00,00,16,18,00,00,00,00,00,00,SNR_AVG:18.67
GLO_PRN:76,83,77,67,00,00,00,00,00,00,00,00,00,00,00,SAT_TAL:00
GLO_SNR:00,00,00,00,00,00,00,00,00,00,00,00,00,00,00,SNR_AVG:0.00
GAL_PRN:00,00,00,00,00,00,00,00,00,00,00,00,00,00,00,SAT_TAL:00
GAL_SNR:00,00,00,00,00,00,00,00,00,00,00,00,00,00,00,SNR_AVG:0.00
BEI_PRN:00,00,00,00,00,00,00,00,00,00,00,00,00,00,00,SAT_TAL:00
BEI_SNR:00,00,00,00,00,00,00,00,00,00,00,00,00,00,00,SNR_AVG:0.00
QZS_PRN:00,00,00,00,00,SAT_TAL:00
QZS_SNR:00,00,00,00,00,SNR_AVG:0.00
SatInView:17 GDOP:13639
Roll:0.000000 Pitch:90.000000
X_AVG:-9.601708 Y_AVG:0.052482 Z_AVG:0.226257
X_SD:0.088810 Y_SD:0.071192 Z_SD:0.118822
$MXCM10033,2,102,20240103,075957,12,0E7102D6,47EFA1DC,00BE,0000,189C,0A,C202*25
GPS_PRN:08,21,02,04,16,09,07,26,31,19419919519600,00,SAT_TAL:08
GPS_SNR:14,18,21,00,00,14,12,15,17,16,00,00,00,00,00,SNR_AVG:15.88
GLO_PRN:76,82,65,67,83,77,66,00,00,00,00,00,00,00,00,SAT_TAL:02
GLO_SNR:19,00,00,20,00,00,00,00,00,00,00,00,00,00,00,SNR_AVG:19.50
GAL_PRN:00,00,00,00,00,00,00,00,00,00,00,00,00,00,00,SAT_TAL:00
GAL_SNR:00,00,00,00,00,00,00,00,00,00,00,00,00,00,00,SNR_AVG:0.00
BEI_PRN:00,00,00,00,00,00,00,00,00,00,00,00,00,00,00,SAT_TAL:00
BEI_SNR:00,00,00,00,00,00,00,00,00,00,00,00,00,00,00,SNR_AVG:0.00
QZS_PRN:00,00,00,00,00,SAT_TAL:00
QZS_SNR:00,00,00,00,00,SNR_AVG:0.00
SatInView:20 GDOP:127
Roll:0.000000 Pitch:90.000000
X_AVG:-9.597877 Y_AVG:0.059473 Z_AVG:0.223431
X_SD:0.073990 Y_SD:0.066556 Z_SD:0.117731
$MXCM10033,2,103,20240103,080212,12,0E7103FE,47EF9CB0,00BE,0001,8775,05,C202*20
GPS_PRN:08,02,04,16,09,07,26,31,19600,00,00,00,00,00,SAT_TAL:07
GPS_SNR:14,19,00,13,16,00,15,16,16,00,00,00,00,00,00,SNR_AVG:15.57
GLO_PRN:67,77,66,83,82,65,76,00,00,00,00,00,00,00,00,SAT_TAL:00
GLO_SNR:00,00,00,00,00,00,00,00,00,00,00,00,00,00,00,SNR_AVG:0.00
GAL_PRN:00,00,00,00,00,00,00,00,00,00,00,00,00,00,00,SAT_TAL:00
GAL_SNR:00,00,00,00,00,00,00,00,00,00,00,00,00,00,00,SNR_AVG:0.00
BEI_PRN:00,00,00,00,00,00,00,00,00,00,00,00,00,00,00,SAT_TAL:00
BEI_SNR:00,00,00,00,00,00,00,00,00,00,00,00,00,00,00,SNR_AVG:0.00
QZS_PRN:00,00,00,00,00,SAT_TAL:00
QZS_SNR:00,00,00,00,00,SNR_AVG:0.00
SatInView:16 GDOP:183
Roll:0.000000 Pitch:90.000000
X_AVG:-9.598548 Y_AVG:-0.006608 Z_AVG:0.238276
X_SD:0.079118 Y_SD:0.061995 Z_SD:0.111979
$MXCM10033,2,104,20240103,080227,12,0E70FEB4,47EF94B9,00BE,0000,77F8,07,C202*5B
GPS_PRN:08,21,02,04,16,09,07,26,31,19419919519600,00,SAT_TAL:07
GPS_SNR:00,00,19,15,22,14,00,00,13,00,00,12,16,00,00,SNR_AVG:15.86
GLO_PRN:76,82,65,67,83,77,66,00,00,00,00,00,00,00,00,SAT_TAL:00
GLO_SNR:00,00,00,00,00,00,00,00,00,00,00,00,00,00,00,SNR_AVG:0.00
GAL_PRN:00,00,00,00,00,00,00,00,00,00,00,00,00,00,00,SAT_TAL:00
GAL_SNR:00,00,00,00,00,00,00,00,00,00,00,00,00,00,00,SNR_AVG:0.00
BEI_PRN:00,00,00,00,00,00,00,00,00,00,00,00,00,00,00,SAT_TAL:00
BEI_SNR:00,00,00,00,00,00,00,00,00,00,00,00,00,00,00,SNR_AVG:0.00
QZS_PRN:00,00,00,00,00,SAT_TAL:00
QZS_SNR:00,00,00,00,00,SNR_AVG:0.00
SatInView:20 GDOP:163
Roll:0.000000 Pitch:90.000000
X_AVG:-9.583416 Y_AVG:-0.021788 Z_AVG:0.240143
X_SD:0.073476 Y_SD:0.066778 Z_SD:0.125707
$MXCM10033,2,105,20240103,080442,00,0E70FED8,47EF94FF,00BE,0000,0000,00,C202*54
GPS_PRN:04,07,26,19600,00,00,00,00,00,00,00,00,00,00,SAT_TAL:00
GPS_SNR:00,00,00,00,00,00,00,00,00,00,00,00,00,00,00,SNR_AVG:0.00
GLO_PRN:00,00,00,00,00,00,00,00,00,00,00,00,00,00,00,SAT_TAL:00
GLO_SNR:00,00,00,00,00,00,00,00,00,00,00,00,00,00,00,SNR_AVG:0.00
GAL_PRN:00,00,00,00,00,00,00,00,00,00,00,00,00,00,00,SAT_TAL:00
GAL_SNR:00,00,00,00,00,00,00,00,00,00,00,00,00,00,00,SNR_AVG:0.00
BEI_PRN:00,00,00,00,00,00,00,00,00,00,00,00,00,00,00,SAT_TAL:00
BEI_SNR:00,00,00,00,00,00,00,00,00,00,00,00,00,00,00,SNR_AVG:0.00
QZS_PRN:00,00,00,00,00,SAT_TAL:00
QZS_SNR:00,00,00,00,00,SNR_AVG:0.00
SatInView:4 GDOP:17319
Roll:0.564933 Pitch:-7.174073
X_AVG:0.368188 Y_AVG:-0.606894 Z_AVG:8.661726
X_SD:3.354486 Y_SD:3.057433 Z_SD:2.339458
$MXCM10033,3*35
$MXCM001,10033,0*2B
======== Tracker Setting ========
[System]
COMPort:COM29
SerialNumber:MX231218CW000007
FirmwareVersion:231220163813_v1.0.CN
[Periodic]
Enable:1
Stage:2
WorkMode:0
T0:15
T1:270
T2:120
T3:30
T4:120
FirstFixStage:2
TraceFixStage:42
PeriodicCycle:45
[Dynamic]
Enable:0
PrecisionChk:0
T5:45
T6:175
[Geofencing]
Enable:0
T7:20
T8:60
DistanceThreshold:1000
DestinationLongitude:121.2237164
DestinationLatitude:24.9698319
DestinationAltitude:154
[MotionDetection]
Enable:1
Angle:45
DataRate:200
SampleFrequency:50
[GPS_EPO]
EpoDataNumber:12
FWN:2295
FTOW:259200
LWN:2295
LTOW:518400
[GLO_EPO]
EpoDataNumber:12
FWN:2295
FTOW:259200
LWN:2295
LTOW:518400
[GAL_EPO]
EpoDataNumber:0
FWN:0
FTOW:0
LWN:0
LTOW:0
[BEI_EPO]
EpoDataNumber:0
FWN:0
FTOW:0
LWN:0
LTOW:0
