$MXCM10033,0*36
$MXCM10033,1,104,212*33
$MXCM10033,2,1,19800105,235956,00,35A4E8F5,00000000,0089,0000,0000,00,C102*2F
GPS_PRN:00,00,00,00,00,00,00,00,00,00,00,00,00,00,00,SAT_TAL:00
GPS_SNR:00,00,00,00,00,00,00,00,00,00,00,00,00,00,00,SNR_AVG:0.00
GLO_PRN:00,00,00,00,00,00,00,00,00,00,00,00,00,00,00,SAT_TAL:00
GLO_SNR:00,00,00,00,00,00,00,00,00,00,00,00,00,00,00,SNR_AVG:0.00
GAL_PRN:00,00,00,00,00,00,00,00,00,00,00,00,00,00,00,SAT_TAL:00
GAL_SNR:00,00,00,00,00,00,00,00,00,00,00,00,00,00,00,SNR_AVG:0.00
BEI_PRN:00,00,00,00,00,00,00,00,00,00,00,00,00,00,00,SAT_TAL:00
BEI_SNR:00,00,00,00,00,00,00,00,00,00,00,00,00,00,00,SNR_AVG:0.00
QZS_PRN:00,00,00,00,00,SAT_TAL:00
QZS_SNR:00,00,00,00,00,SNR_AVG:0.00
SatInView:0 GDOP:19998
Roll:155.595596 Pitch:-0.132679
X_AVG:0.078484 Y_AVG:5.353016 Z_AVG:-15.556735
X_SD:1.273067 Y_SD:1.623110 Z_SD:1.931356
$MXCM10033,2,2,19800106,000011,00,35A4E8F5,00000000,0089,0000,0000,00,C101*22
GPS_PRN:16,00,00,00,00,00,00,00,00,00,00,00,00,00,00,SAT_TAL:01
GPS_SNR:31,00,00,00,00,00,00,00,00,00,00,00,00,00,00,SNR_AVG:31.00
GLO_PRN:00,00,00,00,00,00,00,00,00,00,00,00,00,00,00,SAT_TAL:00
GLO_SNR:00,00,00,00,00,00,00,00,00,00,00,00,00,00,00,SNR_AVG:0.00
GAL_PRN:00,00,00,00,00,00,00,00,00,00,00,00,00,00,00,SAT_TAL:00
GAL_SNR:00,00,00,00,00,00,00,00,00,00,00,00,00,00,00,SNR_AVG:0.00
BEI_PRN:00,00,00,00,00,00,00,00,00,00,00,00,00,00,00,SAT_TAL:00
BEI_SNR:00,00,00,00,00,00,00,00,00,00,00,00,00,00,00,SNR_AVG:0.00
QZS_PRN:00,00,00,00,00,SAT_TAL:00
QZS_SNR:00,00,00,00,00,SNR_AVG:0.00
SatInView:1 GDOP:19998
Roll:71.586746 Pitch:35.615730
X_AVG:-4.328852 Y_AVG:3.293674 Z_AVG:-0.983749
X_SD:16.228866 Y_SD:17.063569 Z_SD:18.287377
$MXCM10033,2,3,19800106,000026,00,35A4E8F5,00000000,0089,0000,0000,00,C102*24
GPS_PRN:19509,16,08,28,19619427,00,00,00,00,00,00,00,SAT_TAL:08
GPS_SNR:32,32,30,35,33,34,31,34,00,00,00,00,00,00,00,SNR_AVG:32.62
GLO_PRN:00,00,00,00,00,00,00,00,00,00,00,00,00,00,00,SAT_TAL:00
GLO_SNR:00,00,00,00,00,00,00,00,00,00,00,00,00,00,00,SNR_AVG:0.00
GAL_PRN:00,00,00,00,00,00,00,00,00,00,00,00,00,00,00,SAT_TAL:00
GAL_SNR:00,00,00,00,00,00,00,00,00,00,00,00,00,00,00,SNR_AVG:0.00
BEI_PRN:00,00,00,00,00,00,00,00,00,00,00,00,00,00,00,SAT_TAL:00
BEI_SNR:00,00,00,00,00,00,00,00,00,00,00,00,00,00,00,SNR_AVG:0.00
QZS_PRN:00,00,00,00,00,SAT_TAL:00
QZS_SNR:00,00,00,00,00,SNR_AVG:0.00
SatInView:8 GDOP:19998
Roll:151.298172 Pitch:45.570747
X_AVG:-8.237225 Y_AVG:6.006024 Z_AVG:-11.713389
X_SD:11.519022 Y_SD:10.199020 Z_SD:9.532930
$MXCM10033,2,4,19800109,061056,00,35A4E8F5,00000000,0089,0000,0000,00,C102*2C
GPS_PRN:19628,09,08,27,26,16,18,31,19419504,00,00,00,SAT_TAL:12
GPS_SNR:34,32,31,32,34,24,31,29,32,29,34,33,00,00,00,SNR_AVG:31.25
GLO_PRN:00,00,00,00,00,00,00,00,00,00,00,00,00,00,00,SAT_TAL:00
GLO_SNR:00,00,00,00,00,00,00,00,00,00,00,00,00,00,00,SNR_AVG:0.00
GAL_PRN:00,00,00,00,00,00,00,00,00,00,00,00,00,00,00,SAT_TAL:00
GAL_SNR:00,00,00,00,00,00,00,00,00,00,00,00,00,00,00,SNR_AVG:0.00
BEI_PRN:00,00,00,00,00,00,00,00,00,00,00,00,00,00,00,SAT_TAL:00
BEI_SNR:00,00,00,00,00,00,00,00,00,00,00,00,00,00,00,SNR_AVG:0.00
QZS_PRN:00,00,00,00,00,SAT_TAL:00
QZS_SNR:00,00,00,00,00,SNR_AVG:0.00
SatInView:12 GDOP:19998
Roll:129.276184 Pitch:47.109238
X_AVG:-7.848399 Y_AVG:6.389104 Z_AVG:-3.168502
X_SD:8.922746 Y_SD:10.229286 Z_SD:12.811507
$MXCM10033,2,5,19800109,061109,00,35A4E8F5,00000000,0089,0000,0000,00,C102*26
GPS_PRN:19628,09,08,18,26,31,16,03,19919527,00,00,00,SAT_TAL:12
GPS_SNR:32,31,37,35,35,33,33,32,33,24,28,34,00,00,00,SNR_AVG:32.25
GLO_PRN:00,00,00,00,00,00,00,00,00,00,00,00,00,00,00,SAT_TAL:00
GLO_SNR:00,00,00,00,00,00,00,00,00,00,00,00,00,00,00,SNR_AVG:0.00
GAL_PRN:00,00,00,00,00,00,00,00,00,00,00,00,00,00,00,SAT_TAL:00
GAL_SNR:00,00,00,00,00,00,00,00,00,00,00,00,00,00,00,SNR_AVG:0.00
BEI_PRN:00,00,00,00,00,00,00,00,00,00,00,00,00,00,00,SAT_TAL:00
BEI_SNR:00,00,00,00,00,00,00,00,00,00,00,00,00,00,00,SNR_AVG:0.00
QZS_PRN:00,00,00,00,00,SAT_TAL:00
QZS_SNR:00,00,00,00,00,SNR_AVG:0.00
SatInView:12 GDOP:19998
Roll:142.738174 Pitch:43.148342
X_AVG:-6.691785 Y_AVG:3.607368 Z_AVG:-11.015704
X_SD:7.516475 Y_SD:6.599162 Z_SD:8.301003
$MXCM10033,2,6,19800109,061122,00,35A4E8F5,00000000,0089,0000,0000,00,C102*2C
GPS_PRN:19528,09,08,26,31,03,16,18,04,19419619927,00,SAT_TAL:14
GPS_SNR:32,32,32,31,32,33,29,33,33,34,28,31,23,32,00,SNR_AVG:31.07
GLO_PRN:00,00,00,00,00,00,00,00,00,00,00,00,00,00,00,SAT_TAL:00
GLO_SNR:00,00,00,00,00,00,00,00,00,00,00,00,00,00,00,SNR_AVG:0.00
GAL_PRN:00,00,00,00,00,00,00,00,00,00,00,00,00,00,00,SAT_TAL:00
GAL_SNR:00,00,00,00,00,00,00,00,00,00,00,00,00,00,00,SNR_AVG:0.00
BEI_PRN:00,00,00,00,00,00,00,00,00,00,00,00,00,00,00,SAT_TAL:00
BEI_SNR:00,00,00,00,00,00,00,00,00,00,00,00,00,00,00,SNR_AVG:0.00
QZS_PRN:00,00,00,00,00,SAT_TAL:00
QZS_SNR:00,00,00,00,00,SNR_AVG:0.00
SatInView:14 GDOP:19998
Roll:145.014572 Pitch:46.468273
X_AVG:-9.586481 Y_AVG:5.158794 Z_AVG:-11.752032
X_SD:7.591231 Y_SD:8.952620 Z_SD:8.818817
$MXCM10033,2,7,19800109,061135,00,35A4E8F5,00000000,0089,0000,0000,00,C102*2B
GPS_PRN:19528,09,08,26,31,03,16,18,04,19419619927,00,SAT_TAL:14
GPS_SNR:32,34,34,35,36,32,31,35,33,34,26,32,24,32,00,SNR_AVG:32.14
GLO_PRN:00,00,00,00,00,00,00,00,00,00,00,00,00,00,00,SAT_TAL:00
GLO_SNR:00,00,00,00,00,00,00,00,00,00,00,00,00,00,00,SNR_AVG:0.00
GAL_PRN:00,00,00,00,00,00,00,00,00,00,00,00,00,00,00,SAT_TAL:00
GAL_SNR:00,00,00,00,00,00,00,00,00,00,00,00,00,00,00,SNR_AVG:0.00
BEI_PRN:00,00,00,00,00,00,00,00,00,00,00,00,00,00,00,SAT_TAL:00
BEI_SNR:00,00,00,00,00,00,00,00,00,00,00,00,00,00,00,SNR_AVG:0.00
QZS_PRN:00,00,00,00,00,SAT_TAL:00
QZS_SNR:00,00,00,00,00,SNR_AVG:0.00
SatInView:14 GDOP:19998
Roll:156.552383 Pitch:40.493942
X_AVG:-9.139858 Y_AVG:4.907302 Z_AVG:-14.229554
X_SD:7.772221 Y_SD:8.139684 Z_SD:6.851196
$MXCM10033,2,8,20200101,061148,00,35A4E8F5,00000000,0089,0000,0000,00,C102*26
GPS_PRN:31,28,09,08,16,18,04,27,26,03,19619519919400,SAT_TAL:14
GPS_SNR:34,32,32,27,31,33,34,35,32,31,21,29,24,30,00,SNR_AVG:30.36
GLO_PRN:72,86,66,75,76,74,65,00,00,00,00,00,00,00,00,SAT_TAL:07
GLO_SNR:33,23,33,32,34,29,32,00,00,00,00,00,00,00,00,SNR_AVG:30.86
GAL_PRN:00,00,00,00,00,00,00,00,00,00,00,00,00,00,00,SAT_TAL:00
GAL_SNR:00,00,00,00,00,00,00,00,00,00,00,00,00,00,00,SNR_AVG:0.00
BEI_PRN:00,00,00,00,00,00,00,00,00,00,00,00,00,00,00,SAT_TAL:00
BEI_SNR:00,00,00,00,00,00,00,00,00,00,00,00,00,00,00,SNR_AVG:0.00
QZS_PRN:00,00,00,00,00,SAT_TAL:00
QZS_SNR:00,00,00,00,00,SNR_AVG:0.00
SatInView:21 GDOP:19998
Roll:149.188950 Pitch:60.282558
X_AVG:-12.757713 Y_AVG:3.408215 Z_AVG:-8.890760
X_SD:5.621792 Y_SD:4.922966 Z_SD:6.514538
$MXCM10033,2,9,20200101,061200,00,35A4E8F5,00000000,0089,0000,0000,00,C102*28
GPS_PRN:04,28,09,08,18,26,31,03,16,19519419919600,00,SAT_TAL:13
GPS_SNR:34,32,34,34,33,35,24,30,33,30,28,24,30,00,00,SNR_AVG:30.85
GLO_PRN:76,66,72,86,75,74,65,00,00,00,00,00,00,00,00,SAT_TAL:07
GLO_SNR:36,36,35,29,36,29,33,00,00,00,00,00,00,00,00,SNR_AVG:33.43
GAL_PRN:00,00,00,00,00,00,00,00,00,00,00,00,00,00,00,SAT_TAL:00
GAL_SNR:00,00,00,00,00,00,00,00,00,00,00,00,00,00,00,SNR_AVG:0.00
BEI_PRN:00,00,00,00,00,00,00,00,00,00,00,00,00,00,00,SAT_TAL:00
BEI_SNR:00,00,00,00,00,00,00,00,00,00,00,00,00,00,00,SNR_AVG:0.00
QZS_PRN:00,00,00,00,00,SAT_TAL:00
QZS_SNR:00,00,00,00,00,SNR_AVG:0.00
SatInView:20 GDOP:19998
Roll:10.783994 Pitch:33.289227
X_AVG:-12.757713 Y_AVG:3.408215 Z_AVG:-8.890760
X_SD:5.621792 Y_SD:4.922966 Z_SD:6.514538
$MXCM10033,2,10,20200101,061213,00,35A4E8F5,00000000,0089,0000,0000,00,C102*12
GPS_PRN:04,28,09,08,18,26,31,03,16,19519419919600,00,SAT_TAL:13
GPS_SNR:32,27,31,33,28,33,31,25,34,33,30,24,30,00,00,SNR_AVG:30.08
GLO_PRN:76,66,75,86,65,74,72,00,00,00,00,00,00,00,00,SAT_TAL:07
GLO_SNR:33,34,35,35,29,25,35,00,00,00,00,00,00,00,00,SNR_AVG:32.29
GAL_PRN:00,00,00,00,00,00,00,00,00,00,00,00,00,00,00,SAT_TAL:00
GAL_SNR:00,00,00,00,00,00,00,00,00,00,00,00,00,00,00,SNR_AVG:0.00
BEI_PRN:00,00,00,00,00,00,00,00,00,00,00,00,00,00,00,SAT_TAL:00
BEI_SNR:00,00,00,00,00,00,00,00,00,00,00,00,00,00,00,SNR_AVG:0.00
QZS_PRN:00,00,00,00,00,SAT_TAL:00
QZS_SNR:00,00,00,00,00,SNR_AVG:0.00
SatInView:20 GDOP:19998
Roll:125.178978 Pitch:58.803158
X_AVG:-10.340670 Y_AVG:3.822612 Z_AVG:-7.616827
X_SD:8.183145 Y_SD:7.926372 Z_SD:8.238482
$MXCM10033,2,11,20200101,061226,00,35A4E8F5,00000000,0089,0000,0000,00,C102*15
GPS_PRN:04,28,09,08,18,26,31,03,16,19519419919600,00,SAT_TAL:13
GPS_SNR:31,30,30,33,31,31,33,32,30,31,29,26,30,00,00,SNR_AVG:30.54
GLO_PRN:76,66,75,86,65,74,72,00,00,00,00,00,00,00,00,SAT_TAL:07
GLO_SNR:32,32,34,24,33,29,36,00,00,00,00,00,00,00,00,SNR_AVG:31.43
GAL_PRN:00,00,00,00,00,00,00,00,00,00,00,00,00,00,00,SAT_TAL:00
GAL_SNR:00,00,00,00,00,00,00,00,00,00,00,00,00,00,00,SNR_AVG:0.00
BEI_PRN:00,00,00,00,00,00,00,00,00,00,00,00,00,00,00,SAT_TAL:00
BEI_SNR:00,00,00,00,00,00,00,00,00,00,00,00,00,00,00,SNR_AVG:0.00
QZS_PRN:00,00,00,00,00,SAT_TAL:00
QZS_SNR:00,00,00,00,00,SNR_AVG:0.00
SatInView:20 GDOP:19998
Roll:143.358292 Pitch:52.097992
X_AVG:-10.458946 Y_AVG:4.659689 Z_AVG:-7.269661
X_SD:8.084473 Y_SD:9.608782 Z_SD:10.201822
$MXCM10033,2,12,20200101,061239,00,35A4E8F5,00000000,0089,0000,0000,00,C102*18
GPS_PRN:04,28,09,08,18,26,31,03,16,19519419919600,00,SAT_TAL:13
GPS_SNR:33,34,33,32,30,31,31,20,34,32,29,25,31,00,00,SNR_AVG:30.38
GLO_PRN:76,66,75,86,65,74,72,00,00,00,00,00,00,00,00,SAT_TAL:07
GLO_SNR:36,36,36,34,30,27,31,00,00,00,00,00,00,00,00,SNR_AVG:32.86
GAL_PRN:00,00,00,00,00,00,00,00,00,00,00,00,00,00,00,SAT_TAL:00
GAL_SNR:00,00,00,00,00,00,00,00,00,00,00,00,00,00,00,SNR_AVG:0.00
BEI_PRN:00,00,00,00,00,00,00,00,00,00,00,00,00,00,00,SAT_TAL:00
BEI_SNR:00,00,00,00,00,00,00,00,00,00,00,00,00,00,00,SNR_AVG:0.00
QZS_PRN:00,00,00,00,00,SAT_TAL:00
QZS_SNR:00,00,00,00,00,SNR_AVG:0.00
SatInView:20 GDOP:19998
Roll:148.480057 Pitch:45.906914
X_AVG:-12.239980 Y_AVG:6.942175 Z_AVG:-11.018721
X_SD:8.135639 Y_SD:9.667521 Z_SD:8.118230
$MXCM10033,2,13,20200101,061252,00,35A4E8F5,00000000,0089,0000,0000,00,C102*14
GPS_PRN:04,28,09,08,18,26,31,03,16,19519419919600,00,SAT_TAL:13
GPS_SNR:33,33,35,33,35,36,33,29,32,32,28,24,31,00,00,SNR_AVG:31.85
GLO_PRN:76,66,75,86,65,74,72,00,00,00,00,00,00,00,00,SAT_TAL:07
GLO_SNR:36,36,36,35,32,30,34,00,00,00,00,00,00,00,00,SNR_AVG:34.14
GAL_PRN:00,00,00,00,00,00,00,00,00,00,00,00,00,00,00,SAT_TAL:00
GAL_SNR:00,00,00,00,00,00,00,00,00,00,00,00,00,00,00,SNR_AVG:0.00
BEI_PRN:00,00,00,00,00,00,00,00,00,00,00,00,00,00,00,SAT_TAL:00
BEI_SNR:00,00,00,00,00,00,00,00,00,00,00,00,00,00,00,SNR_AVG:0.00
QZS_PRN:00,00,00,00,00,SAT_TAL:00
QZS_SNR:00,00,00,00,00,SNR_AVG:0.00
SatInView:20 GDOP:19998
Roll:144.443542 Pitch:50.517338
X_AVG:-10.960014 Y_AVG:4.896289 Z_AVG:-8.357321
X_SD:8.200564 Y_SD:10.004789 Z_SD:10.575281
$MXCM10033,2,14,20200101,061305,00,35A4E8F5,00000000,0089,0000,0000,00,C102*10
GPS_PRN:04,28,09,08,18,26,31,03,16,19519419919600,00,SAT_TAL:13
GPS_SNR:30,34,29,31,29,32,31,22,34,33,31,25,32,00,00,SNR_AVG:30.23
GLO_PRN:76,66,75,86,65,74,72,00,00,00,00,00,00,00,00,SAT_TAL:07
GLO_SNR:31,32,36,36,26,26,34,00,00,00,00,00,00,00,00,SNR_AVG:31.57
GAL_PRN:00,00,00,00,00,00,00,00,00,00,00,00,00,00,00,SAT_TAL:00
GAL_SNR:00,00,00,00,00,00,00,00,00,00,00,00,00,00,00,SNR_AVG:0.00
BEI_PRN:00,00,00,00,00,00,00,00,00,00,00,00,00,00,00,SAT_TAL:00
BEI_SNR:00,00,00,00,00,00,00,00,00,00,00,00,00,00,00,SNR_AVG:0.00
QZS_PRN:00,00,00,00,00,SAT_TAL:00
QZS_SNR:00,00,00,00,00,SNR_AVG:0.00
SatInView:20 GDOP:19998
Roll:151.694366 Pitch:44.893284
X_AVG:-8.259731 Y_AVG:3.570018 Z_AVG:-11.020110
X_SD:8.641426 Y_SD:8.115508 Z_SD:6.459027
$MXCM10033,2,15,20240103,061320,12,0E985747,47EEE345,00A8,0008,3274,0F,C102*6B
GPS_PRN:16,04,31,26,08,28,09,18,03,19519619919400,00,SAT_TAL:13
GPS_SNR:35,35,32,37,34,32,34,37,27,33,32,25,31,00,00,SNR_AVG:32.62
GLO_PRN:84,65,86,66,72,00,00,00,00,00,00,00,00,00,00,SAT_TAL:05
GLO_SNR:25,32,35,35,34,00,00,00,00,00,00,00,00,00,00,SNR_AVG:32.20
GAL_PRN:00,00,00,00,00,00,00,00,00,00,00,00,00,00,00,SAT_TAL:00
GAL_SNR:00,00,00,00,00,00,00,00,00,00,00,00,00,00,00,SNR_AVG:0.00
BEI_PRN:00,00,00,00,00,00,00,00,00,00,00,00,00,00,00,SAT_TAL:00
BEI_SNR:00,00,00,00,00,00,00,00,00,00,00,00,00,00,00,SNR_AVG:0.00
QZS_PRN:00,00,00,00,00,SAT_TAL:00
QZS_SNR:00,00,00,00,00,SNR_AVG:0.00
SatInView:18 GDOP:109
Roll:176.602249 Pitch:49.559891
X_AVG:-8.149596 Y_AVG:2.371313 Z_AVG:-10.123703
X_SD:8.079146 Y_SD:6.724211 Z_SD:7.537660
$MXCM10033,2,16,20240103,061335,12,0E97D8B1,47EF1326,00B1,0018,3A00,0F,C102*64
GPS_PRN:16,04,31,26,08,28,09,18,03,19519619919400,00,SAT_TAL:13
GPS_SNR:36,34,33,34,33,33,33,33,28,27,31,24,32,00,00,SNR_AVG:31.62
GLO_PRN:84,65,86,66,72,00,00,00,00,00,00,00,00,00,00,SAT_TAL:05
GLO_SNR:23,30,35,35,32,00,00,00,00,00,00,00,00,00,00,SNR_AVG:31.00
GAL_PRN:00,00,00,00,00,00,00,00,00,00,00,00,00,00,00,SAT_TAL:00
GAL_SNR:00,00,00,00,00,00,00,00,00,00,00,00,00,00,00,SNR_AVG:0.00
BEI_PRN:00,00,00,00,00,00,00,00,00,00,00,00,00,00,00,SAT_TAL:00
BEI_SNR:00,00,00,00,00,00,00,00,00,00,00,00,00,00,00,SNR_AVG:0.00
QZS_PRN:00,00,00,00,00,SAT_TAL:00
QZS_SNR:00,00,00,00,00,SNR_AVG:0.00
SatInView:18 GDOP:151
Roll:147.202698 Pitch:57.227448
X_AVG:-6.314259 Y_AVG:1.896916 Z_AVG:-9.005444
X_SD:7.525172 Y_SD:6.603642 Z_SD:7.680753
$MXCM10033,2,17,20240103,061350,12,0E972731,47EF17FB,008F,0024,4A99,0E,C102*6C
GPS_PRN:16,04,31,26,08,28,09,18,03,19519619919400,00,SAT_TAL:13
GPS_SNR:35,33,34,35,33,30,26,35,32,29,34,24,33,00,00,SNR_AVG:31.77
GLO_PRN:84,65,86,66,72,00,00,00,00,00,00,00,00,00,00,SAT_TAL:05
GLO_SNR:25,31,33,29,36,00,00,00,00,00,00,00,00,00,00,SNR_AVG:30.80
GAL_PRN:00,00,00,00,00,00,00,00,00,00,00,00,00,00,00,SAT_TAL:00
GAL_SNR:00,00,00,00,00,00,00,00,00,00,00,00,00,00,00,SNR_AVG:0.00
BEI_PRN:00,00,00,00,00,00,00,00,00,00,00,00,00,00,00,SAT_TAL:00
BEI_SNR:00,00,00,00,00,00,00,00,00,00,00,00,00,00,00,SNR_AVG:0.00
QZS_PRN:00,00,00,00,00,SAT_TAL:00
QZS_SNR:00,00,00,00,00,SNR_AVG:0.00
SatInView:18 GDOP:155
Roll:-156.433289 Pitch:90.000000
X_AVG:-7.890538 Y_AVG:2.611983 Z_AVG:-10.613853
X_SD:7.668483 Y_SD:6.733795 Z_SD:5.396848
$MXCM10033,2,18,20240103,061405,12,0E968CA3,47EF355B,009B,001F,44CE,10,C102*6B
GPS_PRN:16,04,31,26,08,28,09,18,03,19419519619900,00,SAT_TAL:13
GPS_SNR:36,33,31,35,34,29,33,35,31,31,32,32,24,00,00,SNR_AVG:32.00
GLO_PRN:84,65,86,66,72,00,00,00,00,00,00,00,00,00,00,SAT_TAL:05
GLO_SNR:27,30,36,33,33,00,00,00,00,00,00,00,00,00,00,SNR_AVG:31.80
GAL_PRN:00,00,00,00,00,00,00,00,00,00,00,00,00,00,00,SAT_TAL:00
GAL_SNR:00,00,00,00,00,00,00,00,00,00,00,00,00,00,00,SNR_AVG:0.00
BEI_PRN:00,00,00,00,00,00,00,00,00,00,00,00,00,00,00,SAT_TAL:00
BEI_SNR:00,00,00,00,00,00,00,00,00,00,00,00,00,00,00,SNR_AVG:0.00
QZS_PRN:00,00,00,00,00,SAT_TAL:00
QZS_SNR:00,00,00,00,00,SNR_AVG:0.00
SatInView:18 GDOP:140
Roll:154.369431 Pitch:41.530888
X_AVG:-7.574210 Y_AVG:2.996164 Z_AVG:-10.038802
X_SD:7.739857 Y_SD:6.987989 Z_SD:5.988436
$MXCM10033,2,19,20240103,061621,12,0E93526B,47EF2C57,011A,0011,319E,10,C202*15
GPS_PRN:16,04,31,26,08,28,09,18,03,21,19419519619900,SAT_TAL:14
GPS_SNR:34,33,34,31,29,35,33,30,30,24,26,33,25,25,00,SNR_AVG:30.14
GLO_PRN:72,84,65,86,66,76,00,00,00,00,00,00,00,00,00,SAT_TAL:05
GLO_SNR:27,17,00,33,33,35,00,00,00,00,00,00,00,00,00,SNR_AVG:29.00
GAL_PRN:00,00,00,00,00,00,00,00,00,00,00,00,00,00,00,SAT_TAL:00
GAL_SNR:00,00,00,00,00,00,00,00,00,00,00,00,00,00,00,SNR_AVG:0.00
BEI_PRN:00,00,00,00,00,00,00,00,00,00,00,00,00,00,00,SAT_TAL:00
BEI_SNR:00,00,00,00,00,00,00,00,00,00,00,00,00,00,00,SNR_AVG:0.00
QZS_PRN:00,00,00,00,00,SAT_TAL:00
QZS_SNR:00,00,00,00,00,SNR_AVG:0.00
SatInView:20 GDOP:138
Roll:160.864288 Pitch:46.684158
X_AVG:-7.672996 Y_AVG:2.035065 Z_AVG:-10.531922
X_SD:7.876941 Y_SD:5.764282 Z_SD:4.688430
$MXCM10033,2,20,20240103,061636,12,0E93629B,47EEE900,0103,0008,28C2,11,C202*66
GPS_PRN:16,04,31,26,08,28,09,18,03,21,19419519619900,SAT_TAL:14
GPS_SNR:30,33,33,26,35,33,33,32,30,26,27,31,32,26,00,SNR_AVG:30.50
GLO_PRN:72,84,65,86,66,76,00,00,00,00,00,00,00,00,00,SAT_TAL:06
GLO_SNR:35,21,33,34,34,35,00,00,00,00,00,00,00,00,00,SNR_AVG:32.00
GAL_PRN:00,00,00,00,00,00,00,00,00,00,00,00,00,00,00,SAT_TAL:00
GAL_SNR:00,00,00,00,00,00,00,00,00,00,00,00,00,00,00,SNR_AVG:0.00
BEI_PRN:00,00,00,00,00,00,00,00,00,00,00,00,00,00,00,SAT_TAL:00
BEI_SNR:00,00,00,00,00,00,00,00,00,00,00,00,00,00,00,SNR_AVG:0.00
QZS_PRN:00,00,00,00,00,SAT_TAL:00
QZS_SNR:00,00,00,00,00,SNR_AVG:0.00
SatInView:20 GDOP:136
Roll:142.294357 Pitch:50.512745
X_AVG:-11.923460 Y_AVG:5.345211 Z_AVG:-9.623065
X_SD:7.791519 Y_SD:8.591349 Z_SD:5.958508
$MXCM10033,2,21,20240103,061852,12,0E8EF28F,47EF4CA3,0117,0025,49E2,10,C202*19
GPS_PRN:16,04,31,26,08,28,09,18,03,21,19419519619900,SAT_TAL:14
GPS_SNR:34,32,31,35,34,29,22,34,31,29,32,30,34,23,00,SNR_AVG:30.71
GLO_PRN:72,84,65,86,66,76,00,00,00,00,00,00,00,00,00,SAT_TAL:06
GLO_SNR:37,24,30,32,27,28,00,00,00,00,00,00,00,00,00,SNR_AVG:29.67
GAL_PRN:00,00,00,00,00,00,00,00,00,00,00,00,00,00,00,SAT_TAL:00
GAL_SNR:00,00,00,00,00,00,00,00,00,00,00,00,00,00,00,SNR_AVG:0.00
BEI_PRN:00,00,00,00,00,00,00,00,00,00,00,00,00,00,00,SAT_TAL:00
BEI_SNR:00,00,00,00,00,00,00,00,00,00,00,00,00,00,00,SNR_AVG:0.00
QZS_PRN:00,00,00,00,00,SAT_TAL:00
QZS_SNR:00,00,00,00,00,SNR_AVG:0.00
SatInView:20 GDOP:151
Roll:157.224228 Pitch:52.227337
X_AVG:-7.579573 Y_AVG:2.955031 Z_AVG:-11.097683
X_SD:7.629093 Y_SD:8.054541 Z_SD:8.101436
$MXCM10033,2,22,20240103,061907,12,0E8E807F,47EF1F0E,0103,0021,4616,0E,C202*65
GPS_PRN:16,04,31,26,08,28,09,18,03,21,19419519619900,SAT_TAL:14
GPS_SNR:34,30,34,31,30,32,33,29,21,30,32,32,32,27,00,SNR_AVG:30.50
GLO_PRN:72,84,65,86,66,76,00,00,00,00,00,00,00,00,00,SAT_TAL:04
GLO_SNR:00,00,19,34,34,35,00,00,00,00,00,00,00,00,00,SNR_AVG:30.50
GAL_PRN:00,00,00,00,00,00,00,00,00,00,00,00,00,00,00,SAT_TAL:00
GAL_SNR:00,00,00,00,00,00,00,00,00,00,00,00,00,00,00,SNR_AVG:0.00
BEI_PRN:00,00,00,00,00,00,00,00,00,00,00,00,00,00,00,SAT_TAL:00
BEI_SNR:00,00,00,00,00,00,00,00,00,00,00,00,00,00,00,SNR_AVG:0.00
QZS_PRN:00,00,00,00,00,SAT_TAL:00
QZS_SNR:00,00,00,00,00,SNR_AVG:0.00
SatInView:20 GDOP:176
Roll:154.111023 Pitch:51.234138
X_AVG:-7.579573 Y_AVG:2.955031 Z_AVG:-11.097683
X_SD:7.629093 Y_SD:8.054541 Z_SD:8.101436
$MXCM10033,2,23,20240103,062123,12,0E891529,47EFBC5B,0177,0020,3FAA,10,C202*11
GPS_PRN:04,16,31,08,26,28,09,18,03,21,19419519619900,SAT_TAL:14
GPS_SNR:34,34,29,34,32,29,31,31,26,29,30,33,30,22,00,SNR_AVG:30.29
GLO_PRN:72,84,65,86,66,76,00,00,00,00,00,00,00,00,00,SAT_TAL:06
GLO_SNR:36,22,29,34,31,33,00,00,00,00,00,00,00,00,00,SNR_AVG:30.83
GAL_PRN:00,00,00,00,00,00,00,00,00,00,00,00,00,00,00,SAT_TAL:00
GAL_SNR:00,00,00,00,00,00,00,00,00,00,00,00,00,00,00,SNR_AVG:0.00
BEI_PRN:00,00,00,00,00,00,00,00,00,00,00,00,00,00,00,SAT_TAL:00
BEI_SNR:00,00,00,00,00,00,00,00,00,00,00,00,00,00,00,SNR_AVG:0.00
QZS_PRN:00,00,00,00,00,SAT_TAL:00
QZS_SNR:00,00,00,00,00,SNR_AVG:0.00
SatInView:20 GDOP:149
Roll:151.424210 Pitch:40.777031
X_AVG:-9.612674 Y_AVG:4.429075 Z_AVG:-10.353072
X_SD:8.389285 Y_SD:7.536855 Z_SD:5.860507
$MXCM10033,2,24,20240103,062138,12,0E88BFFB,47F00880,01AB,0017,3A7E,11,C202*62
GPS_PRN:04,16,31,08,26,28,09,18,03,21,19419519619900,SAT_TAL:14
GPS_SNR:33,33,31,33,30,33,32,30,22,29,29,33,31,24,00,SNR_AVG:30.21
GLO_PRN:72,84,65,86,66,76,00,00,00,00,00,00,00,00,00,SAT_TAL:06
GLO_SNR:36,22,29,34,34,35,00,00,00,00,00,00,00,00,00,SNR_AVG:31.67
GAL_PRN:00,00,00,00,00,00,00,00,00,00,00,00,00,00,00,SAT_TAL:00
GAL_SNR:00,00,00,00,00,00,00,00,00,00,00,00,00,00,00,SNR_AVG:0.00
BEI_PRN:00,00,00,00,00,00,00,00,00,00,00,00,00,00,00,SAT_TAL:00
BEI_SNR:00,00,00,00,00,00,00,00,00,00,00,00,00,00,00,SNR_AVG:0.00
QZS_PRN:00,00,00,00,00,SAT_TAL:00
QZS_SNR:00,00,00,00,00,SNR_AVG:0.00
SatInView:20 GDOP:147
Roll:156.945023 Pitch:43.927509
X_AVG:-7.184761 Y_AVG:3.378095 Z_AVG:-9.829114
X_SD:9.170779 Y_SD:8.203260 Z_SD:8.915864
$MXCM10033,2,25,20240103,062354,12,0E832BF2,47F1B06A,01E7,0028,442F,11,C202*69
GPS_PRN:04,16,31,08,26,28,09,18,03,21,19419519619900,SAT_TAL:14
GPS_SNR:26,34,30,33,34,32,28,32,30,31,32,32,33,21,00,SNR_AVG:30.57
GLO_PRN:72,84,65,86,66,76,00,00,00,00,00,00,00,00,00,SAT_TAL:06
GLO_SNR:35,23,27,33,28,30,00,00,00,00,00,00,00,00,00,SNR_AVG:29.33
GAL_PRN:00,00,00,00,00,00,00,00,00,00,00,00,00,00,00,SAT_TAL:00
GAL_SNR:00,00,00,00,00,00,00,00,00,00,00,00,00,00,00,SNR_AVG:0.00
BEI_PRN:00,00,00,00,00,00,00,00,00,00,00,00,00,00,00,SAT_TAL:00
BEI_SNR:00,00,00,00,00,00,00,00,00,00,00,00,00,00,00,SNR_AVG:0.00
QZS_PRN:00,00,00,00,00,SAT_TAL:00
QZS_SNR:00,00,00,00,00,SNR_AVG:0.00
SatInView:20 GDOP:146
Roll:151.960892 Pitch:63.999847
X_AVG:-7.891448 Y_AVG:2.438783 Z_AVG:-8.948413
X_SD:10.886656 Y_SD:9.699769 Z_SD:9.206277
$MXCM10033,2,26,20240103,062409,12,0E827922,47F1EEDF,01FB,0023,3AF1,10,C202*64
GPS_PRN:04,16,31,08,26,28,09,18,03,21,19419519619900,SAT_TAL:14
GPS_SNR:32,34,32,33,32,34,30,30,26,26,30,31,30,24,00,SNR_AVG:30.29
GLO_PRN:72,84,65,86,66,76,00,00,00,00,00,00,00,00,00,SAT_TAL:06
GLO_SNR:34,23,27,33,32,34,00,00,00,00,00,00,00,00,00,SNR_AVG:30.50
GAL_PRN:00,00,00,00,00,00,00,00,00,00,00,00,00,00,00,SAT_TAL:00
GAL_SNR:00,00,00,00,00,00,00,00,00,00,00,00,00,00,00,SNR_AVG:0.00
BEI_PRN:00,00,00,00,00,00,00,00,00,00,00,00,00,00,00,SAT_TAL:00
BEI_SNR:00,00,00,00,00,00,00,00,00,00,00,00,00,00,00,SNR_AVG:0.00
QZS_PRN:00,00,00,00,00,SAT_TAL:00
QZS_SNR:00,00,00,00,00,SNR_AVG:0.00
SatInView:20 GDOP:164
Roll:146.806885 Pitch:54.452290
X_AVG:-7.384250 Y_AVG:2.708088 Z_AVG:-8.190106
X_SD:9.560919 Y_SD:9.287576 Z_SD:10.096673
$MXCM10033,2,27,20240103,062624,12,0E7B9C2A,47F21F89,01D2,0022,4446,10,C202*13
GPS_PRN:04,16,31,08,26,09,28,18,21,03,19419519619900,SAT_TAL:14
GPS_SNR:33,34,33,31,34,32,31,33,33,27,31,26,29,20,00,SNR_AVG:30.50
GLO_PRN:72,84,65,86,66,76,00,00,00,00,00,00,00,00,00,SAT_TAL:05
GLO_SNR:35,00,28,30,31,32,00,00,00,00,00,00,00,00,00,SNR_AVG:31.20
GAL_PRN:00,00,00,00,00,00,00,00,00,00,00,00,00,00,00,SAT_TAL:00
GAL_SNR:00,00,00,00,00,00,00,00,00,00,00,00,00,00,00,SNR_AVG:0.00
BEI_PRN:00,00,00,00,00,00,00,00,00,00,00,00,00,00,00,SAT_TAL:00
BEI_SNR:00,00,00,00,00,00,00,00,00,00,00,00,00,00,00,SNR_AVG:0.00
QZS_PRN:00,00,00,00,00,SAT_TAL:00
QZS_SNR:00,00,00,00,00,SNR_AVG:0.00
SatInView:20 GDOP:158
Roll:143.317429 Pitch:51.321499
X_AVG:-9.191908 Y_AVG:3.770608 Z_AVG:-10.627596
X_SD:8.694496 Y_SD:9.699503 Z_SD:8.504101
$MXCM10033,2,28,20240103,062640,12,0E7ACD57,47F20FFB,01C4,0025,46EB,11,C202*15
GPS_PRN:04,16,31,08,26,09,28,18,21,03,19419519619900,SAT_TAL:14
GPS_SNR:32,34,32,31,34,25,29,33,33,30,31,29,33,22,00,SNR_AVG:30.57
GLO_PRN:72,84,65,86,66,76,00,00,00,00,00,00,00,00,00,SAT_TAL:06
GLO_SNR:36,25,30,32,28,28,00,00,00,00,00,00,00,00,00,SNR_AVG:29.83
GAL_PRN:00,00,00,00,00,00,00,00,00,00,00,00,00,00,00,SAT_TAL:00
GAL_SNR:00,00,00,00,00,00,00,00,00,00,00,00,00,00,00,SNR_AVG:0.00
BEI_PRN:00,00,00,00,00,00,00,00,00,00,00,00,00,00,00,SAT_TAL:00
BEI_SNR:00,00,00,00,00,00,00,00,00,00,00,00,00,00,00,SNR_AVG:0.00
QZS_PRN:00,00,00,00,00,SAT_TAL:00
QZS_SNR:00,00,00,00,00,SNR_AVG:0.00
SatInView:20 GDOP:144
Roll:147.718979 Pitch:51.601673
X_AVG:-7.684537 Y_AVG:2.662310 Z_AVG:-10.216839
X_SD:8.113952 Y_SD:7.008936 Z_SD:6.354609
$MXCM10033,2,29,20240103,062855,12,0E73E295,47F0765D,015C,0022,4F44,12,C202*60
GPS_PRN:04,16,08,31,26,09,28,18,21,03,19419519619900,SAT_TAL:14
GPS_SNR:32,32,34,34,32,26,32,33,24,31,32,29,30,20,00,SNR_AVG:30.07
GLO_PRN:72,84,86,65,66,76,00,00,00,00,00,00,00,00,00,SAT_TAL:06
GLO_SNR:32,21,28,29,28,27,00,00,00,00,00,00,00,00,00,SNR_AVG:27.50
GAL_PRN:00,00,00,00,00,00,00,00,00,00,00,00,00,00,00,SAT_TAL:00
GAL_SNR:00,00,00,00,00,00,00,00,00,00,00,00,00,00,00,SNR_AVG:0.00
BEI_PRN:00,00,00,00,00,00,00,00,00,00,00,00,00,00,00,SAT_TAL:00
BEI_SNR:00,00,00,00,00,00,00,00,00,00,00,00,00,00,00,SNR_AVG:0.00
QZS_PRN:00,00,00,00,00,SAT_TAL:00
QZS_SNR:00,00,00,00,00,SNR_AVG:0.00
SatInView:20 GDOP:130
Roll:163.557709 Pitch:57.922691
X_AVG:0.000000 Y_AVG:0.000000 Z_AVG:0.000000
X_SD:0.000000 Y_SD:0.000000 Z_SD:0.000000
$MXCM10033,2,30,20240103,062911,12,0E732413,47F0402C,0153,0025,4C60,12,C202*67
GPS_PRN:04,16,08,31,26,09,28,18,21,03,19419519619900,SAT_TAL:14
GPS_SNR:31,32,31,34,33,25,31,35,31,32,32,28,31,22,00,SNR_AVG:30.57
GLO_PRN:72,84,86,65,66,76,00,00,00,00,00,00,00,00,00,SAT_TAL:06
GLO_SNR:35,23,30,29,24,23,00,00,00,00,00,00,00,00,00,SNR_AVG:27.33
GAL_PRN:00,00,00,00,00,00,00,00,00,00,00,00,00,00,00,SAT_TAL:00
GAL_SNR:00,00,00,00,00,00,00,00,00,00,00,00,00,00,00,SNR_AVG:0.00
BEI_PRN:00,00,00,00,00,00,00,00,00,00,00,00,00,00,00,SAT_TAL:00
BEI_SNR:00,00,00,00,00,00,00,00,00,00,00,00,00,00,00,SNR_AVG:0.00
QZS_PRN:00,00,00,00,00,SAT_TAL:00
QZS_SNR:00,00,00,00,00,SNR_AVG:0.00
SatInView:20 GDOP:130
Roll:161.176575 Pitch:44.739029
X_AVG:-6.011052 Y_AVG:1.636709 Z_AVG:-8.631798
X_SD:9.332436 Y_SD:7.088403 Z_SD:8.585453
$MXCM10033,2,31,20240103,063127,12,0E71025F,47EF9BDC,00CC,0000,6D14,0F,C202*12
GPS_PRN:04,16,08,31,26,09,28,18,21,03,19419519619900,SAT_TAL:13
GPS_SNR:19,33,17,43,37,19,40,36,31,00,31,39,33,27,00,SNR_AVG:31.15
GLO_PRN:72,84,86,65,76,66,00,00,00,00,00,00,00,00,00,SAT_TAL:03
GLO_SNR:29,00,37,00,20,00,00,00,00,00,00,00,00,00,00,SNR_AVG:28.67
GAL_PRN:00,00,00,00,00,00,00,00,00,00,00,00,00,00,00,SAT_TAL:00
GAL_SNR:00,00,00,00,00,00,00,00,00,00,00,00,00,00,00,SNR_AVG:0.00
BEI_PRN:00,00,00,00,00,00,00,00,00,00,00,00,00,00,00,SAT_TAL:00
BEI_SNR:00,00,00,00,00,00,00,00,00,00,00,00,00,00,00,SNR_AVG:0.00
QZS_PRN:00,00,00,00,00,SAT_TAL:00
QZS_SNR:00,00,00,00,00,SNR_AVG:0.00
SatInView:20 GDOP:111
Roll:150.188370 Pitch:-7.688023
X_AVG:1.995703 Y_AVG:6.491099 Z_AVG:-18.374288
X_SD:6.477774 Y_SD:8.328695 Z_SD:3.830084
$MXCM10033,2,32,20240103,063142,12,0E71021A,47EF9DEE,00CA,0000,407D,0E,C201*12
GPS_PRN:04,16,08,31,26,09,28,18,21,19419519619900,00,SAT_TAL:13
GPS_SNR:15,24,16,35,33,13,27,30,24,30,27,20,20,00,00,SNR_AVG:24.15
GLO_PRN:84,72,86,65,76,66,00,00,00,00,00,00,00,00,00,SAT_TAL:02
GLO_SNR:00,25,32,00,00,00,00,00,00,00,00,00,00,00,00,SNR_AVG:28.50
GAL_PRN:00,00,00,00,00,00,00,00,00,00,00,00,00,00,00,SAT_TAL:00
GAL_SNR:00,00,00,00,00,00,00,00,00,00,00,00,00,00,00,SNR_AVG:0.00
BEI_PRN:00,00,00,00,00,00,00,00,00,00,00,00,00,00,00,SAT_TAL:00
BEI_SNR:00,00,00,00,00,00,00,00,00,00,00,00,00,00,00,SNR_AVG:0.00
QZS_PRN:00,00,00,00,00,SAT_TAL:00
QZS_SNR:00,00,00,00,00,SNR_AVG:0.00
SatInView:19 GDOP:116
Roll:111.387283 Pitch:31.785883
X_AVG:-5.624189 Y_AVG:6.807331 Z_AVG:-4.270959
X_SD:8.186824 Y_SD:8.481390 Z_SD:8.679324
$MXCM10033,2,33,20240103,063357,12,0E7107AD,47EFA9C2,00CA,0000,0000,09,C201*1A
GPS_PRN:04,16,08,31,26,09,28,18,21,19419519600,00,00,SAT_TAL:07
GPS_SNR:00,17,00,23,20,00,20,17,19,00,20,00,00,00,00,SNR_AVG:19.43
GLO_PRN:66,84,72,86,65,76,00,00,00,00,00,00,00,00,00,SAT_TAL:02
GLO_SNR:00,00,23,17,00,00,00,00,00,00,00,00,00,00,00,SNR_AVG:20.00
GAL_PRN:00,00,00,00,00,00,00,00,00,00,00,00,00,00,00,SAT_TAL:00
GAL_SNR:00,00,00,00,00,00,00,00,00,00,00,00,00,00,00,SNR_AVG:0.00
BEI_PRN:00,00,00,00,00,00,00,00,00,00,00,00,00,00,00,SAT_TAL:00
BEI_SNR:00,00,00,00,00,00,00,00,00,00,00,00,00,00,00,SNR_AVG:0.00
QZS_PRN:00,00,00,00,00,SAT_TAL:00
QZS_SNR:00,00,00,00,00,SNR_AVG:0.00
SatInView:18 GDOP:165
Roll:77.783440 Pitch:1.556003
X_AVG:1.881497 Y_AVG:6.835344 Z_AVG:-2.303556
X_SD:8.912129 Y_SD:9.894046 Z_SD:12.489435
$MXCM10033,2,34,20240103,063412,12,0E710399,47EFA43C,00CA,0000,0000,0C,C202*6F
GPS_PRN:19616,08,31,26,09,28,18,21,03,19419504,00,00,SAT_TAL:10
GPS_SNR:17,18,15,19,17,00,23,18,18,00,20,20,00,00,00,SNR_AVG:18.50
GLO_PRN:66,72,84,86,65,76,00,00,00,00,00,00,00,00,00,SAT_TAL:02
GLO_SNR:00,21,00,18,00,00,00,00,00,00,00,00,00,00,00,SNR_AVG:19.50
GAL_PRN:00,00,00,00,00,00,00,00,00,00,00,00,00,00,00,SAT_TAL:00
GAL_SNR:00,00,00,00,00,00,00,00,00,00,00,00,00,00,00,SNR_AVG:0.00
BEI_PRN:00,00,00,00,00,00,00,00,00,00,00,00,00,00,00,SAT_TAL:00
BEI_SNR:00,00,00,00,00,00,00,00,00,00,00,00,00,00,00,SNR_AVG:0.00
QZS_PRN:00,00,00,00,00,SAT_TAL:00
QZS_SNR:00,00,00,00,00,SNR_AVG:0.00
SatInView:19 GDOP:145
Roll:151.159912 Pitch:22.451601
X_AVG:-6.034851 Y_AVG:2.391425 Z_AVG:-18.256299
X_SD:8.073229 Y_SD:9.514657 Z_SD:5.966543
$MXCM10033,2,35,20240103,063627,00,0E70F847,47EF9FDA,00CA,0000,0000,00,C202*1A
GPS_PRN:19616,08,31,26,09,28,18,21,03,19419504,00,00,SAT_TAL:05
GPS_SNR:00,00,15,17,00,00,00,17,16,00,00,00,14,00,00,SNR_AVG:15.80
GLO_PRN:66,84,72,86,65,76,00,00,00,00,00,00,00,00,00,SAT_TAL:00
GLO_SNR:00,00,00,00,00,00,00,00,00,00,00,00,00,00,00,SNR_AVG:0.00
GAL_PRN:00,00,00,00,00,00,00,00,00,00,00,00,00,00,00,SAT_TAL:00
GAL_SNR:00,00,00,00,00,00,00,00,00,00,00,00,00,00,00,SNR_AVG:0.00
BEI_PRN:00,00,00,00,00,00,00,00,00,00,00,00,00,00,00,SAT_TAL:00
BEI_SNR:00,00,00,00,00,00,00,00,00,00,00,00,00,00,00,SNR_AVG:0.00
QZS_PRN:00,00,00,00,00,SAT_TAL:00
QZS_SNR:00,00,00,00,00,SNR_AVG:0.00
SatInView:19 GDOP:238
Roll:149.466660 Pitch:10.407407
X_AVG:-4.538492 Y_AVG:11.558768 Z_AVG:-19.613695
X_SD:0.127882 Y_SD:0.063912 Z_SD:0.000000
$MXCM10033,2,36,20240103,063642,12,0E7101EC,47EFA684,00CA,0000,8978,07,C202*6A
GPS_PRN:19616,08,31,26,09,28,18,21,03,19419504,00,00,SAT_TAL:07
GPS_SNR:00,18,14,19,17,00,00,16,00,00,15,21,00,00,00,SNR_AVG:17.14
GLO_PRN:66,84,72,86,65,76,00,00,00,00,00,00,00,00,00,SAT_TAL:00
GLO_SNR:00,00,00,00,00,00,00,00,00,00,00,00,00,00,00,SNR_AVG:0.00
GAL_PRN:00,00,00,00,00,00,00,00,00,00,00,00,00,00,00,SAT_TAL:00
GAL_SNR:00,00,00,00,00,00,00,00,00,00,00,00,00,00,00,SNR_AVG:0.00
BEI_PRN:00,00,00,00,00,00,00,00,00,00,00,00,00,00,00,SAT_TAL:00
BEI_SNR:00,00,00,00,00,00,00,00,00,00,00,00,00,00,00,SNR_AVG:0.00
QZS_PRN:00,00,00,00,00,SAT_TAL:00
QZS_SNR:00,00,00,00,00,SNR_AVG:0.00
SatInView:19 GDOP:185
Roll:138.007019 Pitch:7.290731
X_AVG:-4.809617 Y_AVG:17.251432 Z_AVG:-19.613695
X_SD:2.939775 Y_SD:0.474577 Z_SD:0.000000
$MXCM10033,2,37,20240103,063857,12,0E710428,47EF9A65,00CA,0000,2EE5,07,C202*61
GPS_PRN:19616,08,31,26,09,28,21,02,03,19419504,00,00,SAT_TAL:08
GPS_SNR:18,15,00,24,18,00,15,21,18,00,00,17,00,00,00,SNR_AVG:18.25
GLO_PRN:66,84,72,86,65,76,00,00,00,00,00,00,00,00,00,SAT_TAL:00
GLO_SNR:00,00,00,00,00,00,00,00,00,00,00,00,00,00,00,SNR_AVG:0.00
GAL_PRN:00,00,00,00,00,00,00,00,00,00,00,00,00,00,00,SAT_TAL:00
GAL_SNR:00,00,00,00,00,00,00,00,00,00,00,00,00,00,00,SNR_AVG:0.00
BEI_PRN:00,00,00,00,00,00,00,00,00,00,00,00,00,00,00,SAT_TAL:00
BEI_SNR:00,00,00,00,00,00,00,00,00,00,00,00,00,00,00,SNR_AVG:0.00
QZS_PRN:00,00,00,00,00,SAT_TAL:00
QZS_SNR:00,00,00,00,00,SNR_AVG:0.00
SatInView:19 GDOP:190
Roll:138.554749 Pitch:6.596940
X_AVG:-4.618747 Y_AVG:17.071576 Z_AVG:-19.613695
X_SD:4.420139 Y_SD:1.208693 Z_SD:0.000000
$MXCM10033,2,38,20240103,063912,12,0E7101ED,47EF9B9E,00CA,0000,2EE5,06,C202*1D
GPS_PRN:04,16,08,31,26,09,28,18,21,19419519600,00,00,SAT_TAL:06
GPS_SNR:00,14,00,21,17,00,17,00,16,00,18,00,00,00,00,SNR_AVG:17.17
GLO_PRN:66,84,72,86,65,76,00,00,00,00,00,00,00,00,00,SAT_TAL:00
GLO_SNR:00,00,00,00,00,00,00,00,00,00,00,00,00,00,00,SNR_AVG:0.00
GAL_PRN:00,00,00,00,00,00,00,00,00,00,00,00,00,00,00,SAT_TAL:00
GAL_SNR:00,00,00,00,00,00,00,00,00,00,00,00,00,00,00,SNR_AVG:0.00
BEI_PRN:00,00,00,00,00,00,00,00,00,00,00,00,00,00,00,SAT_TAL:00
BEI_SNR:00,00,00,00,00,00,00,00,00,00,00,00,00,00,00,SNR_AVG:0.00
QZS_PRN:00,00,00,00,00,SAT_TAL:00
QZS_SNR:00,00,00,00,00,SNR_AVG:0.00
SatInView:18 GDOP:201
Roll:153.717087 Pitch:11.757635
X_AVG:-4.749569 Y_AVG:8.167361 Z_AVG:-19.613695
X_SD:0.784451 Y_SD:0.309186 Z_SD:0.000000
$MXCM10033,2,39,20240103,064128,12,0E70FF08,47EFA168,00CA,0000,0000,0B,C202*19
GPS_PRN:19608,16,31,26,09,28,18,21,02,19419504,00,00,SAT_TAL:10
GPS_SNR:18,16,00,31,15,00,24,17,19,22,23,29,00,00,00,SNR_AVG:21.40
GLO_PRN:66,72,84,86,65,76,00,00,00,00,00,00,00,00,00,SAT_TAL:02
GLO_SNR:00,25,00,20,00,00,00,00,00,00,00,00,00,00,00,SNR_AVG:22.50
GAL_PRN:00,00,00,00,00,00,00,00,00,00,00,00,00,00,00,SAT_TAL:00
GAL_SNR:00,00,00,00,00,00,00,00,00,00,00,00,00,00,00,SNR_AVG:0.00
BEI_PRN:00,00,00,00,00,00,00,00,00,00,00,00,00,00,00,SAT_TAL:00
BEI_SNR:00,00,00,00,00,00,00,00,00,00,00,00,00,00,00,SNR_AVG:0.00
QZS_PRN:00,00,00,00,00,SAT_TAL:00
QZS_SNR:00,00,00,00,00,SNR_AVG:0.00
SatInView:19 GDOP:157
Roll:156.465179 Pitch:27.552809
X_AVG:0.276201 Y_AVG:5.861507 Z_AVG:-19.613695
X_SD:4.900269 Y_SD:4.917132 Z_SD:0.000000
$MXCM10033,2,40,20240103,064143,12,0E7100A3,47EFA167,00CA,0000,0000,0B,C202*6E
GPS_PRN:04,08,16,31,26,28,18,21,02,19419519600,00,00,SAT_TAL:10
GPS_SNR:00,00,21,26,15,23,19,21,15,21,29,17,00,00,00,SNR_AVG:20.70
GLO_PRN:66,84,72,86,65,76,00,00,00,00,00,00,00,00,00,SAT_TAL:02
GLO_SNR:00,00,22,21,00,00,00,00,00,00,00,00,00,00,00,SNR_AVG:21.50
GAL_PRN:00,00,00,00,00,00,00,00,00,00,00,00,00,00,00,SAT_TAL:00
GAL_SNR:00,00,00,00,00,00,00,00,00,00,00,00,00,00,00,SNR_AVG:0.00
BEI_PRN:00,00,00,00,00,00,00,00,00,00,00,00,00,00,00,SAT_TAL:00
BEI_SNR:00,00,00,00,00,00,00,00,00,00,00,00,00,00,00,SNR_AVG:0.00
QZS_PRN:00,00,00,00,00,SAT_TAL:00
QZS_SNR:00,00,00,00,00,SNR_AVG:0.00
SatInView:18 GDOP:161
Roll:154.340668 Pitch:9.428528
X_AVG:-3.463570 Y_AVG:7.572342 Z_AVG:-19.613695
X_SD:0.123471 Y_SD:0.087664 Z_SD:0.000000
$MXCM10033,2,41,20240103,064359,12,0E70FEBA,47EF96AE,00CF,0000,2B0D,0A,C201*6C
GPS_PRN:04,08,16,31,26,28,21,18,02,19419519600,00,00,SAT_TAL:10
GPS_SNR:00,00,24,23,27,18,24,15,20,24,21,17,00,00,00,SNR_AVG:21.30
GLO_PRN:66,84,72,86,65,76,00,00,00,00,00,00,00,00,00,SAT_TAL:02
GLO_SNR:00,00,24,29,00,00,00,00,00,00,00,00,00,00,00,SNR_AVG:26.50
GAL_PRN:00,00,00,00,00,00,00,00,00,00,00,00,00,00,00,SAT_TAL:00
GAL_SNR:00,00,00,00,00,00,00,00,00,00,00,00,00,00,00,SNR_AVG:0.00
BEI_PRN:00,00,00,00,00,00,00,00,00,00,00,00,00,00,00,SAT_TAL:00
BEI_SNR:00,00,00,00,00,00,00,00,00,00,00,00,00,00,00,SNR_AVG:0.00
QZS_PRN:00,00,00,00,00,SAT_TAL:00
QZS_SNR:00,00,00,00,00,SNR_AVG:0.00
SatInView:18 GDOP:177
Roll:61.666851 Pitch:29.651482
X_AVG:-4.547830 Y_AVG:7.627649 Z_AVG:0.529369
X_SD:4.651796 Y_SD:5.509518 Z_SD:7.865060
$MXCM10033,2,42,20240103,064414,12,0E710096,47EF9A81,00CA,0000,2B01,0A,C201*67
GPS_PRN:04,08,16,31,26,28,21,18,02,19419519600,00,00,SAT_TAL:10
GPS_SNR:00,16,12,20,18,19,16,00,15,19,13,14,00,00,00,SNR_AVG:16.20
GLO_PRN:66,84,72,86,65,76,00,00,00,00,00,00,00,00,00,SAT_TAL:02
GLO_SNR:00,00,17,20,00,00,00,00,00,00,00,00,00,00,00,SNR_AVG:18.50
GAL_PRN:00,00,00,00,00,00,00,00,00,00,00,00,00,00,00,SAT_TAL:00
GAL_SNR:00,00,00,00,00,00,00,00,00,00,00,00,00,00,00,SNR_AVG:0.00
BEI_PRN:00,00,00,00,00,00,00,00,00,00,00,00,00,00,00,SAT_TAL:00
BEI_SNR:00,00,00,00,00,00,00,00,00,00,00,00,00,00,00,SNR_AVG:0.00
QZS_PRN:00,00,00,00,00,SAT_TAL:00
QZS_SNR:00,00,00,00,00,SNR_AVG:0.00
SatInView:18 GDOP:162
Roll:86.909592 Pitch:26.587717
X_AVG:-5.285546 Y_AVG:8.187568 Z_AVG:1.215752
X_SD:0.424096 Y_SD:0.345643 Z_SD:0.408028
$MXCM10033,2,43,20240103,064628,00,0E71009E,47EF9AAB,00CA,0000,0000,00,C201*11
GPS_PRN:19616,31,26,09,28,21,02,19504,19400,00,00,00,SAT_TAL:01
GPS_SNR:00,00,00,00,00,26,00,00,00,00,00,00,00,00,00,SNR_AVG:26.00
GLO_PRN:76,65,00,00,00,00,00,00,00,00,00,00,00,00,00,SAT_TAL:00
GLO_SNR:00,00,00,00,00,00,00,00,00,00,00,00,00,00,00,SNR_AVG:0.00
GAL_PRN:00,00,00,00,00,00,00,00,00,00,00,00,00,00,00,SAT_TAL:00
GAL_SNR:00,00,00,00,00,00,00,00,00,00,00,00,00,00,00,SNR_AVG:0.00
BEI_PRN:00,00,00,00,00,00,00,00,00,00,00,00,00,00,00,SAT_TAL:00
BEI_SNR:00,00,00,00,00,00,00,00,00,00,00,00,00,00,00,SNR_AVG:0.00
QZS_PRN:00,00,00,00,00,SAT_TAL:00
QZS_SNR:00,00,00,00,00,SNR_AVG:0.00
SatInView:13 GDOP:17199
Roll:123.304047 Pitch:-6.188904
X_AVG:1.630915 Y_AVG:8.727520 Z_AVG:-4.845627
X_SD:0.267789 Y_SD:0.256079 Z_SD:0.731428
$MXCM10033,2,44,20240103,064643,12,0E710346,47EF990B,00CA,0000,6A9A,07,C201*64
GPS_PRN:19608,16,31,26,09,28,21,18,02,19419504,00,00,SAT_TAL:08
GPS_SNR:16,00,00,21,15,15,20,21,00,19,00,00,15,00,00,SNR_AVG:17.75
GLO_PRN:84,72,76,65,66,00,00,00,00,00,00,00,00,00,00,SAT_TAL:01
GLO_SNR:00,20,00,00,00,00,00,00,00,00,00,00,00,00,00,SNR_AVG:20.00
GAL_PRN:00,00,00,00,00,00,00,00,00,00,00,00,00,00,00,SAT_TAL:00
GAL_SNR:00,00,00,00,00,00,00,00,00,00,00,00,00,00,00,SNR_AVG:0.00
BEI_PRN:00,00,00,00,00,00,00,00,00,00,00,00,00,00,00,SAT_TAL:00
BEI_SNR:00,00,00,00,00,00,00,00,00,00,00,00,00,00,00,SNR_AVG:0.00
QZS_PRN:00,00,00,00,00,SAT_TAL:00
QZS_SNR:00,00,00,00,00,SNR_AVG:0.00
SatInView:18 GDOP:148
Roll:114.835800 Pitch:25.241791
X_AVG:-4.376545 Y_AVG:8.006132 Z_AVG:-4.013337
X_SD:0.076042 Y_SD:0.064511 Z_SD:0.091748
$MXCM10033,2,45,20240103,064859,12,0E7103F5,47EFA030,00CA,0000,1654,07,C201*18
GPS_PRN:08,04,16,31,26,09,28,02,19419519600,00,00,00,SAT_TAL:07
GPS_SNR:00,00,19,22,20,16,22,26,19,00,00,00,00,00,00,SNR_AVG:20.57
GLO_PRN:72,84,76,65,66,00,00,00,00,00,00,00,00,00,00,SAT_TAL:01
GLO_SNR:22,00,00,00,00,00,00,00,00,00,00,00,00,00,00,SNR_AVG:22.00
GAL_PRN:00,00,00,00,00,00,00,00,00,00,00,00,00,00,00,SAT_TAL:00
GAL_SNR:00,00,00,00,00,00,00,00,00,00,00,00,00,00,00,SNR_AVG:0.00
BEI_PRN:00,00,00,00,00,00,00,00,00,00,00,00,00,00,00,SAT_TAL:00
BEI_SNR:00,00,00,00,00,00,00,00,00,00,00,00,00,00,00,SNR_AVG:0.00
QZS_PRN:00,00,00,00,00,SAT_TAL:00
QZS_SNR:00,00,00,00,00,SNR_AVG:0.00
SatInView:16 GDOP:154
Roll:125.132042 Pitch:24.927652
X_AVG:-4.716816 Y_AVG:7.586755 Z_AVG:-5.160231
X_SD:0.101204 Y_SD:0.071745 Z_SD:0.130638
$MXCM10033,2,46,20240103,064914,12,0E71045F,47EFA081,00CA,0000,0C63,07,C201*6E
GPS_PRN:19608,16,31,26,09,28,21,02,19419504,00,00,00,SAT_TAL:07
GPS_SNR:00,00,20,18,21,16,24,00,29,20,00,00,00,00,00,SNR_AVG:21.14
GLO_PRN:72,84,76,65,66,00,00,00,00,00,00,00,00,00,00,SAT_TAL:01
GLO_SNR:24,00,00,00,00,00,00,00,00,00,00,00,00,00,00,SNR_AVG:24.00
GAL_PRN:00,00,00,00,00,00,00,00,00,00,00,00,00,00,00,SAT_TAL:00
GAL_SNR:00,00,00,00,00,00,00,00,00,00,00,00,00,00,00,SNR_AVG:0.00
BEI_PRN:00,00,00,00,00,00,00,00,00,00,00,00,00,00,00,SAT_TAL:00
BEI_SNR:00,00,00,00,00,00,00,00,00,00,00,00,00,00,00,SNR_AVG:0.00
QZS_PRN:00,00,00,00,00,SAT_TAL:00
QZS_SNR:00,00,00,00,00,SNR_AVG:0.00
SatInView:17 GDOP:153
Roll:125.301552 Pitch:24.883123
X_AVG:-4.717917 Y_AVG:7.531831 Z_AVG:-5.404253
X_SD:0.164895 Y_SD:0.123275 Z_SD:0.154171
$MXCM10033,2,47,20240103,065129,00,0E710478,47EFA07D,00CA,0000,0000,00,C201*1C
GPS_PRN:26,28,21,18,19600,00,00,00,00,00,00,00,00,00,SAT_TAL:00
GPS_SNR:00,00,00,00,00,00,00,00,00,00,00,00,00,00,00,SNR_AVG:0.00
GLO_PRN:00,00,00,00,00,00,00,00,00,00,00,00,00,00,00,SAT_TAL:00
GLO_SNR:00,00,00,00,00,00,00,00,00,00,00,00,00,00,00,SNR_AVG:0.00
GAL_PRN:00,00,00,00,00,00,00,00,00,00,00,00,00,00,00,SAT_TAL:00
GAL_SNR:00,00,00,00,00,00,00,00,00,00,00,00,00,00,00,SNR_AVG:0.00
BEI_PRN:00,00,00,00,00,00,00,00,00,00,00,00,00,00,00,SAT_TAL:00
BEI_SNR:00,00,00,00,00,00,00,00,00,00,00,00,00,00,00,SNR_AVG:0.00
QZS_PRN:00,00,00,00,00,SAT_TAL:00
QZS_SNR:00,00,00,00,00,SNR_AVG:0.00
SatInView:5 GDOP:17319
Roll:63.215611 Pitch:24.921902
X_AVG:-4.888532 Y_AVG:8.445764 Z_AVG:4.343313
X_SD:0.092281 Y_SD:0.064739 Z_SD:0.112757
$MXCM10033,2,48,20240103,065144,12,0E70FC90,47EF9437,00CA,0000,7A02,09,C202*68
GPS_PRN:19604,16,31,26,09,28,21,18,19419508,00,00,00,SAT_TAL:09
GPS_SNR:15,17,19,18,24,00,25,20,17,00,00,17,00,00,00,SNR_AVG:19.11
GLO_PRN:72,84,76,65,66,00,00,00,00,00,00,00,00,00,00,SAT_TAL:01
GLO_SNR:25,00,00,00,00,00,00,00,00,00,00,00,00,00,00,SNR_AVG:25.00
GAL_PRN:00,00,00,00,00,00,00,00,00,00,00,00,00,00,00,SAT_TAL:00
GAL_SNR:00,00,00,00,00,00,00,00,00,00,00,00,00,00,00,SNR_AVG:0.00
BEI_PRN:00,00,00,00,00,00,00,00,00,00,00,00,00,00,00,SAT_TAL:00
BEI_SNR:00,00,00,00,00,00,00,00,00,00,00,00,00,00,00,SNR_AVG:0.00
QZS_PRN:00,00,00,00,00,SAT_TAL:00
QZS_SNR:00,00,00,00,00,SNR_AVG:0.00
SatInView:17 GDOP:149
Roll:77.880432 Pitch:45.346752
X_AVG:-6.799622 Y_AVG:6.887970 Z_AVG:1.340828
X_SD:0.815973 Y_SD:0.402240 Z_SD:1.362156
$MXCM10033,2,49,20240103,065359,00,0E70FC37,47EF96DD,00CA,0000,0000,00,C201*11
GPS_PRN:26,21,28,18,19600,00,00,00,00,00,00,00,00,00,SAT_TAL:00
GPS_SNR:00,00,00,00,00,00,00,00,00,00,00,00,00,00,00,SNR_AVG:0.00
GLO_PRN:00,00,00,00,00,00,00,00,00,00,00,00,00,00,00,SAT_TAL:00
GLO_SNR:00,00,00,00,00,00,00,00,00,00,00,00,00,00,00,SNR_AVG:0.00
GAL_PRN:00,00,00,00,00,00,00,00,00,00,00,00,00,00,00,SAT_TAL:00
GAL_SNR:00,00,00,00,00,00,00,00,00,00,00,00,00,00,00,SNR_AVG:0.00
BEI_PRN:00,00,00,00,00,00,00,00,00,00,00,00,00,00,00,SAT_TAL:00
BEI_SNR:00,00,00,00,00,00,00,00,00,00,00,00,00,00,00,SNR_AVG:0.00
QZS_PRN:00,00,00,00,00,SAT_TAL:00
QZS_SNR:00,00,00,00,00,SNR_AVG:0.00
SatInView:5 GDOP:17319
Roll:98.203850 Pitch:26.234375
X_AVG:-4.637710 Y_AVG:8.265477 Z_AVG:-1.922535
X_SD:0.079794 Y_SD:0.067599 Z_SD:0.112590
$MXCM10033,2,50,20240103,065414,00,0E710588,47EF9A2E,00CA,0000,0000,00,C201*12
GPS_PRN:19604,16,31,26,09,21,28,18,02,07,19419508,00,SAT_TAL:03
GPS_SNR:00,00,00,17,00,00,19,23,00,00,00,00,00,00,00,SNR_AVG:19.67
GLO_PRN:00,00,00,00,00,00,00,00,00,00,00,00,00,00,00,SAT_TAL:00
GLO_SNR:00,00,00,00,00,00,00,00,00,00,00,00,00,00,00,SNR_AVG:0.00
GAL_PRN:00,00,00,00,00,00,00,00,00,00,00,00,00,00,00,SAT_TAL:00
GAL_SNR:00,00,00,00,00,00,00,00,00,00,00,00,00,00,00,SNR_AVG:0.00
BEI_PRN:00,00,00,00,00,00,00,00,00,00,00,00,00,00,00,SAT_TAL:00
BEI_SNR:00,00,00,00,00,00,00,00,00,00,00,00,00,00,00,SNR_AVG:0.00
QZS_PRN:00,00,00,00,00,SAT_TAL:00
QZS_SNR:00,00,00,00,00,SNR_AVG:0.00
SatInView:14 GDOP:868
Roll:99.775780 Pitch:26.377155
X_AVG:-4.696752 Y_AVG:8.235693 Z_AVG:-1.965631
X_SD:0.076522 Y_SD:0.057047 Z_SD:0.103078
$MXCM10033,2,51,20240103,065629,00,0E70FC37,47EF96DD,00CA,0000,0000,00,C201*1A
GPS_PRN:26,21,28,19600,00,00,00,00,00,00,00,00,00,00,SAT_TAL:00
GPS_SNR:00,00,00,00,00,00,00,00,00,00,00,00,00,00,00,SNR_AVG:0.00
GLO_PRN:76,00,00,00,00,00,00,00,00,00,00,00,00,00,00,SAT_TAL:00
GLO_SNR:00,00,00,00,00,00,00,00,00,00,00,00,00,00,00,SNR_AVG:0.00
GAL_PRN:00,00,00,00,00,00,00,00,00,00,00,00,00,00,00,SAT_TAL:00
GAL_SNR:00,00,00,00,00,00,00,00,00,00,00,00,00,00,00,SNR_AVG:0.00
BEI_PRN:00,00,00,00,00,00,00,00,00,00,00,00,00,00,00,SAT_TAL:00
BEI_SNR:00,00,00,00,00,00,00,00,00,00,00,00,00,00,00,SNR_AVG:0.00
QZS_PRN:00,00,00,00,00,SAT_TAL:00
QZS_SNR:00,00,00,00,00,SNR_AVG:0.00
SatInView:5 GDOP:17319
Roll:103.410202 Pitch:25.829058
X_AVG:0.000000 Y_AVG:0.000000 Z_AVG:0.000000
X_SD:0.000000 Y_SD:0.000000 Z_SD:0.000000
$MXCM10033,2,52,20240103,065644,00,0E70FC37,47EF96DD,00CA,0000,0000,00,C201*12
GPS_PRN:08,04,07,19400,00,00,00,00,00,00,00,00,00,00,SAT_TAL:00
GPS_SNR:00,00,00,00,00,00,00,00,00,00,00,00,00,00,00,SNR_AVG:0.00
GLO_PRN:00,00,00,00,00,00,00,00,00,00,00,00,00,00,00,SAT_TAL:00
GLO_SNR:00,00,00,00,00,00,00,00,00,00,00,00,00,00,00,SNR_AVG:0.00
GAL_PRN:00,00,00,00,00,00,00,00,00,00,00,00,00,00,00,SAT_TAL:00
GAL_SNR:00,00,00,00,00,00,00,00,00,00,00,00,00,00,00,SNR_AVG:0.00
BEI_PRN:00,00,00,00,00,00,00,00,00,00,00,00,00,00,00,SAT_TAL:00
BEI_SNR:00,00,00,00,00,00,00,00,00,00,00,00,00,00,00,SNR_AVG:0.00
QZS_PRN:00,00,00,00,00,SAT_TAL:00
QZS_SNR:00,00,00,00,00,SNR_AVG:0.00
SatInView:4 GDOP:17319
Roll:103.547340 Pitch:25.820757
X_AVG:0.000000 Y_AVG:0.000000 Z_AVG:0.000000
X_SD:0.000000 Y_SD:0.000000 Z_SD:0.000000
$MXCM10033,2,53,20240103,065859,00,0E70FBE8,47EF95FA,00CA,0000,0000,00,C201*6D
GPS_PRN:31,21,28,02,19519600,00,00,00,00,00,00,00,00,SAT_TAL:03
GPS_SNR:22,17,00,00,19,00,00,00,00,00,00,00,00,00,00,SNR_AVG:19.33
GLO_PRN:65,76,66,00,00,00,00,00,00,00,00,00,00,00,00,SAT_TAL:00
GLO_SNR:00,00,00,00,00,00,00,00,00,00,00,00,00,00,00,SNR_AVG:0.00
GAL_PRN:00,00,00,00,00,00,00,00,00,00,00,00,00,00,00,SAT_TAL:00
GAL_SNR:00,00,00,00,00,00,00,00,00,00,00,00,00,00,00,SNR_AVG:0.00
BEI_PRN:00,00,00,00,00,00,00,00,00,00,00,00,00,00,00,SAT_TAL:00
BEI_SNR:00,00,00,00,00,00,00,00,00,00,00,00,00,00,00,SNR_AVG:0.00
QZS_PRN:00,00,00,00,00,SAT_TAL:00
QZS_SNR:00,00,00,00,00,SNR_AVG:0.00
SatInView:9 GDOP:13099
Roll:104.016083 Pitch:25.780502
X_AVG:-4.466856 Y_AVG:8.273187 Z_AVG:-2.550451
X_SD:0.082414 Y_SD:0.066428 Z_SD:0.105809
$MXCM10033,2,54,20240103,065914,00,0E71052F,47EF937F,00A8,0000,7F05,00,C201*14
GPS_PRN:19604,16,31,26,09,21,28,02,18,07,19419508,00,SAT_TAL:06
GPS_SNR:00,00,00,21,00,00,17,17,14,12,00,00,20,00,00,SNR_AVG:16.83
GLO_PRN:67,76,66,65,00,00,00,00,00,00,00,00,00,00,00,SAT_TAL:00
GLO_SNR:00,00,00,00,00,00,00,00,00,00,00,00,00,00,00,SNR_AVG:0.00
GAL_PRN:00,00,00,00,00,00,00,00,00,00,00,00,00,00,00,SAT_TAL:00
GAL_SNR:00,00,00,00,00,00,00,00,00,00,00,00,00,00,00,SNR_AVG:0.00
BEI_PRN:00,00,00,00,00,00,00,00,00,00,00,00,00,00,00,SAT_TAL:00
BEI_SNR:00,00,00,00,00,00,00,00,00,00,00,00,00,00,00,SNR_AVG:0.00
QZS_PRN:00,00,00,00,00,SAT_TAL:00
QZS_SNR:00,00,00,00,00,SNR_AVG:0.00
SatInView:18 GDOP:677
Roll:80.384262 Pitch:26.167166
X_AVG:-4.466856 Y_AVG:8.273187 Z_AVG:-2.550451
X_SD:0.082414 Y_SD:0.066428 Z_SD:0.105809
$MXCM10033,2,55,20240103,070129,12,0E710513,47EF7F00,00B2,0000,847F,06,C201*6E
GPS_PRN:19604,16,31,26,28,02,18,07,19419508,00,00,00,SAT_TAL:06
GPS_SNR:00,00,16,29,23,14,24,00,00,23,00,00,00,00,00,SNR_AVG:21.50
GLO_PRN:77,67,76,66,65,00,00,00,00,00,00,00,00,00,00,SAT_TAL:00
GLO_SNR:00,00,00,00,00,00,00,00,00,00,00,00,00,00,00,SNR_AVG:0.00
GAL_PRN:00,00,00,00,00,00,00,00,00,00,00,00,00,00,00,SAT_TAL:00
GAL_SNR:00,00,00,00,00,00,00,00,00,00,00,00,00,00,00,SNR_AVG:0.00
BEI_PRN:00,00,00,00,00,00,00,00,00,00,00,00,00,00,00,SAT_TAL:00
BEI_SNR:00,00,00,00,00,00,00,00,00,00,00,00,00,00,00,SNR_AVG:0.00
QZS_PRN:00,00,00,00,00,SAT_TAL:00
QZS_SNR:00,00,00,00,00,SNR_AVG:0.00
SatInView:17 GDOP:203
Roll:121.713913 Pitch:31.988665
X_AVG:-5.481539 Y_AVG:7.289006 Z_AVG:-4.525659
X_SD:0.751074 Y_SD:0.356470 Z_SD:0.538852
$MXCM10033,2,56,20240103,070145,12,0E7104F3,47EF9CB5,00B2,0000,847F,06,C201*6D
GPS_PRN:08,04,16,31,09,26,28,02,19419519600,00,00,00,SAT_TAL:06
GPS_SNR:00,00,00,30,00,19,00,25,23,17,20,00,00,00,00,SNR_AVG:22.33
GLO_PRN:67,77,76,66,65,00,00,00,00,00,00,00,00,00,00,SAT_TAL:00
GLO_SNR:00,00,00,00,00,00,00,00,00,00,00,00,00,00,00,SNR_AVG:0.00
GAL_PRN:00,00,00,00,00,00,00,00,00,00,00,00,00,00,00,SAT_TAL:00
GAL_SNR:00,00,00,00,00,00,00,00,00,00,00,00,00,00,00,SNR_AVG:0.00
BEI_PRN:00,00,00,00,00,00,00,00,00,00,00,00,00,00,00,SAT_TAL:00
BEI_SNR:00,00,00,00,00,00,00,00,00,00,00,00,00,00,00,SNR_AVG:0.00
QZS_PRN:00,00,00,00,00,SAT_TAL:00
QZS_SNR:00,00,00,00,00,SNR_AVG:0.00
SatInView:16 GDOP:246
Roll:121.552872 Pitch:29.854025
X_AVG:-5.098890 Y_AVG:7.461776 Z_AVG:-5.070590
X_SD:1.078749 Y_SD:0.456507 Z_SD:0.300679
$MXCM10033,2,57,20240103,070400,00,0E710752,47EFCB64,00B2,0000,8986,00,C201*60
GPS_PRN:19604,16,31,09,26,21,28,02,18,07,19419508,00,SAT_TAL:07
GPS_SNR:00,00,00,26,00,18,17,24,18,00,00,18,18,00,00,SNR_AVG:19.86
GLO_PRN:67,76,66,65,00,00,00,00,00,00,00,00,00,00,00,SAT_TAL:00
GLO_SNR:00,00,00,00,00,00,00,00,00,00,00,00,00,00,00,SNR_AVG:0.00
GAL_PRN:00,00,00,00,00,00,00,00,00,00,00,00,00,00,00,SAT_TAL:00
GAL_SNR:00,00,00,00,00,00,00,00,00,00,00,00,00,00,00,SNR_AVG:0.00
BEI_PRN:00,00,00,00,00,00,00,00,00,00,00,00,00,00,00,SAT_TAL:00
BEI_SNR:00,00,00,00,00,00,00,00,00,00,00,00,00,00,00,SNR_AVG:0.00
QZS_PRN:00,00,00,00,00,SAT_TAL:00
QZS_SNR:00,00,00,00,00,SNR_AVG:0.00
SatInView:18 GDOP:215
Roll:67.866386 Pitch:-15.560199
X_AVG:-1.462025 Y_AVG:3.227449 Z_AVG:-4.257695
X_SD:14.185676 Y_SD:14.258888 Z_SD:16.332204
$MXCM10033,2,58,20240103,070416,12,0E710445,47EF999C,00B2,0000,8A66,0A,C201*10
GPS_PRN:19604,16,31,26,21,28,02,18,19419508,00,00,00,SAT_TAL:10
GPS_SNR:20,00,20,33,26,18,24,18,15,18,22,00,00,00,00,SNR_AVG:21.40
GLO_PRN:67,77,76,66,65,00,00,00,00,00,00,00,00,00,00,SAT_TAL:00
GLO_SNR:00,00,00,00,00,00,00,00,00,00,00,00,00,00,00,SNR_AVG:0.00
GAL_PRN:00,00,00,00,00,00,00,00,00,00,00,00,00,00,00,SAT_TAL:00
GAL_SNR:00,00,00,00,00,00,00,00,00,00,00,00,00,00,00,SNR_AVG:0.00
BEI_PRN:00,00,00,00,00,00,00,00,00,00,00,00,00,00,00,SAT_TAL:00
BEI_SNR:00,00,00,00,00,00,00,00,00,00,00,00,00,00,00,SNR_AVG:0.00
QZS_PRN:00,00,00,00,00,SAT_TAL:00
QZS_SNR:00,00,00,00,00,SNR_AVG:0.00
SatInView:17 GDOP:176
Roll:88.703384 Pitch:35.091877
X_AVG:-2.499310 Y_AVG:6.094132 Z_AVG:-2.776755
X_SD:10.179694 Y_SD:9.465697 Z_SD:11.253394
$MXCM10033,2,59,20240103,070630,00,0E7107CD,47EF9D23,00B2,0000,8760,00,C201*16
GPS_PRN:19604,16,31,09,26,21,02,28,07,18,19419508,00,SAT_TAL:06
GPS_SNR:00,00,20,28,00,18,18,00,24,00,00,00,19,00,00,SNR_AVG:21.17
GLO_PRN:67,77,76,66,65,00,00,00,00,00,00,00,00,00,00,SAT_TAL:00
GLO_SNR:00,00,00,00,00,00,00,00,00,00,00,00,00,00,00,SNR_AVG:0.00
GAL_PRN:00,00,00,00,00,00,00,00,00,00,00,00,00,00,00,SAT_TAL:00
GAL_SNR:00,00,00,00,00,00,00,00,00,00,00,00,00,00,00,SNR_AVG:0.00
BEI_PRN:00,00,00,00,00,00,00,00,00,00,00,00,00,00,00,SAT_TAL:00
BEI_SNR:00,00,00,00,00,00,00,00,00,00,00,00,00,00,00,SNR_AVG:0.00
QZS_PRN:00,00,00,00,00,SAT_TAL:00
QZS_SNR:00,00,00,00,00,SNR_AVG:0.00
SatInView:19 GDOP:391
Roll:100.677933 Pitch:28.113251
X_AVG:-4.660455 Y_AVG:7.429262 Z_AVG:-4.675779
X_SD:4.040326 Y_SD:5.528584 Z_SD:6.653309
$MXCM10033,2,60,20240103,070645,12,0E710282,47EF9E9B,00B2,0000,7C18,09,C201*13
GPS_PRN:19604,16,31,09,26,21,02,28,07,18,19419508,00,SAT_TAL:09
GPS_SNR:18,00,18,25,00,22,18,27,26,00,00,19,20,00,00,SNR_AVG:21.44
GLO_PRN:67,77,76,66,65,00,00,00,00,00,00,00,00,00,00,SAT_TAL:00
GLO_SNR:00,00,00,00,00,00,00,00,00,00,00,00,00,00,00,SNR_AVG:0.00
GAL_PRN:00,00,00,00,00,00,00,00,00,00,00,00,00,00,00,SAT_TAL:00
GAL_SNR:00,00,00,00,00,00,00,00,00,00,00,00,00,00,00,SNR_AVG:0.00
BEI_PRN:00,00,00,00,00,00,00,00,00,00,00,00,00,00,00,SAT_TAL:00
BEI_SNR:00,00,00,00,00,00,00,00,00,00,00,00,00,00,00,SNR_AVG:0.00
QZS_PRN:00,00,00,00,00,SAT_TAL:00
QZS_SNR:00,00,00,00,00,SNR_AVG:0.00
SatInView:19 GDOP:189
Roll:78.437164 Pitch:38.712112
X_AVG:-6.345337 Y_AVG:6.509295 Z_AVG:-2.902214
X_SD:3.028772 Y_SD:4.379963 Z_SD:6.361861
$MXCM10033,2,61,20240103,070900,00,0E71026B,47EF9E50,00B2,0000,0000,00,C202*68
GPS_PRN:31,21,02,28,19600,00,00,00,00,00,00,00,00,00,SAT_TAL:00
GPS_SNR:00,00,00,00,00,00,00,00,00,00,00,00,00,00,00,SNR_AVG:0.00
GLO_PRN:00,00,00,00,00,00,00,00,00,00,00,00,00,00,00,SAT_TAL:00
GLO_SNR:00,00,00,00,00,00,00,00,00,00,00,00,00,00,00,SNR_AVG:0.00
GAL_PRN:00,00,00,00,00,00,00,00,00,00,00,00,00,00,00,SAT_TAL:00
GAL_SNR:00,00,00,00,00,00,00,00,00,00,00,00,00,00,00,SNR_AVG:0.00
BEI_PRN:00,00,00,00,00,00,00,00,00,00,00,00,00,00,00,SAT_TAL:00
BEI_SNR:00,00,00,00,00,00,00,00,00,00,00,00,00,00,00,SNR_AVG:0.00
QZS_PRN:00,00,00,00,00,SAT_TAL:00
QZS_SNR:00,00,00,00,00,SNR_AVG:0.00
SatInView:5 GDOP:17319
Roll:-0.522759 Pitch:30.236727
X_AVG:-8.103530 Y_AVG:0.335243 Z_AVG:14.175204
X_SD:0.933327 Y_SD:0.842853 Z_SD:1.812540
$MXCM10033,2,62,20240103,070915,00,0E71026B,47EF9E50,00B2,0000,0000,00,C202*6F
GPS_PRN:08,00,00,00,00,00,00,00,00,00,00,00,00,00,00,SAT_TAL:00
GPS_SNR:00,00,00,00,00,00,00,00,00,00,00,00,00,00,00,SNR_AVG:0.00
GLO_PRN:00,00,00,00,00,00,00,00,00,00,00,00,00,00,00,SAT_TAL:00
GLO_SNR:00,00,00,00,00,00,00,00,00,00,00,00,00,00,00,SNR_AVG:0.00
GAL_PRN:00,00,00,00,00,00,00,00,00,00,00,00,00,00,00,SAT_TAL:00
GAL_SNR:00,00,00,00,00,00,00,00,00,00,00,00,00,00,00,SNR_AVG:0.00
BEI_PRN:00,00,00,00,00,00,00,00,00,00,00,00,00,00,00,SAT_TAL:00
BEI_SNR:00,00,00,00,00,00,00,00,00,00,00,00,00,00,00,SNR_AVG:0.00
QZS_PRN:00,00,00,00,00,SAT_TAL:00
QZS_SNR:00,00,00,00,00,SNR_AVG:0.00
SatInView:1 GDOP:17319
Roll:-3.355239 Pitch:54.002392
X_AVG:-9.667071 Y_AVG:-1.939678 Z_AVG:0.945202
X_SD:0.874739 Y_SD:1.762591 Z_SD:5.292074
$MXCM10033,2,63,20240103,071130,12,0E70FC60,47EF98EC,00B3,0000,0000,0B,C202*1A
GPS_PRN:19604,16,09,31,26,21,02,28,07,18,19419508,00,SAT_TAL:11
GPS_SNR:24,00,23,17,43,25,28,38,38,18,00,30,32,00,00,SNR_AVG:28.73
GLO_PRN:67,77,76,66,65,00,00,00,00,00,00,00,00,00,00,SAT_TAL:01
GLO_SNR:19,00,00,00,00,00,00,00,00,00,00,00,00,00,00,SNR_AVG:19.00
GAL_PRN:00,00,00,00,00,00,00,00,00,00,00,00,00,00,00,SAT_TAL:00
GAL_SNR:00,00,00,00,00,00,00,00,00,00,00,00,00,00,00,SNR_AVG:0.00
BEI_PRN:00,00,00,00,00,00,00,00,00,00,00,00,00,00,00,SAT_TAL:00
BEI_SNR:00,00,00,00,00,00,00,00,00,00,00,00,00,00,00,SNR_AVG:0.00
QZS_PRN:00,00,00,00,00,SAT_TAL:00
QZS_SNR:00,00,00,00,00,SNR_AVG:0.00
SatInView:19 GDOP:124
Roll:3.205256 Pitch:0.000000
X_AVG:0.000000 Y_AVG:0.000000 Z_AVG:0.000000
X_SD:0.000000 Y_SD:0.000000 Z_SD:0.000000
$MXCM10033,2,64,20240103,071146,12,0E70FDE7,47EF9C8F,00B3,0000,0000,0D,C202*6A
GPS_PRN:19604,16,09,31,26,21,02,28,07,19419508,00,00,SAT_TAL:12
GPS_SNR:26,00,26,13,44,19,27,36,39,18,30,34,31,00,00,SNR_AVG:28.58
GLO_PRN:77,67,76,66,65,00,00,00,00,00,00,00,00,00,00,SAT_TAL:02
GLO_SNR:00,19,19,00,00,00,00,00,00,00,00,00,00,00,00,SNR_AVG:19.00
GAL_PRN:00,00,00,00,00,00,00,00,00,00,00,00,00,00,00,SAT_TAL:00
GAL_SNR:00,00,00,00,00,00,00,00,00,00,00,00,00,00,00,SNR_AVG:0.00
BEI_PRN:00,00,00,00,00,00,00,00,00,00,00,00,00,00,00,SAT_TAL:00
BEI_SNR:00,00,00,00,00,00,00,00,00,00,00,00,00,00,00,SNR_AVG:0.00
QZS_PRN:00,00,00,00,00,SAT_TAL:00
QZS_SNR:00,00,00,00,00,SNR_AVG:0.00
SatInView:18 GDOP:116
Roll:3.202977 Pitch:0.000000
X_AVG:0.000000 Y_AVG:0.000000 Z_AVG:0.000000
X_SD:0.000000 Y_SD:0.000000 Z_SD:0.000000
$MXCM10033,2,65,20240103,071401,12,0E70FDEA,47EF9E26,00B3,0000,2AEF,0B,C202*11
GPS_PRN:19604,16,31,26,21,02,28,18,19419508,00,00,00,SAT_TAL:12
GPS_SNR:33,23,33,44,34,26,37,35,17,29,34,27,00,00,00,SNR_AVG:31.00
GLO_PRN:67,77,76,66,65,00,00,00,00,00,00,00,00,00,00,SAT_TAL:01
GLO_SNR:00,00,00,00,19,00,00,00,00,00,00,00,00,00,00,SNR_AVG:19.00
GAL_PRN:00,00,00,00,00,00,00,00,00,00,00,00,00,00,00,SAT_TAL:00
GAL_SNR:00,00,00,00,00,00,00,00,00,00,00,00,00,00,00,SNR_AVG:0.00
BEI_PRN:00,00,00,00,00,00,00,00,00,00,00,00,00,00,00,SAT_TAL:00
BEI_SNR:00,00,00,00,00,00,00,00,00,00,00,00,00,00,00,SNR_AVG:0.00
QZS_PRN:00,00,00,00,00,SAT_TAL:00
QZS_SNR:00,00,00,00,00,SNR_AVG:0.00
SatInView:17 GDOP:154
Roll:3.205241 Pitch:0.000000
X_AVG:0.444612 Y_AVG:1.400301 Z_AVG:19.604118
X_SD:0.079722 Y_SD:0.059615 Z_SD:0.000000
$MXCM10033,2,66,20240103,071417,12,0E70FE72,47EF9D4B,00B3,0000,2AEF,0C,C202*67
GPS_PRN:19604,16,09,31,26,21,02,28,18,19419508,00,00,SAT_TAL:12
GPS_SNR:33,21,32,00,44,36,26,38,35,16,29,35,20,00,00,SNR_AVG:30.42
GLO_PRN:77,67,76,66,65,00,00,00,00,00,00,00,00,00,00,SAT_TAL:01
GLO_SNR:00,00,23,00,00,00,00,00,00,00,00,00,00,00,00,SNR_AVG:23.00
GAL_PRN:00,00,00,00,00,00,00,00,00,00,00,00,00,00,00,SAT_TAL:00
GAL_SNR:00,00,00,00,00,00,00,00,00,00,00,00,00,00,00,SNR_AVG:0.00
BEI_PRN:00,00,00,00,00,00,00,00,00,00,00,00,00,00,00,SAT_TAL:00
BEI_SNR:00,00,00,00,00,00,00,00,00,00,00,00,00,00,00,SNR_AVG:0.00
QZS_PRN:00,00,00,00,00,SAT_TAL:00
QZS_SNR:00,00,00,00,00,SNR_AVG:0.00
SatInView:18 GDOP:136
Roll:3.205258 Pitch:0.000000
X_AVG:0.442745 Y_AVG:1.399918 Z_AVG:19.604118
X_SD:0.070440 Y_SD:0.056888 Z_SD:0.000000
$MXCM10033,2,67,20240103,071633,12,0E70FC7A,47EF9CAE,00B3,0000,7910,09,C202*67
GPS_PRN:19604,16,09,31,26,21,02,07,28,18,19419508,00,SAT_TAL:10
GPS_SNR:34,00,00,00,44,28,33,32,18,30,23,28,38,00,00,SNR_AVG:30.80
GLO_PRN:77,67,76,66,65,00,00,00,00,00,00,00,00,00,00,SAT_TAL:00
GLO_SNR:00,00,00,00,00,00,00,00,00,00,00,00,00,00,00,SNR_AVG:0.00
GAL_PRN:00,00,00,00,00,00,00,00,00,00,00,00,00,00,00,SAT_TAL:00
GAL_SNR:00,00,00,00,00,00,00,00,00,00,00,00,00,00,00,SNR_AVG:0.00
BEI_PRN:00,00,00,00,00,00,00,00,00,00,00,00,00,00,00,SAT_TAL:00
BEI_SNR:00,00,00,00,00,00,00,00,00,00,00,00,00,00,00,SNR_AVG:0.00
QZS_PRN:00,00,00,00,00,SAT_TAL:00
QZS_SNR:00,00,00,00,00,SNR_AVG:0.00
SatInView:19 GDOP:137
Roll:3.205241 Pitch:0.000000
X_AVG:0.431252 Y_AVG:1.400971 Z_AVG:19.604118
X_SD:0.075019 Y_SD:0.062621 Z_SD:0.000000
$MXCM10033,2,68,20240103,071648,12,0E7101A0,47EF95F8,00B3,0000,7DC4,0B,C202*1A
GPS_PRN:19604,16,31,26,21,02,07,28,18,19419508,00,00,SAT_TAL:11
GPS_SNR:34,00,00,44,28,32,32,20,30,18,28,38,20,00,00,SNR_AVG:29.45
GLO_PRN:77,67,76,66,65,00,00,00,00,00,00,00,00,00,00,SAT_TAL:01
GLO_SNR:00,00,18,00,00,00,00,00,00,00,00,00,00,00,00,SNR_AVG:18.00
GAL_PRN:00,00,00,00,00,00,00,00,00,00,00,00,00,00,00,SAT_TAL:00
GAL_SNR:00,00,00,00,00,00,00,00,00,00,00,00,00,00,00,SNR_AVG:0.00
BEI_PRN:00,00,00,00,00,00,00,00,00,00,00,00,00,00,00,SAT_TAL:00
BEI_SNR:00,00,00,00,00,00,00,00,00,00,00,00,00,00,00,SNR_AVG:0.00
QZS_PRN:00,00,00,00,00,SAT_TAL:00
QZS_SNR:00,00,00,00,00,SNR_AVG:0.00
SatInView:18 GDOP:125
Roll:3.205258 Pitch:0.000000
X_AVG:0.427613 Y_AVG:1.395417 Z_AVG:19.604118
X_SD:0.074083 Y_SD:0.059089 Z_SD:0.000000
$MXCM10033,2,69,20240103,071904,12,0E70FFF7,47EF98C0,00B3,0000,7F0E,0A,C202*1F
GPS_PRN:19604,16,31,26,21,02,28,18,19419508,00,00,00,SAT_TAL:11
GPS_SNR:35,00,28,43,36,36,38,33,15,28,39,26,00,00,00,SNR_AVG:32.45
GLO_PRN:77,67,76,66,65,00,00,00,00,00,00,00,00,00,00,SAT_TAL:00
GLO_SNR:00,00,00,00,00,00,00,00,00,00,00,00,00,00,00,SNR_AVG:0.00
GAL_PRN:00,00,00,00,00,00,00,00,00,00,00,00,00,00,00,SAT_TAL:00
GAL_SNR:00,00,00,00,00,00,00,00,00,00,00,00,00,00,00,SNR_AVG:0.00
BEI_PRN:00,00,00,00,00,00,00,00,00,00,00,00,00,00,00,SAT_TAL:00
BEI_SNR:00,00,00,00,00,00,00,00,00,00,00,00,00,00,00,SNR_AVG:0.00
QZS_PRN:00,00,00,00,00,SAT_TAL:00
QZS_SNR:00,00,00,00,00,SNR_AVG:0.00
SatInView:17 GDOP:171
Roll:3.205254 Pitch:0.000000
X_AVG:0.000000 Y_AVG:0.000000 Z_AVG:0.000000
X_SD:0.000000 Y_SD:0.000000 Z_SD:0.000000
$MXCM10033,2,70,20240103,071919,12,0E70FF87,47EF9A40,00B3,0000,7F0E,0C,C202*69
GPS_PRN:19604,16,31,26,21,02,28,18,19419508,00,00,00,SAT_TAL:11
GPS_SNR:33,16,30,42,36,35,36,32,00,27,39,23,00,00,00,SNR_AVG:31.73
GLO_PRN:77,67,76,66,65,00,00,00,00,00,00,00,00,00,00,SAT_TAL:02
GLO_SNR:00,16,09,00,00,00,00,00,00,00,00,00,00,00,00,SNR_AVG:12.50
GAL_PRN:00,00,00,00,00,00,00,00,00,00,00,00,00,00,00,SAT_TAL:00
GAL_SNR:00,00,00,00,00,00,00,00,00,00,00,00,00,00,00,SNR_AVG:0.00
BEI_PRN:00,00,00,00,00,00,00,00,00,00,00,00,00,00,00,SAT_TAL:00
BEI_SNR:00,00,00,00,00,00,00,00,00,00,00,00,00,00,00,SNR_AVG:0.00
QZS_PRN:00,00,00,00,00,SAT_TAL:00
QZS_SNR:00,00,00,00,00,SNR_AVG:0.00
SatInView:17 GDOP:136
Roll:3.205258 Pitch:0.000000
X_AVG:0.424644 Y_AVG:1.404515 Z_AVG:19.604118
X_SD:0.076499 Y_SD:0.062849 Z_SD:0.000000
$MXCM10033,2,71,20240103,072135,12,0E7101F6,47EF9C8F,00B4,0000,2F94,0B,C202*11
GPS_PRN:19604,16,09,31,26,21,02,28,18,19419508,00,00,SAT_TAL:11
GPS_SNR:32,00,29,00,44,36,42,37,35,18,27,32,27,00,00,SNR_AVG:32.64
GLO_PRN:77,67,76,66,65,00,00,00,00,00,00,00,00,00,00,SAT_TAL:01
GLO_SNR:00,00,20,00,00,00,00,00,00,00,00,00,00,00,00,SNR_AVG:20.00
GAL_PRN:00,00,00,00,00,00,00,00,00,00,00,00,00,00,00,SAT_TAL:00
GAL_SNR:00,00,00,00,00,00,00,00,00,00,00,00,00,00,00,SNR_AVG:0.00
BEI_PRN:00,00,00,00,00,00,00,00,00,00,00,00,00,00,00,SAT_TAL:00
BEI_SNR:00,00,00,00,00,00,00,00,00,00,00,00,00,00,00,SNR_AVG:0.00
QZS_PRN:00,00,00,00,00,SAT_TAL:00
QZS_SNR:00,00,00,00,00,SNR_AVG:0.00
SatInView:18 GDOP:144
Roll:3.205241 Pitch:0.000000
X_AVG:0.414493 Y_AVG:1.409399 Z_AVG:19.604118
X_SD:0.079525 Y_SD:0.060379 Z_SD:0.000000
$MXCM10033,2,72,20240103,072150,12,0E7101F0,47EF9C55,00B4,0000,2F94,0D,C202*6F
GPS_PRN:19604,16,31,26,21,02,28,18,19419508,00,00,00,SAT_TAL:12
GPS_SNR:31,25,29,43,38,42,37,36,18,26,31,24,00,00,00,SNR_AVG:31.67
GLO_PRN:77,67,76,66,65,00,00,00,00,00,00,00,00,00,00,SAT_TAL:02
GLO_SNR:00,16,15,00,00,00,00,00,00,00,00,00,00,00,00,SNR_AVG:15.50
GAL_PRN:00,00,00,00,00,00,00,00,00,00,00,00,00,00,00,SAT_TAL:00
GAL_SNR:00,00,00,00,00,00,00,00,00,00,00,00,00,00,00,SNR_AVG:0.00
BEI_PRN:00,00,00,00,00,00,00,00,00,00,00,00,00,00,00,SAT_TAL:00
BEI_SNR:00,00,00,00,00,00,00,00,00,00,00,00,00,00,00,SNR_AVG:0.00
QZS_PRN:00,00,00,00,00,SAT_TAL:00
QZS_SNR:00,00,00,00,00,SNR_AVG:0.00
SatInView:17 GDOP:115
Roll:3.205258 Pitch:0.000000
X_AVG:0.416743 Y_AVG:1.402025 Z_AVG:19.604118
X_SD:0.079863 Y_SD:0.062960 Z_SD:0.000000
$MXCM10033,2,73,20240103,072406,12,0E70FFB0,47EF9810,00B4,0000,6E6A,0A,C202*6E
GPS_PRN:19604,16,09,31,21,26,02,28,19419508,00,00,00,SAT_TAL:10
GPS_SNR:26,00,31,00,43,32,37,34,30,26,38,25,00,00,00,SNR_AVG:32.20
GLO_PRN:77,67,76,66,65,00,00,00,00,00,00,00,00,00,00,SAT_TAL:01
GLO_SNR:00,00,25,00,00,00,00,00,00,00,00,00,00,00,00,SNR_AVG:25.00
GAL_PRN:00,00,00,00,00,00,00,00,00,00,00,00,00,00,00,SAT_TAL:00
GAL_SNR:00,00,00,00,00,00,00,00,00,00,00,00,00,00,00,SNR_AVG:0.00
BEI_PRN:00,00,00,00,00,00,00,00,00,00,00,00,00,00,00,SAT_TAL:00
BEI_SNR:00,00,00,00,00,00,00,00,00,00,00,00,00,00,00,SNR_AVG:0.00
QZS_PRN:00,00,00,00,00,SAT_TAL:00
QZS_SNR:00,00,00,00,00,SNR_AVG:0.00
SatInView:17 GDOP:152
Roll:3.205241 Pitch:0.000000
X_AVG:0.430342 Y_AVG:1.406287 Z_AVG:19.604118
X_SD:0.068655 Y_SD:0.055781 Z_SD:0.000000
$MXCM10033,2,74,20240103,072421,12,0E71004C,47EF973B,00B4,0000,6E6A,0D,C202*12
GPS_PRN:19604,16,09,31,21,26,02,07,28,18,01,19419508,SAT_TAL:11
GPS_SNR:27,24,30,00,43,33,37,34,00,31,00,00,23,39,21,SNR_AVG:31.09
GLO_PRN:00,00,00,00,00,00,00,00,00,00,00,00,00,00,00,SAT_TAL:00
GLO_SNR:00,00,00,00,00,00,00,00,00,00,00,00,00,00,00,SNR_AVG:0.00
GAL_PRN:00,00,00,00,00,00,00,00,00,00,00,00,00,00,00,SAT_TAL:00
GAL_SNR:00,00,00,00,00,00,00,00,00,00,00,00,00,00,00,SNR_AVG:0.00
BEI_PRN:00,00,00,00,00,00,00,00,00,00,00,00,00,00,00,SAT_TAL:00
BEI_SNR:00,00,00,00,00,00,00,00,00,00,00,00,00,00,00,SNR_AVG:0.00
QZS_PRN:00,00,00,00,00,SAT_TAL:00
QZS_SNR:00,00,00,00,00,SNR_AVG:0.00
SatInView:20 GDOP:116
Roll:3.205258 Pitch:0.000000
X_AVG:0.427613 Y_AVG:1.405856 Z_AVG:19.604118
X_SD:0.077808 Y_SD:0.060421 Z_SD:0.000000
$MXCM10033,2,75,20240103,072637,12,0E70FF0E,47EF9AA5,00B4,0000,760B,09,C202*6C
GPS_PRN:19604,16,21,31,26,02,07,28,19419508,00,00,00,SAT_TAL:10
GPS_SNR:24,17,30,35,43,39,30,00,00,24,42,27,00,00,00,SNR_AVG:31.10
GLO_PRN:77,67,76,66,65,00,00,00,00,00,00,00,00,00,00,SAT_TAL:00
GLO_SNR:00,00,00,00,00,00,00,00,00,00,00,00,00,00,00,SNR_AVG:0.00
GAL_PRN:00,00,00,00,00,00,00,00,00,00,00,00,00,00,00,SAT_TAL:00
GAL_SNR:00,00,00,00,00,00,00,00,00,00,00,00,00,00,00,SNR_AVG:0.00
BEI_PRN:00,00,00,00,00,00,00,00,00,00,00,00,00,00,00,SAT_TAL:00
BEI_SNR:00,00,00,00,00,00,00,00,00,00,00,00,00,00,00,SNR_AVG:0.00
QZS_PRN:00,00,00,00,00,SAT_TAL:00
QZS_SNR:00,00,00,00,00,SNR_AVG:0.00
SatInView:17 GDOP:180
Roll:2.406275 Pitch:0.000000
X_AVG:0.000000 Y_AVG:0.000000 Z_AVG:0.000000
X_SD:0.000000 Y_SD:0.000000 Z_SD:0.000000
$MXCM10033,2,76,20240103,072652,12,0E70FECF,47EF9AE1,00B4,0000,760B,0D,C202*62
GPS_PRN:19604,16,09,21,31,26,02,28,19419508,00,00,00,SAT_TAL:11
GPS_SNR:23,11,30,19,33,43,39,33,00,25,42,23,00,00,00,SNR_AVG:29.18
GLO_PRN:77,67,76,66,65,00,00,00,00,00,00,00,00,00,00,SAT_TAL:03
GLO_SNR:00,17,22,18,00,00,00,00,00,00,00,00,00,00,00,SNR_AVG:19.00
GAL_PRN:00,00,00,00,00,00,00,00,00,00,00,00,00,00,00,SAT_TAL:00
GAL_SNR:00,00,00,00,00,00,00,00,00,00,00,00,00,00,00,SNR_AVG:0.00
BEI_PRN:00,00,00,00,00,00,00,00,00,00,00,00,00,00,00,SAT_TAL:00
BEI_SNR:00,00,00,00,00,00,00,00,00,00,00,00,00,00,00,SNR_AVG:0.00
QZS_PRN:00,00,00,00,00,SAT_TAL:00
QZS_SNR:00,00,00,00,00,SNR_AVG:0.00
SatInView:17 GDOP:116
Roll:3.205258 Pitch:0.000000
X_AVG:0.414397 Y_AVG:1.409495 Z_AVG:19.604118
X_SD:0.081572 Y_SD:0.063146 Z_SD:0.000000
$MXCM10033,2,77,20240103,072907,12,0E71009F,47EF9946,00B4,0000,6B56,09,C202*63
GPS_PRN:19604,16,09,21,31,26,02,07,28,01,18,19419508,SAT_TAL:09
GPS_SNR:28,00,31,00,25,44,40,30,00,00,00,00,27,41,18,SNR_AVG:31.56
GLO_PRN:00,00,00,00,00,00,00,00,00,00,00,00,00,00,00,SAT_TAL:00
GLO_SNR:00,00,00,00,00,00,00,00,00,00,00,00,00,00,00,SNR_AVG:0.00
GAL_PRN:00,00,00,00,00,00,00,00,00,00,00,00,00,00,00,SAT_TAL:00
GAL_SNR:00,00,00,00,00,00,00,00,00,00,00,00,00,00,00,SNR_AVG:0.00
BEI_PRN:00,00,00,00,00,00,00,00,00,00,00,00,00,00,00,SAT_TAL:00
BEI_SNR:00,00,00,00,00,00,00,00,00,00,00,00,00,00,00,SNR_AVG:0.00
QZS_PRN:00,00,00,00,00,SAT_TAL:00
QZS_SNR:00,00,00,00,00,SNR_AVG:0.00
SatInView:20 GDOP:181
Roll:3.205241 Pitch:0.000000
X_AVG:0.414349 Y_AVG:1.402264 Z_AVG:19.604118
X_SD:0.077340 Y_SD:0.058946 Z_SD:0.000000
$MXCM10033,2,78,20240103,072923,12,0E71011E,47EF98A4,00B4,0000,6B56,0C,C202*6C
GPS_PRN:19604,16,09,21,31,26,02,28,19419508,00,00,00,SAT_TAL:11
GPS_SNR:28,21,32,17,28,44,39,31,00,26,41,20,00,00,00,SNR_AVG:29.73
GLO_PRN:77,67,76,66,65,00,00,00,00,00,00,00,00,00,00,SAT_TAL:01
GLO_SNR:00,00,19,00,00,00,00,00,00,00,00,00,00,00,00,SNR_AVG:19.00
GAL_PRN:00,00,00,00,00,00,00,00,00,00,00,00,00,00,00,SAT_TAL:00
GAL_SNR:00,00,00,00,00,00,00,00,00,00,00,00,00,00,00,SNR_AVG:0.00
BEI_PRN:00,00,00,00,00,00,00,00,00,00,00,00,00,00,00,SAT_TAL:00
BEI_SNR:00,00,00,00,00,00,00,00,00,00,00,00,00,00,00,SNR_AVG:0.00
QZS_PRN:00,00,00,00,00,SAT_TAL:00
QZS_SNR:00,00,00,00,00,SNR_AVG:0.00
SatInView:17 GDOP:132
Roll:3.205258 Pitch:0.000000
X_AVG:0.410327 Y_AVG:1.402599 Z_AVG:19.604118
X_SD:0.077456 Y_SD:0.058308 Z_SD:0.000000
$MXCM10033,2,79,20240103,073139,12,0E70FDF4,47EFA0D2,00B4,0000,2810,09,C202*1E
GPS_PRN:19604,16,09,21,31,26,02,07,01,28,19419508,00,SAT_TAL:08
GPS_SNR:30,00,31,00,39,41,39,29,00,00,00,26,37,00,00,SNR_AVG:34.00
GLO_PRN:77,67,76,66,65,00,00,00,00,00,00,00,00,00,00,SAT_TAL:01
GLO_SNR:00,00,00,00,20,00,00,00,00,00,00,00,00,00,00,SNR_AVG:20.00
GAL_PRN:00,00,00,00,00,00,00,00,00,00,00,00,00,00,00,SAT_TAL:00
GAL_SNR:00,00,00,00,00,00,00,00,00,00,00,00,00,00,00,SNR_AVG:0.00
BEI_PRN:00,00,00,00,00,00,00,00,00,00,00,00,00,00,00,SAT_TAL:00
BEI_SNR:00,00,00,00,00,00,00,00,00,00,00,00,00,00,00,SNR_AVG:0.00
QZS_PRN:00,00,00,00,00,SAT_TAL:00
QZS_SNR:00,00,00,00,00,SNR_AVG:0.00
SatInView:19 GDOP:172
Roll:3.205241 Pitch:0.000000
X_AVG:0.424788 Y_AVG:1.409160 Z_AVG:19.604118
X_SD:0.077697 Y_SD:0.050948 Z_SD:0.000000
$MXCM10033,2,80,20240103,073154,12,0E70FE49,47EF9FB2,00B4,0000,2810,0C,C202*1F
GPS_PRN:19604,16,21,31,26,02,01,28,19419508,00,00,00,SAT_TAL:10
GPS_SNR:30,00,28,39,40,40,27,18,00,25,36,19,00,00,00,SNR_AVG:30.20
GLO_PRN:77,67,76,66,65,00,00,00,00,00,00,00,00,00,00,SAT_TAL:03
GLO_SNR:00,16,19,00,20,00,00,00,00,00,00,00,00,00,00,SNR_AVG:18.33
GAL_PRN:00,00,00,00,00,00,00,00,00,00,00,00,00,00,00,SAT_TAL:00
GAL_SNR:00,00,00,00,00,00,00,00,00,00,00,00,00,00,00,SNR_AVG:0.00
BEI_PRN:00,00,00,00,00,00,00,00,00,00,00,00,00,00,00,SAT_TAL:00
BEI_SNR:00,00,00,00,00,00,00,00,00,00,00,00,00,00,00,SNR_AVG:0.00
QZS_PRN:00,00,00,00,00,SAT_TAL:00
QZS_SNR:00,00,00,00,00,SNR_AVG:0.00
SatInView:17 GDOP:120
Roll:3.205258 Pitch:0.000000
X_AVG:0.407262 Y_AVG:1.404371 Z_AVG:19.604118
X_SD:0.073337 Y_SD:0.061450 Z_SD:0.000000
$MXCM10033,2,81,20240103,073410,12,0E70FFAA,47EF9E9E,00B4,0000,7746,0C,C202*13
GPS_PRN:19604,16,09,21,26,31,02,01,28,19419508,00,00,SAT_TAL:11
GPS_SNR:29,19,31,14,36,33,44,00,19,00,29,27,17,00,00,SNR_AVG:27.09
GLO_PRN:77,67,76,66,65,00,00,00,00,00,00,00,00,00,00,SAT_TAL:02
GLO_SNR:00,25,22,00,00,00,00,00,00,00,00,00,00,00,00,SNR_AVG:23.50
GAL_PRN:00,00,00,00,00,00,00,00,00,00,00,00,00,00,00,SAT_TAL:00
GAL_SNR:00,00,00,00,00,00,00,00,00,00,00,00,00,00,00,SNR_AVG:0.00
BEI_PRN:00,00,00,00,00,00,00,00,00,00,00,00,00,00,00,SAT_TAL:00
BEI_SNR:00,00,00,00,00,00,00,00,00,00,00,00,00,00,00,SNR_AVG:0.00
QZS_PRN:00,00,00,00,00,SAT_TAL:00
QZS_SNR:00,00,00,00,00,SNR_AVG:0.00
SatInView:18 GDOP:120
Roll:3.205241 Pitch:0.000000
X_AVG:0.408363 Y_AVG:1.401498 Z_AVG:19.604118
X_SD:0.074866 Y_SD:0.063393 Z_SD:0.000000
$MXCM10033,2,82,20240103,073425,12,0E70FFC9,47EF9BB4,00B4,0000,7746,0E,C202*67
GPS_PRN:19604,16,09,21,26,31,02,01,28,19419508,00,00,SAT_TAL:12
GPS_SNR:29,14,31,12,38,35,45,28,18,00,27,29,19,00,00,SNR_AVG:27.08
GLO_PRN:77,67,76,66,65,00,00,00,00,00,00,00,00,00,00,SAT_TAL:03
GLO_SNR:00,17,25,11,00,00,00,00,00,00,00,00,00,00,00,SNR_AVG:17.67
GAL_PRN:00,00,00,00,00,00,00,00,00,00,00,00,00,00,00,SAT_TAL:00
GAL_SNR:00,00,00,00,00,00,00,00,00,00,00,00,00,00,00,SNR_AVG:0.00
BEI_PRN:00,00,00,00,00,00,00,00,00,00,00,00,00,00,00,SAT_TAL:00
BEI_SNR:00,00,00,00,00,00,00,00,00,00,00,00,00,00,00,SNR_AVG:0.00
QZS_PRN:00,00,00,00,00,SAT_TAL:00
QZS_SNR:00,00,00,00,00,SNR_AVG:0.00
SatInView:18 GDOP:114
Roll:3.205258 Pitch:0.000000
X_AVG:0.422825 Y_AVG:1.404611 Z_AVG:19.604118
X_SD:0.077104 Y_SD:0.058367 Z_SD:0.000000
$MXCM10033,2,83,20240103,073641,12,0E70FEAC,47EFA0C0,00B5,0000,71A0,0E,C202*66
GPS_PRN:19604,16,09,21,02,26,31,01,19419508,00,00,00,SAT_TAL:12
GPS_SNR:32,17,34,17,32,23,35,43,24,28,37,24,00,00,00,SNR_AVG:28.83
GLO_PRN:65,67,76,66,77,00,00,00,00,00,00,00,00,00,00,SAT_TAL:02
GLO_SNR:00,17,24,00,00,00,00,00,00,00,00,00,00,00,00,SNR_AVG:20.50
GAL_PRN:00,00,00,00,00,00,00,00,00,00,00,00,00,00,00,SAT_TAL:00
GAL_SNR:00,00,00,00,00,00,00,00,00,00,00,00,00,00,00,SNR_AVG:0.00
BEI_PRN:00,00,00,00,00,00,00,00,00,00,00,00,00,00,00,SAT_TAL:00
BEI_SNR:00,00,00,00,00,00,00,00,00,00,00,00,00,00,00,SNR_AVG:0.00
QZS_PRN:00,00,00,00,00,SAT_TAL:00
QZS_SNR:00,00,00,00,00,SNR_AVG:0.00
SatInView:17 GDOP:112
Roll:3.205241 Pitch:0.000000
X_AVG:0.420526 Y_AVG:1.407101 Z_AVG:19.604118
X_SD:0.081541 Y_SD:0.059044 Z_SD:0.000000
$MXCM10033,2,84,20240103,073656,12,0E70FEB5,47EF9CBD,00B4,0000,71A0,0C,C202*6B
GPS_PRN:19604,16,09,21,02,26,31,01,19419508,00,00,00,SAT_TAL:11
GPS_SNR:34,18,36,00,33,27,35,43,25,26,37,24,00,00,00,SNR_AVG:30.73
GLO_PRN:65,67,76,66,77,00,00,00,00,00,00,00,00,00,00,SAT_TAL:01
GLO_SNR:00,00,20,00,00,00,00,00,00,00,00,00,00,00,00,SNR_AVG:20.00
GAL_PRN:00,00,00,00,00,00,00,00,00,00,00,00,00,00,00,SAT_TAL:00
GAL_SNR:00,00,00,00,00,00,00,00,00,00,00,00,00,00,00,SNR_AVG:0.00
BEI_PRN:00,00,00,00,00,00,00,00,00,00,00,00,00,00,00,SAT_TAL:00
BEI_SNR:00,00,00,00,00,00,00,00,00,00,00,00,00,00,00,SNR_AVG:0.00
QZS_PRN:00,00,00,00,00,SAT_TAL:00
QZS_SNR:00,00,00,00,00,SNR_AVG:0.00
SatInView:17 GDOP:140
Roll:3.205258 Pitch:0.000000
X_AVG:0.427996 Y_AVG:1.411650 Z_AVG:19.604118
X_SD:0.073096 Y_SD:0.059885 Z_SD:0.000000
$MXCM10033,2,85,20240103,073912,12,0E70FF7C,47EF9CA1,00B5,0000,2BC4,0C,C202*62
GPS_PRN:19604,16,09,21,02,26,31,01,19419508,00,00,00,SAT_TAL:11
GPS_SNR:35,16,37,00,33,30,30,42,23,28,36,21,00,00,00,SNR_AVG:30.09
GLO_PRN:65,67,76,66,77,00,00,00,00,00,00,00,00,00,00,SAT_TAL:01
GLO_SNR:00,00,27,00,00,00,00,00,00,00,00,00,00,00,00,SNR_AVG:27.00
GAL_PRN:00,00,00,00,00,00,00,00,00,00,00,00,00,00,00,SAT_TAL:00
GAL_SNR:00,00,00,00,00,00,00,00,00,00,00,00,00,00,00,SNR_AVG:0.00
BEI_PRN:00,00,00,00,00,00,00,00,00,00,00,00,00,00,00,SAT_TAL:00
BEI_SNR:00,00,00,00,00,00,00,00,00,00,00,00,00,00,00,SNR_AVG:0.00
QZS_PRN:00,00,00,00,00,SAT_TAL:00
QZS_SNR:00,00,00,00,00,SNR_AVG:0.00
SatInView:17 GDOP:140
Roll:3.205241 Pitch:0.000000
X_AVG:0.420574 Y_AVG:1.410788 Z_AVG:19.604118
X_SD:0.075372 Y_SD:0.061579 Z_SD:0.000000
$MXCM10033,2,86,20240103,073927,12,0E70FF67,47EF9CC1,00B5,0000,2BC4,0E,C202*16
GPS_PRN:19604,16,09,21,02,26,31,01,19419508,00,00,00,SAT_TAL:11
GPS_SNR:36,18,38,00,32,30,31,42,18,28,37,18,00,00,00,SNR_AVG:29.82
GLO_PRN:65,67,76,66,77,00,00,00,00,00,00,00,00,00,00,SAT_TAL:03
GLO_SNR:18,21,29,00,00,00,00,00,00,00,00,00,00,00,00,SNR_AVG:22.67
GAL_PRN:00,00,00,00,00,00,00,00,00,00,00,00,00,00,00,SAT_TAL:00
GAL_SNR:00,00,00,00,00,00,00,00,00,00,00,00,00,00,00,SNR_AVG:0.00
BEI_PRN:00,00,00,00,00,00,00,00,00,00,00,00,00,00,00,SAT_TAL:00
BEI_SNR:00,00,00,00,00,00,00,00,00,00,00,00,00,00,00,SNR_AVG:0.00
QZS_PRN:00,00,00,00,00,SAT_TAL:00
QZS_SNR:00,00,00,00,00,SNR_AVG:0.00
SatInView:17 GDOP:114
Roll:3.205258 Pitch:0.000000
X_AVG:0.421101 Y_AVG:1.414427 Z_AVG:19.604118
X_SD:0.074164 Y_SD:0.055144 Z_SD:0.000000
$MXCM10033,2,87,20240103,074142,00,0E70FF6A,47EF9CB7,00B5,0000,0000,00,C202*1B
GPS_PRN:26,31,07,19600,00,00,00,00,00,00,00,00,00,00,SAT_TAL:00
GPS_SNR:00,00,00,00,00,00,00,00,00,00,00,00,00,00,00,SNR_AVG:0.00
GLO_PRN:00,00,00,00,00,00,00,00,00,00,00,00,00,00,00,SAT_TAL:00
GLO_SNR:00,00,00,00,00,00,00,00,00,00,00,00,00,00,00,SNR_AVG:0.00
GAL_PRN:00,00,00,00,00,00,00,00,00,00,00,00,00,00,00,SAT_TAL:00
GAL_SNR:00,00,00,00,00,00,00,00,00,00,00,00,00,00,00,SNR_AVG:0.00
BEI_PRN:00,00,00,00,00,00,00,00,00,00,00,00,00,00,00,SAT_TAL:00
BEI_SNR:00,00,00,00,00,00,00,00,00,00,00,00,00,00,00,SNR_AVG:0.00
QZS_PRN:00,00,00,00,00,SAT_TAL:00
QZS_SNR:00,00,00,00,00,SNR_AVG:0.00
SatInView:4 GDOP:17319
Roll:-158.630875 Pitch:45.005772
X_AVG:-8.396778 Y_AVG:-3.733306 Z_AVG:-7.790793
X_SD:1.985547 Y_SD:1.135903 Z_SD:3.298871
$MXCM10033,2,88,20240103,074157,00,0E70FF6A,47EF9CB7,00B5,0000,0000,00,C202*10
GPS_PRN:08,19400,00,00,00,00,00,00,00,00,00,00,00,00,SAT_TAL:00
GPS_SNR:00,00,00,00,00,00,00,00,00,00,00,00,00,00,00,SNR_AVG:0.00
GLO_PRN:00,00,00,00,00,00,00,00,00,00,00,00,00,00,00,SAT_TAL:00
GLO_SNR:00,00,00,00,00,00,00,00,00,00,00,00,00,00,00,SNR_AVG:0.00
GAL_PRN:00,00,00,00,00,00,00,00,00,00,00,00,00,00,00,SAT_TAL:00
GAL_SNR:00,00,00,00,00,00,00,00,00,00,00,00,00,00,00,SNR_AVG:0.00
BEI_PRN:00,00,00,00,00,00,00,00,00,00,00,00,00,00,00,SAT_TAL:00
BEI_SNR:00,00,00,00,00,00,00,00,00,00,00,00,00,00,00,SNR_AVG:0.00
QZS_PRN:00,00,00,00,00,SAT_TAL:00
QZS_SNR:00,00,00,00,00,SNR_AVG:0.00
SatInView:2 GDOP:17319
Roll:-155.633591 Pitch:58.672394
X_AVG:-8.372596 Y_AVG:-3.527161 Z_AVG:-5.472345
X_SD:0.400449 Y_SD:1.145997 Z_SD:0.626956
$MXCM10033,2,89,20240103,074412,00,0E70FF6A,47EF9CB7,00B5,0000,0000,00,C203*14
GPS_PRN:26,07,31,19600,00,00,00,00,00,00,00,00,00,00,SAT_TAL:00
GPS_SNR:00,00,00,00,00,00,00,00,00,00,00,00,00,00,00,SNR_AVG:0.00
GLO_PRN:00,00,00,00,00,00,00,00,00,00,00,00,00,00,00,SAT_TAL:00
GLO_SNR:00,00,00,00,00,00,00,00,00,00,00,00,00,00,00,SNR_AVG:0.00
GAL_PRN:00,00,00,00,00,00,00,00,00,00,00,00,00,00,00,SAT_TAL:00
GAL_SNR:00,00,00,00,00,00,00,00,00,00,00,00,00,00,00,SNR_AVG:0.00
BEI_PRN:00,00,00,00,00,00,00,00,00,00,00,00,00,00,00,SAT_TAL:00
BEI_SNR:00,00,00,00,00,00,00,00,00,00,00,00,00,00,00,SNR_AVG:0.00
QZS_PRN:00,00,00,00,00,SAT_TAL:00
QZS_SNR:00,00,00,00,00,SNR_AVG:0.00
SatInView:4 GDOP:17319
Roll:-61.954948 Pitch:0.000000
X_AVG:-0.497621 Y_AVG:-9.623400 Z_AVG:5.062881
X_SD:0.079609 Y_SD:0.060820 Z_SD:0.099027
$MXCM10033,2,90,20240103,074427,00,0E70FF6A,47EF9CB7,00B5,0000,0000,00,C203*1A
GPS_PRN:08,19400,00,00,00,00,00,00,00,00,00,00,00,00,SAT_TAL:00
GPS_SNR:00,00,00,00,00,00,00,00,00,00,00,00,00,00,00,SNR_AVG:0.00
GLO_PRN:00,00,00,00,00,00,00,00,00,00,00,00,00,00,00,SAT_TAL:00
GLO_SNR:00,00,00,00,00,00,00,00,00,00,00,00,00,00,00,SNR_AVG:0.00
GAL_PRN:00,00,00,00,00,00,00,00,00,00,00,00,00,00,00,SAT_TAL:00
GAL_SNR:00,00,00,00,00,00,00,00,00,00,00,00,00,00,00,SNR_AVG:0.00
BEI_PRN:00,00,00,00,00,00,00,00,00,00,00,00,00,00,00,SAT_TAL:00
BEI_SNR:00,00,00,00,00,00,00,00,00,00,00,00,00,00,00,SNR_AVG:0.00
QZS_PRN:00,00,00,00,00,SAT_TAL:00
QZS_SNR:00,00,00,00,00,SNR_AVG:0.00
SatInView:2 GDOP:17319
Roll:-63.239265 Pitch:0.000000
X_AVG:-0.500638 Y_AVG:-9.629529 Z_AVG:5.058619
X_SD:0.069405 Y_SD:0.056715 Z_SD:0.100309
$MXCM10033,2,91,20240103,074642,00,0E70FF6A,47EF9CB7,00B5,0000,0000,00,C203*1A
GPS_PRN:07,26,31,19600,00,00,00,00,00,00,00,00,00,00,SAT_TAL:00
GPS_SNR:00,00,00,00,00,00,00,00,00,00,00,00,00,00,00,SNR_AVG:0.00
GLO_PRN:00,00,00,00,00,00,00,00,00,00,00,00,00,00,00,SAT_TAL:00
GLO_SNR:00,00,00,00,00,00,00,00,00,00,00,00,00,00,00,SNR_AVG:0.00
GAL_PRN:00,00,00,00,00,00,00,00,00,00,00,00,00,00,00,SAT_TAL:00
GAL_SNR:00,00,00,00,00,00,00,00,00,00,00,00,00,00,00,SNR_AVG:0.00
BEI_PRN:00,00,00,00,00,00,00,00,00,00,00,00,00,00,00,SAT_TAL:00
BEI_SNR:00,00,00,00,00,00,00,00,00,00,00,00,00,00,00,SNR_AVG:0.00
QZS_PRN:00,00,00,00,00,SAT_TAL:00
QZS_SNR:00,00,00,00,00,SNR_AVG:0.00
SatInView:4 GDOP:19998
Roll:-62.165825 Pitch:0.000000
X_AVG:-0.494508 Y_AVG:-9.624166 Z_AVG:5.049569
X_SD:0.076022 Y_SD:0.053673 Z_SD:0.092814
$MXCM10033,2,92,20240103,074657,00,0E70FF6A,47EF9CB7,00B5,0000,0000,00,C203*1D
GPS_PRN:16,04,21,08,19419519600,00,00,00,00,00,00,00,SAT_TAL:01
GPS_SNR:00,00,00,00,00,00,17,00,00,00,00,00,00,00,00,SNR_AVG:17.00
GLO_PRN:00,00,00,00,00,00,00,00,00,00,00,00,00,00,00,SAT_TAL:00
GLO_SNR:00,00,00,00,00,00,00,00,00,00,00,00,00,00,00,SNR_AVG:0.00
GAL_PRN:00,00,00,00,00,00,00,00,00,00,00,00,00,00,00,SAT_TAL:00
GAL_SNR:00,00,00,00,00,00,00,00,00,00,00,00,00,00,00,SNR_AVG:0.00
BEI_PRN:00,00,00,00,00,00,00,00,00,00,00,00,00,00,00,SAT_TAL:00
BEI_SNR:00,00,00,00,00,00,00,00,00,00,00,00,00,00,00,SNR_AVG:0.00
QZS_PRN:00,00,00,00,00,SAT_TAL:00
QZS_SNR:00,00,00,00,00,SNR_AVG:0.00
SatInView:7 GDOP:17097
Roll:-62.207844 Pitch:0.000000
X_AVG:-0.504373 Y_AVG:-9.623448 Z_AVG:5.054118
X_SD:0.072376 Y_SD:0.061983 Z_SD:0.096288
$MXCM10033,2,93,20240103,074912,00,0E70FF6A,47EF9CB7,00B5,0000,0000,00,C203*12
GPS_PRN:02,07,26,31,19600,00,00,00,00,00,00,00,00,00,SAT_TAL:01
GPS_SNR:18,00,00,00,00,00,00,00,00,00,00,00,00,00,00,SNR_AVG:18.00
GLO_PRN:00,00,00,00,00,00,00,00,00,00,00,00,00,00,00,SAT_TAL:00
GLO_SNR:00,00,00,00,00,00,00,00,00,00,00,00,00,00,00,SNR_AVG:0.00
GAL_PRN:00,00,00,00,00,00,00,00,00,00,00,00,00,00,00,SAT_TAL:00
GAL_SNR:00,00,00,00,00,00,00,00,00,00,00,00,00,00,00,SNR_AVG:0.00
BEI_PRN:00,00,00,00,00,00,00,00,00,00,00,00,00,00,00,SAT_TAL:00
BEI_SNR:00,00,00,00,00,00,00,00,00,00,00,00,00,00,00,SNR_AVG:0.00
QZS_PRN:00,00,00,00,00,SAT_TAL:00
QZS_SNR:00,00,00,00,00,SNR_AVG:0.00
SatInView:5 GDOP:19998
Roll:-63.362617 Pitch:0.000000
X_AVG:-0.500159 Y_AVG:-9.617415 Z_AVG:5.061061
X_SD:0.070995 Y_SD:0.064296 Z_SD:0.093103
$MXCM10033,2,94,20240103,074927,00,0E71002A,47EF9F31,00B5,0000,0000,00,C203*64
GPS_PRN:19521,04,16,09,02,31,08,19400,00,00,00,00,00,SAT_TAL:02
GPS_SNR:00,00,00,00,00,15,19,00,00,00,00,00,00,00,00,SNR_AVG:17.00
GLO_PRN:67,00,00,00,00,00,00,00,00,00,00,00,00,00,00,SAT_TAL:00
GLO_SNR:00,00,00,00,00,00,00,00,00,00,00,00,00,00,00,SNR_AVG:0.00
GAL_PRN:00,00,00,00,00,00,00,00,00,00,00,00,00,00,00,SAT_TAL:00
GAL_SNR:00,00,00,00,00,00,00,00,00,00,00,00,00,00,00,SNR_AVG:0.00
BEI_PRN:00,00,00,00,00,00,00,00,00,00,00,00,00,00,00,SAT_TAL:00
BEI_SNR:00,00,00,00,00,00,00,00,00,00,00,00,00,00,00,SNR_AVG:0.00
QZS_PRN:00,00,00,00,00,SAT_TAL:00
QZS_SNR:00,00,00,00,00,SNR_AVG:0.00
SatInView:10 GDOP:13948
Roll:-63.403019 Pitch:0.000000
X_AVG:-0.485123 Y_AVG:-9.625603 Z_AVG:5.040710
X_SD:0.076859 Y_SD:0.057629 Z_SD:0.092775
$MXCM10033,2,95,20240103,075142,00,0E710E18,47EF7937,00B5,0000,0000,00,C202*16
GPS_PRN:04,02,26,31,01,19600,00,00,00,00,00,00,00,00,SAT_TAL:02
GPS_SNR:23,22,00,00,00,00,00,00,00,00,00,00,00,00,00,SNR_AVG:22.50
GLO_PRN:66,77,65,76,00,00,00,00,00,00,00,00,00,00,00,SAT_TAL:00
GLO_SNR:00,00,00,00,00,00,00,00,00,00,00,00,00,00,00,SNR_AVG:0.00
GAL_PRN:00,00,00,00,00,00,00,00,00,00,00,00,00,00,00,SAT_TAL:00
GAL_SNR:00,00,00,00,00,00,00,00,00,00,00,00,00,00,00,SNR_AVG:0.00
BEI_PRN:00,00,00,00,00,00,00,00,00,00,00,00,00,00,00,SAT_TAL:00
BEI_SNR:00,00,00,00,00,00,00,00,00,00,00,00,00,00,00,SNR_AVG:0.00
QZS_PRN:00,00,00,00,00,SAT_TAL:00
QZS_SNR:00,00,00,00,00,SNR_AVG:0.00
SatInView:10 GDOP:13997
Roll:180.000015 Pitch:28.164827
X_AVG:-6.643325 Y_AVG:0.107262 Z_AVG:-13.437392
X_SD:0.064586 Y_SD:0.058215 Z_SD:0.095170
$MXCM10033,2,96,20240103,075158,12,0E710604,47EF8271,00AD,0001,5096,07,C202*1B
GPS_PRN:19621,04,16,09,02,26,31,01,19419508,00,00,00,SAT_TAL:06
GPS_SNR:00,12,23,00,00,24,00,00,16,00,15,14,00,00,00,SNR_AVG:17.33
GLO_PRN:67,65,76,66,77,00,00,00,00,00,00,00,00,00,00,SAT_TAL:01
GLO_SNR:19,00,00,00,00,00,00,00,00,00,00,00,00,00,00,SNR_AVG:19.00
GAL_PRN:00,00,00,00,00,00,00,00,00,00,00,00,00,00,00,SAT_TAL:00
GAL_SNR:00,00,00,00,00,00,00,00,00,00,00,00,00,00,00,SNR_AVG:0.00
BEI_PRN:00,00,00,00,00,00,00,00,00,00,00,00,00,00,00,SAT_TAL:00
BEI_SNR:00,00,00,00,00,00,00,00,00,00,00,00,00,00,00,SNR_AVG:0.00
QZS_PRN:00,00,00,00,00,SAT_TAL:00
QZS_SNR:00,00,00,00,00,SNR_AVG:0.00
SatInView:17 GDOP:197
Roll:180.000015 Pitch:28.165438
X_AVG:-6.650412 Y_AVG:0.103863 Z_AVG:-13.447736
X_SD:0.091018 Y_SD:0.063621 Z_SD:0.098416
$MXCM10033,2,97,20240103,075413,12,0E710329,47EF901D,00B4,0000,1159,07,C202*1E
GPS_PRN:08,04,16,09,02,07,26,31,19419519600,00,00,00,SAT_TAL:07
GPS_SNR:00,16,16,00,13,23,00,17,00,20,20,00,00,00,00,SNR_AVG:17.86
GLO_PRN:67,65,76,66,77,00,00,00,00,00,00,00,00,00,00,SAT_TAL:00
GLO_SNR:00,00,00,00,00,00,00,00,00,00,00,00,00,00,00,SNR_AVG:0.00
GAL_PRN:00,00,00,00,00,00,00,00,00,00,00,00,00,00,00,SAT_TAL:00
GAL_SNR:00,00,00,00,00,00,00,00,00,00,00,00,00,00,00,SNR_AVG:0.00
BEI_PRN:00,00,00,00,00,00,00,00,00,00,00,00,00,00,00,SAT_TAL:00
BEI_SNR:00,00,00,00,00,00,00,00,00,00,00,00,00,00,00,SNR_AVG:0.00
QZS_PRN:00,00,00,00,00,SAT_TAL:00
QZS_SNR:00,00,00,00,00,SNR_AVG:0.00
SatInView:16 GDOP:150
Roll:0.000000 Pitch:65.132996
X_AVG:-9.769833 Y_AVG:-0.298180 Z_AVG:4.846967
X_SD:0.071889 Y_SD:0.061886 Z_SD:0.103194
$MXCM10033,2,98,20240103,075429,12,0E7103E1,47EF92E8,00B4,0000,1A1D,08,C202*6B
GPS_PRN:08,04,16,02,07,26,31,19419519600,00,00,00,00,SAT_TAL:07
GPS_SNR:00,19,14,17,24,00,17,00,21,18,00,00,00,00,00,SNR_AVG:18.57
GLO_PRN:67,65,76,66,77,00,00,00,00,00,00,00,00,00,00,SAT_TAL:01
GLO_SNR:00,00,20,00,00,00,00,00,00,00,00,00,00,00,00,SNR_AVG:20.00
GAL_PRN:00,00,00,00,00,00,00,00,00,00,00,00,00,00,00,SAT_TAL:00
GAL_SNR:00,00,00,00,00,00,00,00,00,00,00,00,00,00,00,SNR_AVG:0.00
BEI_PRN:00,00,00,00,00,00,00,00,00,00,00,00,00,00,00,SAT_TAL:00
BEI_SNR:00,00,00,00,00,00,00,00,00,00,00,00,00,00,00,SNR_AVG:0.00
QZS_PRN:00,00,00,00,00,SAT_TAL:00
QZS_SNR:00,00,00,00,00,SNR_AVG:0.00
SatInView:15 GDOP:145
Roll:0.000000 Pitch:66.190727
X_AVG:-9.764757 Y_AVG:-0.298324 Z_AVG:4.838588
X_SD:0.075918 Y_SD:0.061493 Z_SD:0.082299
$MXCM10033,2,99,20240103,075643,12,0E70FFBE,47EF8EFF,00B4,0000,255D,08,C202*6D
GPS_PRN:19621,04,16,02,09,07,26,31,01,19419508,00,00,SAT_TAL:07
GPS_SNR:24,00,00,17,00,17,18,24,23,00,00,18,00,00,00,SNR_AVG:20.14
GLO_PRN:67,65,76,77,66,00,00,00,00,00,00,00,00,00,00,SAT_TAL:01
GLO_SNR:00,00,20,00,00,00,00,00,00,00,00,00,00,00,00,SNR_AVG:20.00
GAL_PRN:00,00,00,00,00,00,00,00,00,00,00,00,00,00,00,SAT_TAL:00
GAL_SNR:00,00,00,00,00,00,00,00,00,00,00,00,00,00,00,SNR_AVG:0.00
BEI_PRN:00,00,00,00,00,00,00,00,00,00,00,00,00,00,00,SAT_TAL:00
BEI_SNR:00,00,00,00,00,00,00,00,00,00,00,00,00,00,00,SNR_AVG:0.00
QZS_PRN:00,00,00,00,00,SAT_TAL:00
QZS_SNR:00,00,00,00,00,SNR_AVG:0.00
SatInView:18 GDOP:138
Roll:0.000000 Pitch:66.073296
X_AVG:-9.762889 Y_AVG:-0.302346 Z_AVG:4.858747
X_SD:0.071007 Y_SD:0.056232 Z_SD:0.098421
$MXCM10033,2,100,20240103,075659,12,0E71002C,47EF8E8F,00B4,0000,2E4D,07,C202*20
GPS_PRN:08,04,16,09,07,26,31,19419519600,00,00,00,00,SAT_TAL:06
GPS_SNR:00,18,00,17,00,21,22,00,18,24,00,00,00,00,00,SNR_AVG:20.00
GLO_PRN:67,65,76,77,66,00,00,00,00,00,00,00,00,00,00,SAT_TAL:01
GLO_SNR:00,00,21,00,00,00,00,00,00,00,00,00,00,00,00,SNR_AVG:21.00
GAL_PRN:00,00,00,00,00,00,00,00,00,00,00,00,00,00,00,SAT_TAL:00
GAL_SNR:00,00,00,00,00,00,00,00,00,00,00,00,00,00,00,SNR_AVG:0.00
BEI_PRN:00,00,00,00,00,00,00,00,00,00,00,00,00,00,00,SAT_TAL:00
BEI_SNR:00,00,00,00,00,00,00,00,00,00,00,00,00,00,00,SNR_AVG:0.00
QZS_PRN:00,00,00,00,00,SAT_TAL:00
QZS_SNR:00,00,00,00,00,SNR_AVG:0.00
SatInView:15 GDOP:150
Roll:0.000000 Pitch:65.399719
X_AVG:-9.766672 Y_AVG:-0.296552 Z_AVG:4.863440
X_SD:0.072783 Y_SD:0.055772 Z_SD:0.106776
$MXCM10033,2,101,20240103,075914,00,0E710030,47EF8E82,00B4,0000,0000,00,C202*22
GPS_PRN:04,09,07,26,31,19600,00,00,00,00,00,00,00,00,SAT_TAL:02
GPS_SNR:00,00,20,00,00,20,00,00,00,00,00,00,00,00,00,SNR_AVG:20.00
GLO_PRN:00,00,00,00,00,00,00,00,00,00,00,00,00,00,00,SAT_TAL:00
GLO_SNR:00,00,00,00,00,00,00,00,00,00,00,00,00,00,00,SNR_AVG:0.00
GAL_PRN:00,00,00,00,00,00,00,00,00,00,00,00,00,00,00,SAT_TAL:00
GAL_SNR:00,00,00,00,00,00,00,00,00,00,00,00,00,00,00,SNR_AVG:0.00
BEI_PRN:00,00,00,00,00,00,00,00,00,00,00,00,00,00,00,SAT_TAL:00
BEI_SNR:00,00,00,00,00,00,00,00,00,00,00,00,00,00,00,SNR_AVG:0.00
QZS_PRN:00,00,00,00,00,SAT_TAL:00
QZS_SNR:00,00,00,00,00,SNR_AVG:0.00
SatInView:6 GDOP:17111
Roll:0.000000 Pitch:65.629204
X_AVG:-9.797414 Y_AVG:-0.283383 Z_AVG:4.642738
X_SD:0.074285 Y_SD:0.062200 Z_SD:0.084501
$MXCM10033,2,102,20240103,075929,12,0E70FC60,47EF92C8,00B4,0000,67DE,08,C202*22
GPS_PRN:19621,04,02,09,16,07,26,31,19419508,00,00,00,SAT_TAL:08
GPS_SNR:20,18,00,00,17,18,23,18,23,16,00,00,00,00,00,SNR_AVG:19.12
GLO_PRN:67,65,76,77,66,00,00,00,00,00,00,00,00,00,00,SAT_TAL:00
GLO_SNR:00,00,00,00,00,00,00,00,00,00,00,00,00,00,00,SNR_AVG:0.00
GAL_PRN:00,00,00,00,00,00,00,00,00,00,00,00,00,00,00,SAT_TAL:00
GAL_SNR:00,00,00,00,00,00,00,00,00,00,00,00,00,00,00,SNR_AVG:0.00
BEI_PRN:00,00,00,00,00,00,00,00,00,00,00,00,00,00,00,SAT_TAL:00
BEI_SNR:00,00,00,00,00,00,00,00,00,00,00,00,00,00,00,SNR_AVG:0.00
QZS_PRN:00,00,00,00,00,SAT_TAL:00
QZS_SNR:00,00,00,00,00,SNR_AVG:0.00
SatInView:17 GDOP:138
Roll:0.000000 Pitch:65.278870
X_AVG:-9.782905 Y_AVG:-0.279265 Z_AVG:4.631102
X_SD:0.076831 Y_SD:0.059835 Z_SD:0.097085
$MXCM10033,2,103,20240103,080144,00,0E70FC8D,47EF92A5,00B4,0000,0000,00,C202*54
GPS_PRN:19621,04,16,09,07,26,01,31,08,19419500,00,00,SAT_TAL:01
GPS_SNR:00,00,00,18,00,00,00,00,00,00,00,00,00,00,00,SNR_AVG:18.00
GLO_PRN:76,00,00,00,00,00,00,00,00,00,00,00,00,00,00,SAT_TAL:00
GLO_SNR:00,00,00,00,00,00,00,00,00,00,00,00,00,00,00,SNR_AVG:0.00
GAL_PRN:00,00,00,00,00,00,00,00,00,00,00,00,00,00,00,SAT_TAL:00
GAL_SNR:00,00,00,00,00,00,00,00,00,00,00,00,00,00,00,SNR_AVG:0.00
BEI_PRN:00,00,00,00,00,00,00,00,00,00,00,00,00,00,00,SAT_TAL:00
BEI_SNR:00,00,00,00,00,00,00,00,00,00,00,00,00,00,00,SNR_AVG:0.00
QZS_PRN:00,00,00,00,00,SAT_TAL:00
QZS_SNR:00,00,00,00,00,SNR_AVG:0.00
SatInView:13 GDOP:16847
Roll:0.000000 Pitch:0.000000
X_AVG:-0.247709 Y_AVG:-0.174206 Z_AVG:19.604118
X_SD:0.073585 Y_SD:0.061228 Z_SD:0.000000
$MXCM10033,2,104,20240103,080159,00,0E71165C,47EF3913,00B4,0000,2E73,00,C202*52
GPS_PRN:19621,02,04,16,09,07,26,31,01,19419508,00,00,SAT_TAL:05
GPS_SNR:18,16,00,00,18,00,00,00,19,00,00,15,00,00,00,SNR_AVG:17.20
GLO_PRN:67,65,76,77,66,00,00,00,00,00,00,00,00,00,00,SAT_TAL:00
GLO_SNR:00,00,00,00,00,00,00,00,00,00,00,00,00,00,00,SNR_AVG:0.00
GAL_PRN:00,00,00,00,00,00,00,00,00,00,00,00,00,00,00,SAT_TAL:00
GAL_SNR:00,00,00,00,00,00,00,00,00,00,00,00,00,00,00,SNR_AVG:0.00
BEI_PRN:00,00,00,00,00,00,00,00,00,00,00,00,00,00,00,SAT_TAL:00
BEI_SNR:00,00,00,00,00,00,00,00,00,00,00,00,00,00,00,SNR_AVG:0.00
QZS_PRN:00,00,00,00,00,SAT_TAL:00
QZS_SNR:00,00,00,00,00,SNR_AVG:0.00
SatInView:18 GDOP:364
Roll:0.000000 Pitch:0.000000
X_AVG:-0.259441 Y_AVG:-0.178611 Z_AVG:19.604118
X_SD:0.066944 Y_SD:0.057316 Z_SD:0.000000
$MXCM10033,3*35
$MXCM001,10033,0*2B
======== Tracker Setting ========
[System]
COMPort:COM29
SerialNumber:MX231214CW000001
FirmwareVersion:231220163813_v1.0.CN
[Periodic]
Enable:1
Stage:2
WorkMode:0
T0:15
T1:270
T2:120
T3:30
T4:120
FirstFixStage:2
TraceFixStage:0
PeriodicCycle:45
[Dynamic]
Enable:0
PrecisionChk:1
T5:70
T6:10
[Geofencing]
Enable:0
T7:30
T8:60
DistanceThreshold:500
DestinationLongitude:120.6886122
DestinationLatitude:24.2287275
DestinationAltitude:134
[MotionDetection]
Enable:1
Angle:45
DataRate:200
SampleFrequency:50
[GPS_EPO]
EpoDataNumber:12
FWN:2295
FTOW:259200
LWN:2295
LTOW:518400
[GLO_EPO]
EpoDataNumber:12
FWN:2295
FTOW:259200
LWN:2295
LTOW:518400
[GAL_EPO]
EpoDataNumber:0
FWN:0
FTOW:0
LWN:0
LTOW:0
[BEI_EPO]
EpoDataNumber:0
FWN:0
FTOW:0
LWN:0
LTOW:0
