$MXCM10033,0*36
$MXCM10033,1,62,212*02
$MXCM10033,2,1,19800105,235956,00,35A4E8F5,00000000,0089,0000,0000,00,9102*55
GPS_PRN:00,00,00,00,00,00,00,00,00,00,00,00,00,00,00,SAT_TAL:00
GPS_SNR:00,00,00,00,00,00,00,00,00,00,00,00,00,00,00,SNR_AVG:0.00
GLO_PRN:00,00,00,00,00,00,00,00,00,00,00,00,00,00,00,SAT_TAL:00
GLO_SNR:00,00,00,00,00,00,00,00,00,00,00,00,00,00,00,SNR_AVG:0.00
GAL_PRN:00,00,00,00,00,00,00,00,00,00,00,00,00,00,00,SAT_TAL:00
GAL_SNR:00,00,00,00,00,00,00,00,00,00,00,00,00,00,00,SNR_AVG:0.00
BEI_PRN:37,40,38,39,37,38,39,00,00,00,00,00,00,00,00,SAT_TAL:07
BEI_SNR:30,27,25,32,29,30,28,00,00,00,00,00,00,00,00,SNR_AVG:28.71
QZS_PRN:00,00,00,00,00,SAT_TAL:00
QZS_SNR:00,00,00,00,00,SNR_AVG:0.00
SatInView:7 GDOP:19998
Roll:155.156006 Pitch:38.184746
X_AVG:-6.983644 Y_AVG:3.108694 Z_AVG:-11.648648
X_SD:10.624828 Y_SD:10.769456 Z_SD:9.284696
$MXCM10033,2,2,19800106,000011,00,35A4E8F5,00000000,0089,0000,0000,00,9102*5B
GPS_PRN:28,25,10,26,00,00,00,00,00,00,00,00,00,00,00,SAT_TAL:04
GPS_SNR:36,27,35,31,00,00,00,00,00,00,00,00,00,00,00,SNR_AVG:32.25
GLO_PRN:00,00,00,00,00,00,00,00,00,00,00,00,00,00,00,SAT_TAL:00
GLO_SNR:00,00,00,00,00,00,00,00,00,00,00,00,00,00,00,SNR_AVG:0.00
GAL_PRN:00,00,00,00,00,00,00,00,00,00,00,00,00,00,00,SAT_TAL:00
GAL_SNR:00,00,00,00,00,00,00,00,00,00,00,00,00,00,00,SNR_AVG:0.00
BEI_PRN:37,38,39,39,38,37,00,00,00,00,00,00,00,00,00,SAT_TAL:06
BEI_SNR:25,29,27,29,30,25,00,00,00,00,00,00,00,00,00,SNR_AVG:27.50
QZS_PRN:00,00,00,00,00,SAT_TAL:00
QZS_SNR:00,00,00,00,00,SNR_AVG:0.00
SatInView:10 GDOP:19998
Roll:148.023636 Pitch:36.883068
X_AVG:-10.379648 Y_AVG:6.782383 Z_AVG:-13.066762
X_SD:10.294676 Y_SD:10.376479 Z_SD:9.643073
$MXCM10033,2,3,19800106,000026,00,35A4E8F5,00000000,0089,0000,0000,00,9102*5E
GPS_PRN:10,19419600,00,00,00,00,00,00,00,00,00,00,00,SAT_TAL:03
GPS_SNR:35,32,32,00,00,00,00,00,00,00,00,00,00,00,00,SNR_AVG:33.00
GLO_PRN:00,00,00,00,00,00,00,00,00,00,00,00,00,00,00,SAT_TAL:00
GLO_SNR:00,00,00,00,00,00,00,00,00,00,00,00,00,00,00,SNR_AVG:0.00
GAL_PRN:00,00,00,00,00,00,00,00,00,00,00,00,00,00,00,SAT_TAL:00
GAL_SNR:00,00,00,00,00,00,00,00,00,00,00,00,00,00,00,SNR_AVG:0.00
BEI_PRN:37,38,39,00,00,00,00,00,00,00,00,00,00,00,00,SAT_TAL:03
BEI_SNR:28,30,25,00,00,00,00,00,00,00,00,00,00,00,00,SNR_AVG:27.67
QZS_PRN:00,00,00,00,00,SAT_TAL:00
QZS_SNR:00,00,00,00,00,SNR_AVG:0.00
SatInView:6 GDOP:19998
Roll:151.597183 Pitch:39.448273
X_AVG:-8.934000 Y_AVG:3.850672 Z_AVG:-13.000729
X_SD:9.423345 Y_SD:10.910180 Z_SD:9.741604
$MXCM10033,2,4,19800109,021059,00,35A4E8F5,00000000,0089,0000,0000,00,9102*5D
GPS_PRN:28,31,26,23,10,19619519400,00,00,00,00,00,00,SAT_TAL:08
GPS_SNR:33,37,29,32,33,28,29,34,00,00,00,00,00,00,00,SNR_AVG:31.88
GLO_PRN:00,00,00,00,00,00,00,00,00,00,00,00,00,00,00,SAT_TAL:00
GLO_SNR:00,00,00,00,00,00,00,00,00,00,00,00,00,00,00,SNR_AVG:0.00
GAL_PRN:00,00,00,00,00,00,00,00,00,00,00,00,00,00,00,SAT_TAL:00
GAL_SNR:00,00,00,00,00,00,00,00,00,00,00,00,00,00,00,SNR_AVG:0.00
BEI_PRN:38,03,39,37,00,00,00,00,00,00,00,00,00,00,00,SAT_TAL:04
BEI_SNR:24,25,35,35,00,00,00,00,00,00,00,00,00,00,00,SNR_AVG:29.75
QZS_PRN:00,00,00,00,00,SAT_TAL:00
QZS_SNR:00,00,00,00,00,SNR_AVG:0.00
SatInView:12 GDOP:19998
Roll:161.833038 Pitch:32.099693
X_AVG:-4.364287 Y_AVG:2.766077 Z_AVG:-13.361255
X_SD:6.929520 Y_SD:7.155222 Z_SD:7.391367
$MXCM10033,2,5,19800109,021112,00,35A4E8F5,00000000,0089,0000,0000,00,9102*52
GPS_PRN:26,31,23,10,28,19519619400,00,00,00,00,00,00,SAT_TAL:08
GPS_SNR:33,36,34,35,36,33,29,29,00,00,00,00,00,00,00,SNR_AVG:33.12
GLO_PRN:00,00,00,00,00,00,00,00,00,00,00,00,00,00,00,SAT_TAL:00
GLO_SNR:00,00,00,00,00,00,00,00,00,00,00,00,00,00,00,SNR_AVG:0.00
GAL_PRN:00,00,00,00,00,00,00,00,00,00,00,00,00,00,00,SAT_TAL:00
GAL_SNR:00,00,00,00,00,00,00,00,00,00,00,00,00,00,00,SNR_AVG:0.00
BEI_PRN:39,37,19,38,23,36,40,50,38,40,36,48,19,23,00,SAT_TAL:14
BEI_SNR:25,20,34,28,32,34,31,31,30,33,30,33,32,30,00,SNR_AVG:30.21
QZS_PRN:00,00,00,00,00,SAT_TAL:00
QZS_SNR:00,00,00,00,00,SNR_AVG:0.00
SatInView:22 GDOP:19998
Roll:157.744003 Pitch:30.292496
X_AVG:-5.490494 Y_AVG:2.840299 Z_AVG:-13.231391
X_SD:5.836883 Y_SD:7.678639 Z_SD:6.475630
$MXCM10033,2,6,19800109,021124,00,35A4E8F5,00000000,0089,0000,0000,00,9102*54
GPS_PRN:28,31,23,10,19619400,00,00,00,00,00,00,00,00,SAT_TAL:06
GPS_SNR:33,35,35,32,23,27,00,00,00,00,00,00,00,00,00,SNR_AVG:30.83
GLO_PRN:00,00,00,00,00,00,00,00,00,00,00,00,00,00,00,SAT_TAL:00
GLO_SNR:00,00,00,00,00,00,00,00,00,00,00,00,00,00,00,SNR_AVG:0.00
GAL_PRN:00,00,00,00,00,00,00,00,00,00,00,00,00,00,00,SAT_TAL:00
GAL_SNR:00,00,00,00,00,00,00,00,00,00,00,00,00,00,00,SNR_AVG:0.00
BEI_PRN:19,40,36,40,39,37,19,38,23,48,56,00,00,00,00,SAT_TAL:11
BEI_SNR:33,30,29,30,29,29,32,27,36,32,23,00,00,00,00,SNR_AVG:30.00
QZS_PRN:00,00,00,00,00,SAT_TAL:00
QZS_SNR:00,00,00,00,00,SNR_AVG:0.00
SatInView:17 GDOP:19998
Roll:6.341608 Pitch:31.691687
X_AVG:-5.490494 Y_AVG:2.840299 Z_AVG:-13.231391
X_SD:5.836883 Y_SD:7.678639 Z_SD:6.475630
$MXCM10033,2,7,19800109,021137,00,35A4E8F5,00000000,0089,0000,0000,00,9102*57
GPS_PRN:31,28,25,29,23,10,19619400,00,00,00,00,00,00,SAT_TAL:08
GPS_SNR:21,25,32,35,35,39,34,33,00,00,00,00,00,00,00,SNR_AVG:31.75
GLO_PRN:00,00,00,00,00,00,00,00,00,00,00,00,00,00,00,SAT_TAL:00
GLO_SNR:00,00,00,00,00,00,00,00,00,00,00,00,00,00,00,SNR_AVG:0.00
GAL_PRN:00,00,00,00,00,00,00,00,00,00,00,00,00,00,00,SAT_TAL:00
GAL_SNR:00,00,00,00,00,00,00,00,00,00,00,00,00,00,00,SNR_AVG:0.00
BEI_PRN:39,23,36,40,48,40,56,62,37,19,38,00,00,00,00,SAT_TAL:11
BEI_SNR:30,24,24,32,21,32,31,30,30,24,32,00,00,00,00,SNR_AVG:28.18
QZS_PRN:00,00,00,00,00,SAT_TAL:00
QZS_SNR:00,00,00,00,00,SNR_AVG:0.00
SatInView:19 GDOP:19998
Roll:159.684433 Pitch:46.265480
X_AVG:-10.231683 Y_AVG:5.627780 Z_AVG:-12.194489
X_SD:8.322596 Y_SD:8.884766 Z_SD:8.053930
$MXCM10033,2,8,19800109,021150,00,35A4E8F5,00000000,0089,0000,0000,00,9102*59
GPS_PRN:31,19425,29,23,10,28,19619900,00,00,00,00,00,SAT_TAL:09
GPS_SNR:34,27,26,35,32,33,32,27,23,00,00,00,00,00,00,SNR_AVG:29.89
GLO_PRN:00,00,00,00,00,00,00,00,00,00,00,00,00,00,00,SAT_TAL:00
GLO_SNR:00,00,00,00,00,00,00,00,00,00,00,00,00,00,00,SNR_AVG:0.00
GAL_PRN:00,00,00,00,00,00,00,00,00,00,00,00,00,00,00,SAT_TAL:00
GAL_SNR:00,00,00,00,00,00,00,00,00,00,00,00,00,00,00,SNR_AVG:0.00
BEI_PRN:39,23,36,40,48,40,56,62,19,37,19,38,00,00,00,SAT_TAL:12
BEI_SNR:26,31,30,26,29,28,26,31,28,29,28,28,00,00,00,SNR_AVG:28.33
QZS_PRN:00,00,00,00,00,SAT_TAL:00
QZS_SNR:00,00,00,00,00,SNR_AVG:0.00
SatInView:21 GDOP:19998
Roll:119.105766 Pitch:90.000000
X_AVG:-7.119829 Y_AVG:3.842580 Z_AVG:-10.776854
X_SD:8.281058 Y_SD:7.370043 Z_SD:7.889428
$MXCM10033,2,9,19800109,021203,00,35A4E8F5,00000000,0089,0000,0000,00,9102*5D
GPS_PRN:31,29,23,10,28,25,19619419900,00,00,00,00,00,SAT_TAL:09
GPS_SNR:34,30,33,29,31,33,27,31,24,00,00,00,00,00,00,SNR_AVG:30.22
GLO_PRN:00,00,00,00,00,00,00,00,00,00,00,00,00,00,00,SAT_TAL:00
GLO_SNR:00,00,00,00,00,00,00,00,00,00,00,00,00,00,00,SNR_AVG:0.00
GAL_PRN:00,00,00,00,00,00,00,00,00,00,00,00,00,00,00,SAT_TAL:00
GAL_SNR:00,00,00,00,00,00,00,00,00,00,00,00,00,00,00,SNR_AVG:0.00
BEI_PRN:19,38,39,23,20,36,48,40,62,20,19,56,40,37,00,SAT_TAL:14
BEI_SNR:25,25,32,33,33,30,29,29,32,32,29,31,27,34,00,SNR_AVG:30.07
QZS_PRN:00,00,00,00,00,SAT_TAL:00
QZS_SNR:00,00,00,00,00,SNR_AVG:0.00
SatInView:23 GDOP:19998
Roll:141.268143 Pitch:36.107441
X_AVG:-6.293094 Y_AVG:4.839210 Z_AVG:-12.320331
X_SD:6.938864 Y_SD:8.709356 Z_SD:7.982193
$MXCM10033,2,10,19800109,021216,00,35A4E8F5,00000000,0089,0000,0000,00,9102*61
GPS_PRN:31,23,10,28,25,29,19619419900,00,00,00,00,00,SAT_TAL:09
GPS_SNR:36,34,34,32,34,38,31,32,25,00,00,00,00,00,00,SNR_AVG:32.89
GLO_PRN:00,00,00,00,00,00,00,00,00,00,00,00,00,00,00,SAT_TAL:00
GLO_SNR:00,00,00,00,00,00,00,00,00,00,00,00,00,00,00,SNR_AVG:0.00
GAL_PRN:00,00,00,00,00,00,00,00,00,00,00,00,00,00,00,SAT_TAL:00
GAL_SNR:00,00,00,00,00,00,00,00,00,00,00,00,00,00,00,SNR_AVG:0.00
BEI_PRN:37,19,38,39,23,20,36,19,40,20,23,48,56,62,40,SAT_TAL:15
BEI_SNR:25,32,31,27,32,26,30,33,30,29,33,32,30,33,29,SNR_AVG:30.13
QZS_PRN:00,00,00,00,00,SAT_TAL:00
QZS_SNR:00,00,00,00,00,SNR_AVG:0.00
SatInView:24 GDOP:19998
Roll:153.330017 Pitch:40.798573
X_AVG:-7.175136 Y_AVG:3.906506 Z_AVG:-10.187102
X_SD:8.645224 Y_SD:6.929469 Z_SD:7.106073
$MXCM10033,2,11,19800109,021229,00,35A4E8F5,00000000,0089,0000,0000,00,9102*6C
GPS_PRN:31,10,28,25,29,23,19619419900,00,00,00,00,00,SAT_TAL:09
GPS_SNR:37,32,36,31,32,35,25,29,19,00,00,00,00,00,00,SNR_AVG:30.67
GLO_PRN:00,00,00,00,00,00,00,00,00,00,00,00,00,00,00,SAT_TAL:00
GLO_SNR:00,00,00,00,00,00,00,00,00,00,00,00,00,00,00,SNR_AVG:0.00
GAL_PRN:00,00,00,00,00,00,00,00,00,00,00,00,00,00,00,SAT_TAL:00
GAL_SNR:00,00,00,00,00,00,00,00,00,00,00,00,00,00,00,SNR_AVG:0.00
BEI_PRN:40,37,19,38,39,23,20,36,20,40,19,60,48,56,62,SAT_TAL:15
BEI_SNR:29,35,34,28,33,28,35,29,35,31,33,31,35,31,29,SNR_AVG:31.73
QZS_PRN:00,00,00,00,00,SAT_TAL:00
QZS_SNR:00,00,00,00,00,SNR_AVG:0.00
SatInView:25 GDOP:19998
Roll:159.004288 Pitch:49.460880
X_AVG:-11.214523 Y_AVG:6.313972 Z_AVG:-13.086060
X_SD:7.464331 Y_SD:9.624655 Z_SD:8.499953
$MXCM10033,2,12,19800109,021242,00,35A4E8F5,00000000,0089,0000,0000,00,9102*62
GPS_PRN:31,19423,10,28,25,29,19619900,00,00,00,00,00,SAT_TAL:09
GPS_SNR:39,22,34,37,36,25,33,29,25,00,00,00,00,00,00,SNR_AVG:31.11
GLO_PRN:00,00,00,00,00,00,00,00,00,00,00,00,00,00,00,SAT_TAL:00
GLO_SNR:00,00,00,00,00,00,00,00,00,00,00,00,00,00,00,SNR_AVG:0.00
GAL_PRN:00,00,00,00,00,00,00,00,00,00,00,00,00,00,00,SAT_TAL:00
GAL_SNR:00,00,00,00,00,00,00,00,00,00,00,00,00,00,00,SNR_AVG:0.00
BEI_PRN:37,19,38,39,23,36,60,40,19,23,48,56,62,40,00,SAT_TAL:14
BEI_SNR:34,32,31,34,30,34,32,31,32,30,33,31,29,31,00,SNR_AVG:31.71
QZS_PRN:00,00,00,00,00,SAT_TAL:00
QZS_SNR:00,00,00,00,00,SNR_AVG:0.00
SatInView:23 GDOP:19998
Roll:151.710052 Pitch:42.922768
X_AVG:-6.228497 Y_AVG:3.674695 Z_AVG:-12.059885
X_SD:8.008016 Y_SD:6.913255 Z_SD:9.244659
$MXCM10033,2,13,20240103,021255,12,0E98A53E,47EE19F9,0068,0013,8C9C,06,9102*1D
GPS_PRN:32,29,23,19619919412,28,10,25,31,26,00,00,00,SAT_TAL:09
GPS_SNR:00,34,35,30,25,29,00,35,37,28,37,00,00,00,00,SNR_AVG:32.22
GLO_PRN:00,00,00,00,00,00,00,00,00,00,00,00,00,00,00,SAT_TAL:00
GLO_SNR:00,00,00,00,00,00,00,00,00,00,00,00,00,00,00,SNR_AVG:0.00
GAL_PRN:00,00,00,00,00,00,00,00,00,00,00,00,00,00,00,SAT_TAL:00
GAL_SNR:00,00,00,00,00,00,00,00,00,00,00,00,00,00,00,SNR_AVG:0.00
BEI_PRN:62,56,40,60,19,23,36,37,38,39,20,06,32,46,13,SAT_TAL:10
BEI_SNR:30,32,32,31,34,29,34,26,32,27,00,00,00,00,00,SNR_AVG:30.70
QZS_PRN:00,00,00,00,00,SAT_TAL:00
QZS_SNR:00,00,00,00,00,SNR_AVG:0.00
SatInView:33 GDOP:164
Roll:-70.892868 Pitch:61.927204
X_AVG:-3.756578 Y_AVG:2.278847 Z_AVG:-9.164758
X_SD:7.499174 Y_SD:8.521942 Z_SD:13.516260
$MXCM10033,2,14,20240103,021310,12,0E9909C5,47EE0F01,0056,0014,09BB,09,9102*6B
GPS_PRN:32,29,23,19619919412,28,10,25,31,26,00,00,00,SAT_TAL:12
GPS_SNR:26,32,35,30,25,30,35,30,37,28,38,34,00,00,00,SNR_AVG:31.67
GLO_PRN:00,00,00,00,00,00,00,00,00,00,00,00,00,00,00,SAT_TAL:00
GLO_SNR:00,00,00,00,00,00,00,00,00,00,00,00,00,00,00,SNR_AVG:0.00
GAL_PRN:00,00,00,00,00,00,00,00,00,00,00,00,00,00,00,SAT_TAL:00
GAL_SNR:00,00,00,00,00,00,00,00,00,00,00,00,00,00,00,SNR_AVG:0.00
BEI_PRN:62,56,40,60,19,23,36,37,38,39,20,06,32,46,13,SAT_TAL:10
BEI_SNR:28,32,31,32,33,29,34,23,30,19,00,00,00,00,00,SNR_AVG:29.10
QZS_PRN:00,00,00,00,00,SAT_TAL:00
QZS_SNR:00,00,00,00,00,SNR_AVG:0.00
SatInView:33 GDOP:137
Roll:153.352188 Pitch:41.379620
X_AVG:-3.807863 Y_AVG:3.534296 Z_AVG:-11.000716
X_SD:5.115096 Y_SD:7.042308 Z_SD:11.752407
$MXCM10033,2,15,20240103,021325,12,0E993057,47EE579D,005B,000D,2523,09,9102*10
GPS_PRN:32,29,23,19619919412,28,10,25,31,26,00,00,00,SAT_TAL:12
GPS_SNR:39,32,32,29,24,30,34,37,28,35,38,30,00,00,00,SNR_AVG:32.33
GLO_PRN:00,00,00,00,00,00,00,00,00,00,00,00,00,00,00,SAT_TAL:00
GLO_SNR:00,00,00,00,00,00,00,00,00,00,00,00,00,00,00,SNR_AVG:0.00
GAL_PRN:00,00,00,00,00,00,00,00,00,00,00,00,00,00,00,SAT_TAL:00
GAL_SNR:00,00,00,00,00,00,00,00,00,00,00,00,00,00,00,SNR_AVG:0.00
BEI_PRN:62,56,40,60,19,23,36,37,38,39,20,06,32,46,13,SAT_TAL:10
BEI_SNR:29,27,28,27,35,30,33,37,22,37,00,00,00,00,00,SNR_AVG:30.50
QZS_PRN:00,00,00,00,00,SAT_TAL:00
QZS_SNR:00,00,00,00,00,SNR_AVG:0.00
SatInView:33 GDOP:219
Roll:154.369171 Pitch:50.064083
X_AVG:-6.150349 Y_AVG:2.867497 Z_AVG:-8.027537
X_SD:7.449475 Y_SD:9.338858 Z_SD:8.552229
$MXCM10033,2,16,20240103,021340,12,0E98F2AD,47EE4DA5,006A,000D,5D17,07,9102*65
GPS_PRN:32,29,23,19619919412,28,10,25,31,26,00,00,00,SAT_TAL:10
GPS_SNR:38,34,34,26,25,27,33,36,00,29,38,00,00,00,00,SNR_AVG:32.00
GLO_PRN:00,00,00,00,00,00,00,00,00,00,00,00,00,00,00,SAT_TAL:00
GLO_SNR:00,00,00,00,00,00,00,00,00,00,00,00,00,00,00,SNR_AVG:0.00
GAL_PRN:00,00,00,00,00,00,00,00,00,00,00,00,00,00,00,SAT_TAL:00
GAL_SNR:00,00,00,00,00,00,00,00,00,00,00,00,00,00,00,SNR_AVG:0.00
BEI_PRN:62,56,40,60,19,23,36,37,38,39,20,06,32,46,13,SAT_TAL:10
BEI_SNR:29,30,30,30,34,30,33,34,25,33,00,00,00,00,00,SNR_AVG:30.80
QZS_PRN:00,00,00,00,00,SAT_TAL:00
QZS_SNR:00,00,00,00,00,SNR_AVG:0.00
SatInView:33 GDOP:149
Roll:147.012833 Pitch:36.646137
X_AVG:-8.962156 Y_AVG:5.642577 Z_AVG:-12.961463
X_SD:6.781961 Y_SD:8.505767 Z_SD:6.813164
$MXCM10033,2,17,20240103,021355,12,0E98BCF8,47EE4201,0075,0014,611D,08,9102*63
GPS_PRN:32,23,12,19619919428,10,25,31,26,29,00,00,00,SAT_TAL:11
GPS_SNR:00,35,32,28,27,20,34,38,28,35,35,35,00,00,00,SNR_AVG:31.55
GLO_PRN:00,00,00,00,00,00,00,00,00,00,00,00,00,00,00,SAT_TAL:00
GLO_SNR:00,00,00,00,00,00,00,00,00,00,00,00,00,00,00,SNR_AVG:0.00
GAL_PRN:00,00,00,00,00,00,00,00,00,00,00,00,00,00,00,SAT_TAL:00
GAL_SNR:00,00,00,00,00,00,00,00,00,00,00,00,00,00,00,SNR_AVG:0.00
BEI_PRN:40,56,62,60,48,19,23,36,37,38,39,20,06,32,46,SAT_TAL:11
BEI_SNR:33,34,27,30,33,31,24,32,25,29,24,00,00,00,00,SNR_AVG:29.27
QZS_PRN:00,00,00,00,00,SAT_TAL:00
QZS_SNR:00,00,00,00,00,SNR_AVG:0.00
SatInView:34 GDOP:259
Roll:145.664871 Pitch:37.469265
X_AVG:-13.657711 Y_AVG:8.700321 Z_AVG:-17.420562
X_SD:4.436688 Y_SD:9.970837 Z_SD:3.044234
$MXCM10033,2,18,20240103,021410,12,0E98BA12,47EE6949,0084,0014,3E00,08,9102*1A
GPS_PRN:32,23,12,19619919428,10,25,31,26,29,00,00,00,SAT_TAL:11
GPS_SNR:00,33,28,25,23,25,37,34,27,34,32,35,00,00,00,SNR_AVG:30.27
GLO_PRN:00,00,00,00,00,00,00,00,00,00,00,00,00,00,00,SAT_TAL:00
GLO_SNR:00,00,00,00,00,00,00,00,00,00,00,00,00,00,00,SNR_AVG:0.00
GAL_PRN:00,00,00,00,00,00,00,00,00,00,00,00,00,00,00,SAT_TAL:00
GAL_SNR:00,00,00,00,00,00,00,00,00,00,00,00,00,00,00,SNR_AVG:0.00
BEI_PRN:40,56,62,60,48,19,23,36,37,38,39,20,06,32,46,SAT_TAL:11
BEI_SNR:30,30,30,28,34,33,27,24,29,31,30,00,00,00,00,SNR_AVG:29.64
QZS_PRN:00,00,00,00,00,SAT_TAL:00
QZS_SNR:00,00,00,00,00,SNR_AVG:0.00
SatInView:34 GDOP:259
Roll:141.905807 Pitch:49.849628
X_AVG:-9.066593 Y_AVG:5.280566 Z_AVG:-10.199840
X_SD:7.202223 Y_SD:9.036290 Z_SD:7.869288
$MXCM10033,2,19,20240103,021625,12,0E9937AA,47EDFDDA,00B0,000C,79F7,0A,9202*65
GPS_PRN:32,31,26,29,23,19619919519412,16,28,10,25,00,SAT_TAL:14
GPS_SNR:35,35,30,35,35,22,16,35,30,39,28,16,32,36,00,SNR_AVG:30.29
GLO_PRN:00,00,00,00,00,00,00,00,00,00,00,00,00,00,00,SAT_TAL:00
GLO_SNR:00,00,00,00,00,00,00,00,00,00,00,00,00,00,00,SNR_AVG:0.00
GAL_PRN:00,00,00,00,00,00,00,00,00,00,00,00,00,00,00,SAT_TAL:00
GAL_SNR:00,00,00,00,00,00,00,00,00,00,00,00,00,00,00,SNR_AVG:0.00
BEI_PRN:23,36,27,20,32,46,19,27,20,06,32,46,13,09,08,SAT_TAL:11
BEI_SNR:35,00,00,20,26,30,31,32,21,00,26,31,25,27,00,SNR_AVG:27.64
QZS_PRN:00,00,00,00,00,SAT_TAL:00
QZS_SNR:00,00,00,00,00,SNR_AVG:0.00
SatInView:35 GDOP:134
Roll:149.724182 Pitch:37.338043
X_AVG:-7.253332 Y_AVG:4.663855 Z_AVG:-12.014154
X_SD:6.512592 Y_SD:9.856932 Z_SD:8.723802
$MXCM10033,2,20,20240103,021641,12,0E98B16B,47EE2088,0080,0015,4785,0A,9202*17
GPS_PRN:32,31,26,29,23,19619919419512,16,28,10,25,00,SAT_TAL:14
GPS_SNR:26,36,33,35,35,22,22,24,34,37,30,35,36,28,00,SNR_AVG:30.93
GLO_PRN:00,00,00,00,00,00,00,00,00,00,00,00,00,00,00,SAT_TAL:00
GLO_SNR:00,00,00,00,00,00,00,00,00,00,00,00,00,00,00,SNR_AVG:0.00
GAL_PRN:00,00,00,00,00,00,00,00,00,00,00,00,00,00,00,SAT_TAL:00
GAL_SNR:00,00,00,00,00,00,00,00,00,00,00,00,00,00,00,SNR_AVG:0.00
BEI_PRN:19,23,36,32,46,19,23,27,20,03,06,32,46,13,09,SAT_TAL:12
BEI_SNR:32,33,00,31,34,34,31,23,30,00,00,29,32,26,27,SNR_AVG:30.17
QZS_PRN:00,00,00,00,00,SAT_TAL:00
QZS_SNR:00,00,00,00,00,SNR_AVG:0.00
SatInView:35 GDOP:128
Roll:136.169769 Pitch:52.517464
X_AVG:-6.441969 Y_AVG:5.077198 Z_AVG:-10.521627
X_SD:8.316673 Y_SD:9.161628 Z_SD:9.597788
$MXCM10033,2,21,20240103,021857,12,0E97B1FD,47EEBC3D,008A,0019,340E,09,9202*6B
GPS_PRN:32,31,26,29,23,19619919412,16,28,10,25,00,00,SAT_TAL:12
GPS_SNR:31,36,33,35,34,24,19,25,38,00,33,36,35,00,00,SNR_AVG:31.58
GLO_PRN:00,00,00,00,00,00,00,00,00,00,00,00,00,00,00,SAT_TAL:00
GLO_SNR:00,00,00,00,00,00,00,00,00,00,00,00,00,00,00,SNR_AVG:0.00
GAL_PRN:00,00,00,00,00,00,00,00,00,00,00,00,00,00,00,SAT_TAL:00
GAL_SNR:00,00,00,00,00,00,00,00,00,00,00,00,00,00,00,SNR_AVG:0.00
BEI_PRN:23,36,50,39,46,19,23,36,37,20,06,46,32,13,09,SAT_TAL:11
BEI_SNR:34,31,33,27,34,34,34,33,29,00,00,32,00,30,00,SNR_AVG:31.91
QZS_PRN:00,00,00,00,00,SAT_TAL:00
QZS_SNR:00,00,00,00,00,SNR_AVG:0.00
SatInView:34 GDOP:216
Roll:115.763000 Pitch:58.793598
X_AVG:-4.548309 Y_AVG:3.083938 Z_AVG:-10.305618
X_SD:6.193852 Y_SD:8.087305 Z_SD:11.369544
$MXCM10033,2,22,20240103,021912,12,0E97D326,47EECC7A,0077,000E,6741,09,9202*18
GPS_PRN:32,26,29,23,12,19619919416,28,10,25,31,00,00,SAT_TAL:12
GPS_SNR:36,35,34,34,35,25,20,20,00,34,27,34,35,00,00,SNR_AVG:30.75
GLO_PRN:00,00,00,00,00,00,00,00,00,00,00,00,00,00,00,SAT_TAL:00
GLO_SNR:00,00,00,00,00,00,00,00,00,00,00,00,00,00,00,SNR_AVG:0.00
GAL_PRN:00,00,00,00,00,00,00,00,00,00,00,00,00,00,00,SAT_TAL:00
GAL_SNR:00,00,00,00,00,00,00,00,00,00,00,00,00,00,00,SNR_AVG:0.00
BEI_PRN:23,36,27,50,39,46,19,23,36,37,20,03,06,32,46,SAT_TAL:11
BEI_SNR:35,32,29,29,30,32,29,26,31,32,00,00,00,00,30,SNR_AVG:30.45
QZS_PRN:00,00,00,00,00,SAT_TAL:00
QZS_SNR:00,00,00,00,00,SNR_AVG:0.00
SatInView:35 GDOP:138
Roll:137.612946 Pitch:33.773251
X_AVG:-6.385321 Y_AVG:5.845465 Z_AVG:-11.798049
X_SD:8.190733 Y_SD:10.260279 Z_SD:10.431653
$MXCM10033,2,23,20240103,022128,12,0E94F255,47EE9F5F,00D8,001F,4FA8,08,9202*15
GPS_PRN:32,26,29,23,12,19619916,03,28,10,25,00,00,00,SAT_TAL:11
GPS_SNR:32,34,37,00,37,33,27,31,36,28,34,36,00,00,00,SNR_AVG:33.18
GLO_PRN:00,00,00,00,00,00,00,00,00,00,00,00,00,00,00,SAT_TAL:00
GLO_SNR:00,00,00,00,00,00,00,00,00,00,00,00,00,00,00,SNR_AVG:0.00
GAL_PRN:00,00,00,00,00,00,00,00,00,00,00,00,00,00,00,SAT_TAL:00
GAL_SNR:00,00,00,00,00,00,00,00,00,00,00,00,00,00,00,SNR_AVG:0.00
BEI_PRN:37,46,16,07,36,27,39,37,46,36,27,39,00,00,00,SAT_TAL:10
BEI_SNR:26,23,00,00,32,31,25,25,20,30,33,24,00,00,00,SNR_AVG:26.90
QZS_PRN:00,00,00,00,00,SAT_TAL:00
QZS_SNR:00,00,00,00,00,SNR_AVG:0.00
SatInView:24 GDOP:196
Roll:163.695694 Pitch:55.332928
X_AVG:-4.577854 Y_AVG:3.976562 Z_AVG:-9.949162
X_SD:7.033049 Y_SD:7.763389 Z_SD:9.430542
$MXCM10033,2,24,20240103,022143,12,0E94AB68,47EE944A,00ED,001D,46A6,0A,9201*69
GPS_PRN:32,25,31,26,29,19619923,12,16,03,28,10,00,00,SAT_TAL:13
GPS_SNR:22,34,34,32,35,20,22,34,36,29,33,31,34,00,00,SNR_AVG:30.46
GLO_PRN:00,00,00,00,00,00,00,00,00,00,00,00,00,00,00,SAT_TAL:00
GLO_SNR:00,00,00,00,00,00,00,00,00,00,00,00,00,00,00,SNR_AVG:0.00
GAL_PRN:00,00,00,00,00,00,00,00,00,00,00,00,00,00,00,SAT_TAL:00
GAL_SNR:00,00,00,00,00,00,00,00,00,00,00,00,00,00,00,SNR_AVG:0.00
BEI_PRN:36,27,39,37,20,46,36,27,39,37,20,06,46,32,13,SAT_TAL:14
BEI_SNR:28,29,27,25,30,32,25,29,28,24,29,00,32,25,26,SNR_AVG:27.79
QZS_PRN:00,00,00,00,00,SAT_TAL:00
QZS_SNR:00,00,00,00,00,SNR_AVG:0.00
SatInView:35 GDOP:129
Roll:133.317963 Pitch:37.579311
X_AVG:-3.550385 Y_AVG:3.751598 Z_AVG:-10.302984
X_SD:5.944112 Y_SD:8.097961 Z_SD:11.090615
$MXCM10033,2,25,20240103,022359,12,0E8F6B1B,47EEC351,00E8,001D,4CAA,0A,9202*69
GPS_PRN:32,10,25,31,26,29,23,19619919512,16,03,28,00,SAT_TAL:14
GPS_SNR:29,34,34,33,31,37,33,21,17,32,36,32,31,30,00,SNR_AVG:30.71
GLO_PRN:00,00,00,00,00,00,00,00,00,00,00,00,00,00,00,SAT_TAL:00
GLO_SNR:00,00,00,00,00,00,00,00,00,00,00,00,00,00,00,SNR_AVG:0.00
GAL_PRN:00,00,00,00,00,00,00,00,00,00,00,00,00,00,00,SAT_TAL:00
GAL_SNR:00,00,00,00,00,00,00,00,00,00,00,00,00,00,00,SNR_AVG:0.00
BEI_PRN:23,36,27,28,46,32,23,27,20,06,46,32,09,13,08,SAT_TAL:09
BEI_SNR:33,00,33,00,30,30,32,32,00,00,26,29,27,00,00,SNR_AVG:30.22
QZS_PRN:00,00,00,00,00,SAT_TAL:00
QZS_SNR:00,00,00,00,00,SNR_AVG:0.00
SatInView:35 GDOP:180
Roll:160.636108 Pitch:59.493568
X_AVG:-3.501590 Y_AVG:2.744146 Z_AVG:-8.853601
X_SD:5.196613 Y_SD:7.879016 Z_SD:10.702966
$MXCM10033,2,26,20240103,022414,12,0E8ED593,47EE938E,00E9,001E,4200,0A,9202*69
GPS_PRN:32,28,10,25,31,26,29,19619919523,16,12,03,00,SAT_TAL:14
GPS_SNR:37,32,32,35,35,30,36,23,16,33,34,29,37,32,00,SNR_AVG:31.50
GLO_PRN:00,00,00,00,00,00,00,00,00,00,00,00,00,00,00,SAT_TAL:00
GLO_SNR:00,00,00,00,00,00,00,00,00,00,00,00,00,00,00,SNR_AVG:0.00
GAL_PRN:00,00,00,00,00,00,00,00,00,00,00,00,00,00,00,SAT_TAL:00
GAL_SNR:00,00,00,00,00,00,00,00,00,00,00,00,00,00,00,SNR_AVG:0.00
BEI_PRN:36,27,28,46,32,23,27,20,06,46,32,09,13,08,15,SAT_TAL:08
BEI_SNR:00,32,00,25,28,36,33,00,00,30,25,27,00,00,00,SNR_AVG:29.50
QZS_PRN:00,00,00,00,00,SAT_TAL:00
QZS_SNR:00,00,00,00,00,SNR_AVG:0.00
SatInView:34 GDOP:180
Roll:95.955719 Pitch:70.829483
X_AVG:-5.182976 Y_AVG:2.903363 Z_AVG:-10.162154
X_SD:8.254949 Y_SD:9.936985 Z_SD:12.336874
$MXCM10033,2,27,20240103,022630,12,0E891DBE,47ECFF32,0107,0021,4C01,0A,9202*14
GPS_PRN:32,28,10,25,31,26,29,23,19619919419516,12,03,SAT_TAL:15
GPS_SNR:36,30,27,35,33,24,38,34,34,25,35,32,32,38,32,SNR_AVG:32.33
GLO_PRN:00,00,00,00,00,00,00,00,00,00,00,00,00,00,00,SAT_TAL:00
GLO_SNR:00,00,00,00,00,00,00,00,00,00,00,00,00,00,00,SNR_AVG:0.00
GAL_PRN:00,00,00,00,00,00,00,00,00,00,00,00,00,00,00,SAT_TAL:00
GAL_SNR:00,00,00,00,00,00,00,00,00,00,00,00,00,00,00,SNR_AVG:0.00
BEI_PRN:00,00,00,00,00,00,00,00,00,00,00,00,00,00,00,SAT_TAL:00
BEI_SNR:00,00,00,00,00,00,00,00,00,00,00,00,00,00,00,SNR_AVG:0.00
QZS_PRN:00,00,00,00,00,SAT_TAL:00
QZS_SNR:00,00,00,00,00,SNR_AVG:0.00
SatInView:35 GDOP:179
Roll:137.176758 Pitch:72.118484
X_AVG:-4.703935 Y_AVG:3.258861 Z_AVG:-8.912404
X_SD:5.624802 Y_SD:9.531554 Z_SD:10.825211
$MXCM10033,2,28,20240103,022645,12,0E887D48,47ED0920,0123,0021,446F,0B,9202*1B
GPS_PRN:32,28,10,25,31,26,29,23,19619919419516,12,03,SAT_TAL:15
GPS_SNR:38,31,26,36,34,25,36,34,26,19,32,33,31,38,33,SNR_AVG:31.47
GLO_PRN:00,00,00,00,00,00,00,00,00,00,00,00,00,00,00,SAT_TAL:00
GLO_SNR:00,00,00,00,00,00,00,00,00,00,00,00,00,00,00,SNR_AVG:0.00
GAL_PRN:00,00,00,00,00,00,00,00,00,00,00,00,00,00,00,SAT_TAL:00
GAL_SNR:00,00,00,00,00,00,00,00,00,00,00,00,00,00,00,SNR_AVG:0.00
BEI_PRN:00,00,00,00,00,00,00,00,00,00,00,00,00,00,00,SAT_TAL:00
BEI_SNR:00,00,00,00,00,00,00,00,00,00,00,00,00,00,00,SNR_AVG:0.00
QZS_PRN:00,00,00,00,00,SAT_TAL:00
QZS_SNR:00,00,00,00,00,SNR_AVG:0.00
SatInView:35 GDOP:163
Roll:131.683685 Pitch:58.271942
X_AVG:-5.276783 Y_AVG:3.560537 Z_AVG:-8.792452
X_SD:5.776734 Y_SD:9.962911 Z_SD:11.190211
$MXCM10033,2,29,20240103,022901,12,0E826797,47ED5BEB,0161,0021,4364,0B,9202*67
GPS_PRN:32,25,31,26,29,19619923,16,12,03,28,10,00,00,SAT_TAL:12
GPS_SNR:33,37,36,27,38,25,00,34,32,38,32,33,35,00,00,SNR_AVG:33.33
GLO_PRN:00,00,00,00,00,00,00,00,00,00,00,00,00,00,00,SAT_TAL:00
GLO_SNR:00,00,00,00,00,00,00,00,00,00,00,00,00,00,00,SNR_AVG:0.00
GAL_PRN:00,00,00,00,00,00,00,00,00,00,00,00,00,00,00,SAT_TAL:00
GAL_SNR:00,00,00,00,00,00,00,00,00,00,00,00,00,00,00,SNR_AVG:0.00
BEI_PRN:36,23,28,27,19,46,32,23,36,27,20,06,46,32,09,SAT_TAL:13
BEI_SNR:30,34,36,32,33,31,23,33,29,33,00,00,27,26,28,SNR_AVG:30.38
QZS_PRN:00,00,00,00,00,SAT_TAL:00
QZS_SNR:00,00,00,00,00,SNR_AVG:0.00
SatInView:35 GDOP:162
Roll:77.986710 Pitch:69.859138
X_AVG:-4.199802 Y_AVG:3.150402 Z_AVG:-7.278855
X_SD:5.320031 Y_SD:9.086930 Z_SD:11.534461
$MXCM10033,2,30,20240103,022916,12,0E81B4B0,47ED697A,0170,0021,44F2,0C,9202*18
GPS_PRN:32,25,31,26,29,19619923,16,12,03,28,10,00,00,SAT_TAL:13
GPS_SNR:41,38,36,28,38,34,23,34,32,37,34,34,24,00,00,SNR_AVG:33.31
GLO_PRN:00,00,00,00,00,00,00,00,00,00,00,00,00,00,00,SAT_TAL:00
GLO_SNR:00,00,00,00,00,00,00,00,00,00,00,00,00,00,00,SNR_AVG:0.00
GAL_PRN:00,00,00,00,00,00,00,00,00,00,00,00,00,00,00,SAT_TAL:00
GAL_SNR:00,00,00,00,00,00,00,00,00,00,00,00,00,00,00,SNR_AVG:0.00
BEI_PRN:36,23,28,27,19,23,46,32,36,27,20,06,46,32,09,SAT_TAL:14
BEI_SNR:28,34,36,32,33,35,24,33,26,32,25,00,23,29,28,SNR_AVG:29.86
QZS_PRN:00,00,00,00,00,SAT_TAL:00
QZS_SNR:00,00,00,00,00,SNR_AVG:0.00
SatInView:35 GDOP:152
Roll:43.408871 Pitch:90.000000
X_AVG:-2.401433 Y_AVG:3.340936 Z_AVG:-7.781216
X_SD:6.580861 Y_SD:11.026452 Z_SD:12.498892
$MXCM10033,2,31,20240103,023132,12,0E7BA56D,47EE5632,0195,0023,473F,0C,9202*19
GPS_PRN:32,23,12,03,28,10,31,19619919426,25,29,16,00,SAT_TAL:13
GPS_SNR:40,34,37,33,33,00,31,33,27,35,24,37,38,29,00,SNR_AVG:33.15
GLO_PRN:00,00,00,00,00,00,00,00,00,00,00,00,00,00,00,SAT_TAL:00
GLO_SNR:00,00,00,00,00,00,00,00,00,00,00,00,00,00,00,SNR_AVG:0.00
GAL_PRN:00,00,00,00,00,00,00,00,00,00,00,00,00,00,00,SAT_TAL:00
GAL_SNR:00,00,00,00,00,00,00,00,00,00,00,00,00,00,00,SNR_AVG:0.00
BEI_PRN:19,32,23,27,46,32,13,16,15,08,04,07,19,10,23,SAT_TAL:08
BEI_SNR:30,35,34,30,00,34,00,00,00,00,31,00,32,00,35,SNR_AVG:32.62
QZS_PRN:00,00,00,00,00,SAT_TAL:00
QZS_SNR:00,00,00,00,00,SNR_AVG:0.00
SatInView:31 GDOP:137
Roll:118.021416 Pitch:60.657726
X_AVG:-0.088587 Y_AVG:2.969205 Z_AVG:-8.642237
X_SD:3.793233 Y_SD:9.190777 Z_SD:11.163398
$MXCM10033,2,32,20240103,023147,12,0E7AEBB9,47EE4763,01A8,0024,47FB,0E,9201*63
GPS_PRN:32,10,26,31,25,29,16,19619919423,12,03,28,00,SAT_TAL:14
GPS_SNR:41,29,26,32,37,38,32,34,28,36,34,37,33,34,00,SNR_AVG:33.64
GLO_PRN:00,00,00,00,00,00,00,00,00,00,00,00,00,00,00,SAT_TAL:00
GLO_SNR:00,00,00,00,00,00,00,00,00,00,00,00,00,00,00,SNR_AVG:0.00
GAL_PRN:00,00,00,00,00,00,00,00,00,00,00,00,00,00,00,SAT_TAL:00
GAL_SNR:00,00,00,00,00,00,00,00,00,00,00,00,00,00,00,SNR_AVG:0.00
BEI_PRN:36,23,27,48,32,19,23,27,20,06,46,32,09,13,16,SAT_TAL:08
BEI_SNR:00,36,32,30,35,32,33,30,00,00,00,35,00,00,00,SNR_AVG:32.88
QZS_PRN:00,00,00,00,00,SAT_TAL:00
QZS_SNR:00,00,00,00,00,SNR_AVG:0.00
SatInView:35 GDOP:129
Roll:82.638756 Pitch:43.004749
X_AVG:-0.613646 Y_AVG:4.459961 Z_AVG:-9.674637
X_SD:5.525860 Y_SD:10.344518 Z_SD:12.364616
$MXCM10033,2,33,20240103,023403,12,0E74B406,47EE4820,0189,001E,4563,0D,9202*1D
GPS_PRN:32,31,26,25,29,16,23,19619903,12,28,10,00,00,SAT_TAL:12
GPS_SNR:00,34,27,36,37,30,35,25,19,33,38,31,34,00,00,SNR_AVG:31.58
GLO_PRN:00,00,00,00,00,00,00,00,00,00,00,00,00,00,00,SAT_TAL:00
GLO_SNR:00,00,00,00,00,00,00,00,00,00,00,00,00,00,00,SNR_AVG:0.00
GAL_PRN:00,00,00,00,00,00,00,00,00,00,00,00,00,00,00,SAT_TAL:00
GAL_SNR:00,00,00,00,00,00,00,00,00,00,00,00,00,00,00,SNR_AVG:0.00
BEI_PRN:07,19,10,23,27,38,32,19,23,27,20,03,06,46,01,SAT_TAL:08
BEI_SNR:00,31,00,34,32,32,28,32,34,31,00,00,00,00,00,SNR_AVG:31.75
QZS_PRN:00,00,00,00,00,SAT_TAL:00
QZS_SNR:00,00,00,00,00,SNR_AVG:0.00
SatInView:35 GDOP:144
Roll:161.162811 Pitch:26.338673
X_AVG:-5.442944 Y_AVG:4.615587 Z_AVG:-12.707817
X_SD:4.854928 Y_SD:8.261319 Z_SD:7.347030
$MXCM10033,2,34,20240103,023418,12,0E742849,47EE6657,019E,001A,42A4,0E,9202*64
GPS_PRN:32,26,10,25,29,16,23,19619903,12,28,31,00,00,SAT_TAL:13
GPS_SNR:34,29,34,36,36,30,33,22,18,32,37,29,33,00,00,SNR_AVG:31.00
GLO_PRN:00,00,00,00,00,00,00,00,00,00,00,00,00,00,00,SAT_TAL:00
GLO_SNR:00,00,00,00,00,00,00,00,00,00,00,00,00,00,00,SNR_AVG:0.00
GAL_PRN:00,00,00,00,00,00,00,00,00,00,00,00,00,00,00,SAT_TAL:00
GAL_SNR:00,00,00,00,00,00,00,00,00,00,00,00,00,00,00,SNR_AVG:0.00
BEI_PRN:10,36,23,28,27,38,32,19,23,27,20,46,06,09,32,SAT_TAL:09
BEI_SNR:00,00,34,00,31,30,27,31,33,29,00,00,00,25,29,SNR_AVG:29.89
QZS_PRN:00,00,00,00,00,SAT_TAL:00
QZS_SNR:00,00,00,00,00,SNR_AVG:0.00
SatInView:35 GDOP:131
Roll:157.015564 Pitch:31.234081
X_AVG:-5.506487 Y_AVG:3.255557 Z_AVG:-11.356310
X_SD:5.483629 Y_SD:8.080774 Z_SD:6.867724
$MXCM10033,2,35,20240103,023634,12,0E709BC3,47EF115E,00E3,0001,8766,0D,9202*17
GPS_PRN:32,26,31,10,25,19619929,16,23,03,12,28,00,00,SAT_TAL:12
GPS_SNR:35,34,35,35,25,28,22,25,26,33,00,35,35,00,00,SNR_AVG:30.67
GLO_PRN:00,00,00,00,00,00,00,00,00,00,00,00,00,00,00,SAT_TAL:00
GLO_SNR:00,00,00,00,00,00,00,00,00,00,00,00,00,00,00,SNR_AVG:0.00
GAL_PRN:00,00,00,00,00,00,00,00,00,00,00,00,00,00,00,SAT_TAL:00
GAL_SNR:00,00,00,00,00,00,00,00,00,00,00,00,00,00,00,SNR_AVG:0.00
BEI_PRN:36,23,27,32,19,20,46,23,27,20,06,46,01,32,09,SAT_TAL:12
BEI_SNR:00,30,27,30,35,33,35,30,30,34,00,33,25,28,00,SNR_AVG:30.83
QZS_PRN:00,00,00,00,00,SAT_TAL:00
QZS_SNR:00,00,00,00,00,SNR_AVG:0.00
SatInView:34 GDOP:152
Roll:158.820206 Pitch:27.275337
X_AVG:-7.990330 Y_AVG:5.679735 Z_AVG:-14.105675
X_SD:7.232585 Y_SD:6.900076 Z_SD:7.797307
$MXCM10033,2,36,20240103,023649,12,0E704F92,47EF41CD,00DA,000D,2E34,0D,9202*67
GPS_PRN:32,31,10,25,29,19619916,23,03,12,28,26,00,00,SAT_TAL:12
GPS_SNR:29,37,36,33,33,30,26,33,35,00,32,27,33,00,00,SNR_AVG:32.00
GLO_PRN:00,00,00,00,00,00,00,00,00,00,00,00,00,00,00,SAT_TAL:00
GLO_SNR:00,00,00,00,00,00,00,00,00,00,00,00,00,00,00,SNR_AVG:0.00
GAL_PRN:00,00,00,00,00,00,00,00,00,00,00,00,00,00,00,SAT_TAL:00
GAL_SNR:00,00,00,00,00,00,00,00,00,00,00,00,00,00,00,SNR_AVG:0.00
BEI_PRN:36,23,27,28,32,19,20,46,23,27,20,46,06,32,09,SAT_TAL:12
BEI_SNR:34,30,31,00,33,33,25,35,25,32,26,31,00,33,00,SNR_AVG:30.67
QZS_PRN:00,00,00,00,00,SAT_TAL:00
QZS_SNR:00,00,00,00,00,SNR_AVG:0.00
SatInView:35 GDOP:115
Roll:141.526474 Pitch:43.264828
X_AVG:-10.359871 Y_AVG:7.828623 Z_AVG:-13.469236
X_SD:6.884038 Y_SD:7.882229 Z_SD:7.882626
$MXCM10033,2,37,20240103,023905,12,0E6F0CF3,47EE7300,00F3,001A,576E,0C,9201*1D
GPS_PRN:28,25,29,16,23,03,19619912,26,31,10,00,00,00,SAT_TAL:12
GPS_SNR:30,34,36,33,37,30,30,27,36,29,34,32,00,00,00,SNR_AVG:32.33
GLO_PRN:00,00,00,00,00,00,00,00,00,00,00,00,00,00,00,SAT_TAL:00
GLO_SNR:00,00,00,00,00,00,00,00,00,00,00,00,00,00,00,SNR_AVG:0.00
GAL_PRN:00,00,00,00,00,00,00,00,00,00,00,00,00,00,00,SAT_TAL:00
GAL_SNR:00,00,00,00,00,00,00,00,00,00,00,00,00,00,00,SNR_AVG:0.00
BEI_PRN:27,20,46,06,32,04,19,23,27,32,19,20,00,00,00,SAT_TAL:09
BEI_SNR:34,25,00,00,34,27,30,00,35,33,31,25,00,00,00,SNR_AVG:30.44
QZS_PRN:00,00,00,00,00,SAT_TAL:00
QZS_SNR:00,00,00,00,00,SNR_AVG:0.00
SatInView:24 GDOP:163
Roll:131.131378 Pitch:11.858154
X_AVG:0.000000 Y_AVG:0.000000 Z_AVG:0.000000
X_SD:0.000000 Y_SD:0.000000 Z_SD:0.000000
$MXCM10033,2,38,20240103,023920,12,0E6EEB87,47EE0147,00D9,000E,6C1C,0D,9202*61
GPS_PRN:32,31,10,25,29,16,19619923,03,12,28,26,00,00,SAT_TAL:12
GPS_SNR:00,36,36,32,37,34,24,19,33,33,36,34,27,00,00,SNR_AVG:31.75
GLO_PRN:00,00,00,00,00,00,00,00,00,00,00,00,00,00,00,SAT_TAL:00
GLO_SNR:00,00,00,00,00,00,00,00,00,00,00,00,00,00,00,SNR_AVG:0.00
GAL_PRN:00,00,00,00,00,00,00,00,00,00,00,00,00,00,00,SAT_TAL:00
GAL_SNR:00,00,00,00,00,00,00,00,00,00,00,00,00,00,00,SNR_AVG:0.00
BEI_PRN:19,10,36,27,23,32,19,20,46,27,20,03,46,06,09,SAT_TAL:11
BEI_SNR:31,00,00,31,33,27,30,25,31,32,26,00,29,28,00,SNR_AVG:29.36
QZS_PRN:00,00,00,00,00,SAT_TAL:00
QZS_SNR:00,00,00,00,00,SNR_AVG:0.00
SatInView:35 GDOP:110
Roll:148.718079 Pitch:30.084841
X_AVG:-5.627493 Y_AVG:4.371661 Z_AVG:-13.552508
X_SD:6.080009 Y_SD:6.668683 Z_SD:5.658037
$MXCM10033,2,39,20240103,024135,12,0E6F5F08,47EDF4E8,00D7,000D,04C8,0D,9202*60
GPS_PRN:32,31,10,25,29,16,19619903,23,12,28,26,00,00,SAT_TAL:13
GPS_SNR:38,35,37,31,25,34,30,23,34,34,25,38,36,00,00,SNR_AVG:32.31
GLO_PRN:00,00,00,00,00,00,00,00,00,00,00,00,00,00,00,SAT_TAL:00
GLO_SNR:00,00,00,00,00,00,00,00,00,00,00,00,00,00,00,SNR_AVG:0.00
GAL_PRN:00,00,00,00,00,00,00,00,00,00,00,00,00,00,00,SAT_TAL:00
GAL_SNR:00,00,00,00,00,00,00,00,00,00,00,00,00,00,00,SNR_AVG:0.00
BEI_PRN:10,36,27,28,23,32,19,20,46,23,20,03,46,06,09,SAT_TAL:11
BEI_SNR:00,00,30,00,29,28,33,36,39,27,36,27,36,00,30,SNR_AVG:31.91
QZS_PRN:00,00,00,00,00,SAT_TAL:00
QZS_SNR:00,00,00,00,00,SNR_AVG:0.00
SatInView:35 GDOP:114
Roll:150.904800 Pitch:48.465145
X_AVG:-4.808420 Y_AVG:2.837761 Z_AVG:-12.101066
X_SD:5.538242 Y_SD:6.618249 Z_SD:9.836982
$MXCM10033,2,40,20240103,024151,12,0E6F7CC1,47EE407A,00D8,000C,1835,0D,9202*15
GPS_PRN:32,31,10,25,29,16,19619903,23,12,28,26,00,00,SAT_TAL:13
GPS_SNR:26,35,37,31,34,33,29,24,35,32,15,35,34,00,00,SNR_AVG:30.77
GLO_PRN:00,00,00,00,00,00,00,00,00,00,00,00,00,00,00,SAT_TAL:00
GLO_SNR:00,00,00,00,00,00,00,00,00,00,00,00,00,00,00,SNR_AVG:0.00
GAL_PRN:00,00,00,00,00,00,00,00,00,00,00,00,00,00,00,SAT_TAL:00
GAL_SNR:00,00,00,00,00,00,00,00,00,00,00,00,00,00,00,SNR_AVG:0.00
BEI_PRN:10,36,27,28,23,32,19,20,46,23,20,03,46,06,09,SAT_TAL:11
BEI_SNR:00,00,29,00,30,33,35,24,28,30,25,27,29,00,28,SNR_AVG:28.91
QZS_PRN:00,00,00,00,00,SAT_TAL:00
QZS_SNR:00,00,00,00,00,SNR_AVG:0.00
SatInView:35 GDOP:114
Roll:163.938629 Pitch:33.682407
X_AVG:-7.236189 Y_AVG:5.683662 Z_AVG:-13.710624
X_SD:6.528389 Y_SD:6.877664 Z_SD:5.566067
$MXCM10033,2,41,20240103,024407,12,0E703D43,47EFEFFA,00E5,0007,163F,0D,9202*63
GPS_PRN:32,25,29,16,03,19619919523,28,26,31,10,00,00,SAT_TAL:13
GPS_SNR:31,33,34,34,36,29,25,34,34,34,33,36,35,00,00,SNR_AVG:32.92
GLO_PRN:00,00,00,00,00,00,00,00,00,00,00,00,00,00,00,SAT_TAL:00
GLO_SNR:00,00,00,00,00,00,00,00,00,00,00,00,00,00,00,SNR_AVG:0.00
GAL_PRN:00,00,00,00,00,00,00,00,00,00,00,00,00,00,00,SAT_TAL:00
GAL_SNR:00,00,00,00,00,00,00,00,00,00,00,00,00,00,00,SNR_AVG:0.00
BEI_PRN:36,27,23,40,38,32,19,20,27,23,20,46,06,09,16,SAT_TAL:10
BEI_SNR:00,32,31,29,30,35,35,25,33,29,25,00,00,00,00,SNR_AVG:30.40
QZS_PRN:00,00,00,00,00,SAT_TAL:00
QZS_SNR:00,00,00,00,00,SNR_AVG:0.00
SatInView:35 GDOP:152
Roll:163.155838 Pitch:39.808403
X_AVG:-5.772967 Y_AVG:3.569156 Z_AVG:-11.315848
X_SD:6.266792 Y_SD:7.419863 Z_SD:7.893461
$MXCM10033,2,42,20240103,024422,12,0E702EE8,47F02465,00E7,0007,225E,0D,9202*69
GPS_PRN:32,25,29,16,03,19619919523,28,26,31,10,00,00,SAT_TAL:13
GPS_SNR:29,34,32,33,33,28,23,31,31,38,31,38,35,00,00,SNR_AVG:32.00
GLO_PRN:00,00,00,00,00,00,00,00,00,00,00,00,00,00,00,SAT_TAL:00
GLO_SNR:00,00,00,00,00,00,00,00,00,00,00,00,00,00,00,SNR_AVG:0.00
GAL_PRN:00,00,00,00,00,00,00,00,00,00,00,00,00,00,00,SAT_TAL:00
GAL_SNR:00,00,00,00,00,00,00,00,00,00,00,00,00,00,00,SNR_AVG:0.00
BEI_PRN:36,27,23,40,38,32,19,20,27,23,20,46,06,09,16,SAT_TAL:10
BEI_SNR:00,29,28,24,31,24,36,36,29,32,36,00,00,00,00,SNR_AVG:30.50
QZS_PRN:00,00,00,00,00,SAT_TAL:00
QZS_SNR:00,00,00,00,00,SNR_AVG:0.00
SatInView:35 GDOP:115
Roll:152.477280 Pitch:24.561975
X_AVG:-6.278968 Y_AVG:4.566409 Z_AVG:-13.607911
X_SD:6.433968 Y_SD:6.420855 Z_SD:7.116180
$MXCM10033,2,43,20240103,024637,12,0E7100E6,47F04E0A,00C8,0010,67A1,0D,9202*1D
GPS_PRN:32,25,29,16,03,23,19619919528,26,31,10,00,00,SAT_TAL:13
GPS_SNR:35,35,34,33,21,35,32,23,23,26,37,31,30,00,00,SNR_AVG:30.38
GLO_PRN:00,00,00,00,00,00,00,00,00,00,00,00,00,00,00,SAT_TAL:00
GLO_SNR:00,00,00,00,00,00,00,00,00,00,00,00,00,00,00,SNR_AVG:0.00
GAL_PRN:00,00,00,00,00,00,00,00,00,00,00,00,00,00,00,SAT_TAL:00
GAL_SNR:00,00,00,00,00,00,00,00,00,00,00,00,00,00,00,SNR_AVG:0.00
BEI_PRN:10,05,36,28,27,23,32,19,36,27,20,03,46,06,09,SAT_TAL:09
BEI_SNR:00,25,29,00,24,29,26,26,26,25,00,29,00,00,00,SNR_AVG:26.56
QZS_PRN:00,00,00,00,00,SAT_TAL:00
QZS_SNR:00,00,00,00,00,SNR_AVG:0.00
SatInView:35 GDOP:115
Roll:148.003830 Pitch:32.781017
X_AVG:-11.217779 Y_AVG:9.704326 Z_AVG:-16.077292
X_SD:8.196909 Y_SD:9.157820 Z_SD:6.489839
$MXCM10033,2,44,20240103,024653,12,0E710DAB,47F0360C,00D6,000A,7F80,0D,9202*1B
GPS_PRN:32,25,29,16,03,23,19619919528,26,31,10,00,00,SAT_TAL:13
GPS_SNR:31,30,34,35,34,34,35,26,32,24,36,36,37,00,00,SNR_AVG:32.62
GLO_PRN:00,00,00,00,00,00,00,00,00,00,00,00,00,00,00,SAT_TAL:00
GLO_SNR:00,00,00,00,00,00,00,00,00,00,00,00,00,00,00,SNR_AVG:0.00
GAL_PRN:00,00,00,00,00,00,00,00,00,00,00,00,00,00,00,SAT_TAL:00
GAL_SNR:00,00,00,00,00,00,00,00,00,00,00,00,00,00,00,SNR_AVG:0.00
BEI_PRN:10,05,36,28,27,23,32,19,36,27,20,03,46,06,09,SAT_TAL:09
BEI_SNR:00,26,33,00,33,26,33,32,35,29,00,26,00,00,00,SNR_AVG:30.33
QZS_PRN:00,00,00,00,00,SAT_TAL:00
QZS_SNR:00,00,00,00,00,SNR_AVG:0.00
SatInView:35 GDOP:153
Roll:159.477463 Pitch:22.580231
X_AVG:-6.084795 Y_AVG:4.876704 Z_AVG:-13.620983
X_SD:6.159718 Y_SD:6.329090 Z_SD:5.071595
$MXCM10033,2,45,20240103,024909,12,0E7103FF,47EF9786,00D7,0000,0000,09,9202*19
GPS_PRN:32,29,23,28,26,19619919431,10,25,00,00,00,00,SAT_TAL:11
GPS_SNR:37,38,26,36,15,31,26,29,22,31,40,00,00,00,00,SNR_AVG:30.09
GLO_PRN:00,00,00,00,00,00,00,00,00,00,00,00,00,00,00,SAT_TAL:00
GLO_SNR:00,00,00,00,00,00,00,00,00,00,00,00,00,00,00,SNR_AVG:0.00
GAL_PRN:00,00,00,00,00,00,00,00,00,00,00,00,00,00,00,SAT_TAL:00
GAL_SNR:00,00,00,00,00,00,00,00,00,00,00,00,00,00,00,SNR_AVG:0.00
BEI_PRN:20,27,20,06,16,32,15,07,19,27,23,32,00,00,00,SAT_TAL:09
BEI_SNR:32,29,34,30,25,26,00,23,00,29,00,29,00,00,00,SNR_AVG:28.56
QZS_PRN:00,00,00,00,00,SAT_TAL:00
QZS_SNR:00,00,00,00,00,SNR_AVG:0.00
SatInView:23 GDOP:145
Roll:38.370453 Pitch:12.366782
X_AVG:0.000000 Y_AVG:0.000000 Z_AVG:0.000000
X_SD:0.000000 Y_SD:0.000000 Z_SD:0.000000
$MXCM10033,2,46,20240103,024924,12,0E710501,47EF9A81,00D6,0000,0000,0A,9203*1B
GPS_PRN:32,25,29,16,03,19619919423,28,26,31,10,00,00,SAT_TAL:11
GPS_SNR:40,35,34,00,00,38,28,39,28,20,19,21,25,00,00,SNR_AVG:29.73
GLO_PRN:00,00,00,00,00,00,00,00,00,00,00,00,00,00,00,SAT_TAL:00
GLO_SNR:00,00,00,00,00,00,00,00,00,00,00,00,00,00,00,SNR_AVG:0.00
GAL_PRN:00,00,00,00,00,00,00,00,00,00,00,00,00,00,00,SAT_TAL:00
GAL_SNR:00,00,00,00,00,00,00,00,00,00,00,00,00,00,00,SNR_AVG:0.00
BEI_PRN:10,36,27,28,59,32,19,20,27,28,20,03,46,06,09,SAT_TAL:11
BEI_SNR:00,00,22,28,29,36,15,23,25,23,28,26,00,19,00,SNR_AVG:24.91
QZS_PRN:00,00,00,00,00,SAT_TAL:00
QZS_SNR:00,00,00,00,00,SNR_AVG:0.00
SatInView:35 GDOP:137
Roll:-125.132164 Pitch:28.319363
X_AVG:-2.372845 Y_AVG:-4.701014 Z_AVG:-4.670320
X_SD:4.568327 Y_SD:3.379953 Z_SD:8.340349
$MXCM10033,2,47,20240103,025140,12,0E7100EC,47EFA015,00D6,0000,8A09,09,9201*1D
GPS_PRN:31,25,29,16,19619919523,32,28,26,10,00,00,00,SAT_TAL:09
GPS_SNR:20,29,40,20,27,00,31,00,19,00,21,23,00,00,00,SNR_AVG:25.56
GLO_PRN:00,00,00,00,00,00,00,00,00,00,00,00,00,00,00,SAT_TAL:00
GLO_SNR:00,00,00,00,00,00,00,00,00,00,00,00,00,00,00,SNR_AVG:0.00
GAL_PRN:00,00,00,00,00,00,00,00,00,00,00,00,00,00,00,SAT_TAL:00
GAL_SNR:00,00,00,00,00,00,00,00,00,00,00,00,00,00,00,SNR_AVG:0.00
BEI_PRN:27,01,32,04,19,10,27,23,32,00,00,00,00,00,00,SAT_TAL:06
BEI_SNR:35,27,28,34,00,00,36,00,31,00,00,00,00,00,00,SNR_AVG:31.83
QZS_PRN:00,00,00,00,00,SAT_TAL:00
QZS_SNR:00,00,00,00,00,SNR_AVG:0.00
SatInView:21 GDOP:142
Roll:110.202423 Pitch:25.027273
X_AVG:-4.672522 Y_AVG:8.302540 Z_AVG:-3.672684
X_SD:0.074705 Y_SD:0.062793 Z_SD:0.096381
$MXCM10033,2,48,20240103,025155,12,0E710053,47EF9FEF,00D6,0000,8A09,0A,9201*67
GPS_PRN:32,16,23,28,26,31,19619919510,25,29,00,00,00,SAT_TAL:10
GPS_SNR:17,17,00,18,20,20,26,00,31,25,29,40,00,00,00,SNR_AVG:24.30
GLO_PRN:00,00,00,00,00,00,00,00,00,00,00,00,00,00,00,SAT_TAL:00
GLO_SNR:00,00,00,00,00,00,00,00,00,00,00,00,00,00,00,SNR_AVG:0.00
GAL_PRN:00,00,00,00,00,00,00,00,00,00,00,00,00,00,00,SAT_TAL:00
GAL_SNR:00,00,00,00,00,00,00,00,00,00,00,00,00,00,00,SNR_AVG:0.00
BEI_PRN:32,19,27,01,16,32,04,13,19,10,27,23,58,59,00,SAT_TAL:10
BEI_SNR:30,00,36,27,00,28,34,00,16,17,36,00,20,28,00,SNR_AVG:27.20
QZS_PRN:00,00,00,00,00,SAT_TAL:00
QZS_SNR:00,00,00,00,00,SNR_AVG:0.00
SatInView:26 GDOP:135
Roll:110.697983 Pitch:24.961763
X_AVG:-4.649298 Y_AVG:8.291239 Z_AVG:-3.691407
X_SD:0.084429 Y_SD:0.070357 Z_SD:0.100279
$MXCM10033,2,49,20240103,025410,12,0E70FF0D,47EFA54E,00D6,0000,272B,08,9202*17
GPS_PRN:32,23,28,26,31,10,19619925,29,16,03,00,00,00,SAT_TAL:08
GPS_SNR:30,15,14,31,00,29,00,21,37,36,00,00,00,00,00,SNR_AVG:26.62
GLO_PRN:00,00,00,00,00,00,00,00,00,00,00,00,00,00,00,SAT_TAL:00
GLO_SNR:00,00,00,00,00,00,00,00,00,00,00,00,00,00,00,SNR_AVG:0.00
GAL_PRN:00,00,00,00,00,00,00,00,00,00,00,00,00,00,00,SAT_TAL:00
GAL_SNR:00,00,00,00,00,00,00,00,00,00,00,00,00,00,00,SNR_AVG:0.00
BEI_PRN:58,62,32,27,28,40,03,02,04,32,07,08,19,27,28,SAT_TAL:09
BEI_SNR:35,29,33,33,33,33,00,00,00,35,00,00,00,33,36,SNR_AVG:33.33
QZS_PRN:00,00,00,00,00,SAT_TAL:00
QZS_SNR:00,00,00,00,00,SNR_AVG:0.00
SatInView:29 GDOP:161
Roll:175.298615 Pitch:23.532282
X_AVG:-5.975904 Y_AVG:1.436215 Z_AVG:-19.613695
X_SD:0.079584 Y_SD:0.062913 Z_SD:0.000000
$MXCM10033,2,50,20240103,025425,12,0E71007A,47EFA633,00D6,0000,272B,0A,9202*11
GPS_PRN:32,29,16,03,23,19619928,26,31,10,25,00,00,00,SAT_TAL:11
GPS_SNR:31,35,18,00,16,20,21,19,26,17,27,39,00,00,00,SNR_AVG:24.45
GLO_PRN:00,00,00,00,00,00,00,00,00,00,00,00,00,00,00,SAT_TAL:00
GLO_SNR:00,00,00,00,00,00,00,00,00,00,00,00,00,00,00,SNR_AVG:0.00
GAL_PRN:00,00,00,00,00,00,00,00,00,00,00,00,00,00,00,SAT_TAL:00
GAL_SNR:00,00,00,00,00,00,00,00,00,00,00,00,00,00,00,SNR_AVG:0.00
BEI_PRN:10,36,27,28,62,58,40,32,19,27,28,40,20,46,06,SAT_TAL:09
BEI_SNR:00,00,34,37,31,35,30,33,00,33,36,30,00,00,00,SNR_AVG:33.22
QZS_PRN:00,00,00,00,00,SAT_TAL:00
QZS_SNR:00,00,00,00,00,SNR_AVG:0.00
SatInView:35 GDOP:134
Roll:175.361984 Pitch:23.644726
X_AVG:-5.986918 Y_AVG:1.430852 Z_AVG:-19.613695
X_SD:0.075017 Y_SD:0.065999 Z_SD:0.000000
$MXCM10033,2,51,20240103,025640,00,0E710095,47EFA62D,00D6,0000,0000,00,9202*1A
GPS_PRN:19928,26,31,10,25,29,16,03,23,19632,00,00,00,SAT_TAL:01
GPS_SNR:00,00,00,00,00,00,21,00,00,00,00,00,00,00,00,SNR_AVG:21.00
GLO_PRN:00,00,00,00,00,00,00,00,00,00,00,00,00,00,00,SAT_TAL:00
GLO_SNR:00,00,00,00,00,00,00,00,00,00,00,00,00,00,00,SNR_AVG:0.00
GAL_PRN:00,00,00,00,00,00,00,00,00,00,00,00,00,00,00,SAT_TAL:00
GAL_SNR:00,00,00,00,00,00,00,00,00,00,00,00,00,00,00,SNR_AVG:0.00
BEI_PRN:00,00,00,00,00,00,00,00,00,00,00,00,00,00,00,SAT_TAL:00
BEI_SNR:00,00,00,00,00,00,00,00,00,00,00,00,00,00,00,SNR_AVG:0.00
QZS_PRN:00,00,00,00,00,SAT_TAL:00
QZS_SNR:00,00,00,00,00,SNR_AVG:0.00
SatInView:12 GDOP:16961
Roll:180.000015 Pitch:67.784950
X_AVG:-9.662905 Y_AVG:0.551731 Z_AVG:-4.040153
X_SD:0.075275 Y_SD:0.058637 Z_SD:0.090029
$MXCM10033,2,52,20240103,025655,12,0E70F75F,47EF7F47,00D6,0000,4501,08,9202*6A
GPS_PRN:31,29,25,03,19619928,23,26,10,00,00,00,00,00,SAT_TAL:08
GPS_SNR:14,18,17,17,19,00,18,00,15,25,00,00,00,00,00,SNR_AVG:17.88
GLO_PRN:00,00,00,00,00,00,00,00,00,00,00,00,00,00,00,SAT_TAL:00
GLO_SNR:00,00,00,00,00,00,00,00,00,00,00,00,00,00,00,SNR_AVG:0.00
GAL_PRN:00,00,00,00,00,00,00,00,00,00,00,00,00,00,00,SAT_TAL:00
GAL_SNR:00,00,00,00,00,00,00,00,00,00,00,00,00,00,00,SNR_AVG:0.00
BEI_PRN:32,03,13,32,08,19,27,00,00,00,00,00,00,00,00,SAT_TAL:03
BEI_SNR:20,00,29,27,00,00,00,00,00,00,00,00,00,00,00,SNR_AVG:25.33
QZS_PRN:00,00,00,00,00,SAT_TAL:00
QZS_SNR:00,00,00,00,00,SNR_AVG:0.00
SatInView:17 GDOP:141
Roll:180.000015 Pitch:66.793930
X_AVG:-9.657446 Y_AVG:0.550390 Z_AVG:-4.048437
X_SD:0.073706 Y_SD:0.059815 Z_SD:0.082334
$MXCM10033,2,53,20240103,025911,00,0E70F7A5,47EF8043,00D6,0000,0000,00,9202*15
GPS_PRN:29,10,16,03,00,00,00,00,00,00,00,00,00,00,00,SAT_TAL:00
GPS_SNR:00,00,00,00,00,00,00,00,00,00,00,00,00,00,00,SNR_AVG:0.00
GLO_PRN:00,00,00,00,00,00,00,00,00,00,00,00,00,00,00,SAT_TAL:00
GLO_SNR:00,00,00,00,00,00,00,00,00,00,00,00,00,00,00,SNR_AVG:0.00
GAL_PRN:00,00,00,00,00,00,00,00,00,00,00,00,00,00,00,SAT_TAL:00
GAL_SNR:00,00,00,00,00,00,00,00,00,00,00,00,00,00,00,SNR_AVG:0.00
BEI_PRN:00,00,00,00,00,00,00,00,00,00,00,00,00,00,00,SAT_TAL:00
BEI_SNR:00,00,00,00,00,00,00,00,00,00,00,00,00,00,00,SNR_AVG:0.00
QZS_PRN:00,00,00,00,00,SAT_TAL:00
QZS_SNR:00,00,00,00,00,SNR_AVG:0.00
SatInView:4 GDOP:17319
Roll:180.000015 Pitch:28.324268
X_AVG:-9.715818 Y_AVG:-0.091604 Z_AVG:-19.613695
X_SD:0.076448 Y_SD:0.058776 Z_SD:0.000000
$MXCM10033,2,54,20240103,025926,00,0E70F7A5,47EF8043,00D6,0000,0000,00,9202*16
GPS_PRN:29,00,00,00,00,00,00,00,00,00,00,00,00,00,00,SAT_TAL:00
GPS_SNR:00,00,00,00,00,00,00,00,00,00,00,00,00,00,00,SNR_AVG:0.00
GLO_PRN:00,00,00,00,00,00,00,00,00,00,00,00,00,00,00,SAT_TAL:00
GLO_SNR:00,00,00,00,00,00,00,00,00,00,00,00,00,00,00,SNR_AVG:0.00
GAL_PRN:00,00,00,00,00,00,00,00,00,00,00,00,00,00,00,SAT_TAL:00
GAL_SNR:00,00,00,00,00,00,00,00,00,00,00,00,00,00,00,SNR_AVG:0.00
BEI_PRN:03,01,02,04,36,28,57,00,00,00,00,00,00,00,00,SAT_TAL:00
BEI_SNR:00,00,00,00,00,00,00,00,00,00,00,00,00,00,00,SNR_AVG:0.00
QZS_PRN:00,00,00,00,00,SAT_TAL:00
QZS_SNR:00,00,00,00,00,SNR_AVG:0.00
SatInView:8 GDOP:17319
Roll:158.577927 Pitch:19.075109
X_AVG:-5.677197 Y_AVG:6.615408 Z_AVG:-19.613695
X_SD:1.306755 Y_SD:1.195504 Z_SD:0.000000
$MXCM10033,2,55,20240103,030141,00,0E70F730,47EF854E,00D6,0000,0000,00,9202*1E
GPS_PRN:32,28,26,31,29,10,25,16,03,19619900,00,00,00,SAT_TAL:02
GPS_SNR:21,00,00,00,20,00,00,00,00,00,00,00,00,00,00,SNR_AVG:20.50
GLO_PRN:00,00,00,00,00,00,00,00,00,00,00,00,00,00,00,SAT_TAL:00
GLO_SNR:00,00,00,00,00,00,00,00,00,00,00,00,00,00,00,SNR_AVG:0.00
GAL_PRN:00,00,00,00,00,00,00,00,00,00,00,00,00,00,00,SAT_TAL:00
GAL_SNR:00,00,00,00,00,00,00,00,00,00,00,00,00,00,00,SNR_AVG:0.00
BEI_PRN:10,19,32,06,27,20,46,00,00,00,00,00,00,00,00,SAT_TAL:00
BEI_SNR:00,00,00,00,00,00,00,00,00,00,00,00,00,00,00,SNR_AVG:0.00
QZS_PRN:00,00,00,00,00,SAT_TAL:00
QZS_SNR:00,00,00,00,00,SNR_AVG:0.00
SatInView:18 GDOP:10139
Roll:180.000015 Pitch:32.660999
X_AVG:-9.327471 Y_AVG:-0.073408 Z_AVG:-14.782051
X_SD:0.075635 Y_SD:0.055010 Z_SD:0.091579
$MXCM10033,2,56,20240103,030157,00,0E7112FF,47EF8732,00D6,0000,8201,00,9202*13
GPS_PRN:32,28,26,31,29,10,25,16,03,19619900,00,00,00,SAT_TAL:03
GPS_SNR:00,00,00,00,25,00,18,00,14,00,00,00,00,00,00,SNR_AVG:19.00
GLO_PRN:00,00,00,00,00,00,00,00,00,00,00,00,00,00,00,SAT_TAL:00
GLO_SNR:00,00,00,00,00,00,00,00,00,00,00,00,00,00,00,SNR_AVG:0.00
GAL_PRN:00,00,00,00,00,00,00,00,00,00,00,00,00,00,00,SAT_TAL:00
GAL_SNR:00,00,00,00,00,00,00,00,00,00,00,00,00,00,00,SNR_AVG:0.00
BEI_PRN:02,07,13,19,32,08,27,03,04,00,00,00,00,00,00,SAT_TAL:00
BEI_SNR:00,00,00,00,00,00,00,00,00,00,00,00,00,00,00,SNR_AVG:0.00
QZS_PRN:00,00,00,00,00,SAT_TAL:00
QZS_SNR:00,00,00,00,00,SNR_AVG:0.00
SatInView:20 GDOP:303
Roll:180.000015 Pitch:32.667194
X_AVG:-9.325939 Y_AVG:-0.076664 Z_AVG:-14.775634
X_SD:0.077508 Y_SD:0.061439 Z_SD:0.091966
$MXCM10033,2,57,20240103,030412,00,0E7110FB,47EF8635,00D6,0000,0000,00,9202*1D
GPS_PRN:29,10,16,25,00,00,00,00,00,00,00,00,00,00,00,SAT_TAL:01
GPS_SNR:20,00,00,00,00,00,00,00,00,00,00,00,00,00,00,SNR_AVG:20.00
GLO_PRN:00,00,00,00,00,00,00,00,00,00,00,00,00,00,00,SAT_TAL:00
GLO_SNR:00,00,00,00,00,00,00,00,00,00,00,00,00,00,00,SNR_AVG:0.00
GAL_PRN:00,00,00,00,00,00,00,00,00,00,00,00,00,00,00,SAT_TAL:00
GAL_SNR:00,00,00,00,00,00,00,00,00,00,00,00,00,00,00,SNR_AVG:0.00
BEI_PRN:00,00,00,00,00,00,00,00,00,00,00,00,00,00,00,SAT_TAL:00
BEI_SNR:00,00,00,00,00,00,00,00,00,00,00,00,00,00,00,SNR_AVG:0.00
QZS_PRN:00,00,00,00,00,SAT_TAL:00
QZS_SNR:00,00,00,00,00,SNR_AVG:0.00
SatInView:4 GDOP:16939
Roll:180.000015 Pitch:32.671860
X_AVG:-9.331397 Y_AVG:-0.080447 Z_AVG:-14.767398
X_SD:0.074571 Y_SD:0.061210 Z_SD:0.084225
$MXCM10033,2,58,20240103,030427,12,0E70FAA5,47EF7BBA,00D6,0000,4D3E,05,9202*1D
GPS_PRN:32,28,29,10,16,25,03,19619900,00,00,00,00,00,SAT_TAL:05
GPS_SNR:18,00,22,00,16,20,19,00,00,00,00,00,00,00,00,SNR_AVG:19.00
GLO_PRN:00,00,00,00,00,00,00,00,00,00,00,00,00,00,00,SAT_TAL:00
GLO_SNR:00,00,00,00,00,00,00,00,00,00,00,00,00,00,00,SNR_AVG:0.00
GAL_PRN:00,00,00,00,00,00,00,00,00,00,00,00,00,00,00,SAT_TAL:00
GAL_SNR:00,00,00,00,00,00,00,00,00,00,00,00,00,00,00,SNR_AVG:0.00
BEI_PRN:09,04,19,07,13,32,08,27,03,02,00,00,00,00,00,SAT_TAL:00
BEI_SNR:00,00,00,00,00,00,00,00,00,00,00,00,00,00,00,SNR_AVG:0.00
QZS_PRN:00,00,00,00,00,SAT_TAL:00
QZS_SNR:00,00,00,00,00,SNR_AVG:0.00
SatInView:19 GDOP:161
Roll:180.000015 Pitch:32.667744
X_AVG:-9.329290 Y_AVG:-0.080351 Z_AVG:-14.769074
X_SD:0.088915 Y_SD:0.056600 Z_SD:0.099093
$MXCM10033,2,59,20240103,030642,00,0E70FAD3,47EF7C67,00D6,0000,0000,00,9202*1D
GPS_PRN:29,10,25,00,00,00,00,00,00,00,00,00,00,00,00,SAT_TAL:00
GPS_SNR:00,00,00,00,00,00,00,00,00,00,00,00,00,00,00,SNR_AVG:0.00
GLO_PRN:00,00,00,00,00,00,00,00,00,00,00,00,00,00,00,SAT_TAL:00
GLO_SNR:00,00,00,00,00,00,00,00,00,00,00,00,00,00,00,SNR_AVG:0.00
GAL_PRN:00,00,00,00,00,00,00,00,00,00,00,00,00,00,00,SAT_TAL:00
GAL_SNR:00,00,00,00,00,00,00,00,00,00,00,00,00,00,00,SNR_AVG:0.00
BEI_PRN:00,00,00,00,00,00,00,00,00,00,00,00,00,00,00,SAT_TAL:00
BEI_SNR:00,00,00,00,00,00,00,00,00,00,00,00,00,00,00,SNR_AVG:0.00
QZS_PRN:00,00,00,00,00,SAT_TAL:00
QZS_SNR:00,00,00,00,00,SNR_AVG:0.00
SatInView:3 GDOP:17319
Roll:180.000015 Pitch:32.664925
X_AVG:-9.327184 Y_AVG:-0.084948 Z_AVG:-14.774437
X_SD:0.077247 Y_SD:0.062105 Z_SD:0.094706
$MXCM10033,2,60,20240103,030657,00,0E70FAD3,47EF7C67,00D6,0000,0000,00,9202*13
GPS_PRN:00,00,00,00,00,00,00,00,00,00,00,00,00,00,00,SAT_TAL:00
GPS_SNR:00,00,00,00,00,00,00,00,00,00,00,00,00,00,00,SNR_AVG:0.00
GLO_PRN:00,00,00,00,00,00,00,00,00,00,00,00,00,00,00,SAT_TAL:00
GLO_SNR:00,00,00,00,00,00,00,00,00,00,00,00,00,00,00,SNR_AVG:0.00
GAL_PRN:00,00,00,00,00,00,00,00,00,00,00,00,00,00,00,SAT_TAL:00
GAL_SNR:00,00,00,00,00,00,00,00,00,00,00,00,00,00,00,SNR_AVG:0.00
BEI_PRN:15,13,08,10,00,00,00,00,00,00,00,00,00,00,00,SAT_TAL:00
BEI_SNR:00,00,00,00,00,00,00,00,00,00,00,00,00,00,00,SNR_AVG:0.00
QZS_PRN:00,00,00,00,00,SAT_TAL:00
QZS_SNR:00,00,00,00,00,SNR_AVG:0.00
SatInView:4 GDOP:17319
Roll:180.000015 Pitch:32.670395
X_AVG:-9.316314 Y_AVG:-0.078723 Z_AVG:-14.767494
X_SD:0.081191 Y_SD:0.064481 Z_SD:0.089443
$MXCM10033,2,61,20240103,030912,00,0E70FAD3,47EF7C67,00D6,0000,0000,00,9202*1C
GPS_PRN:29,16,10,25,00,00,00,00,00,00,00,00,00,00,00,SAT_TAL:00
GPS_SNR:00,00,00,00,00,00,00,00,00,00,00,00,00,00,00,SNR_AVG:0.00
GLO_PRN:00,00,00,00,00,00,00,00,00,00,00,00,00,00,00,SAT_TAL:00
GLO_SNR:00,00,00,00,00,00,00,00,00,00,00,00,00,00,00,SNR_AVG:0.00
GAL_PRN:00,00,00,00,00,00,00,00,00,00,00,00,00,00,00,SAT_TAL:00
GAL_SNR:00,00,00,00,00,00,00,00,00,00,00,00,00,00,00,SNR_AVG:0.00
BEI_PRN:00,00,00,00,00,00,00,00,00,00,00,00,00,00,00,SAT_TAL:00
BEI_SNR:00,00,00,00,00,00,00,00,00,00,00,00,00,00,00,SNR_AVG:0.00
QZS_PRN:00,00,00,00,00,SAT_TAL:00
QZS_SNR:00,00,00,00,00,SNR_AVG:0.00
SatInView:4 GDOP:17319
Roll:0.000000 Pitch:0.000000
X_AVG:-0.266384 Y_AVG:-0.189194 Z_AVG:19.604118
X_SD:0.069840 Y_SD:0.053618 Z_SD:0.000000
$MXCM10033,2,62,20240103,030927,00,0E70FAD3,47EF7C67,00D6,0000,0000,00,9202*19
GPS_PRN:00,00,00,00,00,00,00,00,00,00,00,00,00,00,00,SAT_TAL:00
GPS_SNR:00,00,00,00,00,00,00,00,00,00,00,00,00,00,00,SNR_AVG:0.00
GLO_PRN:00,00,00,00,00,00,00,00,00,00,00,00,00,00,00,SAT_TAL:00
GLO_SNR:00,00,00,00,00,00,00,00,00,00,00,00,00,00,00,SNR_AVG:0.00
GAL_PRN:00,00,00,00,00,00,00,00,00,00,00,00,00,00,00,SAT_TAL:00
GAL_SNR:00,00,00,00,00,00,00,00,00,00,00,00,00,00,00,SNR_AVG:0.00
BEI_PRN:15,13,08,10,00,00,00,00,00,00,00,00,00,00,00,SAT_TAL:00
BEI_SNR:00,00,00,00,00,00,00,00,00,00,00,00,00,00,00,SNR_AVG:0.00
QZS_PRN:00,00,00,00,00,SAT_TAL:00
QZS_SNR:00,00,00,00,00,SNR_AVG:0.00
SatInView:4 GDOP:17319
Roll:0.015875 Pitch:-0.000474
X_AVG:-0.207438 Y_AVG:-0.144230 Z_AVG:19.277782
X_SD:1.765776 Y_SD:1.751729 Z_SD:3.313089
$MXCM10033,3*35
$MXCM001,10033,0*2B
======== Tracker Setting ========
[System]
COMPort:COM9
SerialNumber:MX231214CW000001
FirmwareVersion:231220163813_v1.0.CN
[Periodic]
Enable:1
Stage:2
WorkMode:0
T0:15
T1:270
T2:120
T3:30
T4:120
FirstFixStage:2
TraceFixStage:0
PeriodicCycle:24
[Dynamic]
Enable:0
PrecisionChk:1
T5:70
T6:10
[Geofencing]
Enable:0
T7:30
T8:60
DistanceThreshold:500
DestinationLongitude:120.6886122
DestinationLatitude:24.2287275
DestinationAltitude:134
[MotionDetection]
Enable:1
Angle:45
DataRate:200
SampleFrequency:50
[GPS_EPO]
EpoDataNumber:12
FWN:2295
FTOW:172800
LWN:2295
LTOW:432000
[GLO_EPO]
EpoDataNumber:12
FWN:2295
FTOW:172800
LWN:2295
LTOW:432000
[GAL_EPO]
EpoDataNumber:0
FWN:0
FTOW:0
LWN:0
LTOW:0
[BEI_EPO]
EpoDataNumber:0
FWN:0
FTOW:0
LWN:0
LTOW:0
