$MXCM10033,0*36
$MXCM10033,1,68,212*08
$MXCM10033,2,1,19800105,235956,00,35A4E8F5,00000000,0089,0000,0000,00,9102*55
GPS_PRN:29,23,00,00,00,00,00,00,00,00,00,00,00,00,00,SAT_TAL:02
GPS_SNR:26,30,00,00,00,00,00,00,00,00,00,00,00,00,00,SNR_AVG:28.00
GLO_PRN:00,00,00,00,00,00,00,00,00,00,00,00,00,00,00,SAT_TAL:00
GLO_SNR:00,00,00,00,00,00,00,00,00,00,00,00,00,00,00,SNR_AVG:0.00
GAL_PRN:00,00,00,00,00,00,00,00,00,00,00,00,00,00,00,SAT_TAL:00
GAL_SNR:00,00,00,00,00,00,00,00,00,00,00,00,00,00,00,SNR_AVG:0.00
BEI_PRN:50,40,40,00,00,00,00,00,00,00,00,00,00,00,00,SAT_TAL:03
BEI_SNR:30,26,26,00,00,00,00,00,00,00,00,00,00,00,00,SNR_AVG:27.33
QZS_PRN:00,00,00,00,00,SAT_TAL:00
QZS_SNR:00,00,00,00,00,SNR_AVG:0.00
SatInView:5 GDOP:19998
Roll:108.560249 Pitch:71.153877
X_AVG:-7.562861 Y_AVG:3.850768 Z_AVG:-5.037262
X_SD:9.765055 Y_SD:13.267900 Z_SD:9.350865
$MXCM10033,2,2,19800106,000011,00,35A4E8F5,00000000,0089,0000,0000,00,9102*5B
GPS_PRN:28,10,00,00,00,00,00,00,00,00,00,00,00,00,00,SAT_TAL:02
GPS_SNR:30,34,00,00,00,00,00,00,00,00,00,00,00,00,00,SNR_AVG:32.00
GLO_PRN:00,00,00,00,00,00,00,00,00,00,00,00,00,00,00,SAT_TAL:00
GLO_SNR:00,00,00,00,00,00,00,00,00,00,00,00,00,00,00,SNR_AVG:0.00
GAL_PRN:00,00,00,00,00,00,00,00,00,00,00,00,00,00,00,SAT_TAL:00
GAL_SNR:00,00,00,00,00,00,00,00,00,00,00,00,00,00,00,SNR_AVG:0.00
BEI_PRN:62,40,00,00,00,00,00,00,00,00,00,00,00,00,00,SAT_TAL:02
BEI_SNR:28,26,00,00,00,00,00,00,00,00,00,00,00,00,00,SNR_AVG:27.00
QZS_PRN:00,00,00,00,00,SAT_TAL:00
QZS_SNR:00,00,00,00,00,SNR_AVG:0.00
SatInView:4 GDOP:19998
Roll:126.276100 Pitch:46.855106
X_AVG:-10.671938 Y_AVG:8.344871 Z_AVG:-6.694131
X_SD:8.020112 Y_SD:9.776716 Z_SD:9.117123
$MXCM10033,2,3,19800106,000024,00,35A4E8F5,00000000,0089,0000,0000,00,9102*5C
GPS_PRN:32,28,10,31,00,00,00,00,00,00,00,00,00,00,00,SAT_TAL:04
GPS_SNR:33,30,32,34,00,00,00,00,00,00,00,00,00,00,00,SNR_AVG:32.25
GLO_PRN:00,00,00,00,00,00,00,00,00,00,00,00,00,00,00,SAT_TAL:00
GLO_SNR:00,00,00,00,00,00,00,00,00,00,00,00,00,00,00,SNR_AVG:0.00
GAL_PRN:00,00,00,00,00,00,00,00,00,00,00,00,00,00,00,SAT_TAL:00
GAL_SNR:00,00,00,00,00,00,00,00,00,00,00,00,00,00,00,SNR_AVG:0.00
BEI_PRN:20,20,62,40,00,00,00,00,00,00,00,00,00,00,00,SAT_TAL:04
BEI_SNR:30,30,29,25,00,00,00,00,00,00,00,00,00,00,00,SNR_AVG:28.50
QZS_PRN:00,00,00,00,00,SAT_TAL:00
QZS_SNR:00,00,00,00,00,SNR_AVG:0.00
SatInView:8 GDOP:19998
Roll:26.070667 Pitch:28.742825
X_AVG:-10.671938 Y_AVG:8.344871 Z_AVG:-6.694131
X_SD:8.020112 Y_SD:9.776716 Z_SD:9.117123
$MXCM10033,2,4,19800109,021056,00,35A4E8F5,00000000,0089,0000,0000,00,9102*52
GPS_PRN:23,31,32,12,28,10,29,00,00,00,00,00,00,00,00,SAT_TAL:07
GPS_SNR:28,33,31,30,30,33,31,00,00,00,00,00,00,00,00,SNR_AVG:30.86
GLO_PRN:00,00,00,00,00,00,00,00,00,00,00,00,00,00,00,SAT_TAL:00
GLO_SNR:00,00,00,00,00,00,00,00,00,00,00,00,00,00,00,SNR_AVG:0.00
GAL_PRN:00,00,00,00,00,00,00,00,00,00,00,00,00,00,00,SAT_TAL:00
GAL_SNR:00,00,00,00,00,00,00,00,00,00,00,00,00,00,00,SNR_AVG:0.00
BEI_PRN:20,62,40,20,00,00,00,00,00,00,00,00,00,00,00,SAT_TAL:04
BEI_SNR:24,27,24,23,00,00,00,00,00,00,00,00,00,00,00,SNR_AVG:24.50
QZS_PRN:00,00,00,00,00,SAT_TAL:00
QZS_SNR:00,00,00,00,00,SNR_AVG:0.00
SatInView:11 GDOP:19998
Roll:144.306931 Pitch:52.385391
X_AVG:-8.202126 Y_AVG:4.271294 Z_AVG:-6.997961
X_SD:8.123487 Y_SD:7.979542 Z_SD:6.390767
$MXCM10033,2,5,19800109,021110,00,35A4E8F5,00000000,0089,0000,0000,00,9102*50
GPS_PRN:23,31,32,12,28,10,26,29,00,00,00,00,00,00,00,SAT_TAL:08
GPS_SNR:30,30,28,31,29,33,32,30,00,00,00,00,00,00,00,SNR_AVG:30.38
GLO_PRN:00,00,00,00,00,00,00,00,00,00,00,00,00,00,00,SAT_TAL:00
GLO_SNR:00,00,00,00,00,00,00,00,00,00,00,00,00,00,00,SNR_AVG:0.00
GAL_PRN:00,00,00,00,00,00,00,00,00,00,00,00,00,00,00,SAT_TAL:00
GAL_SNR:00,00,00,00,00,00,00,00,00,00,00,00,00,00,00,SNR_AVG:0.00
BEI_PRN:46,20,62,40,20,46,00,00,00,00,00,00,00,00,00,SAT_TAL:06
BEI_SNR:25,26,29,29,23,26,00,00,00,00,00,00,00,00,00,SNR_AVG:26.33
QZS_PRN:00,00,00,00,00,SAT_TAL:00
QZS_SNR:00,00,00,00,00,SNR_AVG:0.00
SatInView:14 GDOP:19998
Roll:148.496750 Pitch:49.793396
X_AVG:-7.379844 Y_AVG:3.262596 Z_AVG:-6.659510
X_SD:7.811234 Y_SD:7.069047 Z_SD:6.905752
$MXCM10033,2,6,19800109,021124,00,35A4E8F5,00000000,0089,0000,0000,00,9102*54
GPS_PRN:31,19619419510,29,32,23,28,00,00,00,00,00,00,SAT_TAL:09
GPS_SNR:33,23,21,30,33,31,28,31,28,00,00,00,00,00,00,SNR_AVG:28.67
GLO_PRN:00,00,00,00,00,00,00,00,00,00,00,00,00,00,00,SAT_TAL:00
GLO_SNR:00,00,00,00,00,00,00,00,00,00,00,00,00,00,00,SNR_AVG:0.00
GAL_PRN:00,00,00,00,00,00,00,00,00,00,00,00,00,00,00,SAT_TAL:00
GAL_SNR:00,00,00,00,00,00,00,00,00,00,00,00,00,00,00,SNR_AVG:0.00
BEI_PRN:46,20,59,62,46,40,20,00,00,00,00,00,00,00,00,SAT_TAL:07
BEI_SNR:29,23,29,27,31,29,20,00,00,00,00,00,00,00,00,SNR_AVG:26.86
QZS_PRN:00,00,00,00,00,SAT_TAL:00
QZS_SNR:00,00,00,00,00,SNR_AVG:0.00
SatInView:16 GDOP:19998
Roll:21.831379 Pitch:30.823042
X_AVG:-7.379844 Y_AVG:3.262596 Z_AVG:-6.659510
X_SD:7.811234 Y_SD:7.069047 Z_SD:6.905752
$MXCM10033,2,7,19800109,021137,00,35A4E8F5,00000000,0089,0000,0000,00,9102*57
GPS_PRN:26,19519619410,23,29,31,32,28,00,00,00,00,00,SAT_TAL:10
GPS_SNR:29,31,29,30,33,33,30,26,32,23,00,00,00,00,00,SNR_AVG:29.60
GLO_PRN:00,00,00,00,00,00,00,00,00,00,00,00,00,00,00,SAT_TAL:00
GLO_SNR:00,00,00,00,00,00,00,00,00,00,00,00,00,00,00,SNR_AVG:0.00
GAL_PRN:00,00,00,00,00,00,00,00,00,00,00,00,00,00,00,SAT_TAL:00
GAL_SNR:00,00,00,00,00,00,00,00,00,00,00,00,00,00,00,SNR_AVG:0.00
BEI_PRN:46,62,20,46,59,40,20,00,00,00,00,00,00,00,00,SAT_TAL:07
BEI_SNR:18,29,25,17,27,28,25,00,00,00,00,00,00,00,00,SNR_AVG:24.14
QZS_PRN:00,00,00,00,00,SAT_TAL:00
QZS_SNR:00,00,00,00,00,SNR_AVG:0.00
SatInView:17 GDOP:19998
Roll:143.815765 Pitch:40.659721
X_AVG:-9.094846 Y_AVG:5.588275 Z_AVG:-8.577975
X_SD:6.923760 Y_SD:8.280351 Z_SD:5.376285
$MXCM10033,2,8,19800109,021150,00,35A4E8F5,00000000,0089,0000,0000,00,9102*59
GPS_PRN:26,19519619410,23,29,31,32,28,00,00,00,00,00,SAT_TAL:10
GPS_SNR:30,30,22,23,31,31,31,29,33,28,00,00,00,00,00,SNR_AVG:28.80
GLO_PRN:00,00,00,00,00,00,00,00,00,00,00,00,00,00,00,SAT_TAL:00
GLO_SNR:00,00,00,00,00,00,00,00,00,00,00,00,00,00,00,SNR_AVG:0.00
GAL_PRN:00,00,00,00,00,00,00,00,00,00,00,00,00,00,00,SAT_TAL:00
GAL_SNR:00,00,00,00,00,00,00,00,00,00,00,00,00,00,00,SNR_AVG:0.00
BEI_PRN:46,62,20,46,59,40,20,00,00,00,00,00,00,00,00,SAT_TAL:07
BEI_SNR:25,28,25,26,25,25,27,00,00,00,00,00,00,00,00,SNR_AVG:25.86
QZS_PRN:00,00,00,00,00,SAT_TAL:00
QZS_SNR:00,00,00,00,00,SNR_AVG:0.00
SatInView:17 GDOP:19998
Roll:148.598160 Pitch:52.681568
X_AVG:-7.421217 Y_AVG:4.428692 Z_AVG:-8.211367
X_SD:6.842401 Y_SD:8.264890 Z_SD:6.946245
$MXCM10033,2,9,19800109,021203,00,35A4E8F5,00000000,0089,0000,0000,00,9102*5D
GPS_PRN:29,10,19619431,32,26,28,00,00,00,00,00,00,00,SAT_TAL:08
GPS_SNR:31,29,23,25,35,33,27,30,00,00,00,00,00,00,00,SNR_AVG:29.12
GLO_PRN:00,00,00,00,00,00,00,00,00,00,00,00,00,00,00,SAT_TAL:00
GLO_SNR:00,00,00,00,00,00,00,00,00,00,00,00,00,00,00,SNR_AVG:0.00
GAL_PRN:00,00,00,00,00,00,00,00,00,00,00,00,00,00,00,SAT_TAL:00
GAL_SNR:00,00,00,00,00,00,00,00,00,00,00,00,00,00,00,SNR_AVG:0.00
BEI_PRN:46,19,62,59,19,20,46,40,20,00,00,00,00,00,00,SAT_TAL:09
BEI_SNR:32,25,27,25,28,30,26,27,30,00,00,00,00,00,00,SNR_AVG:27.78
QZS_PRN:00,00,00,00,00,SAT_TAL:00
QZS_SNR:00,00,00,00,00,SNR_AVG:0.00
SatInView:17 GDOP:19998
Roll:150.036789 Pitch:45.561348
X_AVG:-6.895296 Y_AVG:4.560711 Z_AVG:-7.347091
X_SD:8.680298 Y_SD:7.725858 Z_SD:6.358410
$MXCM10033,2,10,19800109,021216,00,35A4E8F5,00000000,0089,0000,0000,00,9102*61
GPS_PRN:29,19619432,26,28,10,31,00,00,00,00,00,00,00,SAT_TAL:08
GPS_SNR:34,28,32,23,32,30,32,30,00,00,00,00,00,00,00,SNR_AVG:30.12
GLO_PRN:00,00,00,00,00,00,00,00,00,00,00,00,00,00,00,SAT_TAL:00
GLO_SNR:00,00,00,00,00,00,00,00,00,00,00,00,00,00,00,SNR_AVG:0.00
GAL_PRN:00,00,00,00,00,00,00,00,00,00,00,00,00,00,00,SAT_TAL:00
GAL_SNR:00,00,00,00,00,00,00,00,00,00,00,00,00,00,00,SNR_AVG:0.00
BEI_PRN:20,46,19,23,19,23,62,20,46,59,40,00,00,00,00,SAT_TAL:11
BEI_SNR:24,28,28,29,29,31,31,27,27,28,26,00,00,00,00,SNR_AVG:28.00
QZS_PRN:00,00,00,00,00,SAT_TAL:00
QZS_SNR:00,00,00,00,00,SNR_AVG:0.00
SatInView:19 GDOP:19998
Roll:83.180908 Pitch:59.737244
X_AVG:-6.867571 Y_AVG:5.300869 Z_AVG:-7.111210
X_SD:9.470002 Y_SD:8.515813 Z_SD:7.544970
$MXCM10033,2,11,20240103,021230,12,0E984243,47EDB563,006A,0003,61C2,09,9102*1B
GPS_PRN:32,31,26,29,19619419919523,12,16,28,10,25,00,SAT_TAL:13
GPS_SNR:37,36,30,28,25,25,00,28,26,31,28,34,26,30,00,SNR_AVG:29.54
GLO_PRN:00,00,00,00,00,00,00,00,00,00,00,00,00,00,00,SAT_TAL:00
GLO_SNR:00,00,00,00,00,00,00,00,00,00,00,00,00,00,00,SNR_AVG:0.00
GAL_PRN:00,00,00,00,00,00,00,00,00,00,00,00,00,00,00,SAT_TAL:00
GAL_SNR:00,00,00,00,00,00,00,00,00,00,00,00,00,00,00,SNR_AVG:0.00
BEI_PRN:46,62,20,32,19,23,40,46,20,37,16,32,06,13,09,SAT_TAL:10
BEI_SNR:33,24,34,25,31,12,22,31,34,00,00,24,00,00,00,SNR_AVG:27.00
QZS_PRN:00,00,00,00,00,SAT_TAL:00
QZS_SNR:00,00,00,00,00,SNR_AVG:0.00
SatInView:35 GDOP:221
Roll:160.000015 Pitch:51.066334
X_AVG:-8.583434 Y_AVG:4.884126 Z_AVG:-7.752773
X_SD:8.729049 Y_SD:7.799889 Z_SD:7.493786
$MXCM10033,2,12,20240103,021245,12,0E986FC3,47EDFB94,005C,0012,07BA,09,9102*13
GPS_PRN:32,31,26,29,19619419919523,12,16,28,10,25,00,SAT_TAL:13
GPS_SNR:26,35,30,30,22,29,00,31,31,33,30,25,31,31,00,SNR_AVG:29.54
GLO_PRN:00,00,00,00,00,00,00,00,00,00,00,00,00,00,00,SAT_TAL:00
GLO_SNR:00,00,00,00,00,00,00,00,00,00,00,00,00,00,00,SNR_AVG:0.00
GAL_PRN:00,00,00,00,00,00,00,00,00,00,00,00,00,00,00,SAT_TAL:00
GAL_SNR:00,00,00,00,00,00,00,00,00,00,00,00,00,00,00,SNR_AVG:0.00
BEI_PRN:23,50,20,37,32,19,23,40,20,37,03,32,16,01,13,SAT_TAL:11
BEI_SNR:30,32,20,26,29,31,28,28,23,24,00,30,00,00,00,SNR_AVG:27.36
QZS_PRN:00,00,00,00,00,SAT_TAL:00
QZS_SNR:00,00,00,00,00,SNR_AVG:0.00
SatInView:35 GDOP:221
Roll:154.510162 Pitch:41.772537
X_AVG:-6.376462 Y_AVG:4.071230 Z_AVG:-9.285619
X_SD:6.928424 Y_SD:7.678883 Z_SD:7.216097
$MXCM10033,2,13,20240103,021300,12,0E98C677,47EE0EFB,0056,0013,89F4,09,9102*1D
GPS_PRN:32,31,26,29,19619419919523,12,16,28,10,25,00,SAT_TAL:13
GPS_SNR:20,36,33,31,27,24,00,30,32,33,33,33,34,28,00,SNR_AVG:30.31
GLO_PRN:00,00,00,00,00,00,00,00,00,00,00,00,00,00,00,SAT_TAL:00
GLO_SNR:00,00,00,00,00,00,00,00,00,00,00,00,00,00,00,SNR_AVG:0.00
GAL_PRN:00,00,00,00,00,00,00,00,00,00,00,00,00,00,00,SAT_TAL:00
GAL_SNR:00,00,00,00,00,00,00,00,00,00,00,00,00,00,00,SNR_AVG:0.00
BEI_PRN:36,50,20,37,32,19,23,40,20,37,16,32,06,13,09,SAT_TAL:10
BEI_SNR:00,31,28,20,28,30,28,27,27,22,00,28,00,00,00,SNR_AVG:26.90
QZS_PRN:00,00,00,00,00,SAT_TAL:00
QZS_SNR:00,00,00,00,00,SNR_AVG:0.00
SatInView:35 GDOP:220
Roll:156.391693 Pitch:55.400188
X_AVG:-5.069920 Y_AVG:3.333083 Z_AVG:-8.850297
X_SD:6.397322 Y_SD:7.078719 Z_SD:7.654194
$MXCM10033,2,14,20240103,021315,12,0E99273F,47EE1DED,004C,000F,0E86,0A,9102*6F
GPS_PRN:32,31,26,29,19619419919523,12,16,28,10,25,00,SAT_TAL:13
GPS_SNR:37,37,31,32,28,25,00,29,29,32,29,36,25,32,00,SNR_AVG:30.92
GLO_PRN:00,00,00,00,00,00,00,00,00,00,00,00,00,00,00,SAT_TAL:00
GLO_SNR:00,00,00,00,00,00,00,00,00,00,00,00,00,00,00,SNR_AVG:0.00
GAL_PRN:00,00,00,00,00,00,00,00,00,00,00,00,00,00,00,SAT_TAL:00
GAL_SNR:00,00,00,00,00,00,00,00,00,00,00,00,00,00,00,SNR_AVG:0.00
BEI_PRN:36,50,20,37,32,19,23,40,20,37,16,32,06,13,09,SAT_TAL:10
BEI_SNR:00,34,34,34,22,34,28,20,34,34,00,25,00,00,00,SNR_AVG:29.90
QZS_PRN:00,00,00,00,00,SAT_TAL:00
QZS_SNR:00,00,00,00,00,SNR_AVG:0.00
SatInView:35 GDOP:212
Roll:152.281158 Pitch:43.941055
X_AVG:-6.416590 Y_AVG:4.655763 Z_AVG:-10.084341
X_SD:6.835858 Y_SD:7.520184 Z_SD:7.153161
$MXCM10033,2,15,20240103,021330,12,0E9924FA,47EE7663,005C,0013,2E7E,0A,9102*63
GPS_PRN:32,31,26,29,19619419919523,12,16,28,10,25,00,SAT_TAL:13
GPS_SNR:37,29,22,33,30,30,00,30,31,34,27,33,28,36,00,SNR_AVG:30.77
GLO_PRN:00,00,00,00,00,00,00,00,00,00,00,00,00,00,00,SAT_TAL:00
GLO_SNR:00,00,00,00,00,00,00,00,00,00,00,00,00,00,00,SNR_AVG:0.00
GAL_PRN:00,00,00,00,00,00,00,00,00,00,00,00,00,00,00,SAT_TAL:00
GAL_SNR:00,00,00,00,00,00,00,00,00,00,00,00,00,00,00,SNR_AVG:0.00
BEI_PRN:36,50,20,37,32,19,23,40,20,37,16,32,06,13,09,SAT_TAL:10
BEI_SNR:00,30,32,35,29,26,30,28,33,33,00,28,00,00,00,SNR_AVG:30.40
QZS_PRN:00,00,00,00,00,SAT_TAL:00
QZS_SNR:00,00,00,00,00,SNR_AVG:0.00
SatInView:35 GDOP:134
Roll:143.259735 Pitch:45.255600
X_AVG:-10.602361 Y_AVG:7.212917 Z_AVG:-10.079696
X_SD:7.348562 Y_SD:8.426931 Z_SD:7.976876
$MXCM10033,2,16,20240103,021345,12,0E98FAFB,47EE571C,006E,000B,310F,0A,9102*11
GPS_PRN:32,31,26,29,19619419919523,12,16,28,10,25,00,SAT_TAL:13
GPS_SNR:35,32,31,34,25,25,00,29,30,34,28,31,33,33,00,SNR_AVG:30.77
GLO_PRN:00,00,00,00,00,00,00,00,00,00,00,00,00,00,00,SAT_TAL:00
GLO_SNR:00,00,00,00,00,00,00,00,00,00,00,00,00,00,00,SNR_AVG:0.00
GAL_PRN:00,00,00,00,00,00,00,00,00,00,00,00,00,00,00,SAT_TAL:00
GAL_SNR:00,00,00,00,00,00,00,00,00,00,00,00,00,00,00,SNR_AVG:0.00
BEI_PRN:36,50,20,37,32,19,23,40,20,37,16,32,06,13,09,SAT_TAL:10
BEI_SNR:00,30,21,29,26,28,33,27,24,31,00,24,00,00,00,SNR_AVG:27.30
QZS_PRN:00,00,00,00,00,SAT_TAL:00
QZS_SNR:00,00,00,00,00,SNR_AVG:0.00
SatInView:35 GDOP:212
Roll:148.898743 Pitch:52.955502
X_AVG:-8.249484 Y_AVG:5.180247 Z_AVG:-7.856156
X_SD:8.900247 Y_SD:7.850238 Z_SD:7.295759
$MXCM10033,2,17,20240103,021400,12,0E98D23A,47EE429B,007C,000B,1179,0A,9102*61
GPS_PRN:31,29,19619419919523,12,16,28,32,10,25,26,00,SAT_TAL:13
GPS_SNR:33,30,30,24,00,30,32,33,29,33,32,33,30,29,00,SNR_AVG:30.62
GLO_PRN:00,00,00,00,00,00,00,00,00,00,00,00,00,00,00,SAT_TAL:00
GLO_SNR:00,00,00,00,00,00,00,00,00,00,00,00,00,00,00,SNR_AVG:0.00
GAL_PRN:00,00,00,00,00,00,00,00,00,00,00,00,00,00,00,SAT_TAL:00
GAL_SNR:00,00,00,00,00,00,00,00,00,00,00,00,00,00,00,SNR_AVG:0.00
BEI_PRN:40,20,37,32,16,23,50,20,32,19,23,00,00,00,00,SAT_TAL:08
BEI_SNR:30,00,27,31,00,29,31,00,33,29,27,00,00,00,00,SNR_AVG:29.62
QZS_PRN:00,00,00,00,00,SAT_TAL:00
QZS_SNR:00,00,00,00,00,SNR_AVG:0.00
SatInView:25 GDOP:212
Roll:143.309296 Pitch:47.415989
X_AVG:-7.063468 Y_AVG:4.145739 Z_AVG:-7.101680
X_SD:7.350346 Y_SD:7.915930 Z_SD:4.773277
$MXCM10033,2,18,20240103,021415,12,0E988237,47EE6EE5,0084,001B,456E,0A,9102*1B
GPS_PRN:32,31,26,29,19619419919523,12,16,28,10,25,00,SAT_TAL:13
GPS_SNR:39,23,23,33,31,31,00,31,32,36,28,28,31,34,00,SNR_AVG:30.77
GLO_PRN:00,00,00,00,00,00,00,00,00,00,00,00,00,00,00,SAT_TAL:00
GLO_SNR:00,00,00,00,00,00,00,00,00,00,00,00,00,00,00,SNR_AVG:0.00
GAL_PRN:00,00,00,00,00,00,00,00,00,00,00,00,00,00,00,SAT_TAL:00
GAL_SNR:00,00,00,00,00,00,00,00,00,00,00,00,00,00,00,SNR_AVG:0.00
BEI_PRN:36,50,20,37,32,19,23,40,20,37,16,32,06,13,09,SAT_TAL:12
BEI_SNR:23,27,30,33,33,25,33,27,32,34,00,29,00,00,22,SNR_AVG:29.00
QZS_PRN:00,00,00,00,00,SAT_TAL:00
QZS_SNR:00,00,00,00,00,SNR_AVG:0.00
SatInView:35 GDOP:211
Roll:-176.711044 Pitch:65.382973
X_AVG:-7.173747 Y_AVG:2.933435 Z_AVG:-7.321425
X_SD:8.206631 Y_SD:8.277990 Z_SD:6.970489
$MXCM10033,2,19,20240103,021630,12,0E98F9F3,47EE16B4,0077,0019,3E99,0B,9202*1A
GPS_PRN:32,28,10,25,31,26,29,23,12,16,19619419500,00,SAT_TAL:13
GPS_SNR:34,28,28,36,31,27,33,33,35,25,25,31,32,00,00,SNR_AVG:30.62
GLO_PRN:00,00,00,00,00,00,00,00,00,00,00,00,00,00,00,SAT_TAL:00
GLO_SNR:00,00,00,00,00,00,00,00,00,00,00,00,00,00,00,SNR_AVG:0.00
GAL_PRN:00,00,00,00,00,00,00,00,00,00,00,00,00,00,00,SAT_TAL:00
GAL_SNR:00,00,00,00,00,00,00,00,00,00,00,00,00,00,00,SNR_AVG:0.00
BEI_PRN:27,37,37,27,50,00,00,00,00,00,00,00,00,00,00,SAT_TAL:05
BEI_SNR:28,29,31,31,27,00,00,00,00,00,00,00,00,00,00,SNR_AVG:29.20
QZS_PRN:00,00,00,00,00,SAT_TAL:00
QZS_SNR:00,00,00,00,00,SNR_AVG:0.00
SatInView:18 GDOP:178
Roll:151.486984 Pitch:58.235203
X_AVG:-6.103757 Y_AVG:3.610337 Z_AVG:-7.940769
X_SD:6.753770 Y_SD:7.846035 Z_SD:7.138921
$MXCM10033,2,20,20240103,021646,12,0E987214,47EE4C44,006F,0014,3038,0B,9202*1E
GPS_PRN:32,31,26,29,23,12,16,19619419919528,10,25,00,SAT_TAL:13
GPS_SNR:28,30,32,32,29,30,29,29,26,00,27,28,34,24,00,SNR_AVG:29.08
GLO_PRN:00,00,00,00,00,00,00,00,00,00,00,00,00,00,00,SAT_TAL:00
GLO_SNR:00,00,00,00,00,00,00,00,00,00,00,00,00,00,00,SNR_AVG:0.00
GAL_PRN:00,00,00,00,00,00,00,00,00,00,00,00,00,00,00,SAT_TAL:00
GAL_SNR:00,00,00,00,00,00,00,00,00,00,00,00,00,00,00,SNR_AVG:0.00
BEI_PRN:23,36,27,50,60,37,32,27,20,03,37,06,16,32,13,SAT_TAL:10
BEI_SNR:00,00,19,28,29,22,31,17,00,00,24,00,23,29,28,SNR_AVG:25.00
QZS_PRN:00,00,00,00,00,SAT_TAL:00
QZS_SNR:00,00,00,00,00,SNR_AVG:0.00
SatInView:35 GDOP:178
Roll:158.347870 Pitch:43.902035
X_AVG:-7.239685 Y_AVG:4.243904 Z_AVG:-9.677845
X_SD:7.181569 Y_SD:6.869284 Z_SD:6.922528
$MXCM10033,2,21,20240103,021901,12,0E97AD21,47EEDB87,006D,000D,17EC,0B,9202*1F
GPS_PRN:10,31,26,29,19619523,12,16,28,32,25,00,00,00,SAT_TAL:12
GPS_SNR:34,32,30,31,28,30,32,32,30,28,25,31,00,00,00,SNR_AVG:30.25
GLO_PRN:00,00,00,00,00,00,00,00,00,00,00,00,00,00,00,SAT_TAL:00
GLO_SNR:00,00,00,00,00,00,00,00,00,00,00,00,00,00,00,SNR_AVG:0.00
GAL_PRN:00,00,00,00,00,00,00,00,00,00,00,00,00,00,00,SAT_TAL:00
GAL_SNR:00,00,00,00,00,00,00,00,00,00,00,00,00,00,00,SNR_AVG:0.00
BEI_PRN:46,37,38,07,36,27,46,37,36,27,39,00,00,00,00,SAT_TAL:09
BEI_SNR:25,20,00,00,30,19,25,23,27,14,20,00,00,00,00,SNR_AVG:22.56
QZS_PRN:00,00,00,00,00,SAT_TAL:00
QZS_SNR:00,00,00,00,00,SNR_AVG:0.00
SatInView:23 GDOP:126
Roll:151.775513 Pitch:55.597519
X_AVG:-7.201233 Y_AVG:4.107288 Z_AVG:-9.227535
X_SD:7.915309 Y_SD:7.622623 Z_SD:7.550349
$MXCM10033,2,22,20240103,021917,12,0E979B70,47EEABE4,0070,001E,5271,0B,9202*6E
GPS_PRN:32,26,29,23,19619419512,16,28,10,25,31,00,00,SAT_TAL:12
GPS_SNR:30,33,35,32,31,00,31,32,30,24,33,31,29,00,00,SNR_AVG:30.92
GLO_PRN:00,00,00,00,00,00,00,00,00,00,00,00,00,00,00,SAT_TAL:00
GLO_SNR:00,00,00,00,00,00,00,00,00,00,00,00,00,00,00,SNR_AVG:0.00
GAL_PRN:00,00,00,00,00,00,00,00,00,00,00,00,00,00,00,SAT_TAL:00
GAL_SNR:00,00,00,00,00,00,00,00,00,00,00,00,00,00,00,SNR_AVG:0.00
BEI_PRN:19,36,27,46,20,37,32,36,39,46,20,03,37,06,16,SAT_TAL:11
BEI_SNR:26,30,30,28,23,20,34,29,18,25,24,00,00,00,00,SNR_AVG:26.09
QZS_PRN:00,00,00,00,00,SAT_TAL:00
QZS_SNR:00,00,00,00,00,SNR_AVG:0.00
SatInView:35 GDOP:126
Roll:147.434586 Pitch:52.053017
X_AVG:-6.502879 Y_AVG:4.330671 Z_AVG:-9.198708
X_SD:7.157966 Y_SD:7.592599 Z_SD:7.218106
$MXCM10033,2,23,20240103,022133,12,0E94D722,47EE7DB0,00C7,000A,6D01,0B,9202*19
GPS_PRN:32,16,03,28,10,25,31,19619419919526,29,23,12,SAT_TAL:13
GPS_SNR:35,33,26,29,35,30,33,25,00,00,33,33,30,34,32,SNR_AVG:31.38
GLO_PRN:00,00,00,00,00,00,00,00,00,00,00,00,00,00,00,SAT_TAL:00
GLO_SNR:00,00,00,00,00,00,00,00,00,00,00,00,00,00,00,SNR_AVG:0.00
GAL_PRN:00,00,00,00,00,00,00,00,00,00,00,00,00,00,00,SAT_TAL:00
GAL_SNR:00,00,00,00,00,00,00,00,00,00,00,00,00,00,00,SNR_AVG:0.00
BEI_PRN:00,00,00,00,00,00,00,00,00,00,00,00,00,00,00,SAT_TAL:00
BEI_SNR:00,00,00,00,00,00,00,00,00,00,00,00,00,00,00,SNR_AVG:0.00
QZS_PRN:00,00,00,00,00,SAT_TAL:00
QZS_SNR:00,00,00,00,00,SNR_AVG:0.00
SatInView:33 GDOP:178
Roll:31.530434 Pitch:23.553272
X_AVG:-1.329000 Y_AVG:9.606353 Z_AVG:8.851207
X_SD:7.582437 Y_SD:9.103476 Z_SD:7.530971
$MXCM10033,2,24,20240103,022148,12,0E947099,47EE8A5D,00DC,0021,4B7A,0B,9202*1D
GPS_PRN:32,28,10,25,31,26,29,19619419919523,12,16,03,SAT_TAL:14
GPS_SNR:36,26,31,34,30,29,36,28,32,00,32,32,35,30,28,SNR_AVG:31.36
GLO_PRN:00,00,00,00,00,00,00,00,00,00,00,00,00,00,00,SAT_TAL:00
GLO_SNR:00,00,00,00,00,00,00,00,00,00,00,00,00,00,00,SNR_AVG:0.00
GAL_PRN:00,00,00,00,00,00,00,00,00,00,00,00,00,00,00,SAT_TAL:00
GAL_SNR:00,00,00,00,00,00,00,00,00,00,00,00,00,00,00,SNR_AVG:0.00
BEI_PRN:00,00,00,00,00,00,00,00,00,00,00,00,00,00,00,SAT_TAL:00
BEI_SNR:00,00,00,00,00,00,00,00,00,00,00,00,00,00,00,SNR_AVG:0.00
QZS_PRN:00,00,00,00,00,SAT_TAL:00
QZS_SNR:00,00,00,00,00,SNR_AVG:0.00
SatInView:35 GDOP:178
Roll:150.349182 Pitch:49.185139
X_AVG:-7.478966 Y_AVG:4.111454 Z_AVG:-8.609100
X_SD:7.849137 Y_SD:7.906186 Z_SD:7.506757
$MXCM10033,2,25,20240103,022404,12,0E8F3799,47EEABFF,0110,001D,512E,0B,9202*68
GPS_PRN:10,31,26,29,23,19619516,32,12,03,28,25,00,00,SAT_TAL:13
GPS_SNR:32,30,32,36,33,26,32,31,31,34,30,27,32,00,00,SNR_AVG:31.23
GLO_PRN:00,00,00,00,00,00,00,00,00,00,00,00,00,00,00,SAT_TAL:00
GLO_SNR:00,00,00,00,00,00,00,00,00,00,00,00,00,00,00,SNR_AVG:0.00
GAL_PRN:00,00,00,00,00,00,00,00,00,00,00,00,00,00,00,SAT_TAL:00
GAL_SNR:00,00,00,00,00,00,00,00,00,00,00,00,00,00,00,SNR_AVG:0.00
BEI_PRN:32,37,01,32,04,07,10,19,37,00,00,00,00,00,00,SAT_TAL:07
BEI_SNR:35,27,28,34,30,00,26,00,27,00,00,00,00,00,00,SNR_AVG:29.57
QZS_PRN:00,00,00,00,00,SAT_TAL:00
QZS_SNR:00,00,00,00,00,SNR_AVG:0.00
SatInView:22 GDOP:177
Roll:165.557983 Pitch:90.000000
X_AVG:-5.992712 Y_AVG:3.366603 Z_AVG:-7.889484
X_SD:7.243374 Y_SD:8.069563 Z_SD:7.812018
$MXCM10033,2,26,20240103,022419,12,0E8E9C1B,47EE9DB7,00F0,0021,45DB,0B,9202*16
GPS_PRN:32,28,10,25,31,26,29,19619419919523,16,12,03,SAT_TAL:13
GPS_SNR:37,29,27,35,31,27,35,23,00,00,32,32,29,35,30,SNR_AVG:30.92
GLO_PRN:00,00,00,00,00,00,00,00,00,00,00,00,00,00,00,SAT_TAL:00
GLO_SNR:00,00,00,00,00,00,00,00,00,00,00,00,00,00,00,SNR_AVG:0.00
GAL_PRN:00,00,00,00,00,00,00,00,00,00,00,00,00,00,00,SAT_TAL:00
GAL_SNR:00,00,00,00,00,00,00,00,00,00,00,00,00,00,00,SNR_AVG:0.00
BEI_PRN:00,00,00,00,00,00,00,00,00,00,00,00,00,00,00,SAT_TAL:00
BEI_SNR:00,00,00,00,00,00,00,00,00,00,00,00,00,00,00,SNR_AVG:0.00
QZS_PRN:00,00,00,00,00,SAT_TAL:00
QZS_SNR:00,00,00,00,00,SNR_AVG:0.00
SatInView:35 GDOP:177
Roll:177.128189 Pitch:60.317753
X_AVG:-5.772967 Y_AVG:3.297888 Z_AVG:-8.361008
X_SD:7.002690 Y_SD:7.243293 Z_SD:7.069081
$MXCM10033,2,27,20240103,022635,12,0E88E267,47ECFF2F,0128,001F,4135,0B,9202*6E
GPS_PRN:32,03,28,10,25,31,26,29,19619419919523,16,12,SAT_TAL:14
GPS_SNR:25,30,29,34,30,33,30,33,20,23,00,32,32,28,32,SNR_AVG:29.36
GLO_PRN:00,00,00,00,00,00,00,00,00,00,00,00,00,00,00,SAT_TAL:00
GLO_SNR:00,00,00,00,00,00,00,00,00,00,00,00,00,00,00,SNR_AVG:0.00
GAL_PRN:00,00,00,00,00,00,00,00,00,00,00,00,00,00,00,SAT_TAL:00
GAL_SNR:00,00,00,00,00,00,00,00,00,00,00,00,00,00,00,SNR_AVG:0.00
BEI_PRN:00,00,00,00,00,00,00,00,00,00,00,00,00,00,00,SAT_TAL:00
BEI_SNR:00,00,00,00,00,00,00,00,00,00,00,00,00,00,00,SNR_AVG:0.00
QZS_PRN:00,00,00,00,00,SAT_TAL:00
QZS_SNR:00,00,00,00,00,SNR_AVG:0.00
SatInView:34 GDOP:176
Roll:135.358521 Pitch:59.058826
X_AVG:-7.137067 Y_AVG:3.956211 Z_AVG:-9.026370
X_SD:6.935537 Y_SD:7.390116 Z_SD:7.280952
$MXCM10033,2,28,20240103,022650,12,0E884241,47ED1560,0139,0020,439F,0B,9202*68
GPS_PRN:32,28,10,25,31,26,29,19619419919523,16,12,03,SAT_TAL:14
GPS_SNR:32,28,32,35,30,27,35,25,30,00,32,32,29,36,29,SNR_AVG:30.86
GLO_PRN:00,00,00,00,00,00,00,00,00,00,00,00,00,00,00,SAT_TAL:00
GLO_SNR:00,00,00,00,00,00,00,00,00,00,00,00,00,00,00,SNR_AVG:0.00
GAL_PRN:00,00,00,00,00,00,00,00,00,00,00,00,00,00,00,SAT_TAL:00
GAL_SNR:00,00,00,00,00,00,00,00,00,00,00,00,00,00,00,SNR_AVG:0.00
BEI_PRN:00,00,00,00,00,00,00,00,00,00,00,00,00,00,00,SAT_TAL:00
BEI_SNR:00,00,00,00,00,00,00,00,00,00,00,00,00,00,00,SNR_AVG:0.00
QZS_PRN:00,00,00,00,00,SAT_TAL:00
QZS_SNR:00,00,00,00,00,SNR_AVG:0.00
SatInView:35 GDOP:176
Roll:-162.363129 Pitch:56.696014
X_AVG:-5.515873 Y_AVG:2.109526 Z_AVG:-7.499700
X_SD:6.679584 Y_SD:7.484594 Z_SD:6.873912
$MXCM10033,2,29,20240103,022906,12,0E822B13,47ED69D7,0159,0022,43C7,0B,9202*6F
GPS_PRN:32,28,10,25,31,26,29,23,16,12,19619500,00,00,SAT_TAL:12
GPS_SNR:34,27,32,34,32,29,35,32,30,36,19,31,00,00,00,SNR_AVG:30.92
GLO_PRN:00,00,00,00,00,00,00,00,00,00,00,00,00,00,00,SAT_TAL:00
GLO_SNR:00,00,00,00,00,00,00,00,00,00,00,00,00,00,00,SNR_AVG:0.00
GAL_PRN:00,00,00,00,00,00,00,00,00,00,00,00,00,00,00,SAT_TAL:00
GAL_SNR:00,00,00,00,00,00,00,00,00,00,00,00,00,00,00,SNR_AVG:0.00
BEI_PRN:38,27,27,08,04,00,00,00,00,00,00,00,00,00,00,SAT_TAL:04
BEI_SNR:00,30,29,23,27,00,00,00,00,00,00,00,00,00,00,SNR_AVG:27.25
QZS_PRN:00,00,00,00,00,SAT_TAL:00
QZS_SNR:00,00,00,00,00,SNR_AVG:0.00
SatInView:17 GDOP:176
Roll:156.995865 Pitch:55.322361
X_AVG:-7.057387 Y_AVG:3.936578 Z_AVG:-8.601774
X_SD:8.060324 Y_SD:8.145647 Z_SD:7.651478
$MXCM10033,2,30,20240103,022921,12,0E817B01,47ED7D2C,017E,001E,4215,0B,9202*62
GPS_PRN:32,28,10,31,25,26,29,23,16,19619419919512,03,SAT_TAL:13
GPS_SNR:34,28,34,30,35,29,34,33,28,21,00,00,32,36,30,SNR_AVG:31.08
GLO_PRN:00,00,00,00,00,00,00,00,00,00,00,00,00,00,00,SAT_TAL:00
GLO_SNR:00,00,00,00,00,00,00,00,00,00,00,00,00,00,00,SNR_AVG:0.00
GAL_PRN:00,00,00,00,00,00,00,00,00,00,00,00,00,00,00,SAT_TAL:00
GAL_SNR:00,00,00,00,00,00,00,00,00,00,00,00,00,00,00,SNR_AVG:0.00
BEI_PRN:00,00,00,00,00,00,00,00,00,00,00,00,00,00,00,SAT_TAL:00
BEI_SNR:00,00,00,00,00,00,00,00,00,00,00,00,00,00,00,SNR_AVG:0.00
QZS_PRN:00,00,00,00,00,SAT_TAL:00
QZS_SNR:00,00,00,00,00,SNR_AVG:0.00
SatInView:35 GDOP:176
Roll:93.646111 Pitch:90.000000
X_AVG:-5.269122 Y_AVG:3.101894 Z_AVG:-6.726980
X_SD:8.294076 Y_SD:8.427475 Z_SD:8.241983
$MXCM10033,2,31,20240103,023136,12,0E7B6499,47EE5AA1,0194,0024,46CC,0C,9202*6D
GPS_PRN:32,28,10,31,26,25,29,16,23,12,03,19619419500,SAT_TAL:14
GPS_SNR:33,26,30,30,27,33,35,31,31,33,28,25,29,30,00,SNR_AVG:30.07
GLO_PRN:00,00,00,00,00,00,00,00,00,00,00,00,00,00,00,SAT_TAL:00
GLO_SNR:00,00,00,00,00,00,00,00,00,00,00,00,00,00,00,SNR_AVG:0.00
GAL_PRN:00,00,00,00,00,00,00,00,00,00,00,00,00,00,00,SAT_TAL:00
GAL_SNR:00,00,00,00,00,00,00,00,00,00,00,00,00,00,00,SNR_AVG:0.00
BEI_PRN:28,37,27,28,37,38,27,00,00,00,00,00,00,00,00,SAT_TAL:07
BEI_SNR:30,29,28,32,29,28,30,00,00,00,00,00,00,00,00,SNR_AVG:29.43
QZS_PRN:00,00,00,00,00,SAT_TAL:00
QZS_SNR:00,00,00,00,00,SNR_AVG:0.00
SatInView:21 GDOP:140
Roll:-143.197830 Pitch:64.200531
X_AVG:-5.287940 Y_AVG:3.573609 Z_AVG:-8.534208
X_SD:6.339304 Y_SD:7.761417 Z_SD:7.743813
$MXCM10033,2,32,20240103,023152,12,0E7AA4AD,47EE4197,01AD,0023,4D93,0C,9202*65
GPS_PRN:32,28,10,31,26,25,29,19619419919516,23,03,12,SAT_TAL:14
GPS_SNR:27,30,32,33,31,32,35,28,31,00,31,31,31,29,34,SNR_AVG:31.07
GLO_PRN:00,00,00,00,00,00,00,00,00,00,00,00,00,00,00,SAT_TAL:00
GLO_SNR:00,00,00,00,00,00,00,00,00,00,00,00,00,00,00,SNR_AVG:0.00
GAL_PRN:00,00,00,00,00,00,00,00,00,00,00,00,00,00,00,SAT_TAL:00
GAL_SNR:00,00,00,00,00,00,00,00,00,00,00,00,00,00,00,SNR_AVG:0.00
BEI_PRN:00,00,00,00,00,00,00,00,00,00,00,00,00,00,00,SAT_TAL:00
BEI_SNR:00,00,00,00,00,00,00,00,00,00,00,00,00,00,00,SNR_AVG:0.00
QZS_PRN:00,00,00,00,00,SAT_TAL:00
QZS_SNR:00,00,00,00,00,SNR_AVG:0.00
SatInView:35 GDOP:140
Roll:141.379395 Pitch:62.569149
X_AVG:-5.254564 Y_AVG:3.092748 Z_AVG:-8.201264
X_SD:6.661500 Y_SD:7.199603 Z_SD:7.515619
$MXCM10033,2,33,20240103,023407,12,0E73B0A9,47EE07FF,01A8,0024,466D,08,9202*6F
GPS_PRN:10,29,16,19419619919523,32,28,26,31,25,00,00,SAT_TAL:10
GPS_SNR:00,34,30,30,21,00,30,31,30,00,29,32,31,00,00,SNR_AVG:29.80
GLO_PRN:00,00,00,00,00,00,00,00,00,00,00,00,00,00,00,SAT_TAL:00
GLO_SNR:00,00,00,00,00,00,00,00,00,00,00,00,00,00,00,SNR_AVG:0.00
GAL_PRN:00,00,00,00,00,00,00,00,00,00,00,00,00,00,00,SAT_TAL:00
GAL_SNR:00,00,00,00,00,00,00,00,00,00,00,00,00,00,00,SNR_AVG:0.00
BEI_PRN:27,20,06,16,01,04,23,27,23,00,00,00,00,00,00,SAT_TAL:07
BEI_SNR:28,00,00,19,27,28,33,30,33,00,00,00,00,00,00,SNR_AVG:28.29
QZS_PRN:00,00,00,00,00,SAT_TAL:00
QZS_SNR:00,00,00,00,00,SNR_AVG:0.00
SatInView:22 GDOP:300
Roll:156.699005 Pitch:44.761806
X_AVG:-6.260293 Y_AVG:3.439436 Z_AVG:-8.967471
X_SD:6.691467 Y_SD:7.735099 Z_SD:7.491626
$MXCM10033,2,34,20240103,023423,12,0E72EFC5,47EDF5AD,016F,0023,46DC,0A,9202*62
GPS_PRN:32,16,23,28,10,31,19619419919526,25,29,00,00,SAT_TAL:12
GPS_SNR:35,31,31,28,32,29,30,31,00,31,26,34,36,00,00,SNR_AVG:31.17
GLO_PRN:00,00,00,00,00,00,00,00,00,00,00,00,00,00,00,SAT_TAL:00
GLO_SNR:00,00,00,00,00,00,00,00,00,00,00,00,00,00,00,SNR_AVG:0.00
GAL_PRN:00,00,00,00,00,00,00,00,00,00,00,00,00,00,00,SAT_TAL:00
GAL_SNR:00,00,00,00,00,00,00,00,00,00,00,00,00,00,00,SNR_AVG:0.00
BEI_PRN:19,10,36,23,28,27,59,20,23,27,20,06,16,37,01,SAT_TAL:10
BEI_SNR:00,00,00,32,00,30,29,25,31,30,28,23,25,00,28,SNR_AVG:28.10
QZS_PRN:00,00,00,00,00,SAT_TAL:00
QZS_SNR:00,00,00,00,00,SNR_AVG:0.00
SatInView:35 GDOP:253
Roll:-150.680084 Pitch:64.258385
X_AVG:-5.292825 Y_AVG:2.821097 Z_AVG:-8.534591
X_SD:6.231885 Y_SD:8.189515 Z_SD:7.237509
$MXCM10033,2,35,20240103,023639,12,0E7102F1,47EF98B0,00B8,0000,7BAD,07,9201*64
GPS_PRN:31,25,29,16,23,19619919528,26,32,10,00,00,00,SAT_TAL:09
GPS_SNR:00,34,27,00,23,33,22,31,21,00,38,34,00,00,00,SNR_AVG:29.22
GLO_PRN:00,00,00,00,00,00,00,00,00,00,00,00,00,00,00,SAT_TAL:00
GLO_SNR:00,00,00,00,00,00,00,00,00,00,00,00,00,00,00,SNR_AVG:0.00
GAL_PRN:00,00,00,00,00,00,00,00,00,00,00,00,00,00,00,SAT_TAL:00
GAL_SNR:00,00,00,00,00,00,00,00,00,00,00,00,00,00,00,SNR_AVG:0.00
BEI_PRN:27,20,06,16,37,01,04,07,27,20,37,00,00,00,00,SAT_TAL:10
BEI_SNR:23,34,25,21,29,29,28,00,28,34,21,00,00,00,00,SNR_AVG:27.20
QZS_PRN:00,00,00,00,00,SAT_TAL:00
QZS_SNR:00,00,00,00,00,SNR_AVG:0.00
SatInView:23 GDOP:175
Roll:82.348969 Pitch:42.329239
X_AVG:-4.994118 Y_AVG:7.903467 Z_AVG:1.347340
X_SD:1.516221 Y_SD:1.401149 Z_SD:1.191483
$MXCM10033,2,36,20240103,023654,12,0E710377,47EF96A9,00BA,0000,7BAD,09,9202*6A
GPS_PRN:32,16,23,28,26,19419619919531,10,25,29,00,00,SAT_TAL:12
GPS_SNR:36,00,23,28,18,29,31,25,33,17,34,31,27,00,00,SNR_AVG:27.67
GLO_PRN:00,00,00,00,00,00,00,00,00,00,00,00,00,00,00,SAT_TAL:00
GLO_SNR:00,00,00,00,00,00,00,00,00,00,00,00,00,00,00,SNR_AVG:0.00
GAL_PRN:00,00,00,00,00,00,00,00,00,00,00,00,00,00,00,SAT_TAL:00
GAL_SNR:00,00,00,00,00,00,00,00,00,00,00,00,00,00,00,SNR_AVG:0.00
BEI_PRN:19,10,36,23,28,27,20,37,32,27,20,06,16,37,01,SAT_TAL:11
BEI_SNR:00,00,00,00,23,25,33,29,23,27,35,26,29,28,28,SNR_AVG:27.82
QZS_PRN:00,00,00,00,00,SAT_TAL:00
QZS_SNR:00,00,00,00,00,SNR_AVG:0.00
SatInView:35 GDOP:146
Roll:116.979256 Pitch:49.406315
X_AVG:-5.826120 Y_AVG:6.434020 Z_AVG:-3.695525
X_SD:6.409762 Y_SD:6.717070 Z_SD:6.195283
$MXCM10033,2,37,20240103,023909,12,0E7101C4,47EF97A4,00BA,0000,16A8,05,9201*14
GPS_PRN:32,28,26,31,10,29,16,23,19419619500,00,00,00,SAT_TAL:06
GPS_SNR:22,00,00,00,23,25,00,21,17,00,31,00,00,00,00,SNR_AVG:23.17
GLO_PRN:00,00,00,00,00,00,00,00,00,00,00,00,00,00,00,SAT_TAL:00
GLO_SNR:00,00,00,00,00,00,00,00,00,00,00,00,00,00,00,SNR_AVG:0.00
GAL_PRN:00,00,00,00,00,00,00,00,00,00,00,00,00,00,00,SAT_TAL:00
GAL_SNR:00,00,00,00,00,00,00,00,00,00,00,00,00,00,00,SNR_AVG:0.00
BEI_PRN:02,04,27,16,06,01,00,00,00,00,00,00,00,00,00,SAT_TAL:00
BEI_SNR:00,00,00,00,00,00,00,00,00,00,00,00,00,00,00,SNR_AVG:0.00
QZS_PRN:00,00,00,00,00,SAT_TAL:00
QZS_SNR:00,00,00,00,00,SNR_AVG:0.00
SatInView:17 GDOP:269
Roll:74.474182 Pitch:34.195000
X_AVG:-4.126346 Y_AVG:6.343230 Z_AVG:3.592333
X_SD:4.394340 Y_SD:5.896019 Z_SD:4.020428
$MXCM10033,2,38,20240103,023925,12,0E71002E,47EF9E8A,00BE,0000,43B0,08,9201*68
GPS_PRN:32,28,26,31,10,25,29,16,23,03,12,19419619500,SAT_TAL:10
GPS_SNR:25,00,15,00,17,24,29,16,22,00,00,21,19,32,00,SNR_AVG:22.00
GLO_PRN:00,00,00,00,00,00,00,00,00,00,00,00,00,00,00,SAT_TAL:00
GLO_SNR:00,00,00,00,00,00,00,00,00,00,00,00,00,00,00,SNR_AVG:0.00
GAL_PRN:00,00,00,00,00,00,00,00,00,00,00,00,00,00,00,SAT_TAL:00
GAL_SNR:00,00,00,00,00,00,00,00,00,00,00,00,00,00,00,SNR_AVG:0.00
BEI_PRN:27,04,27,02,06,16,01,00,00,00,00,00,00,00,00,SAT_TAL:02
BEI_SNR:24,00,15,00,00,00,00,00,00,00,00,00,00,00,00,SNR_AVG:19.50
QZS_PRN:00,00,00,00,00,SAT_TAL:00
QZS_SNR:00,00,00,00,00,SNR_AVG:0.00
SatInView:21 GDOP:170
Roll:84.925392 Pitch:36.314365
X_AVG:-7.331576 Y_AVG:4.700822 Z_AVG:-2.277171
X_SD:6.762117 Y_SD:7.600076 Z_SD:6.911315
$MXCM10033,2,39,20240103,024140,00,0E710196,47EF9C39,00BE,0000,0000,00,9202*14
GPS_PRN:19526,31,10,25,29,16,03,23,12,19419632,00,00,SAT_TAL:05
GPS_SNR:20,00,00,00,00,20,00,00,19,00,17,00,20,00,00,SNR_AVG:19.20
GLO_PRN:00,00,00,00,00,00,00,00,00,00,00,00,00,00,00,SAT_TAL:00
GLO_SNR:00,00,00,00,00,00,00,00,00,00,00,00,00,00,00,SNR_AVG:0.00
GAL_PRN:00,00,00,00,00,00,00,00,00,00,00,00,00,00,00,SAT_TAL:00
GAL_SNR:00,00,00,00,00,00,00,00,00,00,00,00,00,00,00,SNR_AVG:0.00
BEI_PRN:02,13,27,06,16,01,00,00,00,00,00,00,00,00,00,SAT_TAL:00
BEI_SNR:00,00,00,00,00,00,00,00,00,00,00,00,00,00,00,SNR_AVG:0.00
QZS_PRN:00,00,00,00,00,SAT_TAL:00
QZS_SNR:00,00,00,00,00,SNR_AVG:0.00
SatInView:19 GDOP:312
Roll:95.424591 Pitch:46.267567
X_AVG:-5.025291 Y_AVG:5.677293 Z_AVG:1.159152
X_SD:3.719748 Y_SD:6.653340 Z_SD:4.784688
$MXCM10033,2,40,20240103,024156,12,0E710F7E,47EF8B6D,008C,0000,7B49,05,9201*6E
GPS_PRN:32,28,26,31,10,25,29,16,23,12,19419619500,00,SAT_TAL:06
GPS_SNR:19,00,00,00,00,18,22,00,23,00,17,00,26,00,00,SNR_AVG:20.83
GLO_PRN:00,00,00,00,00,00,00,00,00,00,00,00,00,00,00,SAT_TAL:00
GLO_SNR:00,00,00,00,00,00,00,00,00,00,00,00,00,00,00,SNR_AVG:0.00
GAL_PRN:00,00,00,00,00,00,00,00,00,00,00,00,00,00,00,SAT_TAL:00
GAL_SNR:00,00,00,00,00,00,00,00,00,00,00,00,00,00,00,SNR_AVG:0.00
BEI_PRN:27,05,27,23,00,00,00,00,00,00,00,00,00,00,00,SAT_TAL:02
BEI_SNR:21,00,14,00,00,00,00,00,00,00,00,00,00,00,00,SNR_AVG:17.50
QZS_PRN:00,00,00,00,00,SAT_TAL:00
QZS_SNR:00,00,00,00,00,SNR_AVG:0.00
SatInView:17 GDOP:276
Roll:121.998581 Pitch:0.668145
X_AVG:-1.601322 Y_AVG:8.872563 Z_AVG:-5.098220
X_SD:1.657306 Y_SD:2.381952 Z_SD:3.272104
$MXCM10033,2,41,20240103,024411,00,0E710458,47EF5C2B,008D,0000,0000,00,9201*13
GPS_PRN:32,28,26,31,10,25,29,23,19619500,00,00,00,00,SAT_TAL:05
GPS_SNR:30,00,00,00,00,17,00,29,17,22,00,00,00,00,00,SNR_AVG:23.00
GLO_PRN:00,00,00,00,00,00,00,00,00,00,00,00,00,00,00,SAT_TAL:00
GLO_SNR:00,00,00,00,00,00,00,00,00,00,00,00,00,00,00,SNR_AVG:0.00
GAL_PRN:00,00,00,00,00,00,00,00,00,00,00,00,00,00,00,SAT_TAL:00
GAL_SNR:00,00,00,00,00,00,00,00,00,00,00,00,00,00,00,SNR_AVG:0.00
BEI_PRN:07,27,27,16,37,00,00,00,00,00,00,00,00,00,00,SAT_TAL:02
BEI_SNR:00,28,25,00,00,00,00,00,00,00,00,00,00,00,00,SNR_AVG:26.50
QZS_PRN:00,00,00,00,00,SAT_TAL:00
QZS_SNR:00,00,00,00,00,SNR_AVG:0.00
SatInView:15 GDOP:970
Roll:108.461739 Pitch:43.663666
X_AVG:-6.857611 Y_AVG:6.626901 Z_AVG:-2.670786
X_SD:0.080166 Y_SD:0.079101 Z_SD:0.137292
$MXCM10033,2,42,20240103,024427,12,0E71036D,47EF9E01,008D,0000,2AEA,07,9201*65
GPS_PRN:32,28,26,31,10,25,29,16,03,23,19619500,00,00,SAT_TAL:07
GPS_SNR:21,00,14,00,14,16,23,00,00,23,00,22,00,00,00,SNR_AVG:19.00
GLO_PRN:00,00,00,00,00,00,00,00,00,00,00,00,00,00,00,SAT_TAL:00
GLO_SNR:00,00,00,00,00,00,00,00,00,00,00,00,00,00,00,SNR_AVG:0.00
GAL_PRN:00,00,00,00,00,00,00,00,00,00,00,00,00,00,00,SAT_TAL:00
GAL_SNR:00,00,00,00,00,00,00,00,00,00,00,00,00,00,00,SNR_AVG:0.00
BEI_PRN:27,02,04,01,27,06,16,00,00,00,00,00,00,00,00,SAT_TAL:02
BEI_SNR:26,00,00,00,25,00,00,00,00,00,00,00,00,00,00,SNR_AVG:25.50
QZS_PRN:00,00,00,00,00,SAT_TAL:00
QZS_SNR:00,00,00,00,00,SNR_AVG:0.00
SatInView:19 GDOP:184
Roll:113.785782 Pitch:34.945797
X_AVG:-6.426741 Y_AVG:5.678107 Z_AVG:-2.647418
X_SD:5.532361 Y_SD:7.785655 Z_SD:4.860824
$MXCM10033,2,43,20240103,024642,12,0E710455,47EF9335,008D,0000,0000,05,9201*14
GPS_PRN:19528,26,31,10,25,29,16,23,19632,00,00,00,00,SAT_TAL:05
GPS_SNR:21,00,00,00,22,19,00,00,26,00,25,00,00,00,00,SNR_AVG:22.60
GLO_PRN:00,00,00,00,00,00,00,00,00,00,00,00,00,00,00,SAT_TAL:00
GLO_SNR:00,00,00,00,00,00,00,00,00,00,00,00,00,00,00,SNR_AVG:0.00
GAL_PRN:00,00,00,00,00,00,00,00,00,00,00,00,00,00,00,SAT_TAL:00
GAL_SNR:00,00,00,00,00,00,00,00,00,00,00,00,00,00,00,SNR_AVG:0.00
BEI_PRN:04,27,06,02,00,00,00,00,00,00,00,00,00,00,00,SAT_TAL:00
BEI_SNR:00,00,00,00,00,00,00,00,00,00,00,00,00,00,00,SNR_AVG:0.00
QZS_PRN:00,00,00,00,00,SAT_TAL:00
QZS_SNR:00,00,00,00,00,SNR_AVG:0.00
SatInView:15 GDOP:366
Roll:104.345978 Pitch:25.767202
X_AVG:-4.417631 Y_AVG:8.309867 Z_AVG:-2.755015
X_SD:0.108105 Y_SD:0.090898 Z_SD:0.146813
$MXCM10033,2,44,20240103,024657,12,0E70FCB1,47EF9D3D,00A5,0001,28B8,06,9201*18
GPS_PRN:32,28,26,31,10,25,16,23,19619500,00,00,00,00,SAT_TAL:06
GPS_SNR:18,15,00,00,19,18,00,20,00,32,00,00,00,00,00,SNR_AVG:20.33
GLO_PRN:00,00,00,00,00,00,00,00,00,00,00,00,00,00,00,SAT_TAL:00
GLO_SNR:00,00,00,00,00,00,00,00,00,00,00,00,00,00,00,SNR_AVG:0.00
GAL_PRN:00,00,00,00,00,00,00,00,00,00,00,00,00,00,00,SAT_TAL:00
GAL_SNR:00,00,00,00,00,00,00,00,00,00,00,00,00,00,00,SNR_AVG:0.00
BEI_PRN:27,06,27,00,00,00,00,00,00,00,00,00,00,00,00,SAT_TAL:02
BEI_SNR:23,00,18,00,00,00,00,00,00,00,00,00,00,00,00,SNR_AVG:20.50
QZS_PRN:00,00,00,00,00,SAT_TAL:00
QZS_SNR:00,00,00,00,00,SNR_AVG:0.00
SatInView:13 GDOP:214
Roll:114.692490 Pitch:28.075960
X_AVG:-4.741333 Y_AVG:7.810570 Z_AVG:-3.961047
X_SD:0.297523 Y_SD:0.358128 Z_SD:0.292194
$MXCM10033,2,45,20240103,024912,00,0E70FDCD,47EF9D06,009E,0000,0000,00,9202*6A
GPS_PRN:10,29,16,00,00,00,00,00,00,00,00,00,00,00,00,SAT_TAL:00
GPS_SNR:00,00,00,00,00,00,00,00,00,00,00,00,00,00,00,SNR_AVG:0.00
GLO_PRN:00,00,00,00,00,00,00,00,00,00,00,00,00,00,00,SAT_TAL:00
GLO_SNR:00,00,00,00,00,00,00,00,00,00,00,00,00,00,00,SNR_AVG:0.00
GAL_PRN:00,00,00,00,00,00,00,00,00,00,00,00,00,00,00,SAT_TAL:00
GAL_SNR:00,00,00,00,00,00,00,00,00,00,00,00,00,00,00,SNR_AVG:0.00
BEI_PRN:00,00,00,00,00,00,00,00,00,00,00,00,00,00,00,SAT_TAL:00
BEI_SNR:00,00,00,00,00,00,00,00,00,00,00,00,00,00,00,SNR_AVG:0.00
QZS_PRN:00,00,00,00,00,SAT_TAL:00
QZS_SNR:00,00,00,00,00,SNR_AVG:0.00
SatInView:3 GDOP:17319
Roll:98.178207 Pitch:56.429062
X_AVG:-7.982669 Y_AVG:5.733750 Z_AVG:-0.797285
X_SD:0.194668 Y_SD:0.179394 Z_SD:0.505527
$MXCM10033,2,46,20240103,024927,12,0E710557,47EFA255,009E,0000,8728,05,9202*67
GPS_PRN:19528,26,31,10,25,29,16,03,23,19632,00,00,00,SAT_TAL:05
GPS_SNR:22,00,00,00,18,00,26,00,00,18,00,19,00,00,00,SNR_AVG:20.60
GLO_PRN:00,00,00,00,00,00,00,00,00,00,00,00,00,00,00,SAT_TAL:00
GLO_SNR:00,00,00,00,00,00,00,00,00,00,00,00,00,00,00,SNR_AVG:0.00
GAL_PRN:00,00,00,00,00,00,00,00,00,00,00,00,00,00,00,SAT_TAL:00
GAL_SNR:00,00,00,00,00,00,00,00,00,00,00,00,00,00,00,SNR_AVG:0.00
BEI_PRN:02,04,07,27,16,01,00,00,00,00,00,00,00,00,00,SAT_TAL:00
BEI_SNR:00,00,00,00,00,00,00,00,00,00,00,00,00,00,00,SNR_AVG:0.00
QZS_PRN:00,00,00,00,00,SAT_TAL:00
QZS_SNR:00,00,00,00,00,SNR_AVG:0.00
SatInView:18 GDOP:296
Roll:82.010849 Pitch:47.438759
X_AVG:-9.243528 Y_AVG:5.321125 Z_AVG:0.456440
X_SD:1.595878 Y_SD:1.725958 Z_SD:1.454767
$MXCM10033,2,47,20240103,025143,12,0E70FDA9,47EFA486,009E,0000,70B6,08,9202*62
GPS_PRN:26,10,25,29,19619516,03,32,23,28,31,00,00,00,SAT_TAL:10
GPS_SNR:17,32,30,37,25,33,00,00,26,28,16,17,00,00,00,SNR_AVG:26.10
GLO_PRN:00,00,00,00,00,00,00,00,00,00,00,00,00,00,00,SAT_TAL:00
GLO_SNR:00,00,00,00,00,00,00,00,00,00,00,00,00,00,00,SNR_AVG:0.00
GAL_PRN:00,00,00,00,00,00,00,00,00,00,00,00,00,00,00,SAT_TAL:00
GAL_SNR:00,00,00,00,00,00,00,00,00,00,00,00,00,00,00,SNR_AVG:0.00
BEI_PRN:27,01,37,04,32,13,27,37,32,00,00,00,00,00,00,SAT_TAL:08
BEI_SNR:31,32,36,34,35,00,37,30,27,00,00,00,00,00,00,SNR_AVG:32.75
QZS_PRN:00,00,00,00,00,SAT_TAL:00
QZS_SNR:00,00,00,00,00,SNR_AVG:0.00
SatInView:21 GDOP:149
Roll:0.000000 Pitch:90.000000
X_AVG:-9.517191 Y_AVG:0.454285 Z_AVG:2.057140
X_SD:0.080124 Y_SD:0.058737 Z_SD:0.141390
$MXCM10033,2,48,20240103,025158,12,0E70FF71,47EF9D8B,009E,0000,70B6,09,9202*66
GPS_PRN:32,10,25,29,16,03,19419619919523,28,26,31,00,SAT_TAL:11
GPS_SNR:31,25,28,39,00,16,00,23,00,34,26,18,20,28,00,SNR_AVG:26.18
GLO_PRN:00,00,00,00,00,00,00,00,00,00,00,00,00,00,00,SAT_TAL:00
GLO_SNR:00,00,00,00,00,00,00,00,00,00,00,00,00,00,00,SNR_AVG:0.00
GAL_PRN:00,00,00,00,00,00,00,00,00,00,00,00,00,00,00,SAT_TAL:00
GAL_SNR:00,00,00,00,00,00,00,00,00,00,00,00,00,00,00,SNR_AVG:0.00
BEI_PRN:38,10,36,27,20,37,32,27,20,03,06,16,01,37,09,SAT_TAL:09
BEI_SNR:00,00,00,36,00,30,25,30,18,00,16,19,32,36,00,SNR_AVG:26.89
QZS_PRN:00,00,00,00,00,SAT_TAL:00
QZS_SNR:00,00,00,00,00,SNR_AVG:0.00
SatInView:35 GDOP:133
Roll:0.000000 Pitch:90.000000
X_AVG:-9.506417 Y_AVG:0.448347 Z_AVG:2.080747
X_SD:0.076432 Y_SD:0.066165 Z_SD:0.136396
$MXCM10033,2,49,20240103,025414,12,0E70FD77,47EF9E65,009E,0000,0000,09,9202*65
GPS_PRN:32,10,25,29,16,19619523,28,26,31,00,00,00,00,SAT_TAL:10
GPS_SNR:36,29,35,32,17,24,32,00,24,22,19,00,00,00,00,SNR_AVG:27.00
GLO_PRN:00,00,00,00,00,00,00,00,00,00,00,00,00,00,00,SAT_TAL:00
GLO_SNR:00,00,00,00,00,00,00,00,00,00,00,00,00,00,00,SNR_AVG:0.00
GAL_PRN:00,00,00,00,00,00,00,00,00,00,00,00,00,00,00,SAT_TAL:00
GAL_SNR:00,00,00,00,00,00,00,00,00,00,00,00,00,00,00,SNR_AVG:0.00
BEI_PRN:27,20,01,37,32,07,08,27,20,37,32,00,00,00,00,SAT_TAL:09
BEI_SNR:34,23,32,35,38,00,00,39,24,30,34,00,00,00,00,SNR_AVG:32.11
QZS_PRN:00,00,00,00,00,SAT_TAL:00
QZS_SNR:00,00,00,00,00,SNR_AVG:0.00
SatInView:22 GDOP:143
Roll:0.000000 Pitch:90.000000
X_AVG:-9.515755 Y_AVG:0.407022 Z_AVG:2.093388
X_SD:0.076394 Y_SD:0.068688 Z_SD:0.118357
$MXCM10033,2,50,20240103,025429,12,0E70FE6E,47EF9E55,009E,0000,0000,09,9202*12
GPS_PRN:32,16,03,28,19419619919526,31,10,25,29,00,00,SAT_TAL:12
GPS_SNR:27,16,00,18,27,22,18,33,19,20,24,25,31,00,00,SNR_AVG:23.33
GLO_PRN:00,00,00,00,00,00,00,00,00,00,00,00,00,00,00,SAT_TAL:00
GLO_SNR:00,00,00,00,00,00,00,00,00,00,00,00,00,00,00,SNR_AVG:0.00
GAL_PRN:00,00,00,00,00,00,00,00,00,00,00,00,00,00,00,SAT_TAL:00
GAL_SNR:00,00,00,00,00,00,00,00,00,00,00,00,00,00,00,SNR_AVG:0.00
BEI_PRN:38,10,36,27,59,20,37,32,19,27,20,06,16,01,37,SAT_TAL:10
BEI_SNR:00,00,00,31,30,16,27,34,00,27,22,20,00,31,28,SNR_AVG:26.60
QZS_PRN:00,00,00,00,00,SAT_TAL:00
QZS_SNR:00,00,00,00,00,SNR_AVG:0.00
SatInView:35 GDOP:142
Roll:-7.804515 Pitch:90.000000
X_AVG:-9.850710 Y_AVG:-1.173996 Z_AVG:2.514106
X_SD:3.055270 Y_SD:1.772555 Z_SD:2.182392
$MXCM10033,2,51,20240103,025645,12,0E70F6AC,47EF88DB,009E,0000,7CCE,06,9202*1E
GPS_PRN:32,28,26,31,10,29,25,16,03,23,19619500,00,00,SAT_TAL:07
GPS_SNR:19,00,26,00,32,16,19,17,00,00,27,00,00,00,00,SNR_AVG:22.29
GLO_PRN:00,00,00,00,00,00,00,00,00,00,00,00,00,00,00,SAT_TAL:00
GLO_SNR:00,00,00,00,00,00,00,00,00,00,00,00,00,00,00,SNR_AVG:0.00
GAL_PRN:00,00,00,00,00,00,00,00,00,00,00,00,00,00,00,SAT_TAL:00
GAL_SNR:00,00,00,00,00,00,00,00,00,00,00,00,00,00,00,SNR_AVG:0.00
BEI_PRN:16,09,02,04,13,08,27,06,01,00,00,00,00,00,00,SAT_TAL:01
BEI_SNR:00,00,00,00,25,00,00,00,00,00,00,00,00,00,00,SNR_AVG:25.00
QZS_PRN:00,00,00,00,00,SAT_TAL:00
QZS_SNR:00,00,00,00,00,SNR_AVG:0.00
SatInView:21 GDOP:194
Roll:0.000000 Pitch:90.000000
X_AVG:-9.917079 Y_AVG:0.335865 Z_AVG:0.440398
X_SD:0.072886 Y_SD:0.061670 Z_SD:0.130372
$MXCM10033,2,52,20240103,025700,12,0E70F76D,47EF8C53,009E,0000,7AEF,08,9202*1E
GPS_PRN:32,28,26,31,10,29,25,16,03,23,19619919500,00,SAT_TAL:10
GPS_SNR:18,20,23,00,31,16,18,16,16,00,27,25,00,00,00,SNR_AVG:21.00
GLO_PRN:00,00,00,00,00,00,00,00,00,00,00,00,00,00,00,SAT_TAL:00
GLO_SNR:00,00,00,00,00,00,00,00,00,00,00,00,00,00,00,SNR_AVG:0.00
GAL_PRN:00,00,00,00,00,00,00,00,00,00,00,00,00,00,00,SAT_TAL:00
GAL_SNR:00,00,00,00,00,00,00,00,00,00,00,00,00,00,00,SNR_AVG:0.00
BEI_PRN:01,04,13,08,27,59,06,16,02,00,00,00,00,00,00,SAT_TAL:03
BEI_SNR:00,00,27,19,00,28,00,00,00,00,00,00,00,00,00,SNR_AVG:24.67
QZS_PRN:00,00,00,00,00,SAT_TAL:00
QZS_SNR:00,00,00,00,00,SNR_AVG:0.00
SatInView:22 GDOP:138
Roll:0.000000 Pitch:90.000000
X_AVG:-9.916839 Y_AVG:0.336344 Z_AVG:0.419281
X_SD:0.078045 Y_SD:0.062739 Z_SD:0.123510
$MXCM10033,2,53,20240103,025914,00,0E70F76A,47EF8C71,009E,0000,0000,00,9202*6F
GPS_PRN:10,25,16,19500,00,00,00,00,00,00,00,00,00,00,SAT_TAL:00
GPS_SNR:00,00,00,00,00,00,00,00,00,00,00,00,00,00,00,SNR_AVG:0.00
GLO_PRN:00,00,00,00,00,00,00,00,00,00,00,00,00,00,00,SAT_TAL:00
GLO_SNR:00,00,00,00,00,00,00,00,00,00,00,00,00,00,00,SNR_AVG:0.00
GAL_PRN:00,00,00,00,00,00,00,00,00,00,00,00,00,00,00,SAT_TAL:00
GAL_SNR:00,00,00,00,00,00,00,00,00,00,00,00,00,00,00,SNR_AVG:0.00
BEI_PRN:00,00,00,00,00,00,00,00,00,00,00,00,00,00,00,SAT_TAL:00
BEI_SNR:00,00,00,00,00,00,00,00,00,00,00,00,00,00,00,SNR_AVG:0.00
QZS_PRN:00,00,00,00,00,SAT_TAL:00
QZS_SNR:00,00,00,00,00,SNR_AVG:0.00
SatInView:4 GDOP:17319
Roll:180.000015 Pitch:90.000000
X_AVG:-9.956967 Y_AVG:-0.275530 Z_AVG:0.393279
X_SD:0.072948 Y_SD:0.061193 Z_SD:0.127274
$MXCM10033,2,54,20240103,025929,00,0E70FCBB,47EF8C99,009E,0000,5320,00,9202*67
GPS_PRN:19528,26,31,10,29,25,16,03,32,19600,00,00,00,SAT_TAL:03
GPS_SNR:18,00,00,18,00,00,00,17,00,00,00,00,00,00,00,SNR_AVG:17.67
GLO_PRN:00,00,00,00,00,00,00,00,00,00,00,00,00,00,00,SAT_TAL:00
GLO_SNR:00,00,00,00,00,00,00,00,00,00,00,00,00,00,00,SNR_AVG:0.00
GAL_PRN:00,00,00,00,00,00,00,00,00,00,00,00,00,00,00,SAT_TAL:00
GAL_SNR:00,00,00,00,00,00,00,00,00,00,00,00,00,00,00,SNR_AVG:0.00
BEI_PRN:08,00,00,00,00,00,00,00,00,00,00,00,00,00,00,SAT_TAL:00
BEI_SNR:00,00,00,00,00,00,00,00,00,00,00,00,00,00,00,SNR_AVG:0.00
QZS_PRN:00,00,00,00,00,SAT_TAL:00
QZS_SNR:00,00,00,00,00,SNR_AVG:0.00
SatInView:12 GDOP:12083
Roll:0.000000 Pitch:90.000000
X_AVG:-9.954621 Y_AVG:-0.279744 Z_AVG:0.394141
X_SD:0.081974 Y_SD:0.056849 Z_SD:0.128650
$MXCM10033,2,55,20240103,030144,00,0E70F76A,47EF8C71,009E,0000,0000,00,9202*60
GPS_PRN:29,10,25,16,19500,00,00,00,00,00,00,00,00,00,SAT_TAL:00
GPS_SNR:00,00,00,00,00,00,00,00,00,00,00,00,00,00,00,SNR_AVG:0.00
GLO_PRN:00,00,00,00,00,00,00,00,00,00,00,00,00,00,00,SAT_TAL:00
GLO_SNR:00,00,00,00,00,00,00,00,00,00,00,00,00,00,00,SNR_AVG:0.00
GAL_PRN:00,00,00,00,00,00,00,00,00,00,00,00,00,00,00,SAT_TAL:00
GAL_SNR:00,00,00,00,00,00,00,00,00,00,00,00,00,00,00,SNR_AVG:0.00
BEI_PRN:00,00,00,00,00,00,00,00,00,00,00,00,00,00,00,SAT_TAL:00
BEI_SNR:00,00,00,00,00,00,00,00,00,00,00,00,00,00,00,SNR_AVG:0.00
QZS_PRN:00,00,00,00,00,SAT_TAL:00
QZS_SNR:00,00,00,00,00,SNR_AVG:0.00
SatInView:5 GDOP:17319
Roll:9.448599 Pitch:44.513344
X_AVG:-6.342416 Y_AVG:1.263685 Z_AVG:6.530843
X_SD:0.075440 Y_SD:0.062175 Z_SD:0.120976
$MXCM10033,2,56,20240103,030159,00,0E70F76A,47EF8C71,009E,0000,0000,00,9202*6F
GPS_PRN:19500,00,00,00,00,00,00,00,00,00,00,00,00,00,SAT_TAL:01
GPS_SNR:19,00,00,00,00,00,00,00,00,00,00,00,00,00,00,SNR_AVG:19.00
GLO_PRN:00,00,00,00,00,00,00,00,00,00,00,00,00,00,00,SAT_TAL:00
GLO_SNR:00,00,00,00,00,00,00,00,00,00,00,00,00,00,00,SNR_AVG:0.00
GAL_PRN:00,00,00,00,00,00,00,00,00,00,00,00,00,00,00,SAT_TAL:00
GAL_SNR:00,00,00,00,00,00,00,00,00,00,00,00,00,00,00,SNR_AVG:0.00
BEI_PRN:02,04,01,27,28,36,00,00,00,00,00,00,00,00,00,SAT_TAL:00
BEI_SNR:00,00,00,00,00,00,00,00,00,00,00,00,00,00,00,SNR_AVG:0.00
QZS_PRN:00,00,00,00,00,SAT_TAL:00
QZS_SNR:00,00,00,00,00,SNR_AVG:0.00
SatInView:7 GDOP:17212
Roll:9.373412 Pitch:44.284756
X_AVG:-6.332839 Y_AVG:1.246303 Z_AVG:6.547795
X_SD:0.079102 Y_SD:0.063539 Z_SD:0.138317
$MXCM10033,2,57,20240103,030414,00,0E70F76A,47EF8C71,009E,0000,0000,00,9202*62
GPS_PRN:10,16,25,19500,00,00,00,00,00,00,00,00,00,00,SAT_TAL:00
GPS_SNR:00,00,00,00,00,00,00,00,00,00,00,00,00,00,00,SNR_AVG:0.00
GLO_PRN:00,00,00,00,00,00,00,00,00,00,00,00,00,00,00,SAT_TAL:00
GLO_SNR:00,00,00,00,00,00,00,00,00,00,00,00,00,00,00,SNR_AVG:0.00
GAL_PRN:00,00,00,00,00,00,00,00,00,00,00,00,00,00,00,SAT_TAL:00
GAL_SNR:00,00,00,00,00,00,00,00,00,00,00,00,00,00,00,SNR_AVG:0.00
BEI_PRN:00,00,00,00,00,00,00,00,00,00,00,00,00,00,00,SAT_TAL:00
BEI_SNR:00,00,00,00,00,00,00,00,00,00,00,00,00,00,00,SNR_AVG:0.00
QZS_PRN:00,00,00,00,00,SAT_TAL:00
QZS_SNR:00,00,00,00,00,SNR_AVG:0.00
SatInView:4 GDOP:19998
Roll:9.448599 Pitch:44.513344
X_AVG:-6.348354 Y_AVG:1.237396 Z_AVG:6.546981
X_SD:0.074053 Y_SD:0.065847 Z_SD:0.133236
$MXCM10033,2,58,20240103,030429,00,0E70F76A,47EF8C71,009E,0000,0000,00,9202*63
GPS_PRN:25,00,00,00,00,00,00,00,00,00,00,00,00,00,00,SAT_TAL:01
GPS_SNR:20,00,00,00,00,00,00,00,00,00,00,00,00,00,00,SNR_AVG:20.00
GLO_PRN:00,00,00,00,00,00,00,00,00,00,00,00,00,00,00,SAT_TAL:00
GLO_SNR:00,00,00,00,00,00,00,00,00,00,00,00,00,00,00,SNR_AVG:0.00
GAL_PRN:00,00,00,00,00,00,00,00,00,00,00,00,00,00,00,SAT_TAL:00
GAL_SNR:00,00,00,00,00,00,00,00,00,00,00,00,00,00,00,SNR_AVG:0.00
BEI_PRN:03,01,02,04,32,10,05,36,28,00,00,00,00,00,00,SAT_TAL:00
BEI_SNR:00,00,00,00,00,00,00,00,00,00,00,00,00,00,00,SNR_AVG:0.00
QZS_PRN:00,00,00,00,00,SAT_TAL:00
QZS_SNR:00,00,00,00,00,SNR_AVG:0.00
SatInView:10 GDOP:17053
Roll:9.373412 Pitch:44.284756
X_AVG:-6.339351 Y_AVG:1.227292 Z_AVG:6.519734
X_SD:0.077391 Y_SD:0.067616 Z_SD:0.132937
$MXCM10033,2,59,20240103,030644,00,0E70F76A,47EF8C71,009E,0000,0000,00,9202*6B
GPS_PRN:16,10,25,03,00,00,00,00,00,00,00,00,00,00,00,SAT_TAL:00
GPS_SNR:00,00,00,00,00,00,00,00,00,00,00,00,00,00,00,SNR_AVG:0.00
GLO_PRN:00,00,00,00,00,00,00,00,00,00,00,00,00,00,00,SAT_TAL:00
GLO_SNR:00,00,00,00,00,00,00,00,00,00,00,00,00,00,00,SNR_AVG:0.00
GAL_PRN:00,00,00,00,00,00,00,00,00,00,00,00,00,00,00,SAT_TAL:00
GAL_SNR:00,00,00,00,00,00,00,00,00,00,00,00,00,00,00,SNR_AVG:0.00
BEI_PRN:00,00,00,00,00,00,00,00,00,00,00,00,00,00,00,SAT_TAL:00
BEI_SNR:00,00,00,00,00,00,00,00,00,00,00,00,00,00,00,SNR_AVG:0.00
QZS_PRN:00,00,00,00,00,SAT_TAL:00
QZS_SNR:00,00,00,00,00,SNR_AVG:0.00
SatInView:4 GDOP:19998
Roll:9.448599 Pitch:44.513344
X_AVG:-6.353573 Y_AVG:1.226478 Z_AVG:6.531418
X_SD:0.075812 Y_SD:0.065377 Z_SD:0.116690
$MXCM10033,2,60,20240103,030659,00,0E70F76A,47EF8C71,009E,0000,0000,00,9202*6D
GPS_PRN:25,00,00,00,00,00,00,00,00,00,00,00,00,00,00,SAT_TAL:01
GPS_SNR:22,00,00,00,00,00,00,00,00,00,00,00,00,00,00,SNR_AVG:22.00
GLO_PRN:00,00,00,00,00,00,00,00,00,00,00,00,00,00,00,SAT_TAL:00
GLO_SNR:00,00,00,00,00,00,00,00,00,00,00,00,00,00,00,SNR_AVG:0.00
GAL_PRN:00,00,00,00,00,00,00,00,00,00,00,00,00,00,00,SAT_TAL:00
GAL_SNR:00,00,00,00,00,00,00,00,00,00,00,00,00,00,00,SNR_AVG:0.00
BEI_PRN:02,04,05,27,28,10,00,00,00,00,00,00,00,00,00,SAT_TAL:00
BEI_SNR:00,00,00,00,00,00,00,00,00,00,00,00,00,00,00,SNR_AVG:0.00
QZS_PRN:00,00,00,00,00,SAT_TAL:00
QZS_SNR:00,00,00,00,00,SNR_AVG:0.00
SatInView:7 GDOP:17075
Roll:9.373412 Pitch:44.284756
X_AVG:-6.340117 Y_AVG:1.229783 Z_AVG:6.527013
X_SD:0.075976 Y_SD:0.062875 Z_SD:0.131257
$MXCM10033,2,61,20240103,030914,00,0E70F76A,47EF8C71,009E,0000,0000,00,9202*6A
GPS_PRN:16,10,25,03,00,00,00,00,00,00,00,00,00,00,00,SAT_TAL:00
GPS_SNR:00,00,00,00,00,00,00,00,00,00,00,00,00,00,00,SNR_AVG:0.00
GLO_PRN:00,00,00,00,00,00,00,00,00,00,00,00,00,00,00,SAT_TAL:00
GLO_SNR:00,00,00,00,00,00,00,00,00,00,00,00,00,00,00,SNR_AVG:0.00
GAL_PRN:00,00,00,00,00,00,00,00,00,00,00,00,00,00,00,SAT_TAL:00
GAL_SNR:00,00,00,00,00,00,00,00,00,00,00,00,00,00,00,SNR_AVG:0.00
BEI_PRN:00,00,00,00,00,00,00,00,00,00,00,00,00,00,00,SAT_TAL:00
BEI_SNR:00,00,00,00,00,00,00,00,00,00,00,00,00,00,00,SNR_AVG:0.00
QZS_PRN:00,00,00,00,00,SAT_TAL:00
QZS_SNR:00,00,00,00,00,SNR_AVG:0.00
SatInView:4 GDOP:19998
Roll:8.152392 Pitch:44.691753
X_AVG:-6.396143 Y_AVG:1.069751 Z_AVG:6.503501
X_SD:0.085427 Y_SD:0.066282 Z_SD:0.137968
$MXCM10033,2,62,20240103,030929,00,0E70F76A,47EF8C71,009E,0000,0000,00,9202*67
GPS_PRN:25,00,00,00,00,00,00,00,00,00,00,00,00,00,00,SAT_TAL:01
GPS_SNR:22,00,00,00,00,00,00,00,00,00,00,00,00,00,00,SNR_AVG:22.00
GLO_PRN:00,00,00,00,00,00,00,00,00,00,00,00,00,00,00,SAT_TAL:00
GLO_SNR:00,00,00,00,00,00,00,00,00,00,00,00,00,00,00,SNR_AVG:0.00
GAL_PRN:00,00,00,00,00,00,00,00,00,00,00,00,00,00,00,SAT_TAL:00
GAL_SNR:00,00,00,00,00,00,00,00,00,00,00,00,00,00,00,SNR_AVG:0.00
BEI_PRN:20,03,06,16,01,09,08,10,38,36,27,28,00,00,00,SAT_TAL:00
BEI_SNR:00,00,00,00,00,00,00,00,00,00,00,00,00,00,00,SNR_AVG:0.00
QZS_PRN:00,00,00,00,00,SAT_TAL:00
QZS_SNR:00,00,00,00,00,SNR_AVG:0.00
SatInView:13 GDOP:17097
Roll:6.802830 Pitch:44.723335
X_AVG:-6.394515 Y_AVG:1.069368 Z_AVG:6.505081
X_SD:0.080237 Y_SD:0.069599 Z_SD:0.121907
$MXCM10033,2,63,20240103,031144,00,0E70F767,47EF8C6F,009E,0000,0000,00,9202*64
GPS_PRN:16,10,25,03,00,00,00,00,00,00,00,00,00,00,00,SAT_TAL:01
GPS_SNR:00,00,23,00,00,00,00,00,00,00,00,00,00,00,00,SNR_AVG:23.00
GLO_PRN:00,00,00,00,00,00,00,00,00,00,00,00,00,00,00,SAT_TAL:00
GLO_SNR:00,00,00,00,00,00,00,00,00,00,00,00,00,00,00,SNR_AVG:0.00
GAL_PRN:00,00,00,00,00,00,00,00,00,00,00,00,00,00,00,SAT_TAL:00
GAL_SNR:00,00,00,00,00,00,00,00,00,00,00,00,00,00,00,SNR_AVG:0.00
BEI_PRN:00,00,00,00,00,00,00,00,00,00,00,00,00,00,00,SAT_TAL:00
BEI_SNR:00,00,00,00,00,00,00,00,00,00,00,00,00,00,00,SNR_AVG:0.00
QZS_PRN:00,00,00,00,00,SAT_TAL:00
QZS_SNR:00,00,00,00,00,SNR_AVG:0.00
SatInView:4 GDOP:19998
Roll:8.714370 Pitch:44.672962
X_AVG:-6.399495 Y_AVG:1.083254 Z_AVG:6.507667
X_SD:0.076201 Y_SD:0.066398 Z_SD:0.122049
$MXCM10033,2,64,20240103,031159,00,0E7103D0,47EF8E62,009E,0000,0281,00,9202*10
GPS_PRN:25,19500,00,00,00,00,00,00,00,00,00,00,00,00,SAT_TAL:02
GPS_SNR:24,19,00,00,00,00,00,00,00,00,00,00,00,00,00,SNR_AVG:21.50
GLO_PRN:00,00,00,00,00,00,00,00,00,00,00,00,00,00,00,SAT_TAL:00
GLO_SNR:00,00,00,00,00,00,00,00,00,00,00,00,00,00,00,SNR_AVG:0.00
GAL_PRN:00,00,00,00,00,00,00,00,00,00,00,00,00,00,00,SAT_TAL:00
GAL_SNR:00,00,00,00,00,00,00,00,00,00,00,00,00,00,00,SNR_AVG:0.00
BEI_PRN:04,00,00,00,00,00,00,00,00,00,00,00,00,00,00,SAT_TAL:00
BEI_SNR:00,00,00,00,00,00,00,00,00,00,00,00,00,00,00,SNR_AVG:0.00
QZS_PRN:00,00,00,00,00,SAT_TAL:00
QZS_SNR:00,00,00,00,00,SNR_AVG:0.00
SatInView:3 GDOP:11873
Roll:8.039538 Pitch:44.210884
X_AVG:-6.395951 Y_AVG:1.073630 Z_AVG:6.506901
X_SD:0.075961 Y_SD:0.065021 Z_SD:0.133146
$MXCM10033,2,65,20240103,031414,00,0E70F76A,47EF8C71,009E,0000,0000,00,9202*62
GPS_PRN:31,16,10,25,03,00,00,00,00,00,00,00,00,00,00,SAT_TAL:01
GPS_SNR:00,00,00,22,00,00,00,00,00,00,00,00,00,00,00,SNR_AVG:22.00
GLO_PRN:00,00,00,00,00,00,00,00,00,00,00,00,00,00,00,SAT_TAL:00
GLO_SNR:00,00,00,00,00,00,00,00,00,00,00,00,00,00,00,SNR_AVG:0.00
GAL_PRN:00,00,00,00,00,00,00,00,00,00,00,00,00,00,00,SAT_TAL:00
GAL_SNR:00,00,00,00,00,00,00,00,00,00,00,00,00,00,00,SNR_AVG:0.00
BEI_PRN:00,00,00,00,00,00,00,00,00,00,00,00,00,00,00,SAT_TAL:00
BEI_SNR:00,00,00,00,00,00,00,00,00,00,00,00,00,00,00,SNR_AVG:0.00
QZS_PRN:00,00,00,00,00,SAT_TAL:00
QZS_SNR:00,00,00,00,00,SNR_AVG:0.00
SatInView:5 GDOP:19998
Roll:6.211027 Pitch:44.819485
X_AVG:-6.453748 Y_AVG:1.041020 Z_AVG:6.485688
X_SD:0.082165 Y_SD:0.065110 Z_SD:0.132823
$MXCM10033,2,66,20240103,031429,00,0E70F92C,47EF97F5,009E,0000,6575,00,9202*66
GPS_PRN:31,25,00,00,00,00,00,00,00,00,00,00,00,00,00,SAT_TAL:02
GPS_SNR:17,22,00,00,00,00,00,00,00,00,00,00,00,00,00,SNR_AVG:19.50
GLO_PRN:00,00,00,00,00,00,00,00,00,00,00,00,00,00,00,SAT_TAL:00
GLO_SNR:00,00,00,00,00,00,00,00,00,00,00,00,00,00,00,SNR_AVG:0.00
GAL_PRN:00,00,00,00,00,00,00,00,00,00,00,00,00,00,00,SAT_TAL:00
GAL_SNR:00,00,00,00,00,00,00,00,00,00,00,00,00,00,00,SNR_AVG:0.00
BEI_PRN:04,05,30,00,00,00,00,00,00,00,00,00,00,00,00,SAT_TAL:00
BEI_SNR:00,00,00,00,00,00,00,00,00,00,00,00,00,00,00,SNR_AVG:0.00
QZS_PRN:00,00,00,00,00,SAT_TAL:00
QZS_SNR:00,00,00,00,00,SNR_AVG:0.00
SatInView:5 GDOP:12614
Roll:8.669804 Pitch:44.321369
X_AVG:-6.453222 Y_AVG:1.036806 Z_AVG:6.487316
X_SD:0.077795 Y_SD:0.061287 Z_SD:0.136873
$MXCM10033,2,67,20240103,031644,00,0E70F76A,47EF8C71,009E,0000,0000,00,9202*67
GPS_PRN:16,10,25,03,00,00,00,00,00,00,00,00,00,00,00,SAT_TAL:00
GPS_SNR:00,00,00,00,00,00,00,00,00,00,00,00,00,00,00,SNR_AVG:0.00
GLO_PRN:00,00,00,00,00,00,00,00,00,00,00,00,00,00,00,SAT_TAL:00
GLO_SNR:00,00,00,00,00,00,00,00,00,00,00,00,00,00,00,SNR_AVG:0.00
GAL_PRN:00,00,00,00,00,00,00,00,00,00,00,00,00,00,00,SAT_TAL:00
GAL_SNR:00,00,00,00,00,00,00,00,00,00,00,00,00,00,00,SNR_AVG:0.00
BEI_PRN:00,00,00,00,00,00,00,00,00,00,00,00,00,00,00,SAT_TAL:00
BEI_SNR:00,00,00,00,00,00,00,00,00,00,00,00,00,00,00,SNR_AVG:0.00
QZS_PRN:00,00,00,00,00,SAT_TAL:00
QZS_SNR:00,00,00,00,00,SNR_AVG:0.00
SatInView:4 GDOP:19998
Roll:7.408870 Pitch:44.472401
X_AVG:-6.453365 Y_AVG:1.050118 Z_AVG:6.483006
X_SD:0.076774 Y_SD:0.065690 Z_SD:0.134430
$MXCM10033,2,68,20240103,031659,00,0E70F76A,47EF8C71,009E,0000,0000,00,9202*64
GPS_PRN:25,00,00,00,00,00,00,00,00,00,00,00,00,00,00,SAT_TAL:01
GPS_SNR:27,00,00,00,00,00,00,00,00,00,00,00,00,00,00,SNR_AVG:27.00
GLO_PRN:00,00,00,00,00,00,00,00,00,00,00,00,00,00,00,SAT_TAL:00
GLO_SNR:00,00,00,00,00,00,00,00,00,00,00,00,00,00,00,SNR_AVG:0.00
GAL_PRN:00,00,00,00,00,00,00,00,00,00,00,00,00,00,00,SAT_TAL:00
GAL_SNR:00,00,00,00,00,00,00,00,00,00,00,00,00,00,00,SNR_AVG:0.00
BEI_PRN:30,00,00,00,00,00,00,00,00,00,00,00,00,00,00,SAT_TAL:00
BEI_SNR:00,00,00,00,00,00,00,00,00,00,00,00,00,00,00,SNR_AVG:0.00
QZS_PRN:00,00,00,00,00,SAT_TAL:00
QZS_SNR:00,00,00,00,00,SNR_AVG:0.00
SatInView:2 GDOP:17154
Roll:6.871083 Pitch:44.858177
X_AVG:-6.438569 Y_AVG:1.052752 Z_AVG:6.476925
X_SD:0.078120 Y_SD:0.065914 Z_SD:0.126257
$MXCM10033,3*35
$MXCM001,10033,0*2B
======== Tracker Setting ========
[System]
COMPort:COM9
SerialNumber:MX231214C0000001
FirmwareVersion:231220163813_v1.0.CN
[Periodic]
Enable:1
Stage:2
WorkMode:0
T0:15
T1:270
T2:120
T3:30
T4:120
FirstFixStage:2
TraceFixStage:0
PeriodicCycle:27
[Dynamic]
Enable:0
PrecisionChk:0
T5:45
T6:175
[Geofencing]
Enable:0
T7:20
T8:60
DistanceThreshold:1000
DestinationLongitude:121.2237164
DestinationLatitude:24.9698319
DestinationAltitude:154
[MotionDetection]
Enable:1
Angle:45
DataRate:200
SampleFrequency:50
[GPS_EPO]
EpoDataNumber:12
FWN:2295
FTOW:172800
LWN:2295
LTOW:432000
[GLO_EPO]
EpoDataNumber:12
FWN:2295
FTOW:172800
LWN:2295
LTOW:432000
[GAL_EPO]
EpoDataNumber:0
FWN:0
FTOW:0
LWN:0
LTOW:0
[BEI_EPO]
EpoDataNumber:0
FWN:0
FTOW:0
LWN:0
LTOW:0
