$MXCM10033,0*36
$MXCM10033,1,68,212*08
$MXCM10033,2,1,19800105,235956,00,35A4E8F5,00000000,0089,0000,0000,00,9102*55
GPS_PRN:29,00,00,00,00,00,00,00,00,00,00,00,00,00,00,SAT_TAL:01
GPS_SNR:22,00,00,00,00,00,00,00,00,00,00,00,00,00,00,SNR_AVG:22.00
GLO_PRN:00,00,00,00,00,00,00,00,00,00,00,00,00,00,00,SAT_TAL:00
GLO_SNR:00,00,00,00,00,00,00,00,00,00,00,00,00,00,00,SNR_AVG:0.00
GAL_PRN:00,00,00,00,00,00,00,00,00,00,00,00,00,00,00,SAT_TAL:00
GAL_SNR:00,00,00,00,00,00,00,00,00,00,00,00,00,00,00,SNR_AVG:0.00
BEI_PRN:50,59,56,32,32,48,00,00,00,00,00,00,00,00,00,SAT_TAL:06
BEI_SNR:28,30,33,33,35,33,00,00,00,00,00,00,00,00,00,SNR_AVG:32.00
QZS_PRN:00,00,00,00,00,SAT_TAL:00
QZS_SNR:00,00,00,00,00,SNR_AVG:0.00
SatInView:7 GDOP:19998
Roll:138.002304 Pitch:47.806675
X_AVG:-9.762746 Y_AVG:7.676061 Z_AVG:-10.009497
X_SD:11.277116 Y_SD:10.952370 Z_SD:6.865032
$MXCM10033,2,2,19800109,021028,00,35A4E8F5,00000000,0089,0000,0000,00,9102*5D
GPS_PRN:26,16,23,12,28,00,00,00,00,00,00,00,00,00,00,SAT_TAL:05
GPS_SNR:35,32,35,35,37,00,00,00,00,00,00,00,00,00,00,SNR_AVG:34.80
GLO_PRN:00,00,00,00,00,00,00,00,00,00,00,00,00,00,00,SAT_TAL:00
GLO_SNR:00,00,00,00,00,00,00,00,00,00,00,00,00,00,00,SNR_AVG:0.00
GAL_PRN:00,00,00,00,00,00,00,00,00,00,00,00,00,00,00,SAT_TAL:00
GAL_SNR:00,00,00,00,00,00,00,00,00,00,00,00,00,00,00,SNR_AVG:0.00
BEI_PRN:04,56,32,32,01,59,48,00,00,00,00,00,00,00,00,SAT_TAL:07
BEI_SNR:28,28,26,26,28,30,35,00,00,00,00,00,00,00,00,SNR_AVG:28.71
QZS_PRN:00,00,00,00,00,SAT_TAL:00
QZS_SNR:00,00,00,00,00,SNR_AVG:0.00
SatInView:12 GDOP:19998
Roll:139.468445 Pitch:41.518700
X_AVG:-8.997735 Y_AVG:7.453970 Z_AVG:-8.839235
X_SD:10.098476 Y_SD:10.223694 Z_SD:7.378423
$MXCM10033,2,3,19800109,021042,00,35A4E8F5,00000000,0089,0000,0000,00,9102*50
GPS_PRN:19428,00,00,00,00,00,00,00,00,00,00,00,00,00,SAT_TAL:02
GPS_SNR:31,37,00,00,00,00,00,00,00,00,00,00,00,00,00,SNR_AVG:34.00
GLO_PRN:00,00,00,00,00,00,00,00,00,00,00,00,00,00,00,SAT_TAL:00
GLO_SNR:00,00,00,00,00,00,00,00,00,00,00,00,00,00,00,SNR_AVG:0.00
GAL_PRN:00,00,00,00,00,00,00,00,00,00,00,00,00,00,00,SAT_TAL:00
GAL_SNR:00,00,00,00,00,00,00,00,00,00,00,00,00,00,00,SNR_AVG:0.00
BEI_PRN:59,48,04,32,01,32,20,20,00,00,00,00,00,00,00,SAT_TAL:08
BEI_SNR:26,33,27,24,24,23,34,32,00,00,00,00,00,00,00,SNR_AVG:27.88
QZS_PRN:00,00,00,00,00,SAT_TAL:00
QZS_SNR:00,00,00,00,00,SNR_AVG:0.00
SatInView:10 GDOP:19998
Roll:138.598343 Pitch:49.458321
X_AVG:-10.143431 Y_AVG:6.708449 Z_AVG:-6.383262
X_SD:7.912753 Y_SD:9.282640 Z_SD:7.254498
$MXCM10033,2,4,19800109,021054,00,35A4E8F5,00000000,0089,0000,0000,00,9102*50
GPS_PRN:28,19425,00,00,00,00,00,00,00,00,00,00,00,00,SAT_TAL:03
GPS_SNR:37,27,30,00,00,00,00,00,00,00,00,00,00,00,00,SNR_AVG:31.33
GLO_PRN:00,00,00,00,00,00,00,00,00,00,00,00,00,00,00,SAT_TAL:00
GLO_SNR:00,00,00,00,00,00,00,00,00,00,00,00,00,00,00,SNR_AVG:0.00
GAL_PRN:00,00,00,00,00,00,00,00,00,00,00,00,00,00,00,SAT_TAL:00
GAL_SNR:00,00,00,00,00,00,00,00,00,00,00,00,00,00,00,SNR_AVG:0.00
BEI_PRN:04,62,32,01,37,59,32,20,37,20,48,00,00,00,00,SAT_TAL:11
BEI_SNR:26,31,33,27,34,30,33,35,34,34,34,00,00,00,00,SNR_AVG:31.91
QZS_PRN:00,00,00,00,00,SAT_TAL:00
QZS_SNR:00,00,00,00,00,SNR_AVG:0.00
SatInView:14 GDOP:19998
Roll:17.098997 Pitch:29.621754
X_AVG:-10.143431 Y_AVG:6.708449 Z_AVG:-6.383262
X_SD:7.912753 Y_SD:9.282640 Z_SD:7.254498
$MXCM10033,2,5,19800109,021107,00,35A4E8F5,00000000,0089,0000,0000,00,9102*56
GPS_PRN:19423,10,29,26,25,28,00,00,00,00,00,00,00,00,SAT_TAL:07
GPS_SNR:29,34,33,36,34,27,37,00,00,00,00,00,00,00,00,SNR_AVG:32.86
GLO_PRN:00,00,00,00,00,00,00,00,00,00,00,00,00,00,00,SAT_TAL:00
GLO_SNR:00,00,00,00,00,00,00,00,00,00,00,00,00,00,00,SNR_AVG:0.00
GAL_PRN:00,00,00,00,00,00,00,00,00,00,00,00,00,00,00,SAT_TAL:00
GAL_SNR:00,00,00,00,00,00,00,00,00,00,00,00,00,00,00,SNR_AVG:0.00
BEI_PRN:48,04,32,32,20,37,62,01,37,02,20,59,00,00,00,SAT_TAL:12
BEI_SNR:34,27,35,36,35,33,34,30,31,27,35,31,00,00,00,SNR_AVG:32.33
QZS_PRN:00,00,00,00,00,SAT_TAL:00
QZS_SNR:00,00,00,00,00,SNR_AVG:0.00
SatInView:19 GDOP:19998
Roll:146.181534 Pitch:62.816353
X_AVG:-9.885810 Y_AVG:5.613127 Z_AVG:-4.812921
X_SD:7.850304 Y_SD:8.079452 Z_SD:4.536338
$MXCM10033,2,6,19800109,021120,00,35A4E8F5,00000000,0089,0000,0000,00,9102*50
GPS_PRN:23,26,12,25,32,19519428,29,10,00,00,00,00,00,SAT_TAL:10
GPS_SNR:35,36,35,36,41,34,33,32,34,36,00,00,00,00,00,SNR_AVG:35.20
GLO_PRN:00,00,00,00,00,00,00,00,00,00,00,00,00,00,00,SAT_TAL:00
GLO_SNR:00,00,00,00,00,00,00,00,00,00,00,00,00,00,00,SNR_AVG:0.00
GAL_PRN:00,00,00,00,00,00,00,00,00,00,00,00,00,00,00,SAT_TAL:00
GAL_SNR:00,00,00,00,00,00,00,00,00,00,00,00,00,00,00,SNR_AVG:0.00
BEI_PRN:32,20,37,02,20,59,48,04,62,01,37,32,00,00,00,SAT_TAL:12
BEI_SNR:33,33,36,26,33,31,32,27,33,29,34,33,00,00,00,SNR_AVG:31.67
QZS_PRN:00,00,00,00,00,SAT_TAL:00
QZS_SNR:00,00,00,00,00,SNR_AVG:0.00
SatInView:22 GDOP:19998
Roll:132.272751 Pitch:60.133038
X_AVG:-10.379744 Y_AVG:5.279608 Z_AVG:-4.889968
X_SD:7.961442 Y_SD:9.836772 Z_SD:5.520529
$MXCM10033,2,7,19800109,021133,00,35A4E8F5,00000000,0089,0000,0000,00,9102*53
GPS_PRN:25,10,26,19419512,32,28,29,23,00,00,00,00,00,SAT_TAL:10
GPS_SNR:28,38,34,29,30,34,29,34,36,33,00,00,00,00,00,SNR_AVG:32.50
GLO_PRN:00,00,00,00,00,00,00,00,00,00,00,00,00,00,00,SAT_TAL:00
GLO_SNR:00,00,00,00,00,00,00,00,00,00,00,00,00,00,00,SNR_AVG:0.00
GAL_PRN:00,00,00,00,00,00,00,00,00,00,00,00,00,00,00,SAT_TAL:00
GAL_SNR:00,00,00,00,00,00,00,00,00,00,00,00,00,00,00,SNR_AVG:0.00
BEI_PRN:01,37,32,20,37,39,40,39,02,40,20,59,48,04,62,SAT_TAL:15
BEI_SNR:28,24,35,32,24,25,30,26,27,30,32,30,33,27,33,SNR_AVG:29.07
QZS_PRN:00,00,00,00,00,SAT_TAL:00
QZS_SNR:00,00,00,00,00,SNR_AVG:0.00
SatInView:26 GDOP:19998
Roll:114.362686 Pitch:72.657562
X_AVG:-8.368382 Y_AVG:2.879038 Z_AVG:-0.844596
X_SD:7.374609 Y_SD:6.951521 Z_SD:2.301398
$MXCM10033,2,8,19800109,021146,00,35A4E8F5,00000000,0089,0000,0000,00,9102*5E
GPS_PRN:25,10,26,19419512,32,28,29,23,00,00,00,00,00,SAT_TAL:10
GPS_SNR:35,39,33,31,34,35,38,36,35,35,00,00,00,00,00,SNR_AVG:35.10
GLO_PRN:00,00,00,00,00,00,00,00,00,00,00,00,00,00,00,SAT_TAL:00
GLO_SNR:00,00,00,00,00,00,00,00,00,00,00,00,00,00,00,SNR_AVG:0.00
GAL_PRN:00,00,00,00,00,00,00,00,00,00,00,00,00,00,00,SAT_TAL:00
GAL_SNR:00,00,00,00,00,00,00,00,00,00,00,00,00,00,00,SNR_AVG:0.00
BEI_PRN:01,37,32,20,37,39,40,39,02,40,20,59,48,04,62,SAT_TAL:15
BEI_SNR:28,34,36,35,32,33,31,33,25,32,35,31,34,26,32,SNR_AVG:31.80
QZS_PRN:00,00,00,00,00,SAT_TAL:00
QZS_SNR:00,00,00,00,00,SNR_AVG:0.00
SatInView:26 GDOP:19998
Roll:76.224190 Pitch:71.203072
X_AVG:-8.771143 Y_AVG:4.365292 Z_AVG:-1.340014
X_SD:7.521638 Y_SD:7.935286 Z_SD:3.803677
$MXCM10033,2,9,20240103,021159,12,0E98F6C4,47EE5AB4,0066,000D,07C1,08,9102*5B
GPS_PRN:32,23,12,10,19619419919528,25,31,26,29,00,00,SAT_TAL:11
GPS_SNR:37,34,33,39,00,33,29,32,33,35,00,33,34,00,00,SNR_AVG:33.82
GLO_PRN:00,00,00,00,00,00,00,00,00,00,00,00,00,00,00,SAT_TAL:00
GLO_SNR:00,00,00,00,00,00,00,00,00,00,00,00,00,00,00,SNR_AVG:0.00
GAL_PRN:00,00,00,00,00,00,00,00,00,00,00,00,00,00,00,SAT_TAL:00
GAL_SNR:00,00,00,00,00,00,00,00,00,00,00,00,00,00,00,SNR_AVG:0.00
BEI_PRN:48,62,37,39,40,20,32,37,39,40,20,32,16,06,01,SAT_TAL:13
BEI_SNR:32,32,32,31,31,32,35,33,33,32,31,35,00,00,30,SNR_AVG:32.23
QZS_PRN:00,00,00,00,00,SAT_TAL:00
QZS_SNR:00,00,00,00,00,SNR_AVG:0.00
SatInView:35 GDOP:248
Roll:100.075470 Pitch:69.365677
X_AVG:-8.376762 Y_AVG:3.791869 Z_AVG:-2.371217
X_SD:8.352532 Y_SD:8.674774 Z_SD:6.497722
$MXCM10033,2,10,20240103,021214,12,0E98A99B,47EE0D82,0077,001A,4CA4,08,9102*62
GPS_PRN:32,23,12,10,19619419919528,25,31,26,29,00,00,SAT_TAL:12
GPS_SNR:38,35,36,37,27,31,22,34,36,35,00,35,36,00,00,SNR_AVG:33.50
GLO_PRN:00,00,00,00,00,00,00,00,00,00,00,00,00,00,00,SAT_TAL:00
GLO_SNR:00,00,00,00,00,00,00,00,00,00,00,00,00,00,00,SNR_AVG:0.00
GAL_PRN:00,00,00,00,00,00,00,00,00,00,00,00,00,00,00,SAT_TAL:00
GAL_SNR:00,00,00,00,00,00,00,00,00,00,00,00,00,00,00,SNR_AVG:0.00
BEI_PRN:48,62,37,39,40,20,32,37,39,40,20,32,16,06,01,SAT_TAL:13
BEI_SNR:34,29,34,33,31,31,24,33,33,29,33,28,00,00,27,SNR_AVG:30.69
QZS_PRN:00,00,00,00,00,SAT_TAL:00
QZS_SNR:00,00,00,00,00,SNR_AVG:0.00
SatInView:35 GDOP:248
Roll:124.006577 Pitch:65.777153
X_AVG:-10.463830 Y_AVG:5.730589 Z_AVG:-3.123586
X_SD:7.218757 Y_SD:9.070467 Z_SD:6.671170
$MXCM10033,2,11,20240103,021229,12,0E9843FB,47EDB74E,0077,0009,63D1,09,9102*1C
GPS_PRN:32,23,12,10,19619419919528,25,31,26,29,00,00,SAT_TAL:13
GPS_SNR:28,37,36,39,31,30,28,35,35,28,36,36,36,00,00,SNR_AVG:33.46
GLO_PRN:00,00,00,00,00,00,00,00,00,00,00,00,00,00,00,SAT_TAL:00
GLO_SNR:00,00,00,00,00,00,00,00,00,00,00,00,00,00,00,SNR_AVG:0.00
GAL_PRN:00,00,00,00,00,00,00,00,00,00,00,00,00,00,00,SAT_TAL:00
GAL_SNR:00,00,00,00,00,00,00,00,00,00,00,00,00,00,00,SNR_AVG:0.00
BEI_PRN:48,62,37,39,40,20,32,37,39,40,20,32,16,06,01,SAT_TAL:13
BEI_SNR:33,32,24,25,34,30,33,22,26,32,33,34,00,00,29,SNR_AVG:29.77
QZS_PRN:00,00,00,00,00,SAT_TAL:00
QZS_SNR:00,00,00,00,00,SNR_AVG:0.00
SatInView:35 GDOP:221
Roll:125.729897 Pitch:59.210636
X_AVG:-9.883799 Y_AVG:5.804188 Z_AVG:-3.001575
X_SD:7.973450 Y_SD:9.369613 Z_SD:3.245379
$MXCM10033,2,12,20240103,021244,12,0E9866AA,47EDFF5F,006D,0013,0DD2,09,9102*6B
GPS_PRN:32,23,12,10,19619419919528,25,31,26,29,00,00,SAT_TAL:13
GPS_SNR:33,34,37,39,33,32,29,33,29,35,36,35,34,00,00,SNR_AVG:33.77
GLO_PRN:00,00,00,00,00,00,00,00,00,00,00,00,00,00,00,SAT_TAL:00
GLO_SNR:00,00,00,00,00,00,00,00,00,00,00,00,00,00,00,SNR_AVG:0.00
GAL_PRN:00,00,00,00,00,00,00,00,00,00,00,00,00,00,00,SAT_TAL:00
GAL_SNR:00,00,00,00,00,00,00,00,00,00,00,00,00,00,00,SNR_AVG:0.00
BEI_PRN:48,62,37,39,40,20,32,37,39,40,20,32,16,06,01,SAT_TAL:13
BEI_SNR:28,32,27,25,31,25,35,28,24,32,28,35,00,00,30,SNR_AVG:29.23
QZS_PRN:00,00,00,00,00,SAT_TAL:00
QZS_SNR:00,00,00,00,00,SNR_AVG:0.00
SatInView:35 GDOP:221
Roll:59.604401 Pitch:90.000000
X_AVG:-9.152116 Y_AVG:3.464480 Z_AVG:-0.910916
X_SD:8.487387 Y_SD:7.319794 Z_SD:3.133809
$MXCM10033,2,13,20240103,021259,12,0E98C143,47EE125F,0064,0013,88E1,09,9102*17
GPS_PRN:32,23,12,10,19619419919528,25,31,26,29,00,00,SAT_TAL:13
GPS_SNR:33,34,35,40,34,34,29,33,27,33,32,36,34,00,00,SNR_AVG:33.38
GLO_PRN:00,00,00,00,00,00,00,00,00,00,00,00,00,00,00,SAT_TAL:00
GLO_SNR:00,00,00,00,00,00,00,00,00,00,00,00,00,00,00,SNR_AVG:0.00
GAL_PRN:00,00,00,00,00,00,00,00,00,00,00,00,00,00,00,SAT_TAL:00
GAL_SNR:00,00,00,00,00,00,00,00,00,00,00,00,00,00,00,SNR_AVG:0.00
BEI_PRN:48,62,37,39,40,20,32,37,39,40,20,32,16,06,01,SAT_TAL:13
BEI_SNR:27,33,31,29,29,26,36,28,28,30,29,35,00,00,31,SNR_AVG:30.15
QZS_PRN:00,00,00,00,00,SAT_TAL:00
QZS_SNR:00,00,00,00,00,SNR_AVG:0.00
SatInView:35 GDOP:220
Roll:65.963394 Pitch:71.396271
X_AVG:-9.407583 Y_AVG:4.414997 Z_AVG:-0.831906
X_SD:8.678586 Y_SD:8.515042 Z_SD:4.737729
$MXCM10033,2,14,20240103,021314,12,0E992382,47EE18D1,0046,000F,0AFC,0B,9102*64
GPS_PRN:32,23,12,10,19619419919528,25,31,26,29,00,00,SAT_TAL:13
GPS_SNR:32,35,37,39,30,30,27,33,34,31,37,35,34,00,00,SNR_AVG:33.38
GLO_PRN:00,00,00,00,00,00,00,00,00,00,00,00,00,00,00,SAT_TAL:00
GLO_SNR:00,00,00,00,00,00,00,00,00,00,00,00,00,00,00,SNR_AVG:0.00
GAL_PRN:00,00,00,00,00,00,00,00,00,00,00,00,00,00,00,SAT_TAL:00
GAL_SNR:00,00,00,00,00,00,00,00,00,00,00,00,00,00,00,SNR_AVG:0.00
BEI_PRN:48,62,37,39,40,20,32,37,39,40,20,32,16,06,01,SAT_TAL:13
BEI_SNR:34,31,27,27,31,32,29,30,30,32,32,32,00,00,28,SNR_AVG:30.38
QZS_PRN:00,00,00,00,00,SAT_TAL:00
QZS_SNR:00,00,00,00,00,SNR_AVG:0.00
SatInView:35 GDOP:178
Roll:100.936562 Pitch:57.844837
X_AVG:-10.544947 Y_AVG:6.432392 Z_AVG:-1.231506
X_SD:8.348720 Y_SD:8.897937 Z_SD:5.277928
$MXCM10033,2,15,20240103,021329,12,0E992343,47EE714F,006A,0013,2FF1,0B,9102*18
GPS_PRN:32,23,12,10,19619419919528,25,31,26,29,00,00,SAT_TAL:13
GPS_SNR:32,33,37,37,26,21,26,33,35,34,37,35,36,00,00,SNR_AVG:32.46
GLO_PRN:00,00,00,00,00,00,00,00,00,00,00,00,00,00,00,SAT_TAL:00
GLO_SNR:00,00,00,00,00,00,00,00,00,00,00,00,00,00,00,SNR_AVG:0.00
GAL_PRN:00,00,00,00,00,00,00,00,00,00,00,00,00,00,00,SAT_TAL:00
GAL_SNR:00,00,00,00,00,00,00,00,00,00,00,00,00,00,00,SNR_AVG:0.00
BEI_PRN:48,62,37,39,40,20,32,37,39,40,20,32,16,06,01,SAT_TAL:13
BEI_SNR:34,33,29,29,31,31,36,31,32,30,33,33,00,00,29,SNR_AVG:31.62
QZS_PRN:00,00,00,00,00,SAT_TAL:00
QZS_SNR:00,00,00,00,00,SNR_AVG:0.00
SatInView:35 GDOP:178
Roll:93.398102 Pitch:63.661663
X_AVG:-9.744406 Y_AVG:5.280231 Z_AVG:-1.284994
X_SD:8.156220 Y_SD:9.243502 Z_SD:5.079422
$MXCM10033,2,16,20240103,021344,12,0E98FDE6,47EE5736,0082,000C,2D91,0B,9102*64
GPS_PRN:32,23,12,10,28,19619419919525,31,26,29,00,00,SAT_TAL:13
GPS_SNR:29,35,37,39,35,30,28,26,34,28,37,35,34,00,00,SNR_AVG:32.85
GLO_PRN:00,00,00,00,00,00,00,00,00,00,00,00,00,00,00,SAT_TAL:00
GLO_SNR:00,00,00,00,00,00,00,00,00,00,00,00,00,00,00,SNR_AVG:0.00
GAL_PRN:00,00,00,00,00,00,00,00,00,00,00,00,00,00,00,SAT_TAL:00
GAL_SNR:00,00,00,00,00,00,00,00,00,00,00,00,00,00,00,SNR_AVG:0.00
BEI_PRN:59,48,62,37,39,40,20,32,40,39,20,16,32,06,01,SAT_TAL:13
BEI_SNR:30,34,31,31,28,31,32,30,30,31,33,00,31,00,28,SNR_AVG:30.77
QZS_PRN:00,00,00,00,00,SAT_TAL:00
QZS_SNR:00,00,00,00,00,SNR_AVG:0.00
SatInView:35 GDOP:178
Roll:102.928291 Pitch:62.926941
X_AVG:-7.685255 Y_AVG:3.564607 Z_AVG:-1.863109
X_SD:9.068647 Y_SD:8.566670 Z_SD:6.281907
$MXCM10033,2,17,20240103,021359,12,0E98D119,47EE3F66,007A,000C,1327,0C,9102*13
GPS_PRN:32,23,12,10,28,19619419919525,31,26,29,00,00,SAT_TAL:13
GPS_SNR:36,36,36,39,26,32,32,28,33,36,35,36,36,00,00,SNR_AVG:33.92
GLO_PRN:00,00,00,00,00,00,00,00,00,00,00,00,00,00,00,SAT_TAL:00
GLO_SNR:00,00,00,00,00,00,00,00,00,00,00,00,00,00,00,SNR_AVG:0.00
GAL_PRN:00,00,00,00,00,00,00,00,00,00,00,00,00,00,00,SAT_TAL:00
GAL_SNR:00,00,00,00,00,00,00,00,00,00,00,00,00,00,00,SNR_AVG:0.00
BEI_PRN:19,48,39,62,59,37,40,20,32,39,20,06,16,32,01,SAT_TAL:12
BEI_SNR:00,27,24,33,32,28,31,25,35,25,26,00,00,35,30,SNR_AVG:29.25
QZS_PRN:00,00,00,00,00,SAT_TAL:00
QZS_SNR:00,00,00,00,00,SNR_AVG:0.00
SatInView:35 GDOP:174
Roll:40.048023 Pitch:90.000000
X_AVG:-7.310315 Y_AVG:2.397745 Z_AVG:-0.961196
X_SD:8.344781 Y_SD:7.688482 Z_SD:4.022670
$MXCM10033,2,18,20240103,021414,12,0E988AAE,47EE69AF,0085,0019,4228,0C,9102*64
GPS_PRN:32,23,12,10,28,19619419919525,31,26,29,00,00,SAT_TAL:13
GPS_SNR:37,37,35,37,36,29,28,26,35,34,35,33,35,00,00,SNR_AVG:33.62
GLO_PRN:00,00,00,00,00,00,00,00,00,00,00,00,00,00,00,SAT_TAL:00
GLO_SNR:00,00,00,00,00,00,00,00,00,00,00,00,00,00,00,SNR_AVG:0.00
GAL_PRN:00,00,00,00,00,00,00,00,00,00,00,00,00,00,00,SAT_TAL:00
GAL_SNR:00,00,00,00,00,00,00,00,00,00,00,00,00,00,00,SNR_AVG:0.00
BEI_PRN:10,48,39,62,59,37,40,20,32,39,20,16,06,32,01,SAT_TAL:12
BEI_SNR:00,34,34,29,30,34,34,34,33,32,35,00,00,32,27,SNR_AVG:32.33
QZS_PRN:00,00,00,00,00,SAT_TAL:00
QZS_SNR:00,00,00,00,00,SNR_AVG:0.00
SatInView:35 GDOP:174
Roll:100.997063 Pitch:68.737183
X_AVG:-9.424582 Y_AVG:3.718366 Z_AVG:-2.393532
X_SD:8.518934 Y_SD:8.496421 Z_SD:5.589764
$MXCM10033,2,19,20240103,021630,12,0E990CFE,47EE019B,007B,000C,59A0,0D,9202*69
GPS_PRN:32,31,26,29,23,12,16,19619419919528,10,25,00,SAT_TAL:13
GPS_SNR:37,36,35,33,36,36,00,30,29,26,35,37,37,32,00,SNR_AVG:33.77
GLO_PRN:00,00,00,00,00,00,00,00,00,00,00,00,00,00,00,SAT_TAL:00
GLO_SNR:00,00,00,00,00,00,00,00,00,00,00,00,00,00,00,SNR_AVG:0.00
GAL_PRN:00,00,00,00,00,00,00,00,00,00,00,00,00,00,00,SAT_TAL:00
GAL_SNR:00,00,00,00,00,00,00,00,00,00,00,00,00,00,00,SNR_AVG:0.00
BEI_PRN:10,23,27,28,37,20,40,32,20,03,06,16,32,01,13,SAT_TAL:11
BEI_SNR:00,33,34,00,34,36,33,33,36,27,00,00,34,29,31,SNR_AVG:32.73
QZS_PRN:00,00,00,00,00,SAT_TAL:00
QZS_SNR:00,00,00,00,00,SNR_AVG:0.00
SatInView:35 GDOP:170
Roll:100.935265 Pitch:90.000000
X_AVG:-6.690157 Y_AVG:1.495975 Z_AVG:-1.551857
X_SD:7.922941 Y_SD:6.887959 Z_SD:5.403567
$MXCM10033,2,20,20240103,021645,12,0E9878EA,47EE421F,0076,0016,2EC5,0E,9202*6D
GPS_PRN:32,31,26,29,23,12,16,19619419919528,10,25,00,SAT_TAL:14
GPS_SNR:36,34,19,36,36,36,28,32,31,28,35,37,38,31,00,SNR_AVG:32.64
GLO_PRN:00,00,00,00,00,00,00,00,00,00,00,00,00,00,00,SAT_TAL:00
GLO_SNR:00,00,00,00,00,00,00,00,00,00,00,00,00,00,00,SNR_AVG:0.00
GAL_PRN:00,00,00,00,00,00,00,00,00,00,00,00,00,00,00,SAT_TAL:00
GAL_SNR:00,00,00,00,00,00,00,00,00,00,00,00,00,00,00,SNR_AVG:0.00
BEI_PRN:19,23,28,27,37,20,40,32,20,03,06,16,32,01,13,SAT_TAL:11
BEI_SNR:00,29,00,27,33,33,30,30,35,27,00,00,33,28,29,SNR_AVG:30.36
QZS_PRN:00,00,00,00,00,SAT_TAL:00
QZS_SNR:00,00,00,00,00,SNR_AVG:0.00
SatInView:35 GDOP:148
Roll:115.951859 Pitch:90.000000
X_AVG:-9.868811 Y_AVG:3.468646 Z_AVG:-1.333837
X_SD:8.427530 Y_SD:7.759659 Z_SD:4.584502
$MXCM10033,2,21,20240103,021901,12,0E97AE76,47EEDC39,0071,0012,1976,0E,9202*15
GPS_PRN:32,31,26,29,23,12,19619419919516,28,10,25,00,SAT_TAL:14
GPS_SNR:37,35,34,36,32,35,33,33,26,30,29,33,35,33,00,SNR_AVG:32.93
GLO_PRN:00,00,00,00,00,00,00,00,00,00,00,00,00,00,00,SAT_TAL:00
GLO_SNR:00,00,00,00,00,00,00,00,00,00,00,00,00,00,00,SNR_AVG:0.00
GAL_PRN:00,00,00,00,00,00,00,00,00,00,00,00,00,00,00,SAT_TAL:00
GAL_SNR:00,00,00,00,00,00,00,00,00,00,00,00,00,00,00,SNR_AVG:0.00
BEI_PRN:19,23,27,28,20,40,32,23,20,03,06,16,01,32,13,SAT_TAL:10
BEI_SNR:00,32,00,00,34,30,35,33,34,29,00,00,29,33,32,SNR_AVG:32.10
QZS_PRN:00,00,00,00,00,SAT_TAL:00
QZS_SNR:00,00,00,00,00,SNR_AVG:0.00
SatInView:35 GDOP:118
Roll:108.086990 Pitch:90.000000
X_AVG:-8.493506 Y_AVG:2.964081 Z_AVG:-1.458194
X_SD:8.210489 Y_SD:7.470613 Z_SD:3.471128
$MXCM10033,2,22,20240103,021916,12,0E97A2A5,47EEAFD6,0076,001E,5130,0E,9202*14
GPS_PRN:32,31,26,29,23,12,19619419919516,28,10,25,00,SAT_TAL:14
GPS_SNR:37,35,36,33,34,35,29,32,24,37,34,34,37,35,00,SNR_AVG:33.71
GLO_PRN:00,00,00,00,00,00,00,00,00,00,00,00,00,00,00,SAT_TAL:00
GLO_SNR:00,00,00,00,00,00,00,00,00,00,00,00,00,00,00,SNR_AVG:0.00
GAL_PRN:00,00,00,00,00,00,00,00,00,00,00,00,00,00,00,SAT_TAL:00
GAL_SNR:00,00,00,00,00,00,00,00,00,00,00,00,00,00,00,SNR_AVG:0.00
BEI_PRN:19,23,27,28,20,40,32,23,20,03,06,16,01,32,13,SAT_TAL:10
BEI_SNR:00,33,00,00,33,28,24,32,34,28,00,00,27,25,31,SNR_AVG:29.50
QZS_PRN:00,00,00,00,00,SAT_TAL:00
QZS_SNR:00,00,00,00,00,SNR_AVG:0.00
SatInView:35 GDOP:118
Roll:84.811256 Pitch:71.347816
X_AVG:-9.957494 Y_AVG:4.187208 Z_AVG:-1.019998
X_SD:7.824687 Y_SD:7.787520 Z_SD:3.940677
$MXCM10033,2,23,20240103,022132,12,0E94D61A,47EE7DC3,00E5,0017,64ED,0E,9202*6F
GPS_PRN:32,28,10,25,31,26,29,23,19619419919512,16,03,SAT_TAL:15
GPS_SNR:35,24,41,34,36,36,37,38,34,32,29,36,35,35,31,SNR_AVG:34.20
GLO_PRN:00,00,00,00,00,00,00,00,00,00,00,00,00,00,00,SAT_TAL:00
GLO_SNR:00,00,00,00,00,00,00,00,00,00,00,00,00,00,00,SNR_AVG:0.00
GAL_PRN:00,00,00,00,00,00,00,00,00,00,00,00,00,00,00,SAT_TAL:00
GAL_SNR:00,00,00,00,00,00,00,00,00,00,00,00,00,00,00,SNR_AVG:0.00
BEI_PRN:00,00,00,00,00,00,00,00,00,00,00,00,00,00,00,SAT_TAL:00
BEI_SNR:00,00,00,00,00,00,00,00,00,00,00,00,00,00,00,SNR_AVG:0.00
QZS_PRN:00,00,00,00,00,SAT_TAL:00
QZS_SNR:00,00,00,00,00,SNR_AVG:0.00
SatInView:35 GDOP:147
Roll:98.388466 Pitch:62.302956
X_AVG:-10.705505 Y_AVG:5.218172 Z_AVG:-1.385792
X_SD:6.663963 Y_SD:7.936934 Z_SD:2.973076
$MXCM10033,2,24,20240103,022147,12,0E947B2D,47EE8A43,00DE,0020,4A5B,0E,9202*62
GPS_PRN:32,28,10,25,31,26,29,23,19619419919512,16,03,SAT_TAL:15
GPS_SNR:37,36,37,34,35,34,32,36,27,28,23,35,36,32,24,SNR_AVG:32.40
GLO_PRN:00,00,00,00,00,00,00,00,00,00,00,00,00,00,00,SAT_TAL:00
GLO_SNR:00,00,00,00,00,00,00,00,00,00,00,00,00,00,00,SNR_AVG:0.00
GAL_PRN:00,00,00,00,00,00,00,00,00,00,00,00,00,00,00,SAT_TAL:00
GAL_SNR:00,00,00,00,00,00,00,00,00,00,00,00,00,00,00,SNR_AVG:0.00
BEI_PRN:00,00,00,00,00,00,00,00,00,00,00,00,00,00,00,SAT_TAL:00
BEI_SNR:00,00,00,00,00,00,00,00,00,00,00,00,00,00,00,SNR_AVG:0.00
QZS_PRN:00,00,00,00,00,SAT_TAL:00
QZS_SNR:00,00,00,00,00,SNR_AVG:0.00
SatInView:35 GDOP:147
Roll:88.384995 Pitch:69.867218
X_AVG:-8.268255 Y_AVG:3.277297 Z_AVG:-1.093598
X_SD:8.304631 Y_SD:7.714802 Z_SD:3.962447
$MXCM10033,2,25,20240103,022403,12,0E8F4324,47EEAE82,00F4,001E,5248,0E,9202*6B
GPS_PRN:32,28,10,25,31,26,29,23,12,19619419919516,03,SAT_TAL:15
GPS_SNR:38,35,34,36,36,36,36,33,35,27,28,22,33,35,29,SNR_AVG:32.87
GLO_PRN:00,00,00,00,00,00,00,00,00,00,00,00,00,00,00,SAT_TAL:00
GLO_SNR:00,00,00,00,00,00,00,00,00,00,00,00,00,00,00,SNR_AVG:0.00
GAL_PRN:00,00,00,00,00,00,00,00,00,00,00,00,00,00,00,SAT_TAL:00
GAL_SNR:00,00,00,00,00,00,00,00,00,00,00,00,00,00,00,SNR_AVG:0.00
BEI_PRN:00,00,00,00,00,00,00,00,00,00,00,00,00,00,00,SAT_TAL:00
BEI_SNR:00,00,00,00,00,00,00,00,00,00,00,00,00,00,00,SNR_AVG:0.00
QZS_PRN:00,00,00,00,00,SAT_TAL:00
QZS_SNR:00,00,00,00,00,SNR_AVG:0.00
SatInView:35 GDOP:147
Roll:109.711685 Pitch:90.000000
X_AVG:-8.882045 Y_AVG:3.729906 Z_AVG:-2.216597
X_SD:8.882124 Y_SD:8.371962 Z_SD:4.916709
$MXCM10033,2,26,20240103,022418,12,0E8EA8DC,47EE9D89,00E9,0021,473B,0E,9202*6C
GPS_PRN:32,28,10,25,31,26,29,23,16,19619419919512,03,SAT_TAL:15
GPS_SNR:37,35,36,35,37,32,26,37,32,29,28,24,36,36,30,SNR_AVG:32.67
GLO_PRN:00,00,00,00,00,00,00,00,00,00,00,00,00,00,00,SAT_TAL:00
GLO_SNR:00,00,00,00,00,00,00,00,00,00,00,00,00,00,00,SNR_AVG:0.00
GAL_PRN:00,00,00,00,00,00,00,00,00,00,00,00,00,00,00,SAT_TAL:00
GAL_SNR:00,00,00,00,00,00,00,00,00,00,00,00,00,00,00,SNR_AVG:0.00
BEI_PRN:00,00,00,00,00,00,00,00,00,00,00,00,00,00,00,SAT_TAL:00
BEI_SNR:00,00,00,00,00,00,00,00,00,00,00,00,00,00,00,SNR_AVG:0.00
QZS_PRN:00,00,00,00,00,SAT_TAL:00
QZS_SNR:00,00,00,00,00,SNR_AVG:0.00
SatInView:35 GDOP:147
Roll:69.636765 Pitch:90.000000
X_AVG:-9.334702 Y_AVG:2.567833 Z_AVG:-2.331712
X_SD:9.917432 Y_SD:9.970901 Z_SD:8.348485
$MXCM10033,2,27,20240103,022634,12,0E88ED71,47ECFC65,0126,0020,43F6,0D,9202*65
GPS_PRN:31,29,23,16,12,19619419919503,32,28,10,25,26,SAT_TAL:13
GPS_SNR:33,00,34,33,35,30,32,00,34,30,38,36,37,35,34,SNR_AVG:33.92
GLO_PRN:00,00,00,00,00,00,00,00,00,00,00,00,00,00,00,SAT_TAL:00
GLO_SNR:00,00,00,00,00,00,00,00,00,00,00,00,00,00,00,SNR_AVG:0.00
GAL_PRN:00,00,00,00,00,00,00,00,00,00,00,00,00,00,00,SAT_TAL:00
GAL_SNR:00,00,00,00,00,00,00,00,00,00,00,00,00,00,00,SNR_AVG:0.00
BEI_PRN:00,00,00,00,00,00,00,00,00,00,00,00,00,00,00,SAT_TAL:00
BEI_SNR:00,00,00,00,00,00,00,00,00,00,00,00,00,00,00,SNR_AVG:0.00
QZS_PRN:00,00,00,00,00,SAT_TAL:00
QZS_SNR:00,00,00,00,00,SNR_AVG:0.00
SatInView:26 GDOP:152
Roll:39.333149 Pitch:90.000000
X_AVG:-8.436858 Y_AVG:3.844447 Z_AVG:-2.389078
X_SD:9.679725 Y_SD:8.495094 Z_SD:4.793936
$MXCM10033,2,28,20240103,022649,12,0E884CC3,47ED12D9,0137,0020,42F9,0E,9202*10
GPS_PRN:32,28,10,25,31,26,29,19619419919523,16,12,03,SAT_TAL:15
GPS_SNR:37,36,36,33,36,34,21,29,27,24,35,36,32,35,29,SNR_AVG:32.00
GLO_PRN:00,00,00,00,00,00,00,00,00,00,00,00,00,00,00,SAT_TAL:00
GLO_SNR:00,00,00,00,00,00,00,00,00,00,00,00,00,00,00,SNR_AVG:0.00
GAL_PRN:00,00,00,00,00,00,00,00,00,00,00,00,00,00,00,SAT_TAL:00
GAL_SNR:00,00,00,00,00,00,00,00,00,00,00,00,00,00,00,SNR_AVG:0.00
BEI_PRN:00,00,00,00,00,00,00,00,00,00,00,00,00,00,00,SAT_TAL:00
BEI_SNR:00,00,00,00,00,00,00,00,00,00,00,00,00,00,00,SNR_AVG:0.00
QZS_PRN:00,00,00,00,00,SAT_TAL:00
QZS_SNR:00,00,00,00,00,SNR_AVG:0.00
SatInView:35 GDOP:147
Roll:73.096619 Pitch:72.689682
X_AVG:-8.772915 Y_AVG:3.103762 Z_AVG:-0.891236
X_SD:7.920115 Y_SD:6.923893 Z_SD:2.970963
$MXCM10033,2,29,20240103,022905,12,0E823461,47ED6B78,016D,0022,43EB,0E,9202*13
GPS_PRN:32,28,10,31,25,26,29,23,19619419919516,12,03,SAT_TAL:15
GPS_SNR:36,37,37,37,35,34,25,37,29,26,24,37,34,37,30,SNR_AVG:33.00
GLO_PRN:00,00,00,00,00,00,00,00,00,00,00,00,00,00,00,SAT_TAL:00
GLO_SNR:00,00,00,00,00,00,00,00,00,00,00,00,00,00,00,SNR_AVG:0.00
GAL_PRN:00,00,00,00,00,00,00,00,00,00,00,00,00,00,00,SAT_TAL:00
GAL_SNR:00,00,00,00,00,00,00,00,00,00,00,00,00,00,00,SNR_AVG:0.00
BEI_PRN:00,00,00,00,00,00,00,00,00,00,00,00,00,00,00,SAT_TAL:00
BEI_SNR:00,00,00,00,00,00,00,00,00,00,00,00,00,00,00,SNR_AVG:0.00
QZS_PRN:00,00,00,00,00,SAT_TAL:00
QZS_SNR:00,00,00,00,00,SNR_AVG:0.00
SatInView:35 GDOP:145
Roll:123.637550 Pitch:90.000000
X_AVG:-7.365383 Y_AVG:2.357474 Z_AVG:-1.650213
X_SD:8.942897 Y_SD:8.032075 Z_SD:3.738866
$MXCM10033,2,30,20240103,022920,12,0E8183DB,47ED7D14,0186,001E,404C,0F,9202*67
GPS_PRN:32,28,10,31,25,26,29,23,19619419919516,12,03,SAT_TAL:15
GPS_SNR:36,36,37,36,33,34,35,37,30,27,25,36,31,35,32,SNR_AVG:33.33
GLO_PRN:00,00,00,00,00,00,00,00,00,00,00,00,00,00,00,SAT_TAL:00
GLO_SNR:00,00,00,00,00,00,00,00,00,00,00,00,00,00,00,SNR_AVG:0.00
GAL_PRN:00,00,00,00,00,00,00,00,00,00,00,00,00,00,00,SAT_TAL:00
GAL_SNR:00,00,00,00,00,00,00,00,00,00,00,00,00,00,00,SNR_AVG:0.00
BEI_PRN:00,00,00,00,00,00,00,00,00,00,00,00,00,00,00,SAT_TAL:00
BEI_SNR:00,00,00,00,00,00,00,00,00,00,00,00,00,00,00,SNR_AVG:0.00
QZS_PRN:00,00,00,00,00,SAT_TAL:00
QZS_SNR:00,00,00,00,00,SNR_AVG:0.00
SatInView:35 GDOP:145
Roll:-35.825657 Pitch:90.000000
X_AVG:-6.673924 Y_AVG:1.895097 Z_AVG:-1.226957
X_SD:8.572433 Y_SD:7.869085 Z_SD:4.700059
$MXCM10033,2,31,20240103,023136,12,0E7B6B0C,47EE5BE3,01A2,0024,466F,10,9202*11
GPS_PRN:32,28,10,31,26,25,29,19419619919516,23,12,03,SAT_TAL:15
GPS_SNR:37,37,38,36,34,35,29,29,29,23,34,32,36,35,30,SNR_AVG:32.93
GLO_PRN:00,00,00,00,00,00,00,00,00,00,00,00,00,00,00,SAT_TAL:00
GLO_SNR:00,00,00,00,00,00,00,00,00,00,00,00,00,00,00,SNR_AVG:0.00
GAL_PRN:00,00,00,00,00,00,00,00,00,00,00,00,00,00,00,SAT_TAL:00
GAL_SNR:00,00,00,00,00,00,00,00,00,00,00,00,00,00,00,SNR_AVG:0.00
BEI_PRN:00,00,00,00,00,00,00,00,00,00,00,00,00,00,00,SAT_TAL:00
BEI_SNR:00,00,00,00,00,00,00,00,00,00,00,00,00,00,00,SNR_AVG:0.00
QZS_PRN:00,00,00,00,00,SAT_TAL:00
QZS_SNR:00,00,00,00,00,SNR_AVG:0.00
SatInView:35 GDOP:121
Roll:114.660522 Pitch:90.000000
X_AVG:-8.817160 Y_AVG:3.074552 Z_AVG:-1.092257
X_SD:8.678099 Y_SD:7.727487 Z_SD:3.314895
$MXCM10033,2,32,20240103,023151,12,0E7AAF69,47EE477E,01A5,0023,4B58,10,9202*66
GPS_PRN:32,28,10,31,26,25,29,19619419919516,23,03,12,SAT_TAL:15
GPS_SNR:36,37,38,35,34,35,33,28,30,22,31,35,34,29,36,SNR_AVG:32.87
GLO_PRN:00,00,00,00,00,00,00,00,00,00,00,00,00,00,00,SAT_TAL:00
GLO_SNR:00,00,00,00,00,00,00,00,00,00,00,00,00,00,00,SNR_AVG:0.00
GAL_PRN:00,00,00,00,00,00,00,00,00,00,00,00,00,00,00,SAT_TAL:00
GAL_SNR:00,00,00,00,00,00,00,00,00,00,00,00,00,00,00,SNR_AVG:0.00
BEI_PRN:00,00,00,00,00,00,00,00,00,00,00,00,00,00,00,SAT_TAL:00
BEI_SNR:00,00,00,00,00,00,00,00,00,00,00,00,00,00,00,SNR_AVG:0.00
QZS_PRN:00,00,00,00,00,SAT_TAL:00
QZS_SNR:00,00,00,00,00,SNR_AVG:0.00
SatInView:35 GDOP:121
Roll:65.493858 Pitch:90.000000
X_AVG:-7.572198 Y_AVG:2.796005 Z_AVG:-1.053183
X_SD:8.668115 Y_SD:8.224681 Z_SD:4.222971
$MXCM10033,2,33,20240103,023407,12,0E73C229,47EE030C,014C,0024,46DE,0F,9202*6B
GPS_PRN:32,28,10,26,31,25,29,16,23,19419619919503,12,SAT_TAL:15
GPS_SNR:38,36,39,34,35,36,29,33,36,30,30,24,35,28,36,SNR_AVG:33.27
GLO_PRN:00,00,00,00,00,00,00,00,00,00,00,00,00,00,00,SAT_TAL:00
GLO_SNR:00,00,00,00,00,00,00,00,00,00,00,00,00,00,00,SNR_AVG:0.00
GAL_PRN:00,00,00,00,00,00,00,00,00,00,00,00,00,00,00,SAT_TAL:00
GAL_SNR:00,00,00,00,00,00,00,00,00,00,00,00,00,00,00,SNR_AVG:0.00
BEI_PRN:00,00,00,00,00,00,00,00,00,00,00,00,00,00,00,SAT_TAL:00
BEI_SNR:00,00,00,00,00,00,00,00,00,00,00,00,00,00,00,SNR_AVG:0.00
QZS_PRN:00,00,00,00,00,SAT_TAL:00
QZS_SNR:00,00,00,00,00,SNR_AVG:0.00
SatInView:35 GDOP:142
Roll:78.447762 Pitch:90.000000
X_AVG:-8.095294 Y_AVG:2.798878 Z_AVG:-1.125681
X_SD:9.107570 Y_SD:8.447095 Z_SD:4.059259
$MXCM10033,2,34,20240103,023422,12,0E73024A,47EDF2AE,013B,0024,46D6,0F,9202*12
GPS_PRN:32,28,10,26,31,25,29,16,23,19419619919503,12,SAT_TAL:15
GPS_SNR:38,37,39,33,36,35,28,33,36,29,29,25,35,29,37,SNR_AVG:33.27
GLO_PRN:00,00,00,00,00,00,00,00,00,00,00,00,00,00,00,SAT_TAL:00
GLO_SNR:00,00,00,00,00,00,00,00,00,00,00,00,00,00,00,SNR_AVG:0.00
GAL_PRN:00,00,00,00,00,00,00,00,00,00,00,00,00,00,00,SAT_TAL:00
GAL_SNR:00,00,00,00,00,00,00,00,00,00,00,00,00,00,00,SNR_AVG:0.00
BEI_PRN:00,00,00,00,00,00,00,00,00,00,00,00,00,00,00,SAT_TAL:00
BEI_SNR:00,00,00,00,00,00,00,00,00,00,00,00,00,00,00,SNR_AVG:0.00
QZS_PRN:00,00,00,00,00,SAT_TAL:00
QZS_SNR:00,00,00,00,00,SNR_AVG:0.00
SatInView:35 GDOP:142
Roll:88.746712 Pitch:90.000000
X_AVG:-9.031637 Y_AVG:3.214233 Z_AVG:-0.667038
X_SD:8.293980 Y_SD:8.124013 Z_SD:3.978651
$MXCM10033,2,35,20240103,023638,12,0E7102A5,47EF99F3,00C3,0000,07A5,0D,9201*1A
GPS_PRN:32,28,26,31,10,25,29,19419619919516,23,03,12,SAT_TAL:13
GPS_SNR:38,20,22,20,36,36,38,36,34,28,35,00,29,00,17,SNR_AVG:29.92
GLO_PRN:00,00,00,00,00,00,00,00,00,00,00,00,00,00,00,SAT_TAL:00
GLO_SNR:00,00,00,00,00,00,00,00,00,00,00,00,00,00,00,SNR_AVG:0.00
GAL_PRN:00,00,00,00,00,00,00,00,00,00,00,00,00,00,00,SAT_TAL:00
GAL_SNR:00,00,00,00,00,00,00,00,00,00,00,00,00,00,00,SNR_AVG:0.00
BEI_PRN:00,00,00,00,00,00,00,00,00,00,00,00,00,00,00,SAT_TAL:00
BEI_SNR:00,00,00,00,00,00,00,00,00,00,00,00,00,00,00,SNR_AVG:0.00
QZS_PRN:00,00,00,00,00,SAT_TAL:00
QZS_SNR:00,00,00,00,00,SNR_AVG:0.00
SatInView:35 GDOP:136
Roll:86.699692 Pitch:27.451384
X_AVG:-4.065197 Y_AVG:5.449169 Z_AVG:-3.886442
X_SD:9.609116 Y_SD:11.100280 Z_SD:9.002853
$MXCM10033,2,36,20240103,023653,12,0E710483,47EF98DF,00C0,0000,0526,0D,9201*6A
GPS_PRN:32,28,26,31,10,25,29,19419619919516,23,03,12,SAT_TAL:13
GPS_SNR:24,11,18,15,20,26,24,22,21,18,22,00,20,00,16,SNR_AVG:19.77
GLO_PRN:00,00,00,00,00,00,00,00,00,00,00,00,00,00,00,SAT_TAL:00
GLO_SNR:00,00,00,00,00,00,00,00,00,00,00,00,00,00,00,SNR_AVG:0.00
GAL_PRN:00,00,00,00,00,00,00,00,00,00,00,00,00,00,00,SAT_TAL:00
GAL_SNR:00,00,00,00,00,00,00,00,00,00,00,00,00,00,00,SNR_AVG:0.00
BEI_PRN:00,00,00,00,00,00,00,00,00,00,00,00,00,00,00,SAT_TAL:00
BEI_SNR:00,00,00,00,00,00,00,00,00,00,00,00,00,00,00,SNR_AVG:0.00
QZS_PRN:00,00,00,00,00,SAT_TAL:00
QZS_SNR:00,00,00,00,00,SNR_AVG:0.00
SatInView:35 GDOP:136
Roll:120.349091 Pitch:19.641945
X_AVG:-5.565242 Y_AVG:7.071800 Z_AVG:-4.036274
X_SD:6.292093 Y_SD:9.441704 Z_SD:5.818923
$MXCM10033,2,37,20240103,023908,00,0E7104A9,47EF98F9,00C0,0000,0000,00,9201*12
GPS_PRN:23,19419516,32,10,29,00,00,00,00,00,00,00,00,SAT_TAL:03
GPS_SNR:31,25,00,00,24,00,00,00,00,00,00,00,00,00,00,SNR_AVG:26.67
GLO_PRN:00,00,00,00,00,00,00,00,00,00,00,00,00,00,00,SAT_TAL:00
GLO_SNR:00,00,00,00,00,00,00,00,00,00,00,00,00,00,00,SNR_AVG:0.00
GAL_PRN:00,00,00,00,00,00,00,00,00,00,00,00,00,00,00,SAT_TAL:00
GAL_SNR:00,00,00,00,00,00,00,00,00,00,00,00,00,00,00,SNR_AVG:0.00
BEI_PRN:27,20,32,27,32,00,00,00,00,00,00,00,00,00,00,SAT_TAL:04
BEI_SNR:31,00,29,31,29,00,00,00,00,00,00,00,00,00,00,SNR_AVG:30.00
QZS_PRN:00,00,00,00,00,SAT_TAL:00
QZS_SNR:00,00,00,00,00,SNR_AVG:0.00
SatInView:12 GDOP:1397
Roll:114.859268 Pitch:1.954120
X_AVG:1.530357 Y_AVG:6.327859 Z_AVG:-5.982895
X_SD:5.139513 Y_SD:6.782269 Z_SD:4.016018
$MXCM10033,2,38,20240103,023923,12,0E71087F,47EF9DBC,00C0,0000,3008,07,9202*1F
GPS_PRN:10,29,19419619919523,12,28,32,26,31,25,00,00,SAT_TAL:08
GPS_SNR:20,24,22,00,00,27,29,15,00,23,00,00,16,00,00,SNR_AVG:22.00
GLO_PRN:00,00,00,00,00,00,00,00,00,00,00,00,00,00,00,SAT_TAL:00
GLO_SNR:00,00,00,00,00,00,00,00,00,00,00,00,00,00,00,SNR_AVG:0.00
GAL_PRN:00,00,00,00,00,00,00,00,00,00,00,00,00,00,00,SAT_TAL:00
GAL_SNR:00,00,00,00,00,00,00,00,00,00,00,00,00,00,00,SNR_AVG:0.00
BEI_PRN:28,20,06,32,40,27,28,40,32,27,00,00,00,00,00,SAT_TAL:07
BEI_SNR:20,00,00,21,23,28,21,00,20,26,00,00,00,00,00,SNR_AVG:22.71
QZS_PRN:00,00,00,00,00,SAT_TAL:00
QZS_SNR:00,00,00,00,00,SNR_AVG:0.00
SatInView:23 GDOP:232
Roll:145.882523 Pitch:-40.657112
X_AVG:5.026249 Y_AVG:4.550894 Z_AVG:-6.887587
X_SD:4.762992 Y_SD:5.892913 Z_SD:3.149071
$MXCM10033,2,39,20240103,024138,00,0E710FF8,47EFA2DF,00C0,0000,0000,00,9201*6B
GPS_PRN:31,25,29,16,03,23,28,19419619526,32,10,00,00,SAT_TAL:04
GPS_SNR:00,00,28,00,00,29,00,25,00,00,00,26,00,00,00,SNR_AVG:27.00
GLO_PRN:00,00,00,00,00,00,00,00,00,00,00,00,00,00,00,SAT_TAL:00
GLO_SNR:00,00,00,00,00,00,00,00,00,00,00,00,00,00,00,SNR_AVG:0.00
GAL_PRN:00,00,00,00,00,00,00,00,00,00,00,00,00,00,00,SAT_TAL:00
GAL_SNR:00,00,00,00,00,00,00,00,00,00,00,00,00,00,00,SNR_AVG:0.00
BEI_PRN:27,03,06,01,32,13,08,07,19,27,23,32,00,00,00,SAT_TAL:03
BEI_SNR:18,00,00,00,18,00,00,00,00,25,00,00,00,00,00,SNR_AVG:20.33
QZS_PRN:00,00,00,00,00,SAT_TAL:00
QZS_SNR:00,00,00,00,00,SNR_AVG:0.00
SatInView:25 GDOP:311
Roll:105.656036 Pitch:26.770451
X_AVG:-4.633161 Y_AVG:8.144328 Z_AVG:-3.029827
X_SD:0.832912 Y_SD:0.574083 Z_SD:0.363176
$MXCM10033,2,40,20240103,024154,12,0E710190,47EF976C,00C1,0000,2B6D,07,9201*62
GPS_PRN:10,29,16,03,23,12,19419619919528,26,31,32,25,SAT_TAL:07
GPS_SNR:21,22,00,00,28,00,19,00,00,21,00,00,00,25,24,SNR_AVG:22.86
GLO_PRN:00,00,00,00,00,00,00,00,00,00,00,00,00,00,00,SAT_TAL:00
GLO_SNR:00,00,00,00,00,00,00,00,00,00,00,00,00,00,00,SNR_AVG:0.00
GAL_PRN:00,00,00,00,00,00,00,00,00,00,00,00,00,00,00,SAT_TAL:00
GAL_SNR:00,00,00,00,00,00,00,00,00,00,00,00,00,00,00,SNR_AVG:0.00
BEI_PRN:00,00,00,00,00,00,00,00,00,00,00,00,00,00,00,SAT_TAL:00
BEI_SNR:00,00,00,00,00,00,00,00,00,00,00,00,00,00,00,SNR_AVG:0.00
QZS_PRN:00,00,00,00,00,SAT_TAL:00
QZS_SNR:00,00,00,00,00,SNR_AVG:0.00
SatInView:29 GDOP:234
Roll:92.129478 Pitch:17.017717
X_AVG:-3.500154 Y_AVG:9.034127 Z_AVG:-0.287262
X_SD:1.752482 Y_SD:2.231411 Z_SD:1.146215
$MXCM10033,2,41,20240103,024408,00,0E70F687,47EF9ED8,00C1,0000,7989,00,9201*6B
GPS_PRN:32,28,26,31,10,25,29,16,03,23,19419619919500,SAT_TAL:06
GPS_SNR:19,00,00,00,18,00,26,00,00,18,18,00,00,27,00,SNR_AVG:21.00
GLO_PRN:00,00,00,00,00,00,00,00,00,00,00,00,00,00,00,SAT_TAL:00
GLO_SNR:00,00,00,00,00,00,00,00,00,00,00,00,00,00,00,SNR_AVG:0.00
GAL_PRN:00,00,00,00,00,00,00,00,00,00,00,00,00,00,00,SAT_TAL:00
GAL_SNR:00,00,00,00,00,00,00,00,00,00,00,00,00,00,00,SNR_AVG:0.00
BEI_PRN:20,40,28,04,03,06,16,00,00,00,00,00,00,00,00,SAT_TAL:00
BEI_SNR:00,00,00,00,00,00,00,00,00,00,00,00,00,00,00,SNR_AVG:0.00
QZS_PRN:00,00,00,00,00,SAT_TAL:00
QZS_SNR:00,00,00,00,00,SNR_AVG:0.00
SatInView:21 GDOP:283
Roll:83.827827 Pitch:19.684765
X_AVG:-3.249284 Y_AVG:8.980544 Z_AVG:1.125920
X_SD:0.456671 Y_SD:0.759349 Z_SD:0.466755
$MXCM10033,2,42,20240103,024424,12,0E70FCA5,47EF9B6F,00C1,0000,7A6D,0A,9201*1A
GPS_PRN:10,29,19419619919516,23,32,28,26,31,25,00,00,SAT_TAL:10
GPS_SNR:19,34,27,17,00,20,16,34,21,00,00,18,21,00,00,SNR_AVG:22.70
GLO_PRN:00,00,00,00,00,00,00,00,00,00,00,00,00,00,00,SAT_TAL:00
GLO_SNR:00,00,00,00,00,00,00,00,00,00,00,00,00,00,00,SNR_AVG:0.00
GAL_PRN:00,00,00,00,00,00,00,00,00,00,00,00,00,00,00,SAT_TAL:00
GAL_SNR:00,00,00,00,00,00,00,00,00,00,00,00,00,00,00,SNR_AVG:0.00
BEI_PRN:28,20,06,40,10,28,27,40,27,00,00,00,00,00,00,SAT_TAL:05
BEI_SNR:23,00,00,28,00,26,20,20,00,00,00,00,00,00,00,SNR_AVG:23.40
QZS_PRN:00,00,00,00,00,SAT_TAL:00
QZS_SNR:00,00,00,00,00,SNR_AVG:0.00
SatInView:22 GDOP:141
Roll:107.299606 Pitch:33.855530
X_AVG:-5.582385 Y_AVG:7.743435 Z_AVG:-2.249063
X_SD:0.550440 Y_SD:0.385958 Z_SD:0.695959
$MXCM10033,2,43,20240103,024639,12,0E70FDC3,47EF9A77,00C1,0000,034D,05,9201*66
GPS_PRN:32,28,26,31,10,25,29,16,03,23,19419619919500,SAT_TAL:06
GPS_SNR:29,00,00,00,00,32,35,00,00,19,26,00,00,25,00,SNR_AVG:27.67
GLO_PRN:00,00,00,00,00,00,00,00,00,00,00,00,00,00,00,SAT_TAL:00
GLO_SNR:00,00,00,00,00,00,00,00,00,00,00,00,00,00,00,SNR_AVG:0.00
GAL_PRN:00,00,00,00,00,00,00,00,00,00,00,00,00,00,00,SAT_TAL:00
GAL_SNR:00,00,00,00,00,00,00,00,00,00,00,00,00,00,00,SNR_AVG:0.00
BEI_PRN:16,04,40,28,20,03,06,01,00,00,00,00,00,00,00,SAT_TAL:00
BEI_SNR:00,00,00,00,00,00,00,00,00,00,00,00,00,00,00,SNR_AVG:0.00
QZS_PRN:00,00,00,00,00,SAT_TAL:00
QZS_SNR:00,00,00,00,00,SNR_AVG:0.00
SatInView:22 GDOP:283
Roll:110.648476 Pitch:-16.596540
X_AVG:3.141064 Y_AVG:8.477704 Z_AVG:-3.504368
X_SD:0.187401 Y_SD:0.229864 Z_SD:0.237090
$MXCM10033,2,44,20240103,024655,12,0E70FFA4,47EF9A92,00C1,0000,034D,0C,9201*11
GPS_PRN:32,28,26,31,19419619919510,25,29,23,00,00,00,SAT_TAL:12
GPS_SNR:22,15,15,15,28,18,16,31,26,22,22,23,00,00,00,SNR_AVG:21.08
GLO_PRN:00,00,00,00,00,00,00,00,00,00,00,00,00,00,00,SAT_TAL:00
GLO_SNR:00,00,00,00,00,00,00,00,00,00,00,00,00,00,00,SNR_AVG:0.00
GAL_PRN:00,00,00,00,00,00,00,00,00,00,00,00,00,00,00,SAT_TAL:00
GAL_SNR:00,00,00,00,00,00,00,00,00,00,00,00,00,00,00,SNR_AVG:0.00
BEI_PRN:40,32,28,20,06,32,13,08,40,07,10,31,28,20,00,SAT_TAL:07
BEI_SNR:16,25,24,14,00,27,00,00,17,00,00,00,21,00,00,SNR_AVG:20.57
QZS_PRN:00,00,00,00,00,SAT_TAL:00
QZS_SNR:00,00,00,00,00,SNR_AVG:0.00
SatInView:26 GDOP:137
Roll:101.527817 Pitch:31.865038
X_AVG:-3.849427 Y_AVG:7.611751 Z_AVG:-3.947113
X_SD:4.508432 Y_SD:4.866717 Z_SD:4.406484
$MXCM10033,2,45,20240103,024910,00,0E70FFC6,47EF9A61,00C1,0000,0000,00,9202*12
GPS_PRN:10,29,00,00,00,00,00,00,00,00,00,00,00,00,00,SAT_TAL:00
GPS_SNR:00,00,00,00,00,00,00,00,00,00,00,00,00,00,00,SNR_AVG:0.00
GLO_PRN:00,00,00,00,00,00,00,00,00,00,00,00,00,00,00,SAT_TAL:00
GLO_SNR:00,00,00,00,00,00,00,00,00,00,00,00,00,00,00,SNR_AVG:0.00
GAL_PRN:00,00,00,00,00,00,00,00,00,00,00,00,00,00,00,SAT_TAL:00
GAL_SNR:00,00,00,00,00,00,00,00,00,00,00,00,00,00,00,SNR_AVG:0.00
BEI_PRN:27,27,00,00,00,00,00,00,00,00,00,00,00,00,00,SAT_TAL:02
BEI_SNR:28,19,00,00,00,00,00,00,00,00,00,00,00,00,00,SNR_AVG:23.50
QZS_PRN:00,00,00,00,00,SAT_TAL:00
QZS_SNR:00,00,00,00,00,SNR_AVG:0.00
SatInView:4 GDOP:17319
Roll:77.907738 Pitch:65.959946
X_AVG:-8.798246 Y_AVG:3.794311 Z_AVG:1.987946
X_SD:0.585846 Y_SD:0.309892 Z_SD:0.538677
$MXCM10033,2,46,20240103,024926,12,0E7108E0,47EF9399,00C1,0000,2D52,06,9202*1C
GPS_PRN:10,29,23,19419619919528,26,32,31,25,00,00,00,SAT_TAL:07
GPS_SNR:24,31,21,00,17,00,26,00,00,23,00,24,00,00,00,SNR_AVG:23.71
GLO_PRN:00,00,00,00,00,00,00,00,00,00,00,00,00,00,00,SAT_TAL:00
GLO_SNR:00,00,00,00,00,00,00,00,00,00,00,00,00,00,00,SNR_AVG:0.00
GAL_PRN:00,00,00,00,00,00,00,00,00,00,00,00,00,00,00,SAT_TAL:00
GAL_SNR:00,00,00,00,00,00,00,00,00,00,00,00,00,00,00,SNR_AVG:0.00
BEI_PRN:27,20,06,32,13,40,27,62,40,32,00,00,00,00,00,SAT_TAL:05
BEI_SNR:20,00,00,22,00,21,26,30,00,00,00,00,00,00,00,SNR_AVG:23.80
QZS_PRN:00,00,00,00,00,SAT_TAL:00
QZS_SNR:00,00,00,00,00,SNR_AVG:0.00
SatInView:22 GDOP:246
Roll:1.306559 Pitch:90.000000
X_AVG:-9.794014 Y_AVG:0.218691 Z_AVG:1.644945
X_SD:0.309566 Y_SD:0.412772 Z_SD:0.326736
$MXCM10033,2,47,20240103,025141,12,0E710024,47EF9FA0,00C1,0000,37BF,0C,9202*6E
GPS_PRN:10,29,16,19419619919503,23,28,32,26,31,25,00,SAT_TAL:12
GPS_SNR:37,44,26,33,29,00,40,00,33,22,37,26,23,21,00,SNR_AVG:30.92
GLO_PRN:00,00,00,00,00,00,00,00,00,00,00,00,00,00,00,SAT_TAL:00
GLO_SNR:00,00,00,00,00,00,00,00,00,00,00,00,00,00,00,SNR_AVG:0.00
GAL_PRN:00,00,00,00,00,00,00,00,00,00,00,00,00,00,00,SAT_TAL:00
GAL_SNR:00,00,00,00,00,00,00,00,00,00,00,00,00,00,00,SNR_AVG:0.00
BEI_PRN:37,20,06,16,40,27,28,37,40,27,28,00,00,00,00,SAT_TAL:09
BEI_SNR:34,22,00,00,19,34,37,36,31,34,32,00,00,00,00,SNR_AVG:31.00
QZS_PRN:00,00,00,00,00,SAT_TAL:00
QZS_SNR:00,00,00,00,00,SNR_AVG:0.00
SatInView:25 GDOP:138
Roll:0.000000 Pitch:90.000000
X_AVG:-9.464949 Y_AVG:-0.179952 Z_AVG:2.765550
X_SD:0.074559 Y_SD:0.064013 Z_SD:0.110351
$MXCM10033,2,48,20240103,025156,12,0E70FEF9,47EF9F39,00C1,0000,37BF,0E,9202*61
GPS_PRN:32,10,25,29,16,19419619919503,23,28,26,31,00,SAT_TAL:14
GPS_SNR:38,35,26,44,20,34,25,18,40,20,32,26,24,28,00,SNR_AVG:29.29
GLO_PRN:00,00,00,00,00,00,00,00,00,00,00,00,00,00,00,SAT_TAL:00
GLO_SNR:00,00,00,00,00,00,00,00,00,00,00,00,00,00,00,SNR_AVG:0.00
GAL_PRN:00,00,00,00,00,00,00,00,00,00,00,00,00,00,00,SAT_TAL:00
GAL_SNR:00,00,00,00,00,00,00,00,00,00,00,00,00,00,00,SNR_AVG:0.00
BEI_PRN:27,28,37,20,40,27,28,37,20,03,06,16,09,32,13,SAT_TAL:12
BEI_SNR:39,38,36,22,34,30,29,35,22,00,17,18,00,44,00,SNR_AVG:30.33
QZS_PRN:00,00,00,00,00,SAT_TAL:00
QZS_SNR:00,00,00,00,00,SNR_AVG:0.00
SatInView:35 GDOP:122
Roll:0.000000 Pitch:90.000000
X_AVG:-9.455180 Y_AVG:-0.182394 Z_AVG:2.766077
X_SD:0.069913 Y_SD:0.062934 Z_SD:0.123095
$MXCM10033,2,49,20240103,025412,12,0E7104A5,47EF9C4C,00C1,0000,8C42,0C,9202*6B
GPS_PRN:10,29,03,23,28,19419619919526,31,32,25,00,00,SAT_TAL:11
GPS_SNR:33,40,21,00,26,34,31,00,38,31,19,31,43,00,00,SNR_AVG:31.55
GLO_PRN:00,00,00,00,00,00,00,00,00,00,00,00,00,00,00,SAT_TAL:00
GLO_SNR:00,00,00,00,00,00,00,00,00,00,00,00,00,00,00,SNR_AVG:0.00
GAL_PRN:00,00,00,00,00,00,00,00,00,00,00,00,00,00,00,SAT_TAL:00
GAL_SNR:00,00,00,00,00,00,00,00,00,00,00,00,00,00,00,SNR_AVG:0.00
BEI_PRN:28,20,06,01,09,04,13,40,28,27,40,27,00,00,00,SAT_TAL:10
BEI_SNR:37,21,20,32,00,28,00,30,36,33,34,37,00,00,00,SNR_AVG:30.80
QZS_PRN:00,00,00,00,00,SAT_TAL:00
QZS_SNR:00,00,00,00,00,SNR_AVG:0.00
SatInView:25 GDOP:132
Roll:0.000000 Pitch:90.000000
X_AVG:-9.416154 Y_AVG:-0.255275 Z_AVG:2.915526
X_SD:0.086492 Y_SD:0.064754 Z_SD:0.117077
$MXCM10033,2,50,20240103,025427,12,0E7104EE,47EF9BAA,00C1,0000,8C42,0E,9202*61
GPS_PRN:32,10,25,29,16,03,19419619919523,28,26,31,00,SAT_TAL:13
GPS_SNR:35,32,43,38,20,13,34,29,00,39,16,25,22,24,00,SNR_AVG:28.46
GLO_PRN:00,00,00,00,00,00,00,00,00,00,00,00,00,00,00,SAT_TAL:00
GLO_SNR:00,00,00,00,00,00,00,00,00,00,00,00,00,00,00,SNR_AVG:0.00
GAL_PRN:00,00,00,00,00,00,00,00,00,00,00,00,00,00,00,SAT_TAL:00
GAL_SNR:00,00,00,00,00,00,00,00,00,00,00,00,00,00,00,SNR_AVG:0.00
BEI_PRN:31,27,28,15,20,40,27,28,20,06,16,01,09,04,13,SAT_TAL:11
BEI_SNR:00,35,34,00,25,35,34,33,20,22,22,31,00,28,00,SNR_AVG:29.00
QZS_PRN:00,00,00,00,00,SAT_TAL:00
QZS_SNR:00,00,00,00,00,SNR_AVG:0.00
SatInView:35 GDOP:123
Roll:0.000000 Pitch:90.000000
X_AVG:-9.414238 Y_AVG:-0.249002 Z_AVG:2.903938
X_SD:0.072308 Y_SD:0.060767 Z_SD:0.121402
$MXCM10033,2,51,20240103,025642,12,0E70F026,47EF9094,00C1,0000,0000,08,9202*69
GPS_PRN:10,25,03,23,28,26,31,19419619919532,29,00,00,SAT_TAL:07
GPS_SNR:27,17,15,00,16,30,00,00,27,00,00,17,00,00,00,SNR_AVG:21.29
GLO_PRN:00,00,00,00,00,00,00,00,00,00,00,00,00,00,00,SAT_TAL:00
GLO_SNR:00,00,00,00,00,00,00,00,00,00,00,00,00,00,00,SNR_AVG:0.00
GAL_PRN:00,00,00,00,00,00,00,00,00,00,00,00,00,00,00,SAT_TAL:00
GAL_SNR:00,00,00,00,00,00,00,00,00,00,00,00,00,00,00,SNR_AVG:0.00
BEI_PRN:40,20,03,06,16,01,04,40,13,08,27,28,00,00,00,SAT_TAL:03
BEI_SNR:26,00,00,00,00,00,00,27,32,00,00,00,00,00,00,SNR_AVG:28.33
QZS_PRN:00,00,00,00,00,SAT_TAL:00
QZS_SNR:00,00,00,00,00,SNR_AVG:0.00
SatInView:25 GDOP:155
Roll:0.000000 Pitch:90.000000
X_AVG:-9.901181 Y_AVG:-0.422633 Z_AVG:0.948698
X_SD:0.073723 Y_SD:0.062268 Z_SD:0.119998
$MXCM10033,2,52,20240103,025658,12,0E70F3CB,47EF890F,00C1,0000,6897,0A,9202*6D
GPS_PRN:10,25,16,03,23,28,26,19419619919531,32,29,00,SAT_TAL:10
GPS_SNR:24,18,14,00,00,17,29,16,28,16,00,21,00,11,00,SNR_AVG:19.40
GLO_PRN:00,00,00,00,00,00,00,00,00,00,00,00,00,00,00,SAT_TAL:00
GLO_SNR:00,00,00,00,00,00,00,00,00,00,00,00,00,00,00,SNR_AVG:0.00
GAL_PRN:00,00,00,00,00,00,00,00,00,00,00,00,00,00,00,SAT_TAL:00
GAL_SNR:00,00,00,00,00,00,00,00,00,00,00,00,00,00,00,SNR_AVG:0.00
BEI_PRN:27,20,03,06,16,01,04,40,13,08,27,28,40,00,00,SAT_TAL:04
BEI_SNR:00,00,00,00,00,00,00,27,32,00,18,00,26,00,00,SNR_AVG:25.75
QZS_PRN:00,00,00,00,00,SAT_TAL:00
QZS_SNR:00,00,00,00,00,SNR_AVG:0.00
SatInView:27 GDOP:142
Roll:0.000000 Pitch:90.000000
X_AVG:-9.888635 Y_AVG:-0.426895 Z_AVG:0.942137
X_SD:0.066784 Y_SD:0.059758 Z_SD:0.101996
$MXCM10033,2,53,20240103,025913,00,0E70F02A,47EF5FF3,00C1,0000,0000,00,9203*1F
GPS_PRN:32,28,26,31,29,10,25,03,23,19419619919500,00,SAT_TAL:04
GPS_SNR:00,12,17,15,00,16,00,00,00,00,00,00,00,00,00,SNR_AVG:15.00
GLO_PRN:00,00,00,00,00,00,00,00,00,00,00,00,00,00,00,SAT_TAL:00
GLO_SNR:00,00,00,00,00,00,00,00,00,00,00,00,00,00,00,SNR_AVG:0.00
GAL_PRN:00,00,00,00,00,00,00,00,00,00,00,00,00,00,00,SAT_TAL:00
GAL_SNR:00,00,00,00,00,00,00,00,00,00,00,00,00,00,00,SNR_AVG:0.00
BEI_PRN:40,32,31,27,20,03,06,19,00,00,00,00,00,00,00,SAT_TAL:00
BEI_SNR:00,00,00,00,00,00,00,00,00,00,00,00,00,00,00,SNR_AVG:0.00
QZS_PRN:00,00,00,00,00,SAT_TAL:00
QZS_SNR:00,00,00,00,00,SNR_AVG:0.00
SatInView:21 GDOP:557
Roll:-130.731354 Pitch:24.379757
X_AVG:-3.803745 Y_AVG:-6.886916 Z_AVG:-6.392168
X_SD:0.810397 Y_SD:1.380201 Z_SD:1.384804
$MXCM10033,2,54,20240103,025928,12,0E710312,47EF7C18,00C1,0000,3AEF,08,9202*14
GPS_PRN:32,28,26,31,10,29,25,16,03,19419619919500,00,SAT_TAL:08
GPS_SNR:16,14,17,17,20,11,15,16,00,00,00,00,00,00,00,SNR_AVG:15.75
GLO_PRN:00,00,00,00,00,00,00,00,00,00,00,00,00,00,00,SAT_TAL:00
GLO_SNR:00,00,00,00,00,00,00,00,00,00,00,00,00,00,00,SNR_AVG:0.00
GAL_PRN:00,00,00,00,00,00,00,00,00,00,00,00,00,00,00,SAT_TAL:00
GAL_SNR:00,00,00,00,00,00,00,00,00,00,00,00,00,00,00,SNR_AVG:0.00
BEI_PRN:01,40,13,08,28,27,20,03,06,04,00,00,00,00,00,SAT_TAL:00
BEI_SNR:00,00,00,00,00,00,00,00,00,00,00,00,00,00,00,SNR_AVG:0.00
QZS_PRN:00,00,00,00,00,SAT_TAL:00
QZS_SNR:00,00,00,00,00,SNR_AVG:0.00
SatInView:23 GDOP:149
Roll:-34.618099 Pitch:90.000000
X_AVG:-9.719553 Y_AVG:-0.217446 Z_AVG:1.054523
X_SD:2.870979 Y_SD:1.544564 Z_SD:1.066650
$MXCM10033,2,55,20240103,030143,00,0E710839,47EF876E,00C1,0000,179E,00,9202*17
GPS_PRN:19526,28,31,29,10,25,16,03,19619932,19400,00,SAT_TAL:02
GPS_SNR:00,00,00,00,21,00,00,00,00,17,00,00,00,00,00,SNR_AVG:19.00
GLO_PRN:00,00,00,00,00,00,00,00,00,00,00,00,00,00,00,SAT_TAL:00
GLO_SNR:00,00,00,00,00,00,00,00,00,00,00,00,00,00,00,SNR_AVG:0.00
GAL_PRN:00,00,00,00,00,00,00,00,00,00,00,00,00,00,00,SAT_TAL:00
GAL_SNR:00,00,00,00,00,00,00,00,00,00,00,00,00,00,00,SNR_AVG:0.00
BEI_PRN:20,10,27,00,00,00,00,00,00,00,00,00,00,00,00,SAT_TAL:00
BEI_SNR:00,00,00,00,00,00,00,00,00,00,00,00,00,00,00,SNR_AVG:0.00
QZS_PRN:00,00,00,00,00,SAT_TAL:00
QZS_SNR:00,00,00,00,00,SNR_AVG:0.00
SatInView:16 GDOP:13036
Roll:0.000000 Pitch:90.000000
X_AVG:-9.482522 Y_AVG:0.182921 Z_AVG:2.730259
X_SD:0.069482 Y_SD:0.060714 Z_SD:0.115845
$MXCM10033,2,56,20240103,030158,00,0E7104D0,47EF8FFB,00C1,0000,1811,00,9202*19
GPS_PRN:19526,28,31,29,10,25,16,03,19619932,19400,00,SAT_TAL:05
GPS_SNR:00,00,00,00,21,19,16,00,00,19,00,00,17,00,00,SNR_AVG:18.40
GLO_PRN:00,00,00,00,00,00,00,00,00,00,00,00,00,00,00,SAT_TAL:00
GLO_SNR:00,00,00,00,00,00,00,00,00,00,00,00,00,00,00,SNR_AVG:0.00
GAL_PRN:00,00,00,00,00,00,00,00,00,00,00,00,00,00,00,SAT_TAL:00
GAL_SNR:00,00,00,00,00,00,00,00,00,00,00,00,00,00,00,SNR_AVG:0.00
BEI_PRN:20,06,40,00,00,00,00,00,00,00,00,00,00,00,00,SAT_TAL:00
BEI_SNR:00,00,00,00,00,00,00,00,00,00,00,00,00,00,00,SNR_AVG:0.00
QZS_PRN:00,00,00,00,00,SAT_TAL:00
QZS_SNR:00,00,00,00,00,SNR_AVG:0.00
SatInView:16 GDOP:409
Roll:0.000000 Pitch:90.000000
X_AVG:-9.471078 Y_AVG:0.181149 Z_AVG:2.716707
X_SD:0.073722 Y_SD:0.065108 Z_SD:0.129006
$MXCM10033,2,57,20240103,030413,00,0E711217,47EF8AC1,00C1,0000,0000,00,9202*1F
GPS_PRN:29,10,16,00,00,00,00,00,00,00,00,00,00,00,00,SAT_TAL:00
GPS_SNR:00,00,00,00,00,00,00,00,00,00,00,00,00,00,00,SNR_AVG:0.00
GLO_PRN:00,00,00,00,00,00,00,00,00,00,00,00,00,00,00,SAT_TAL:00
GLO_SNR:00,00,00,00,00,00,00,00,00,00,00,00,00,00,00,SNR_AVG:0.00
GAL_PRN:00,00,00,00,00,00,00,00,00,00,00,00,00,00,00,SAT_TAL:00
GAL_SNR:00,00,00,00,00,00,00,00,00,00,00,00,00,00,00,SNR_AVG:0.00
BEI_PRN:00,00,00,00,00,00,00,00,00,00,00,00,00,00,00,SAT_TAL:00
BEI_SNR:00,00,00,00,00,00,00,00,00,00,00,00,00,00,00,SNR_AVG:0.00
QZS_PRN:00,00,00,00,00,SAT_TAL:00
QZS_SNR:00,00,00,00,00,SNR_AVG:0.00
SatInView:3 GDOP:17319
Roll:0.000000 Pitch:90.000000
X_AVG:-9.472467 Y_AVG:0.179186 Z_AVG:2.748647
X_SD:0.071210 Y_SD:0.067050 Z_SD:0.119385
$MXCM10033,2,58,20240103,030428,00,0E711217,47EF8AC1,00C1,0000,0000,00,9202*18
GPS_PRN:00,00,00,00,00,00,00,00,00,00,00,00,00,00,00,SAT_TAL:00
GPS_SNR:00,00,00,00,00,00,00,00,00,00,00,00,00,00,00,SNR_AVG:0.00
GLO_PRN:00,00,00,00,00,00,00,00,00,00,00,00,00,00,00,SAT_TAL:00
GLO_SNR:00,00,00,00,00,00,00,00,00,00,00,00,00,00,00,SNR_AVG:0.00
GAL_PRN:00,00,00,00,00,00,00,00,00,00,00,00,00,00,00,SAT_TAL:00
GAL_SNR:00,00,00,00,00,00,00,00,00,00,00,00,00,00,00,SNR_AVG:0.00
BEI_PRN:13,32,08,10,00,00,00,00,00,00,00,00,00,00,00,SAT_TAL:00
BEI_SNR:00,00,00,00,00,00,00,00,00,00,00,00,00,00,00,SNR_AVG:0.00
QZS_PRN:00,00,00,00,00,SAT_TAL:00
QZS_SNR:00,00,00,00,00,SNR_AVG:0.00
SatInView:4 GDOP:17319
Roll:0.000000 Pitch:90.000000
X_AVG:-9.465380 Y_AVG:0.178084 Z_AVG:2.758272
X_SD:0.084216 Y_SD:0.065314 Z_SD:0.108279
$MXCM10033,2,59,20240103,030643,00,0E711217,47EF8AC1,00C1,0000,0000,00,9202*16
GPS_PRN:16,10,00,00,00,00,00,00,00,00,00,00,00,00,00,SAT_TAL:00
GPS_SNR:00,00,00,00,00,00,00,00,00,00,00,00,00,00,00,SNR_AVG:0.00
GLO_PRN:00,00,00,00,00,00,00,00,00,00,00,00,00,00,00,SAT_TAL:00
GLO_SNR:00,00,00,00,00,00,00,00,00,00,00,00,00,00,00,SNR_AVG:0.00
GAL_PRN:00,00,00,00,00,00,00,00,00,00,00,00,00,00,00,SAT_TAL:00
GAL_SNR:00,00,00,00,00,00,00,00,00,00,00,00,00,00,00,SNR_AVG:0.00
BEI_PRN:00,00,00,00,00,00,00,00,00,00,00,00,00,00,00,SAT_TAL:00
BEI_SNR:00,00,00,00,00,00,00,00,00,00,00,00,00,00,00,SNR_AVG:0.00
QZS_PRN:00,00,00,00,00,SAT_TAL:00
QZS_SNR:00,00,00,00,00,SNR_AVG:0.00
SatInView:2 GDOP:17319
Roll:0.000000 Pitch:90.000000
X_AVG:-9.477495 Y_AVG:0.173918 Z_AVG:2.771296
X_SD:0.073630 Y_SD:0.061602 Z_SD:0.114080
$MXCM10033,2,60,20240103,030658,00,0E711217,47EF8AC1,00C1,0000,0000,00,9202*16
GPS_PRN:00,00,00,00,00,00,00,00,00,00,00,00,00,00,00,SAT_TAL:00
GPS_SNR:00,00,00,00,00,00,00,00,00,00,00,00,00,00,00,SNR_AVG:0.00
GLO_PRN:00,00,00,00,00,00,00,00,00,00,00,00,00,00,00,SAT_TAL:00
GLO_SNR:00,00,00,00,00,00,00,00,00,00,00,00,00,00,00,SNR_AVG:0.00
GAL_PRN:00,00,00,00,00,00,00,00,00,00,00,00,00,00,00,SAT_TAL:00
GAL_SNR:00,00,00,00,00,00,00,00,00,00,00,00,00,00,00,SNR_AVG:0.00
BEI_PRN:13,32,08,10,00,00,00,00,00,00,00,00,00,00,00,SAT_TAL:00
BEI_SNR:00,00,00,00,00,00,00,00,00,00,00,00,00,00,00,SNR_AVG:0.00
QZS_PRN:00,00,00,00,00,SAT_TAL:00
QZS_SNR:00,00,00,00,00,SNR_AVG:0.00
SatInView:4 GDOP:17319
Roll:0.000000 Pitch:90.000000
X_AVG:-9.471365 Y_AVG:0.164198 Z_AVG:2.759708
X_SD:0.073991 Y_SD:0.059504 Z_SD:0.118980
$MXCM10033,2,61,20240103,030913,00,0E711217,47EF8AC1,00C1,0000,0000,00,9202*17
GPS_PRN:31,16,25,00,00,00,00,00,00,00,00,00,00,00,00,SAT_TAL:00
GPS_SNR:00,00,00,00,00,00,00,00,00,00,00,00,00,00,00,SNR_AVG:0.00
GLO_PRN:00,00,00,00,00,00,00,00,00,00,00,00,00,00,00,SAT_TAL:00
GLO_SNR:00,00,00,00,00,00,00,00,00,00,00,00,00,00,00,SNR_AVG:0.00
GAL_PRN:00,00,00,00,00,00,00,00,00,00,00,00,00,00,00,SAT_TAL:00
GAL_SNR:00,00,00,00,00,00,00,00,00,00,00,00,00,00,00,SNR_AVG:0.00
BEI_PRN:00,00,00,00,00,00,00,00,00,00,00,00,00,00,00,SAT_TAL:00
BEI_SNR:00,00,00,00,00,00,00,00,00,00,00,00,00,00,00,SNR_AVG:0.00
QZS_PRN:00,00,00,00,00,SAT_TAL:00
QZS_SNR:00,00,00,00,00,SNR_AVG:0.00
SatInView:3 GDOP:19998
Roll:0.000000 Pitch:90.000000
X_AVG:-9.495116 Y_AVG:0.172147 Z_AVG:2.678735
X_SD:0.072081 Y_SD:0.059350 Z_SD:0.125677
$MXCM10033,2,62,20240103,030928,00,0E711217,47EF8AC1,00C1,0000,0000,00,9202*1C
GPS_PRN:00,00,00,00,00,00,00,00,00,00,00,00,00,00,00,SAT_TAL:00
GPS_SNR:00,00,00,00,00,00,00,00,00,00,00,00,00,00,00,SNR_AVG:0.00
GLO_PRN:00,00,00,00,00,00,00,00,00,00,00,00,00,00,00,SAT_TAL:00
GLO_SNR:00,00,00,00,00,00,00,00,00,00,00,00,00,00,00,SNR_AVG:0.00
GAL_PRN:00,00,00,00,00,00,00,00,00,00,00,00,00,00,00,SAT_TAL:00
GAL_SNR:00,00,00,00,00,00,00,00,00,00,00,00,00,00,00,SNR_AVG:0.00
BEI_PRN:13,32,08,10,00,00,00,00,00,00,00,00,00,00,00,SAT_TAL:00
BEI_SNR:00,00,00,00,00,00,00,00,00,00,00,00,00,00,00,SNR_AVG:0.00
QZS_PRN:00,00,00,00,00,SAT_TAL:00
QZS_SNR:00,00,00,00,00,SNR_AVG:0.00
SatInView:4 GDOP:19998
Roll:0.000000 Pitch:90.000000
X_AVG:-9.497415 Y_AVG:0.168076 Z_AVG:2.669541
X_SD:0.078575 Y_SD:0.062168 Z_SD:0.112549
$MXCM10033,2,63,20240103,031143,00,0E711217,47EF8AC1,00C1,0000,0000,00,9202*19
GPS_PRN:31,29,16,25,19900,00,00,00,00,00,00,00,00,00,SAT_TAL:01
GPS_SNR:00,00,00,00,15,00,00,00,00,00,00,00,00,00,00,SNR_AVG:15.00
GLO_PRN:00,00,00,00,00,00,00,00,00,00,00,00,00,00,00,SAT_TAL:00
GLO_SNR:00,00,00,00,00,00,00,00,00,00,00,00,00,00,00,SNR_AVG:0.00
GAL_PRN:00,00,00,00,00,00,00,00,00,00,00,00,00,00,00,SAT_TAL:00
GAL_SNR:00,00,00,00,00,00,00,00,00,00,00,00,00,00,00,SNR_AVG:0.00
BEI_PRN:00,00,00,00,00,00,00,00,00,00,00,00,00,00,00,SAT_TAL:00
BEI_SNR:00,00,00,00,00,00,00,00,00,00,00,00,00,00,00,SNR_AVG:0.00
QZS_PRN:00,00,00,00,00,SAT_TAL:00
QZS_SNR:00,00,00,00,00,SNR_AVG:0.00
SatInView:5 GDOP:19998
Roll:0.000000 Pitch:90.000000
X_AVG:-9.495356 Y_AVG:0.177270 Z_AVG:2.685822
X_SD:0.078039 Y_SD:0.065615 Z_SD:0.103284
$MXCM10033,2,64,20240103,031158,00,0E711217,47EF8AC1,00C1,0000,0000,00,9202*14
GPS_PRN:19900,00,00,00,00,00,00,00,00,00,00,00,00,00,SAT_TAL:01
GPS_SNR:16,00,00,00,00,00,00,00,00,00,00,00,00,00,00,SNR_AVG:16.00
GLO_PRN:00,00,00,00,00,00,00,00,00,00,00,00,00,00,00,SAT_TAL:00
GLO_SNR:00,00,00,00,00,00,00,00,00,00,00,00,00,00,00,SNR_AVG:0.00
GAL_PRN:00,00,00,00,00,00,00,00,00,00,00,00,00,00,00,SAT_TAL:00
GAL_SNR:00,00,00,00,00,00,00,00,00,00,00,00,00,00,00,SNR_AVG:0.00
BEI_PRN:13,10,32,08,00,00,00,00,00,00,00,00,00,00,00,SAT_TAL:00
BEI_SNR:00,00,00,00,00,00,00,00,00,00,00,00,00,00,00,SNR_AVG:0.00
QZS_PRN:00,00,00,00,00,SAT_TAL:00
QZS_SNR:00,00,00,00,00,SNR_AVG:0.00
SatInView:5 GDOP:19998
Roll:0.000000 Pitch:90.000000
X_AVG:-9.492004 Y_AVG:0.171476 Z_AVG:2.666428
X_SD:0.077644 Y_SD:0.061117 Z_SD:0.117615
$MXCM10033,2,65,20240103,031413,00,0E711217,47EF8AC1,00C1,0000,0000,00,9202*1F
GPS_PRN:19628,31,16,29,10,25,03,19926,00,00,00,00,00,SAT_TAL:02
GPS_SNR:18,00,00,00,00,00,00,00,20,00,00,00,00,00,00,SNR_AVG:19.00
GLO_PRN:00,00,00,00,00,00,00,00,00,00,00,00,00,00,00,SAT_TAL:00
GLO_SNR:00,00,00,00,00,00,00,00,00,00,00,00,00,00,00,SNR_AVG:0.00
GAL_PRN:00,00,00,00,00,00,00,00,00,00,00,00,00,00,00,SAT_TAL:00
GAL_SNR:00,00,00,00,00,00,00,00,00,00,00,00,00,00,00,SNR_AVG:0.00
BEI_PRN:00,00,00,00,00,00,00,00,00,00,00,00,00,00,00,SAT_TAL:00
BEI_SNR:00,00,00,00,00,00,00,00,00,00,00,00,00,00,00,SNR_AVG:0.00
QZS_PRN:00,00,00,00,00,SAT_TAL:00
QZS_SNR:00,00,00,00,00,SNR_AVG:0.00
SatInView:10 GDOP:15477
Roll:0.000000 Pitch:0.000000
X_AVG:-0.466831 Y_AVG:-0.114780 Z_AVG:9.344901
X_SD:0.079165 Y_SD:0.065772 Z_SD:0.121586
$MXCM10033,2,66,20240103,031428,00,0E711217,47EF8AC1,00C1,0000,0000,00,9202*14
GPS_PRN:29,19919600,00,00,00,00,00,00,00,00,00,00,00,SAT_TAL:03
GPS_SNR:18,20,19,00,00,00,00,00,00,00,00,00,00,00,00,SNR_AVG:19.00
GLO_PRN:00,00,00,00,00,00,00,00,00,00,00,00,00,00,00,SAT_TAL:00
GLO_SNR:00,00,00,00,00,00,00,00,00,00,00,00,00,00,00,SNR_AVG:0.00
GAL_PRN:00,00,00,00,00,00,00,00,00,00,00,00,00,00,00,SAT_TAL:00
GAL_SNR:00,00,00,00,00,00,00,00,00,00,00,00,00,00,00,SNR_AVG:0.00
BEI_PRN:00,00,00,00,00,00,00,00,00,00,00,00,00,00,00,SAT_TAL:00
BEI_SNR:00,00,00,00,00,00,00,00,00,00,00,00,00,00,00,SNR_AVG:0.00
QZS_PRN:00,00,00,00,00,SAT_TAL:00
QZS_SNR:00,00,00,00,00,SNR_AVG:0.00
SatInView:3 GDOP:15479
Roll:0.000000 Pitch:0.000000
X_AVG:-0.455003 Y_AVG:-0.122394 Z_AVG:9.334941
X_SD:0.066455 Y_SD:0.065111 Z_SD:0.114536
$MXCM10033,2,67,20240103,031643,00,0E711217,47EF8AC1,00C1,0000,0000,00,9202*1A
GPS_PRN:32,31,29,16,10,00,00,00,00,00,00,00,00,00,00,SAT_TAL:01
GPS_SNR:00,00,18,00,00,00,00,00,00,00,00,00,00,00,00,SNR_AVG:18.00
GLO_PRN:00,00,00,00,00,00,00,00,00,00,00,00,00,00,00,SAT_TAL:00
GLO_SNR:00,00,00,00,00,00,00,00,00,00,00,00,00,00,00,SNR_AVG:0.00
GAL_PRN:00,00,00,00,00,00,00,00,00,00,00,00,00,00,00,SAT_TAL:00
GAL_SNR:00,00,00,00,00,00,00,00,00,00,00,00,00,00,00,SNR_AVG:0.00
BEI_PRN:00,00,00,00,00,00,00,00,00,00,00,00,00,00,00,SAT_TAL:00
BEI_SNR:00,00,00,00,00,00,00,00,00,00,00,00,00,00,00,SNR_AVG:0.00
QZS_PRN:00,00,00,00,00,SAT_TAL:00
QZS_SNR:00,00,00,00,00,SNR_AVG:0.00
SatInView:5 GDOP:19998
Roll:0.000000 Pitch:0.000000
X_AVG:-0.465442 Y_AVG:-0.120239 Z_AVG:9.329338
X_SD:0.071270 Y_SD:0.055461 Z_SD:0.116521
$MXCM10033,2,68,20240103,031658,00,0E711217,47EF8AC1,00C1,0000,0000,00,9202*1F
GPS_PRN:29,00,00,00,00,00,00,00,00,00,00,00,00,00,00,SAT_TAL:01
GPS_SNR:18,00,00,00,00,00,00,00,00,00,00,00,00,00,00,SNR_AVG:18.00
GLO_PRN:00,00,00,00,00,00,00,00,00,00,00,00,00,00,00,SAT_TAL:00
GLO_SNR:00,00,00,00,00,00,00,00,00,00,00,00,00,00,00,SNR_AVG:0.00
GAL_PRN:00,00,00,00,00,00,00,00,00,00,00,00,00,00,00,SAT_TAL:00
GAL_SNR:00,00,00,00,00,00,00,00,00,00,00,00,00,00,00,SNR_AVG:0.00
BEI_PRN:10,08,27,28,15,31,00,00,00,00,00,00,00,00,00,SAT_TAL:00
BEI_SNR:00,00,00,00,00,00,00,00,00,00,00,00,00,00,00,SNR_AVG:0.00
QZS_PRN:00,00,00,00,00,SAT_TAL:00
QZS_SNR:00,00,00,00,00,SNR_AVG:0.00
SatInView:7 GDOP:16913
Roll:0.000000 Pitch:0.000000
X_AVG:-0.445618 Y_AVG:-0.121724 Z_AVG:9.346625
X_SD:0.070733 Y_SD:0.062943 Z_SD:0.114216
$MXCM10033,3*35
$MXCM001,10033,0*2B
======== Tracker Setting ========
[System]
COMPort:COM29
SerialNumber:MX231214ES000020
FirmwareVersion:231220163813_v1.0.CN
[Periodic]
Enable:1
Stage:2
WorkMode:0
T0:15
T1:270
T2:120
T3:30
T4:120
FirstFixStage:2
TraceFixStage:0
PeriodicCycle:28
[Dynamic]
Enable:0
PrecisionChk:1
T5:300
T6:15
[Geofencing]
Enable:0
T7:90
T8:60
DistanceThreshold:500
DestinationLongitude:120.6886122
DestinationLatitude:24.2287275
DestinationAltitude:134
[MotionDetection]
Enable:1
Angle:45
DataRate:200
SampleFrequency:50
[GPS_EPO]
EpoDataNumber:12
FWN:2295
FTOW:172800
LWN:2295
LTOW:432000
[GLO_EPO]
EpoDataNumber:12
FWN:2295
FTOW:172800
LWN:2295
LTOW:432000
[GAL_EPO]
EpoDataNumber:0
FWN:0
FTOW:0
LWN:0
LTOW:0
[BEI_EPO]
EpoDataNumber:0
FWN:0
FTOW:0
LWN:0
LTOW:0
