$MXCM10033,0*36
$MXCM10033,1,76,212*07
$MXCM10033,2,1,19800105,235955,00,35A4E8F5,00000000,0089,0000,0000,00,A1FF*2C
GPS_PRN:10,00,00,00,00,00,00,00,00,00,00,00,00,00,00,SAT_TAL:01
GPS_SNR:33,00,00,00,00,00,00,00,00,00,00,00,00,00,00,SNR_AVG:33.00
GLO_PRN:00,00,00,00,00,00,00,00,00,00,00,00,00,00,00,SAT_TAL:00
GLO_SNR:00,00,00,00,00,00,00,00,00,00,00,00,00,00,00,SNR_AVG:0.00
GAL_PRN:00,00,00,00,00,00,00,00,00,00,00,00,00,00,00,SAT_TAL:00
GAL_SNR:00,00,00,00,00,00,00,00,00,00,00,00,00,00,00,SNR_AVG:0.00
BEI_PRN:00,00,00,00,00,00,00,00,00,00,00,00,00,00,00,SAT_TAL:00
BEI_SNR:00,00,00,00,00,00,00,00,00,00,00,00,00,00,00,SNR_AVG:0.00
QZS_PRN:00,00,00,00,00,SAT_TAL:00
QZS_SNR:00,00,00,00,00,SNR_AVG:0.00
SatInView:1 GDOP:19998
Roll:3.303004 Pitch:8.775756
X_AVG:0.000000 Y_AVG:0.000000 Z_AVG:0.000000
X_SD:0.000000 Y_SD:0.000000 Z_SD:0.000000
$MXCM10033,2,2,19800106,000010,00,35A4E8F5,00000000,0089,0000,0000,00,A101*21
GPS_PRN:03,23,10,32,28,26,12,00,00,00,00,00,00,00,00,SAT_TAL:07
GPS_SNR:24,23,37,36,20,20,29,00,00,00,00,00,00,00,00,SNR_AVG:27.00
GLO_PRN:00,00,00,00,00,00,00,00,00,00,00,00,00,00,00,SAT_TAL:00
GLO_SNR:00,00,00,00,00,00,00,00,00,00,00,00,00,00,00,SNR_AVG:0.00
GAL_PRN:00,00,00,00,00,00,00,00,00,00,00,00,00,00,00,SAT_TAL:00
GAL_SNR:00,00,00,00,00,00,00,00,00,00,00,00,00,00,00,SNR_AVG:0.00
BEI_PRN:00,00,00,00,00,00,00,00,00,00,00,00,00,00,00,SAT_TAL:00
BEI_SNR:00,00,00,00,00,00,00,00,00,00,00,00,00,00,00,SNR_AVG:0.00
QZS_PRN:00,00,00,00,00,SAT_TAL:00
QZS_SNR:00,00,00,00,00,SNR_AVG:0.00
SatInView:7 GDOP:19998
Roll:115.474777 Pitch:25.777678
X_AVG:-6.299415 Y_AVG:7.204059 Z_AVG:-7.912996
X_SD:13.558534 Y_SD:11.515821 Z_SD:9.321811
$MXCM10033,2,3,19800106,000025,00,35A4E8F5,00000000,0089,0000,0000,00,A102*25
GPS_PRN:32,10,28,19600,00,00,00,00,00,00,00,00,00,00,SAT_TAL:04
GPS_SNR:34,38,20,34,00,00,00,00,00,00,00,00,00,00,00,SNR_AVG:31.50
GLO_PRN:00,00,00,00,00,00,00,00,00,00,00,00,00,00,00,SAT_TAL:00
GLO_SNR:00,00,00,00,00,00,00,00,00,00,00,00,00,00,00,SNR_AVG:0.00
GAL_PRN:00,00,00,00,00,00,00,00,00,00,00,00,00,00,00,SAT_TAL:00
GAL_SNR:00,00,00,00,00,00,00,00,00,00,00,00,00,00,00,SNR_AVG:0.00
BEI_PRN:00,00,00,00,00,00,00,00,00,00,00,00,00,00,00,SAT_TAL:00
BEI_SNR:00,00,00,00,00,00,00,00,00,00,00,00,00,00,00,SNR_AVG:0.00
QZS_PRN:00,00,00,00,00,SAT_TAL:00
QZS_SNR:00,00,00,00,00,SNR_AVG:0.00
SatInView:4 GDOP:19998
Roll:110.254646 Pitch:46.077522
X_AVG:-6.400069 Y_AVG:5.917628 Z_AVG:-6.533238
X_SD:12.648241 Y_SD:9.634816 Z_SD:9.551981
$MXCM10033,2,4,19800110,021055,00,35A4E8F5,00000000,0089,0000,0000,00,A102*21
GPS_PRN:19625,10,03,28,26,31,32,19512,00,00,00,00,00,SAT_TAL:10
GPS_SNR:31,32,38,20,32,35,26,38,26,30,00,00,00,00,00,SNR_AVG:30.80
GLO_PRN:00,00,00,00,00,00,00,00,00,00,00,00,00,00,00,SAT_TAL:00
GLO_SNR:00,00,00,00,00,00,00,00,00,00,00,00,00,00,00,SNR_AVG:0.00
GAL_PRN:00,00,00,00,00,00,00,00,00,00,00,00,00,00,00,SAT_TAL:00
GAL_SNR:00,00,00,00,00,00,00,00,00,00,00,00,00,00,00,SNR_AVG:0.00
BEI_PRN:00,00,00,00,00,00,00,00,00,00,00,00,00,00,00,SAT_TAL:00
BEI_SNR:00,00,00,00,00,00,00,00,00,00,00,00,00,00,00,SNR_AVG:0.00
QZS_PRN:00,00,00,00,00,SAT_TAL:00
QZS_SNR:00,00,00,00,00,SNR_AVG:0.00
SatInView:10 GDOP:19998
Roll:125.844551 Pitch:49.710644
X_AVG:-9.386753 Y_AVG:7.493140 Z_AVG:-6.465097
X_SD:11.985072 Y_SD:9.011502 Z_SD:9.130491
$MXCM10033,2,5,19800110,021109,00,35A4E8F5,00000000,0089,0000,0000,00,A101*2B
GPS_PRN:32,10,19619500,00,00,00,00,00,00,00,00,00,00,SAT_TAL:04
GPS_SNR:36,32,33,19,00,00,00,00,00,00,00,00,00,00,00,SNR_AVG:30.00
GLO_PRN:00,00,00,00,00,00,00,00,00,00,00,00,00,00,00,SAT_TAL:00
GLO_SNR:00,00,00,00,00,00,00,00,00,00,00,00,00,00,00,SNR_AVG:0.00
GAL_PRN:00,00,00,00,00,00,00,00,00,00,00,00,00,00,00,SAT_TAL:00
GAL_SNR:00,00,00,00,00,00,00,00,00,00,00,00,00,00,00,SNR_AVG:0.00
BEI_PRN:00,00,00,00,00,00,00,00,00,00,00,00,00,00,00,SAT_TAL:00
BEI_SNR:00,00,00,00,00,00,00,00,00,00,00,00,00,00,00,SNR_AVG:0.00
QZS_PRN:00,00,00,00,00,SAT_TAL:00
QZS_SNR:00,00,00,00,00,SNR_AVG:0.00
SatInView:4 GDOP:19998
Roll:128.137604 Pitch:33.254135
X_AVG:-7.798790 Y_AVG:7.421935 Z_AVG:-6.836876
X_SD:11.284815 Y_SD:8.126741 Z_SD:6.773198
$MXCM10033,2,6,19800110,021122,00,35A4E8F5,00000000,0089,0000,0000,00,A101*21
GPS_PRN:19410,32,28,29,23,16,31,25,03,26,19519612,00,SAT_TAL:14
GPS_SNR:23,37,36,34,36,35,36,37,33,17,35,30,25,37,00,SNR_AVG:32.21
GLO_PRN:00,00,00,00,00,00,00,00,00,00,00,00,00,00,00,SAT_TAL:00
GLO_SNR:00,00,00,00,00,00,00,00,00,00,00,00,00,00,00,SNR_AVG:0.00
GAL_PRN:00,00,00,00,00,00,00,00,00,00,00,00,00,00,00,SAT_TAL:00
GAL_SNR:00,00,00,00,00,00,00,00,00,00,00,00,00,00,00,SNR_AVG:0.00
BEI_PRN:00,00,00,00,00,00,00,00,00,00,00,00,00,00,00,SAT_TAL:00
BEI_SNR:00,00,00,00,00,00,00,00,00,00,00,00,00,00,00,SNR_AVG:0.00
QZS_PRN:00,00,00,00,00,SAT_TAL:00
QZS_SNR:00,00,00,00,00,SNR_AVG:0.00
SatInView:14 GDOP:19998
Roll:116.807816 Pitch:41.346970
X_AVG:-4.680232 Y_AVG:4.844046 Z_AVG:-4.821445
X_SD:11.091785 Y_SD:8.979548 Z_SD:6.431275
$MXCM10033,2,7,19800110,021135,00,35A4E8F5,00000000,0089,0000,0000,00,A102*25
GPS_PRN:19631,10,28,29,23,16,32,25,03,26,12,19419500,SAT_TAL:14
GPS_SNR:26,36,36,35,33,35,34,37,34,22,34,36,25,32,00,SNR_AVG:32.50
GLO_PRN:00,00,00,00,00,00,00,00,00,00,00,00,00,00,00,SAT_TAL:00
GLO_SNR:00,00,00,00,00,00,00,00,00,00,00,00,00,00,00,SNR_AVG:0.00
GAL_PRN:24,00,00,00,00,00,00,00,00,00,00,00,00,00,00,SAT_TAL:01
GAL_SNR:33,00,00,00,00,00,00,00,00,00,00,00,00,00,00,SNR_AVG:33.00
BEI_PRN:00,00,00,00,00,00,00,00,00,00,00,00,00,00,00,SAT_TAL:00
BEI_SNR:00,00,00,00,00,00,00,00,00,00,00,00,00,00,00,SNR_AVG:0.00
QZS_PRN:00,00,00,00,00,SAT_TAL:00
QZS_SNR:00,00,00,00,00,SNR_AVG:0.00
SatInView:15 GDOP:19998
Roll:112.218964 Pitch:47.263927
X_AVG:-8.850393 Y_AVG:7.159478 Z_AVG:-3.548183
X_SD:9.096789 Y_SD:7.691377 Z_SD:5.595780
$MXCM10033,2,8,20240104,021150,12,0E989F09,47EDE8D7,0082,0012,3C7A,0A,A102*27
GPS_PRN:19410,25,31,26,29,23,12,16,28,19619919500,00,SAT_TAL:13
GPS_SNR:27,36,36,37,35,35,36,37,30,36,27,23,35,00,00,SNR_AVG:33.08
GLO_PRN:00,00,00,00,00,00,00,00,00,00,00,00,00,00,00,SAT_TAL:00
GLO_SNR:00,00,00,00,00,00,00,00,00,00,00,00,00,00,00,SNR_AVG:0.00
GAL_PRN:24,00,00,00,00,00,00,00,00,00,00,00,00,00,00,SAT_TAL:01
GAL_SNR:33,00,00,00,00,00,00,00,00,00,00,00,00,00,00,SNR_AVG:33.00
BEI_PRN:00,00,00,00,00,00,00,00,00,00,00,00,00,00,00,SAT_TAL:00
BEI_SNR:00,00,00,00,00,00,00,00,00,00,00,00,00,00,00,SNR_AVG:0.00
QZS_PRN:00,00,00,00,00,SAT_TAL:00
QZS_SNR:00,00,00,00,00,SNR_AVG:0.00
SatInView:14 GDOP:190
Roll:105.623932 Pitch:47.840485
X_AVG:-5.690414 Y_AVG:5.337118 Z_AVG:-3.446858
X_SD:9.840277 Y_SD:7.606523 Z_SD:5.310768
$MXCM10033,2,9,20240104,021205,12,0E9861A7,47EDC85F,0094,0005,7E73,0B,A102*56
GPS_PRN:19410,25,31,26,29,23,12,16,19919528,19600,00,SAT_TAL:13
GPS_SNR:21,38,28,38,37,36,35,36,33,26,34,37,30,00,00,SNR_AVG:33.00
GLO_PRN:00,00,00,00,00,00,00,00,00,00,00,00,00,00,00,SAT_TAL:00
GLO_SNR:00,00,00,00,00,00,00,00,00,00,00,00,00,00,00,SNR_AVG:0.00
GAL_PRN:24,05,04,00,00,00,00,00,00,00,00,00,00,00,00,SAT_TAL:03
GAL_SNR:35,36,26,00,00,00,00,00,00,00,00,00,00,00,00,SNR_AVG:32.33
BEI_PRN:00,00,00,00,00,00,00,00,00,00,00,00,00,00,00,SAT_TAL:00
BEI_SNR:00,00,00,00,00,00,00,00,00,00,00,00,00,00,00,SNR_AVG:0.00
QZS_PRN:00,00,00,00,00,SAT_TAL:00
QZS_SNR:00,00,00,00,00,SNR_AVG:0.00
SatInView:16 GDOP:127
Roll:105.848404 Pitch:52.150818
X_AVG:-9.124103 Y_AVG:6.194116 Z_AVG:-3.705341
X_SD:8.897100 Y_SD:8.834805 Z_SD:4.428041
$MXCM10033,2,10,20240104,021220,12,0E981C89,47EE0EA4,008D,0015,37A6,0C,A102*16
GPS_PRN:19428,10,25,31,26,29,23,12,16,19619919532,00,SAT_TAL:14
GPS_SNR:27,36,38,30,36,33,38,36,29,25,31,25,34,36,00,SNR_AVG:32.43
GLO_PRN:00,00,00,00,00,00,00,00,00,00,00,00,00,00,00,SAT_TAL:00
GLO_SNR:00,00,00,00,00,00,00,00,00,00,00,00,00,00,00,SNR_AVG:0.00
GAL_PRN:24,36,04,05,00,00,00,00,00,00,00,00,00,00,00,SAT_TAL:04
GAL_SNR:33,24,26,30,00,00,00,00,00,00,00,00,00,00,00,SNR_AVG:28.25
BEI_PRN:00,00,00,00,00,00,00,00,00,00,00,00,00,00,00,SAT_TAL:00
BEI_SNR:00,00,00,00,00,00,00,00,00,00,00,00,00,00,00,SNR_AVG:0.00
QZS_PRN:00,00,00,00,00,SAT_TAL:00
QZS_SNR:00,00,00,00,00,SNR_AVG:0.00
SatInView:18 GDOP:124
Roll:114.027977 Pitch:55.173176
X_AVG:-7.826659 Y_AVG:4.524127 Z_AVG:-2.636835
X_SD:8.675334 Y_SD:6.972928 Z_SD:3.579830
$MXCM10033,2,11,20240104,021235,12,0E983D86,47EE2CFD,0092,0013,7350,0C,A102*69
GPS_PRN:19428,10,25,31,26,29,23,12,16,19619919532,00,SAT_TAL:14
GPS_SNR:33,34,37,34,36,31,32,34,24,33,33,28,33,38,00,SNR_AVG:32.86
GLO_PRN:00,00,00,00,00,00,00,00,00,00,00,00,00,00,00,SAT_TAL:00
GLO_SNR:00,00,00,00,00,00,00,00,00,00,00,00,00,00,00,SNR_AVG:0.00
GAL_PRN:24,36,04,05,00,00,00,00,00,00,00,00,00,00,00,SAT_TAL:04
GAL_SNR:32,23,32,31,00,00,00,00,00,00,00,00,00,00,00,SNR_AVG:29.50
BEI_PRN:00,00,00,00,00,00,00,00,00,00,00,00,00,00,00,SAT_TAL:00
BEI_SNR:00,00,00,00,00,00,00,00,00,00,00,00,00,00,00,SNR_AVG:0.00
QZS_PRN:00,00,00,00,00,SAT_TAL:00
QZS_SNR:00,00,00,00,00,SNR_AVG:0.00
SatInView:18 GDOP:173
Roll:108.456787 Pitch:54.530102
X_AVG:-9.065013 Y_AVG:5.384189 Z_AVG:-2.997553
X_SD:7.775667 Y_SD:7.632046 Z_SD:4.952382
$MXCM10033,2,12,20240104,021250,12,0E97F30F,47EE5107,0095,0011,355D,0C,A102*1F
GPS_PRN:19428,10,25,31,26,29,23,12,16,19619919532,00,SAT_TAL:14
GPS_SNR:26,35,35,34,37,34,36,35,36,31,28,25,33,32,00,SNR_AVG:32.64
GLO_PRN:00,00,00,00,00,00,00,00,00,00,00,00,00,00,00,SAT_TAL:00
GLO_SNR:00,00,00,00,00,00,00,00,00,00,00,00,00,00,00,SNR_AVG:0.00
GAL_PRN:24,36,04,05,00,00,00,00,00,00,00,00,00,00,00,SAT_TAL:04
GAL_SNR:34,27,21,31,00,00,00,00,00,00,00,00,00,00,00,SNR_AVG:28.25
BEI_PRN:00,00,00,00,00,00,00,00,00,00,00,00,00,00,00,SAT_TAL:00
BEI_SNR:00,00,00,00,00,00,00,00,00,00,00,00,00,00,00,SNR_AVG:0.00
QZS_PRN:00,00,00,00,00,SAT_TAL:00
QZS_SNR:00,00,00,00,00,SNR_AVG:0.00
SatInView:18 GDOP:173
Roll:92.480087 Pitch:64.724037
X_AVG:-6.227205 Y_AVG:3.938302 Z_AVG:-2.850738
X_SD:9.312199 Y_SD:7.815214 Z_SD:3.953751
$MXCM10033,2,13,20240104,021305,12,0E9786CD,47EE4B08,00A1,0012,53DF,0C,A102*64
GPS_PRN:19428,10,25,31,26,29,23,12,16,19619919532,00,SAT_TAL:14
GPS_SNR:30,33,37,35,36,34,38,37,35,36,28,23,36,36,00,SNR_AVG:33.86
GLO_PRN:00,00,00,00,00,00,00,00,00,00,00,00,00,00,00,SAT_TAL:00
GLO_SNR:00,00,00,00,00,00,00,00,00,00,00,00,00,00,00,SNR_AVG:0.00
GAL_PRN:24,36,04,05,00,00,00,00,00,00,00,00,00,00,00,SAT_TAL:04
GAL_SNR:31,31,32,30,00,00,00,00,00,00,00,00,00,00,00,SNR_AVG:31.00
BEI_PRN:00,00,00,00,00,00,00,00,00,00,00,00,00,00,00,SAT_TAL:00
BEI_SNR:00,00,00,00,00,00,00,00,00,00,00,00,00,00,00,SNR_AVG:0.00
QZS_PRN:00,00,00,00,00,SAT_TAL:00
QZS_SNR:00,00,00,00,00,SNR_AVG:0.00
SatInView:18 GDOP:124
Roll:91.370934 Pitch:57.589249
X_AVG:-6.132488 Y_AVG:4.177200 Z_AVG:-3.101224
X_SD:10.345993 Y_SD:9.353662 Z_SD:6.553068
$MXCM10033,2,14,20240104,021320,12,0E975FB7,47EE4147,00A9,0014,43F9,0F,A102*64
GPS_PRN:19428,10,25,31,26,29,23,12,16,19619919532,00,SAT_TAL:14
GPS_SNR:28,36,37,34,35,35,24,35,36,34,28,24,35,37,00,SNR_AVG:32.71
GLO_PRN:00,00,00,00,00,00,00,00,00,00,00,00,00,00,00,SAT_TAL:00
GLO_SNR:00,00,00,00,00,00,00,00,00,00,00,00,00,00,00,SNR_AVG:0.00
GAL_PRN:04,24,05,36,00,00,00,00,00,00,00,00,00,00,00,SAT_TAL:04
GAL_SNR:26,33,28,20,00,00,00,00,00,00,00,00,00,00,00,SNR_AVG:26.75
BEI_PRN:00,00,00,00,00,00,00,00,00,00,00,00,00,00,00,SAT_TAL:00
BEI_SNR:00,00,00,00,00,00,00,00,00,00,00,00,00,00,00,SNR_AVG:0.00
QZS_PRN:00,00,00,00,00,SAT_TAL:00
QZS_SNR:00,00,00,00,00,SNR_AVG:0.00
SatInView:18 GDOP:130
Roll:64.148933 Pitch:48.881966
X_AVG:-5.929887 Y_AVG:4.502339 Z_AVG:-2.149270
X_SD:9.234482 Y_SD:7.941034 Z_SD:4.747282
$MXCM10033,2,15,20240104,021335,12,0E9738F3,47EE8C02,00B7,000F,3088,0F,A102*63
GPS_PRN:19428,10,25,31,26,29,23,12,16,19619919532,00,SAT_TAL:14
GPS_SNR:22,36,36,34,37,35,34,35,37,31,26,22,34,34,00,SNR_AVG:32.36
GLO_PRN:00,00,00,00,00,00,00,00,00,00,00,00,00,00,00,SAT_TAL:00
GLO_SNR:00,00,00,00,00,00,00,00,00,00,00,00,00,00,00,SNR_AVG:0.00
GAL_PRN:04,24,05,36,00,00,00,00,00,00,00,00,00,00,00,SAT_TAL:04
GAL_SNR:21,33,31,29,00,00,00,00,00,00,00,00,00,00,00,SNR_AVG:28.50
BEI_PRN:00,00,00,00,00,00,00,00,00,00,00,00,00,00,00,SAT_TAL:00
BEI_SNR:00,00,00,00,00,00,00,00,00,00,00,00,00,00,00,SNR_AVG:0.00
QZS_PRN:00,00,00,00,00,SAT_TAL:00
QZS_SNR:00,00,00,00,00,SNR_AVG:0.00
SatInView:18 GDOP:105
Roll:88.590347 Pitch:49.472027
X_AVG:-6.181427 Y_AVG:4.702019 Z_AVG:-2.382231
X_SD:9.545348 Y_SD:8.487293 Z_SD:5.058078
$MXCM10033,2,16,20240104,021350,12,0E96CA18,47EEAA25,00B2,0016,3F56,10,A102*1F
GPS_PRN:19428,10,25,31,26,29,23,12,16,19619919532,00,SAT_TAL:14
GPS_SNR:25,36,36,32,36,35,26,37,37,33,28,24,35,35,00,SNR_AVG:32.50
GLO_PRN:00,00,00,00,00,00,00,00,00,00,00,00,00,00,00,SAT_TAL:00
GLO_SNR:00,00,00,00,00,00,00,00,00,00,00,00,00,00,00,SNR_AVG:0.00
GAL_PRN:04,24,05,36,00,00,00,00,00,00,00,00,00,00,00,SAT_TAL:04
GAL_SNR:23,33,29,25,00,00,00,00,00,00,00,00,00,00,00,SNR_AVG:27.50
BEI_PRN:00,00,00,00,00,00,00,00,00,00,00,00,00,00,00,SAT_TAL:00
BEI_SNR:00,00,00,00,00,00,00,00,00,00,00,00,00,00,00,SNR_AVG:0.00
QZS_PRN:00,00,00,00,00,SAT_TAL:00
QZS_SNR:00,00,00,00,00,SNR_AVG:0.00
SatInView:18 GDOP:123
Roll:122.437569 Pitch:59.116028
X_AVG:-7.191752 Y_AVG:3.851055 Z_AVG:-2.197107
X_SD:8.274855 Y_SD:6.708013 Z_SD:3.379690
$MXCM10033,2,17,20240104,021405,12,0E964DC3,47EEA41F,00B2,0017,4087,11,A102*6A
GPS_PRN:19528,10,25,31,26,29,23,12,16,19619419932,00,SAT_TAL:14
GPS_SNR:35,35,37,33,36,35,28,36,33,32,30,28,24,37,00,SNR_AVG:32.79
GLO_PRN:00,00,00,00,00,00,00,00,00,00,00,00,00,00,00,SAT_TAL:00
GLO_SNR:00,00,00,00,00,00,00,00,00,00,00,00,00,00,00,SNR_AVG:0.00
GAL_PRN:04,24,05,36,00,00,00,00,00,00,00,00,00,00,00,SAT_TAL:04
GAL_SNR:24,32,28,23,00,00,00,00,00,00,00,00,00,00,00,SNR_AVG:26.75
BEI_PRN:00,00,00,00,00,00,00,00,00,00,00,00,00,00,00,SAT_TAL:00
BEI_SNR:00,00,00,00,00,00,00,00,00,00,00,00,00,00,00,SNR_AVG:0.00
QZS_PRN:00,00,00,00,00,SAT_TAL:00
QZS_SNR:00,00,00,00,00,SNR_AVG:0.00
SatInView:18 GDOP:120
Roll:105.403893 Pitch:59.851101
X_AVG:-7.267075 Y_AVG:4.219530 Z_AVG:-2.311840
X_SD:8.688739 Y_SD:8.389635 Z_SD:4.432225
$MXCM10033,2,18,20240104,021420,12,0E964C1E,47EEE014,00C8,000E,3288,11,A102*61
GPS_PRN:19528,10,25,31,26,29,23,12,16,19619419932,00,SAT_TAL:14
GPS_SNR:34,36,37,31,36,35,34,34,35,31,29,24,24,34,00,SNR_AVG:32.43
GLO_PRN:00,00,00,00,00,00,00,00,00,00,00,00,00,00,00,SAT_TAL:00
GLO_SNR:00,00,00,00,00,00,00,00,00,00,00,00,00,00,00,SNR_AVG:0.00
GAL_PRN:19,04,24,05,36,00,00,00,00,00,00,00,00,00,00,SAT_TAL:04
GAL_SNR:00,27,34,32,26,00,00,00,00,00,00,00,00,00,00,SNR_AVG:29.75
BEI_PRN:00,00,00,00,00,00,00,00,00,00,00,00,00,00,00,SAT_TAL:00
BEI_SNR:00,00,00,00,00,00,00,00,00,00,00,00,00,00,00,SNR_AVG:0.00
QZS_PRN:00,00,00,00,00,SAT_TAL:00
QZS_SNR:00,00,00,00,00,SNR_AVG:0.00
SatInView:19 GDOP:120
Roll:112.931023 Pitch:64.843079
X_AVG:-8.142509 Y_AVG:5.685098 Z_AVG:-3.053914
X_SD:9.282566 Y_SD:8.581108 Z_SD:4.853347
$MXCM10033,2,19,20240104,021636,12,0E92BD14,47EEB57B,0128,0017,4643,11,A202*17
GPS_PRN:19528,10,25,31,26,29,23,12,16,03,19619419932,SAT_TAL:15
GPS_SNR:35,36,37,35,37,35,28,35,36,33,29,27,27,24,37,SNR_AVG:32.73
GLO_PRN:00,00,00,00,00,00,00,00,00,00,00,00,00,00,00,SAT_TAL:00
GLO_SNR:00,00,00,00,00,00,00,00,00,00,00,00,00,00,00,SNR_AVG:0.00
GAL_PRN:00,00,00,00,00,00,00,00,00,00,00,00,00,00,00,SAT_TAL:00
GAL_SNR:00,00,00,00,00,00,00,00,00,00,00,00,00,00,00,SNR_AVG:0.00
BEI_PRN:00,00,00,00,00,00,00,00,00,00,00,00,00,00,00,SAT_TAL:00
BEI_SNR:00,00,00,00,00,00,00,00,00,00,00,00,00,00,00,SNR_AVG:0.00
QZS_PRN:00,00,00,00,00,SAT_TAL:00
QZS_SNR:00,00,00,00,00,SNR_AVG:0.00
SatInView:19 GDOP:119
Roll:97.446678 Pitch:57.561890
X_AVG:-6.897930 Y_AVG:3.961334 Z_AVG:-2.449078
X_SD:8.985283 Y_SD:6.808802 Z_SD:4.260427
$MXCM10033,2,20,20240104,021651,12,0E924774,47EE8744,0134,0018,57A5,11,A202*63
GPS_PRN:19528,10,25,31,26,29,23,12,16,03,19619419932,SAT_TAL:15
GPS_SNR:32,36,35,36,37,36,36,32,34,33,25,25,31,19,39,SNR_AVG:32.40
GLO_PRN:00,00,00,00,00,00,00,00,00,00,00,00,00,00,00,SAT_TAL:00
GLO_SNR:00,00,00,00,00,00,00,00,00,00,00,00,00,00,00,SNR_AVG:0.00
GAL_PRN:00,00,00,00,00,00,00,00,00,00,00,00,00,00,00,SAT_TAL:00
GAL_SNR:00,00,00,00,00,00,00,00,00,00,00,00,00,00,00,SNR_AVG:0.00
BEI_PRN:00,00,00,00,00,00,00,00,00,00,00,00,00,00,00,SAT_TAL:00
BEI_SNR:00,00,00,00,00,00,00,00,00,00,00,00,00,00,00,SNR_AVG:0.00
QZS_PRN:00,00,00,00,00,SAT_TAL:00
QZS_SNR:00,00,00,00,00,SNR_AVG:0.00
SatInView:20 GDOP:119
Roll:103.517906 Pitch:90.000000
X_AVG:-7.534369 Y_AVG:4.304239 Z_AVG:-2.632095
X_SD:8.784200 Y_SD:7.379306 Z_SD:3.630941
$MXCM10033,2,21,20240104,021907,12,0E8E680B,47EEF188,019B,0018,4B13,10,A202*63
GPS_PRN:19528,10,25,31,26,29,23,12,16,03,19619419932,SAT_TAL:15
GPS_SNR:33,36,37,35,37,35,33,34,36,34,26,25,27,19,37,SNR_AVG:32.27
GLO_PRN:00,00,00,00,00,00,00,00,00,00,00,00,00,00,00,SAT_TAL:00
GLO_SNR:00,00,00,00,00,00,00,00,00,00,00,00,00,00,00,SNR_AVG:0.00
GAL_PRN:00,00,00,00,00,00,00,00,00,00,00,00,00,00,00,SAT_TAL:00
GAL_SNR:00,00,00,00,00,00,00,00,00,00,00,00,00,00,00,SNR_AVG:0.00
BEI_PRN:00,00,00,00,00,00,00,00,00,00,00,00,00,00,00,SAT_TAL:00
BEI_SNR:00,00,00,00,00,00,00,00,00,00,00,00,00,00,00,SNR_AVG:0.00
QZS_PRN:00,00,00,00,00,SAT_TAL:00
QZS_SNR:00,00,00,00,00,SNR_AVG:0.00
SatInView:19 GDOP:127
Roll:93.196709 Pitch:62.846558
X_AVG:-6.687044 Y_AVG:4.730176 Z_AVG:-2.352829
X_SD:9.069808 Y_SD:7.959158 Z_SD:4.978967
$MXCM10033,2,22,20240104,021922,12,0E8DE5E6,47EEDE05,019E,001A,4887,10,A202*63
GPS_PRN:19528,10,25,31,26,29,23,16,12,03,19619419932,SAT_TAL:15
GPS_SNR:33,36,37,35,37,34,33,35,34,36,30,26,27,22,37,SNR_AVG:32.80
GLO_PRN:00,00,00,00,00,00,00,00,00,00,00,00,00,00,00,SAT_TAL:00
GLO_SNR:00,00,00,00,00,00,00,00,00,00,00,00,00,00,00,SNR_AVG:0.00
GAL_PRN:00,00,00,00,00,00,00,00,00,00,00,00,00,00,00,SAT_TAL:00
GAL_SNR:00,00,00,00,00,00,00,00,00,00,00,00,00,00,00,SNR_AVG:0.00
BEI_PRN:00,00,00,00,00,00,00,00,00,00,00,00,00,00,00,SAT_TAL:00
BEI_SNR:00,00,00,00,00,00,00,00,00,00,00,00,00,00,00,SNR_AVG:0.00
QZS_PRN:00,00,00,00,00,SAT_TAL:00
QZS_SNR:00,00,00,00,00,SNR_AVG:0.00
SatInView:20 GDOP:127
Roll:101.189171 Pitch:65.571457
X_AVG:-7.124617 Y_AVG:4.144782 Z_AVG:-2.462438
X_SD:8.695844 Y_SD:7.166928 Z_SD:4.394511
$MXCM10033,2,23,20240104,022138,12,0E8951C1,47EF20CE,01BE,0019,45CA,10,A202*6A
GPS_PRN:19528,10,25,31,26,29,23,16,12,03,19619419932,SAT_TAL:15
GPS_SNR:32,36,37,35,36,34,31,34,34,36,25,26,27,20,37,SNR_AVG:32.00
GLO_PRN:00,00,00,00,00,00,00,00,00,00,00,00,00,00,00,SAT_TAL:00
GLO_SNR:00,00,00,00,00,00,00,00,00,00,00,00,00,00,00,SNR_AVG:0.00
GAL_PRN:00,00,00,00,00,00,00,00,00,00,00,00,00,00,00,SAT_TAL:00
GAL_SNR:00,00,00,00,00,00,00,00,00,00,00,00,00,00,00,SNR_AVG:0.00
BEI_PRN:00,00,00,00,00,00,00,00,00,00,00,00,00,00,00,SAT_TAL:00
BEI_SNR:00,00,00,00,00,00,00,00,00,00,00,00,00,00,00,SNR_AVG:0.00
QZS_PRN:00,00,00,00,00,SAT_TAL:00
QZS_SNR:00,00,00,00,00,SNR_AVG:0.00
SatInView:19 GDOP:126
Roll:55.520203 Pitch:90.000000
X_AVG:-6.311722 Y_AVG:3.414727 Z_AVG:-2.319789
X_SD:9.173389 Y_SD:8.442084 Z_SD:4.239467
$MXCM10033,2,24,20240104,022153,12,0E88CE17,47EF3CBE,01C2,0019,40FD,10,A202*17
GPS_PRN:19528,10,25,31,26,29,23,16,12,03,19619419932,SAT_TAL:15
GPS_SNR:34,36,37,33,36,34,26,36,33,35,31,27,26,23,37,SNR_AVG:32.27
GLO_PRN:00,00,00,00,00,00,00,00,00,00,00,00,00,00,00,SAT_TAL:00
GLO_SNR:00,00,00,00,00,00,00,00,00,00,00,00,00,00,00,SNR_AVG:0.00
GAL_PRN:00,00,00,00,00,00,00,00,00,00,00,00,00,00,00,SAT_TAL:00
GAL_SNR:00,00,00,00,00,00,00,00,00,00,00,00,00,00,00,SNR_AVG:0.00
BEI_PRN:00,00,00,00,00,00,00,00,00,00,00,00,00,00,00,SAT_TAL:00
BEI_SNR:00,00,00,00,00,00,00,00,00,00,00,00,00,00,00,SNR_AVG:0.00
QZS_PRN:00,00,00,00,00,SAT_TAL:00
QZS_SNR:00,00,00,00,00,SNR_AVG:0.00
SatInView:19 GDOP:126
Roll:81.750168 Pitch:90.000000
X_AVG:-7.227666 Y_AVG:4.010943 Z_AVG:-2.020268
X_SD:8.665585 Y_SD:7.672703 Z_SD:4.441611
$MXCM10033,2,25,20240104,022409,12,0E8441FA,47F1103B,01A4,001A,3F89,10,A202*6F
GPS_PRN:19528,10,25,31,26,29,23,16,12,03,19619419932,SAT_TAL:15
GPS_SNR:32,35,36,34,35,34,24,35,33,35,31,27,28,23,37,SNR_AVG:31.93
GLO_PRN:00,00,00,00,00,00,00,00,00,00,00,00,00,00,00,SAT_TAL:00
GLO_SNR:00,00,00,00,00,00,00,00,00,00,00,00,00,00,00,SNR_AVG:0.00
GAL_PRN:00,00,00,00,00,00,00,00,00,00,00,00,00,00,00,SAT_TAL:00
GAL_SNR:00,00,00,00,00,00,00,00,00,00,00,00,00,00,00,SNR_AVG:0.00
BEI_PRN:00,00,00,00,00,00,00,00,00,00,00,00,00,00,00,SAT_TAL:00
BEI_SNR:00,00,00,00,00,00,00,00,00,00,00,00,00,00,00,SNR_AVG:0.00
QZS_PRN:00,00,00,00,00,SAT_TAL:00
QZS_SNR:00,00,00,00,00,SNR_AVG:0.00
SatInView:20 GDOP:126
Roll:54.749233 Pitch:69.607368
X_AVG:-6.838026 Y_AVG:3.724878 Z_AVG:-0.950421
X_SD:8.701016 Y_SD:7.097996 Z_SD:4.122794
$MXCM10033,2,26,20240104,022424,12,0E83C643,47F1573F,01A4,001A,3B52,11,A202*10
GPS_PRN:19528,10,31,25,26,29,23,16,12,03,19619419932,SAT_TAL:15
GPS_SNR:34,36,35,35,32,35,27,36,33,34,32,28,26,23,35,SNR_AVG:32.07
GLO_PRN:00,00,00,00,00,00,00,00,00,00,00,00,00,00,00,SAT_TAL:00
GLO_SNR:00,00,00,00,00,00,00,00,00,00,00,00,00,00,00,SNR_AVG:0.00
GAL_PRN:00,00,00,00,00,00,00,00,00,00,00,00,00,00,00,SAT_TAL:00
GAL_SNR:00,00,00,00,00,00,00,00,00,00,00,00,00,00,00,SNR_AVG:0.00
BEI_PRN:00,00,00,00,00,00,00,00,00,00,00,00,00,00,00,SAT_TAL:00
BEI_SNR:00,00,00,00,00,00,00,00,00,00,00,00,00,00,00,SNR_AVG:0.00
QZS_PRN:00,00,00,00,00,SAT_TAL:00
QZS_SNR:00,00,00,00,00,SNR_AVG:0.00
SatInView:20 GDOP:124
Roll:87.106598 Pitch:65.066124
X_AVG:-7.346947 Y_AVG:4.776864 Z_AVG:-0.937492
X_SD:8.675778 Y_SD:8.900405 Z_SD:6.204091
$MXCM10033,2,27,20240104,022640,12,0E7EE3DD,47F281A6,016B,001A,475B,12,A202*66
GPS_PRN:19528,10,25,31,26,29,16,23,03,12,19619419932,SAT_TAL:15
GPS_SNR:29,35,38,35,35,34,32,33,30,23,35,26,30,23,37,SNR_AVG:31.67
GLO_PRN:00,00,00,00,00,00,00,00,00,00,00,00,00,00,00,SAT_TAL:00
GLO_SNR:00,00,00,00,00,00,00,00,00,00,00,00,00,00,00,SNR_AVG:0.00
GAL_PRN:00,00,00,00,00,00,00,00,00,00,00,00,00,00,00,SAT_TAL:00
GAL_SNR:00,00,00,00,00,00,00,00,00,00,00,00,00,00,00,SNR_AVG:0.00
BEI_PRN:00,00,00,00,00,00,00,00,00,00,00,00,00,00,00,SAT_TAL:00
BEI_SNR:00,00,00,00,00,00,00,00,00,00,00,00,00,00,00,SNR_AVG:0.00
QZS_PRN:00,00,00,00,00,SAT_TAL:00
QZS_SNR:00,00,00,00,00,SNR_AVG:0.00
SatInView:20 GDOP:114
Roll:86.169136 Pitch:56.580410
X_AVG:-7.050635 Y_AVG:4.254630 Z_AVG:-1.225042
X_SD:8.773568 Y_SD:8.323365 Z_SD:4.861790
$MXCM10033,2,28,20240104,022655,12,0E7E5277,47F2800C,0168,001B,45B9,12,A202*6E
GPS_PRN:19528,10,31,25,26,29,16,23,03,12,19619419932,SAT_TAL:15
GPS_SNR:31,35,37,35,35,33,30,34,32,25,34,28,29,22,37,SNR_AVG:31.80
GLO_PRN:00,00,00,00,00,00,00,00,00,00,00,00,00,00,00,SAT_TAL:00
GLO_SNR:00,00,00,00,00,00,00,00,00,00,00,00,00,00,00,SNR_AVG:0.00
GAL_PRN:00,00,00,00,00,00,00,00,00,00,00,00,00,00,00,SAT_TAL:00
GAL_SNR:00,00,00,00,00,00,00,00,00,00,00,00,00,00,00,SNR_AVG:0.00
BEI_PRN:00,00,00,00,00,00,00,00,00,00,00,00,00,00,00,SAT_TAL:00
BEI_SNR:00,00,00,00,00,00,00,00,00,00,00,00,00,00,00,SNR_AVG:0.00
QZS_PRN:00,00,00,00,00,SAT_TAL:00
QZS_SNR:00,00,00,00,00,SNR_AVG:0.00
SatInView:20 GDOP:114
Roll:95.109093 Pitch:61.726425
X_AVG:-6.894482 Y_AVG:3.883809 Z_AVG:-1.035130
X_SD:8.811763 Y_SD:7.376808 Z_SD:3.781873
$MXCM10033,2,29,20240104,022911,12,0E796FB8,47F278BA,013F,001C,4AB5,11,A202*67
GPS_PRN:19528,10,31,26,25,29,16,23,03,12,19619419932,SAT_TAL:15
GPS_SNR:25,35,35,34,34,35,33,34,30,22,34,27,31,21,37,SNR_AVG:31.13
GLO_PRN:00,00,00,00,00,00,00,00,00,00,00,00,00,00,00,SAT_TAL:00
GLO_SNR:00,00,00,00,00,00,00,00,00,00,00,00,00,00,00,SNR_AVG:0.00
GAL_PRN:00,00,00,00,00,00,00,00,00,00,00,00,00,00,00,SAT_TAL:00
GAL_SNR:00,00,00,00,00,00,00,00,00,00,00,00,00,00,00,SNR_AVG:0.00
BEI_PRN:00,00,00,00,00,00,00,00,00,00,00,00,00,00,00,SAT_TAL:00
BEI_SNR:00,00,00,00,00,00,00,00,00,00,00,00,00,00,00,SNR_AVG:0.00
QZS_PRN:00,00,00,00,00,SAT_TAL:00
QZS_SNR:00,00,00,00,00,SNR_AVG:0.00
SatInView:21 GDOP:129
Roll:55.013145 Pitch:90.000000
X_AVG:-6.245880 Y_AVG:3.293147 Z_AVG:-0.677046
X_SD:8.800782 Y_SD:6.813723 Z_SD:4.897389
$MXCM10033,2,30,20240104,022926,12,0E78E4A6,47F2585C,0136,001A,4793,11,A202*68
GPS_PRN:19528,10,26,31,25,29,16,23,03,12,19619419932,SAT_TAL:15
GPS_SNR:30,35,36,34,34,34,31,34,29,27,34,27,31,22,37,SNR_AVG:31.67
GLO_PRN:00,00,00,00,00,00,00,00,00,00,00,00,00,00,00,SAT_TAL:00
GLO_SNR:00,00,00,00,00,00,00,00,00,00,00,00,00,00,00,SNR_AVG:0.00
GAL_PRN:00,00,00,00,00,00,00,00,00,00,00,00,00,00,00,SAT_TAL:00
GAL_SNR:00,00,00,00,00,00,00,00,00,00,00,00,00,00,00,SNR_AVG:0.00
BEI_PRN:00,00,00,00,00,00,00,00,00,00,00,00,00,00,00,SAT_TAL:00
BEI_SNR:00,00,00,00,00,00,00,00,00,00,00,00,00,00,00,SNR_AVG:0.00
QZS_PRN:00,00,00,00,00,SAT_TAL:00
QZS_SNR:00,00,00,00,00,SNR_AVG:0.00
SatInView:21 GDOP:129
Roll:117.243294 Pitch:59.928932
X_AVG:-6.379383 Y_AVG:4.042643 Z_AVG:-0.786128
X_SD:8.631726 Y_SD:7.513268 Z_SD:5.022984
$MXCM10033,2,31,20240104,023142,12,0E746C0E,47F182AC,0111,0013,4FCD,11,A202*13
GPS_PRN:19528,26,31,10,25,29,16,23,03,12,19419619932,SAT_TAL:15
GPS_SNR:30,33,35,33,35,32,33,34,32,23,31,30,27,22,36,SNR_AVG:31.07
GLO_PRN:00,00,00,00,00,00,00,00,00,00,00,00,00,00,00,SAT_TAL:00
GLO_SNR:00,00,00,00,00,00,00,00,00,00,00,00,00,00,00,SNR_AVG:0.00
GAL_PRN:00,00,00,00,00,00,00,00,00,00,00,00,00,00,00,SAT_TAL:00
GAL_SNR:00,00,00,00,00,00,00,00,00,00,00,00,00,00,00,SNR_AVG:0.00
BEI_PRN:00,00,00,00,00,00,00,00,00,00,00,00,00,00,00,SAT_TAL:00
BEI_SNR:00,00,00,00,00,00,00,00,00,00,00,00,00,00,00,SNR_AVG:0.00
QZS_PRN:00,00,00,00,00,SAT_TAL:00
QZS_SNR:00,00,00,00,00,SNR_AVG:0.00
SatInView:21 GDOP:129
Roll:56.206539 Pitch:49.106846
X_AVG:-6.169455 Y_AVG:3.665214 Z_AVG:0.217494
X_SD:9.262416 Y_SD:8.345239 Z_SD:5.480783
$MXCM10033,2,32,20240104,023157,12,0E73F5CE,47F181DC,0105,0017,428E,11,A202*6F
GPS_PRN:19528,26,31,10,25,29,16,23,03,12,19419619932,SAT_TAL:15
GPS_SNR:32,34,34,33,37,34,18,33,33,28,19,29,29,23,36,SNR_AVG:30.13
GLO_PRN:00,00,00,00,00,00,00,00,00,00,00,00,00,00,00,SAT_TAL:00
GLO_SNR:00,00,00,00,00,00,00,00,00,00,00,00,00,00,00,SNR_AVG:0.00
GAL_PRN:00,00,00,00,00,00,00,00,00,00,00,00,00,00,00,SAT_TAL:00
GAL_SNR:00,00,00,00,00,00,00,00,00,00,00,00,00,00,00,SNR_AVG:0.00
BEI_PRN:00,00,00,00,00,00,00,00,00,00,00,00,00,00,00,SAT_TAL:00
BEI_SNR:00,00,00,00,00,00,00,00,00,00,00,00,00,00,00,SNR_AVG:0.00
QZS_PRN:00,00,00,00,00,SAT_TAL:00
QZS_SNR:00,00,00,00,00,SNR_AVG:0.00
SatInView:21 GDOP:106
Roll:86.714600 Pitch:61.099457
X_AVG:-8.342955 Y_AVG:5.349377 Z_AVG:-0.334477
X_SD:9.044426 Y_SD:8.606328 Z_SD:4.707677
$MXCM10033,2,33,20240104,023412,12,0E70FFBF,47EFA2C3,00C6,000B,3686,0F,A202*62
GPS_PRN:19528,26,31,10,25,29,16,23,03,12,19419619932,SAT_TAL:14
GPS_SNR:33,35,34,35,37,29,31,00,34,32,32,32,29,26,38,SNR_AVG:32.64
GLO_PRN:00,00,00,00,00,00,00,00,00,00,00,00,00,00,00,SAT_TAL:00
GLO_SNR:00,00,00,00,00,00,00,00,00,00,00,00,00,00,00,SNR_AVG:0.00
GAL_PRN:00,00,00,00,00,00,00,00,00,00,00,00,00,00,00,SAT_TAL:00
GAL_SNR:00,00,00,00,00,00,00,00,00,00,00,00,00,00,00,SNR_AVG:0.00
BEI_PRN:00,00,00,00,00,00,00,00,00,00,00,00,00,00,00,SAT_TAL:00
BEI_SNR:00,00,00,00,00,00,00,00,00,00,00,00,00,00,00,SNR_AVG:0.00
QZS_PRN:00,00,00,00,00,SAT_TAL:00
QZS_SNR:00,00,00,00,00,SNR_AVG:0.00
SatInView:21 GDOP:113
Roll:116.425476 Pitch:53.539101
X_AVG:-10.408475 Y_AVG:9.298213 Z_AVG:-2.069925
X_SD:7.195101 Y_SD:7.465583 Z_SD:3.927358
$MXCM10033,2,34,20240104,023428,12,0E7102E3,47EF9BC8,00C2,0000,7780,10,A201*1F
GPS_PRN:19528,26,31,10,25,29,16,23,03,12,19419619932,SAT_TAL:15
GPS_SNR:34,28,20,14,38,28,24,14,36,16,15,34,32,28,34,SNR_AVG:26.33
GLO_PRN:00,00,00,00,00,00,00,00,00,00,00,00,00,00,00,SAT_TAL:00
GLO_SNR:00,00,00,00,00,00,00,00,00,00,00,00,00,00,00,SNR_AVG:0.00
GAL_PRN:00,00,00,00,00,00,00,00,00,00,00,00,00,00,00,SAT_TAL:00
GAL_SNR:00,00,00,00,00,00,00,00,00,00,00,00,00,00,00,SNR_AVG:0.00
BEI_PRN:00,00,00,00,00,00,00,00,00,00,00,00,00,00,00,SAT_TAL:00
BEI_SNR:00,00,00,00,00,00,00,00,00,00,00,00,00,00,00,SNR_AVG:0.00
QZS_PRN:00,00,00,00,00,SAT_TAL:00
QZS_SNR:00,00,00,00,00,SNR_AVG:0.00
SatInView:21 GDOP:109
Roll:124.213516 Pitch:12.042723
X_AVG:-2.573340 Y_AVG:8.306802 Z_AVG:-5.847333
X_SD:0.230843 Y_SD:0.240688 Z_SD:0.274417
$MXCM10033,2,35,20240104,023643,12,0E710686,47EF9F74,00C2,0000,12F1,05,A201*69
GPS_PRN:19528,26,31,10,25,29,16,03,23,12,19419619932,SAT_TAL:05
GPS_SNR:23,00,00,00,00,30,27,00,00,00,00,00,16,00,26,SNR_AVG:24.40
GLO_PRN:00,00,00,00,00,00,00,00,00,00,00,00,00,00,00,SAT_TAL:00
GLO_SNR:00,00,00,00,00,00,00,00,00,00,00,00,00,00,00,SNR_AVG:0.00
GAL_PRN:00,00,00,00,00,00,00,00,00,00,00,00,00,00,00,SAT_TAL:00
GAL_SNR:00,00,00,00,00,00,00,00,00,00,00,00,00,00,00,SNR_AVG:0.00
BEI_PRN:00,00,00,00,00,00,00,00,00,00,00,00,00,00,00,SAT_TAL:00
BEI_SNR:00,00,00,00,00,00,00,00,00,00,00,00,00,00,00,SNR_AVG:0.00
QZS_PRN:00,00,00,00,00,SAT_TAL:00
QZS_SNR:00,00,00,00,00,SNR_AVG:0.00
SatInView:19 GDOP:258
Roll:125.953194 Pitch:25.872658
X_AVG:-4.513784 Y_AVG:5.621268 Z_AVG:-6.168689
X_SD:6.264103 Y_SD:8.481987 Z_SD:5.173145
$MXCM10033,2,36,20240104,023659,12,0E7102FA,47EFA0DC,00C2,0000,248B,0C,A201*18
GPS_PRN:32,28,26,31,10,25,29,16,23,12,19419619919500,SAT_TAL:10
GPS_SNR:21,14,00,00,20,27,36,11,22,00,19,16,00,26,00,SNR_AVG:21.20
GLO_PRN:00,00,00,00,00,00,00,00,00,00,00,00,00,00,00,SAT_TAL:00
GLO_SNR:00,00,00,00,00,00,00,00,00,00,00,00,00,00,00,SNR_AVG:0.00
GAL_PRN:25,36,09,24,04,05,00,00,00,00,00,00,00,00,00,SAT_TAL:02
GAL_SNR:00,00,16,00,18,00,00,00,00,00,00,00,00,00,00,SNR_AVG:17.00
BEI_PRN:00,00,00,00,00,00,00,00,00,00,00,00,00,00,00,SAT_TAL:00
BEI_SNR:00,00,00,00,00,00,00,00,00,00,00,00,00,00,00,SNR_AVG:0.00
QZS_PRN:00,00,00,00,00,SAT_TAL:00
QZS_SNR:00,00,00,00,00,SNR_AVG:0.00
SatInView:20 GDOP:143
Roll:114.893585 Pitch:19.001833
X_AVG:-3.186316 Y_AVG:7.024442 Z_AVG:-4.026458
X_SD:4.357458 Y_SD:6.476986 Z_SD:3.399030
$MXCM10033,2,37,20240104,023913,00,0E7102FC,47EFA0F3,00C2,0000,0000,00,A201*64
GPS_PRN:28,26,31,10,00,00,00,00,00,00,00,00,00,00,00,SAT_TAL:00
GPS_SNR:00,00,00,00,00,00,00,00,00,00,00,00,00,00,00,SNR_AVG:0.00
GLO_PRN:00,00,00,00,00,00,00,00,00,00,00,00,00,00,00,SAT_TAL:00
GLO_SNR:00,00,00,00,00,00,00,00,00,00,00,00,00,00,00,SNR_AVG:0.00
GAL_PRN:00,00,00,00,00,00,00,00,00,00,00,00,00,00,00,SAT_TAL:00
GAL_SNR:00,00,00,00,00,00,00,00,00,00,00,00,00,00,00,SNR_AVG:0.00
BEI_PRN:00,00,00,00,00,00,00,00,00,00,00,00,00,00,00,SAT_TAL:00
BEI_SNR:00,00,00,00,00,00,00,00,00,00,00,00,00,00,00,SNR_AVG:0.00
QZS_PRN:00,00,00,00,00,SAT_TAL:00
QZS_SNR:00,00,00,00,00,SNR_AVG:0.00
SatInView:4 GDOP:17319
Roll:134.030762 Pitch:-7.892427
X_AVG:1.887627 Y_AVG:7.653220 Z_AVG:-7.197019
X_SD:0.201347 Y_SD:0.125224 Z_SD:0.189489
$MXCM10033,2,38,20240104,023929,12,0E71028C,47EFA6E4,00C2,0000,0000,0B,A201*6F
GPS_PRN:32,28,26,31,10,25,29,16,23,12,19419619919500,SAT_TAL:10
GPS_SNR:21,19,18,00,19,23,31,18,29,00,00,24,00,34,00,SNR_AVG:23.60
GLO_PRN:00,00,00,00,00,00,00,00,00,00,00,00,00,00,00,SAT_TAL:00
GLO_SNR:00,00,00,00,00,00,00,00,00,00,00,00,00,00,00,SNR_AVG:0.00
GAL_PRN:25,36,09,24,04,05,00,00,00,00,00,00,00,00,00,SAT_TAL:01
GAL_SNR:00,00,00,00,28,00,00,00,00,00,00,00,00,00,00,SNR_AVG:28.00
BEI_PRN:00,00,00,00,00,00,00,00,00,00,00,00,00,00,00,SAT_TAL:00
BEI_SNR:00,00,00,00,00,00,00,00,00,00,00,00,00,00,00,SNR_AVG:0.00
QZS_PRN:00,00,00,00,00,SAT_TAL:00
QZS_SNR:00,00,00,00,00,SNR_AVG:0.00
SatInView:20 GDOP:143
Roll:129.342407 Pitch:-12.787722
X_AVG:2.211952 Y_AVG:7.643499 Z_AVG:-7.545862
X_SD:1.194593 Y_SD:2.081452 Z_SD:1.465201
$MXCM10033,2,39,20240104,024143,00,0E710296,47EFA6B2,00C2,0000,0000,00,A201*69
GPS_PRN:28,26,31,25,00,00,00,00,00,00,00,00,00,00,00,SAT_TAL:00
GPS_SNR:00,00,00,00,00,00,00,00,00,00,00,00,00,00,00,SNR_AVG:0.00
GLO_PRN:00,00,00,00,00,00,00,00,00,00,00,00,00,00,00,SAT_TAL:00
GLO_SNR:00,00,00,00,00,00,00,00,00,00,00,00,00,00,00,SNR_AVG:0.00
GAL_PRN:00,00,00,00,00,00,00,00,00,00,00,00,00,00,00,SAT_TAL:00
GAL_SNR:00,00,00,00,00,00,00,00,00,00,00,00,00,00,00,SNR_AVG:0.00
BEI_PRN:00,00,00,00,00,00,00,00,00,00,00,00,00,00,00,SAT_TAL:00
BEI_SNR:00,00,00,00,00,00,00,00,00,00,00,00,00,00,00,SNR_AVG:0.00
QZS_PRN:00,00,00,00,00,SAT_TAL:00
QZS_SNR:00,00,00,00,00,SNR_AVG:0.00
SatInView:4 GDOP:17319
Roll:76.094933 Pitch:-41.034561
X_AVG:7.274641 Y_AVG:7.413986 Z_AVG:0.890805
X_SD:3.137370 Y_SD:3.298535 Z_SD:2.606676
$MXCM10033,2,40,20240104,024158,00,0E70F9E9,47EFB457,00C2,0000,0000,00,A201*11
GPS_PRN:19528,26,31,10,25,29,16,03,23,19419932,00,00,SAT_TAL:05
GPS_SNR:23,00,00,00,00,16,27,00,00,20,00,00,22,00,00,SNR_AVG:21.60
GLO_PRN:00,00,00,00,00,00,00,00,00,00,00,00,00,00,00,SAT_TAL:00
GLO_SNR:00,00,00,00,00,00,00,00,00,00,00,00,00,00,00,SNR_AVG:0.00
GAL_PRN:05,25,09,24,04,00,00,00,00,00,00,00,00,00,00,SAT_TAL:00
GAL_SNR:00,00,00,00,00,00,00,00,00,00,00,00,00,00,00,SNR_AVG:0.00
BEI_PRN:00,00,00,00,00,00,00,00,00,00,00,00,00,00,00,SAT_TAL:00
BEI_SNR:00,00,00,00,00,00,00,00,00,00,00,00,00,00,00,SNR_AVG:0.00
QZS_PRN:00,00,00,00,00,SAT_TAL:00
QZS_SNR:00,00,00,00,00,SNR_AVG:0.00
SatInView:18 GDOP:299
Roll:107.795029 Pitch:-11.942776
X_AVG:2.298049 Y_AVG:9.396713 Z_AVG:-3.114919
X_SD:0.148910 Y_SD:0.105297 Z_SD:0.156600
$MXCM10033,2,41,20240104,024413,00,0E70FBB7,47EFA88E,00C2,0000,0000,00,A201*18
GPS_PRN:28,26,31,25,00,00,00,00,00,00,00,00,00,00,00,SAT_TAL:00
GPS_SNR:00,00,00,00,00,00,00,00,00,00,00,00,00,00,00,SNR_AVG:0.00
GLO_PRN:00,00,00,00,00,00,00,00,00,00,00,00,00,00,00,SAT_TAL:00
GLO_SNR:00,00,00,00,00,00,00,00,00,00,00,00,00,00,00,SNR_AVG:0.00
GAL_PRN:00,00,00,00,00,00,00,00,00,00,00,00,00,00,00,SAT_TAL:00
GAL_SNR:00,00,00,00,00,00,00,00,00,00,00,00,00,00,00,SNR_AVG:0.00
BEI_PRN:00,00,00,00,00,00,00,00,00,00,00,00,00,00,00,SAT_TAL:00
BEI_SNR:00,00,00,00,00,00,00,00,00,00,00,00,00,00,00,SNR_AVG:0.00
QZS_PRN:00,00,00,00,00,SAT_TAL:00
QZS_SNR:00,00,00,00,00,SNR_AVG:0.00
SatInView:4 GDOP:17319
Roll:124.718636 Pitch:-18.766848
X_AVG:3.657217 Y_AVG:7.940338 Z_AVG:-5.859352
X_SD:0.073910 Y_SD:0.063616 Z_SD:0.108436
$MXCM10033,2,42,20240104,024428,00,0E70FBB7,47EFA88E,00C2,0000,0000,00,A201*13
GPS_PRN:10,26,31,32,25,29,16,00,00,00,00,00,00,00,00,SAT_TAL:00
GPS_SNR:00,00,00,00,00,00,00,00,00,00,00,00,00,00,00,SNR_AVG:0.00
GLO_PRN:00,00,00,00,00,00,00,00,00,00,00,00,00,00,00,SAT_TAL:00
GLO_SNR:00,00,00,00,00,00,00,00,00,00,00,00,00,00,00,SNR_AVG:0.00
GAL_PRN:00,00,00,00,00,00,00,00,00,00,00,00,00,00,00,SAT_TAL:00
GAL_SNR:00,00,00,00,00,00,00,00,00,00,00,00,00,00,00,SNR_AVG:0.00
BEI_PRN:00,00,00,00,00,00,00,00,00,00,00,00,00,00,00,SAT_TAL:00
BEI_SNR:00,00,00,00,00,00,00,00,00,00,00,00,00,00,00,SNR_AVG:0.00
QZS_PRN:00,00,00,00,00,SAT_TAL:00
QZS_SNR:00,00,00,00,00,SNR_AVG:0.00
SatInView:7 GDOP:17319
Roll:125.334572 Pitch:-19.178534
X_AVG:3.765197 Y_AVG:7.913044 Z_AVG:-5.826742
X_SD:0.078588 Y_SD:0.063692 Z_SD:0.106228
$MXCM10033,2,43,20240104,024643,12,0E7103C0,47EFA488,00C2,0000,166A,08,A202*14
GPS_PRN:19528,26,31,10,25,29,16,03,23,19419619932,00,SAT_TAL:08
GPS_SNR:29,00,15,00,22,18,28,00,00,23,21,00,00,17,00,SNR_AVG:21.62
GLO_PRN:00,00,00,00,00,00,00,00,00,00,00,00,00,00,00,SAT_TAL:00
GLO_SNR:00,00,00,00,00,00,00,00,00,00,00,00,00,00,00,SNR_AVG:0.00
GAL_PRN:09,24,04,25,00,00,00,00,00,00,00,00,00,00,00,SAT_TAL:01
GAL_SNR:00,00,24,00,00,00,00,00,00,00,00,00,00,00,00,SNR_AVG:24.00
BEI_PRN:00,00,00,00,00,00,00,00,00,00,00,00,00,00,00,SAT_TAL:00
BEI_SNR:00,00,00,00,00,00,00,00,00,00,00,00,00,00,00,SNR_AVG:0.00
QZS_PRN:00,00,00,00,00,SAT_TAL:00
QZS_SNR:00,00,00,00,00,SNR_AVG:0.00
SatInView:18 GDOP:180
Roll:-171.873444 Pitch:46.892521
X_AVG:-7.860322 Y_AVG:-1.820683 Z_AVG:-6.847698
X_SD:0.236247 Y_SD:0.267700 Z_SD:0.350008
$MXCM10033,2,44,20240104,024659,12,0E710257,47EFA48B,00C2,0000,166A,0C,A202*69
GPS_PRN:32,28,26,31,10,25,29,16,23,19419619919500,00,SAT_TAL:11
GPS_SNR:27,17,17,00,16,16,27,00,21,22,19,17,20,00,00,SNR_AVG:19.91
GLO_PRN:00,00,00,00,00,00,00,00,00,00,00,00,00,00,00,SAT_TAL:00
GLO_SNR:00,00,00,00,00,00,00,00,00,00,00,00,00,00,00,SNR_AVG:0.00
GAL_PRN:25,09,24,04,05,00,00,00,00,00,00,00,00,00,00,SAT_TAL:03
GAL_SNR:00,18,14,20,00,00,00,00,00,00,00,00,00,00,00,SNR_AVG:17.33
BEI_PRN:00,00,00,00,00,00,00,00,00,00,00,00,00,00,00,SAT_TAL:00
BEI_SNR:00,00,00,00,00,00,00,00,00,00,00,00,00,00,00,SNR_AVG:0.00
QZS_PRN:00,00,00,00,00,SAT_TAL:00
QZS_SNR:00,00,00,00,00,SNR_AVG:0.00
SatInView:18 GDOP:149
Roll:-162.043198 Pitch:50.365646
X_AVG:-8.005366 Y_AVG:-2.352351 Z_AVG:-6.430189
X_SD:0.203101 Y_SD:0.191957 Z_SD:0.204716
$MXCM10033,2,45,20240104,024915,12,0E70FEAD,47EF9FEA,00C2,0000,6689,0B,A201*6F
GPS_PRN:19528,26,31,10,25,29,16,03,23,19419619932,00,SAT_TAL:12
GPS_SNR:35,20,23,24,28,34,19,00,00,17,31,27,22,37,00,SNR_AVG:26.42
GLO_PRN:00,00,00,00,00,00,00,00,00,00,00,00,00,00,00,SAT_TAL:00
GLO_SNR:00,00,00,00,00,00,00,00,00,00,00,00,00,00,00,SNR_AVG:0.00
GAL_PRN:25,09,24,04,05,00,00,00,00,00,00,00,00,00,00,SAT_TAL:01
GAL_SNR:00,00,00,37,00,00,00,00,00,00,00,00,00,00,00,SNR_AVG:37.00
BEI_PRN:00,00,00,00,00,00,00,00,00,00,00,00,00,00,00,SAT_TAL:00
BEI_SNR:00,00,00,00,00,00,00,00,00,00,00,00,00,00,00,SNR_AVG:0.00
QZS_PRN:00,00,00,00,00,SAT_TAL:00
QZS_SNR:00,00,00,00,00,SNR_AVG:0.00
SatInView:19 GDOP:141
Roll:89.127831 Pitch:40.443172
X_AVG:-6.228019 Y_AVG:7.422175 Z_AVG:-0.176744
X_SD:0.084649 Y_SD:0.060820 Z_SD:0.112348
$MXCM10033,2,46,20240104,024930,12,0E70FD66,47EFA588,00C2,0000,6689,0F,A201*64
GPS_PRN:32,28,26,31,10,25,29,16,23,19419619919500,00,SAT_TAL:12
GPS_SNR:34,00,24,26,29,34,19,18,20,31,23,22,34,00,00,SNR_AVG:26.17
GLO_PRN:00,00,00,00,00,00,00,00,00,00,00,00,00,00,00,SAT_TAL:00
GLO_SNR:00,00,00,00,00,00,00,00,00,00,00,00,00,00,00,SNR_AVG:0.00
GAL_PRN:25,09,24,04,05,00,00,00,00,00,00,00,00,00,00,SAT_TAL:05
GAL_SNR:17,18,14,37,20,00,00,00,00,00,00,00,00,00,00,SNR_AVG:21.20
BEI_PRN:00,00,00,00,00,00,00,00,00,00,00,00,00,00,00,SAT_TAL:00
BEI_SNR:00,00,00,00,00,00,00,00,00,00,00,00,00,00,00,SNR_AVG:0.00
QZS_PRN:00,00,00,00,00,SAT_TAL:00
QZS_SNR:00,00,00,00,00,SNR_AVG:0.00
SatInView:18 GDOP:115
Roll:89.571732 Pitch:40.842072
X_AVG:-6.219351 Y_AVG:7.414896 Z_AVG:-0.167789
X_SD:0.076790 Y_SD:0.059317 Z_SD:0.120156
$MXCM10033,2,47,20240104,025146,12,0E7101A7,47EFA02E,00C2,0000,6074,0D,A201*6D
GPS_PRN:19528,26,31,10,29,25,16,03,23,19419619932,00,SAT_TAL:12
GPS_SNR:30,00,28,24,19,34,29,18,16,00,20,17,21,38,00,SNR_AVG:24.50
GLO_PRN:00,00,00,00,00,00,00,00,00,00,00,00,00,00,00,SAT_TAL:00
GLO_SNR:00,00,00,00,00,00,00,00,00,00,00,00,00,00,00,SNR_AVG:0.00
GAL_PRN:25,09,24,04,05,00,00,00,00,00,00,00,00,00,00,SAT_TAL:02
GAL_SNR:00,00,24,33,00,00,00,00,00,00,00,00,00,00,00,SNR_AVG:28.50
BEI_PRN:00,00,00,00,00,00,00,00,00,00,00,00,00,00,00,SAT_TAL:00
BEI_SNR:00,00,00,00,00,00,00,00,00,00,00,00,00,00,00,SNR_AVG:0.00
QZS_PRN:00,00,00,00,00,SAT_TAL:00
QZS_SNR:00,00,00,00,00,SNR_AVG:0.00
SatInView:19 GDOP:120
Roll:89.129585 Pitch:40.387001
X_AVG:-6.212360 Y_AVG:7.425335 Z_AVG:-0.175355
X_SD:0.077313 Y_SD:0.064722 Z_SD:0.118911
$MXCM10033,2,48,20240104,025201,12,0E71008C,47EF9EBE,00C2,0000,6074,0F,A201*11
GPS_PRN:19528,26,31,10,29,25,16,03,23,19419619932,00,SAT_TAL:12
GPS_SNR:34,26,28,22,24,32,29,15,17,00,23,00,22,36,00,SNR_AVG:25.67
GLO_PRN:00,00,00,00,00,00,00,00,00,00,00,00,00,00,00,SAT_TAL:00
GLO_SNR:00,00,00,00,00,00,00,00,00,00,00,00,00,00,00,SNR_AVG:0.00
GAL_PRN:25,09,24,04,05,00,00,00,00,00,00,00,00,00,00,SAT_TAL:04
GAL_SNR:00,20,25,33,13,00,00,00,00,00,00,00,00,00,00,SNR_AVG:22.75
BEI_PRN:00,00,00,00,00,00,00,00,00,00,00,00,00,00,00,SAT_TAL:00
BEI_SNR:00,00,00,00,00,00,00,00,00,00,00,00,00,00,00,SNR_AVG:0.00
QZS_PRN:00,00,00,00,00,SAT_TAL:00
QZS_SNR:00,00,00,00,00,SNR_AVG:0.00
SatInView:19 GDOP:114
Roll:89.127975 Pitch:40.438221
X_AVG:-6.216287 Y_AVG:7.428591 Z_AVG:-0.163862
X_SD:0.071140 Y_SD:0.065167 Z_SD:0.117672
$MXCM10033,2,49,20240104,025417,12,0E710251,47EF9C23,00C1,0000,78FA,0B,A201*66
GPS_PRN:19528,26,31,10,29,25,16,03,23,19419619932,00,SAT_TAL:12
GPS_SNR:35,19,14,19,33,28,25,20,00,00,27,27,22,35,00,SNR_AVG:25.33
GLO_PRN:00,00,00,00,00,00,00,00,00,00,00,00,00,00,00,SAT_TAL:00
GLO_SNR:00,00,00,00,00,00,00,00,00,00,00,00,00,00,00,SNR_AVG:0.00
GAL_PRN:25,09,24,04,05,00,00,00,00,00,00,00,00,00,00,SAT_TAL:00
GAL_SNR:00,00,00,00,00,00,00,00,00,00,00,00,00,00,00,SNR_AVG:0.00
BEI_PRN:00,00,00,00,00,00,00,00,00,00,00,00,00,00,00,SAT_TAL:00
BEI_SNR:00,00,00,00,00,00,00,00,00,00,00,00,00,00,00,SNR_AVG:0.00
QZS_PRN:00,00,00,00,00,SAT_TAL:00
QZS_SNR:00,00,00,00,00,SNR_AVG:0.00
SatInView:19 GDOP:136
Roll:89.127831 Pitch:40.443172
X_AVG:-6.223565 Y_AVG:7.425000 Z_AVG:-0.168459
X_SD:0.071232 Y_SD:0.061493 Z_SD:0.117146
$MXCM10033,2,50,20240104,025432,12,0E710068,47EF9D2C,00C2,0000,78FA,10,A201*66
GPS_PRN:32,28,26,31,10,29,25,16,03,23,19419619919500,SAT_TAL:12
GPS_SNR:33,20,00,18,31,28,29,23,23,00,27,28,22,36,00,SNR_AVG:26.50
GLO_PRN:00,00,00,00,00,00,00,00,00,00,00,00,00,00,00,SAT_TAL:00
GLO_SNR:00,00,00,00,00,00,00,00,00,00,00,00,00,00,00,SNR_AVG:0.00
GAL_PRN:05,25,09,31,24,04,00,00,00,00,00,00,00,00,00,SAT_TAL:06
GAL_SNR:14,13,20,20,24,36,00,00,00,00,00,00,00,00,00,SNR_AVG:21.17
BEI_PRN:00,00,00,00,00,00,00,00,00,00,00,00,00,00,00,SAT_TAL:00
BEI_SNR:00,00,00,00,00,00,00,00,00,00,00,00,00,00,00,SNR_AVG:0.00
QZS_PRN:00,00,00,00,00,SAT_TAL:00
QZS_SNR:00,00,00,00,00,SNR_AVG:0.00
SatInView:20 GDOP:110
Roll:89.128662 Pitch:40.406822
X_AVG:-6.223326 Y_AVG:7.419780 Z_AVG:-0.166161
X_SD:0.076429 Y_SD:0.061879 Z_SD:0.113679
$MXCM10033,2,51,20240104,025648,12,0E71010A,47EFA337,00C2,0000,051A,10,A201*11
GPS_PRN:32,28,26,31,29,10,25,16,03,19419619919500,00,SAT_TAL:13
GPS_SNR:14,17,23,31,34,24,32,21,26,23,23,22,37,00,00,SNR_AVG:25.15
GLO_PRN:00,00,00,00,00,00,00,00,00,00,00,00,00,00,00,SAT_TAL:00
GLO_SNR:00,00,00,00,00,00,00,00,00,00,00,00,00,00,00,SNR_AVG:0.00
GAL_PRN:05,25,09,31,24,04,00,00,00,00,00,00,00,00,00,SAT_TAL:04
GAL_SNR:00,14,19,00,16,41,00,00,00,00,00,00,00,00,00,SNR_AVG:22.50
BEI_PRN:00,00,00,00,00,00,00,00,00,00,00,00,00,00,00,SAT_TAL:00
BEI_SNR:00,00,00,00,00,00,00,00,00,00,00,00,00,00,00,SNR_AVG:0.00
QZS_PRN:00,00,00,00,00,SAT_TAL:00
QZS_SNR:00,00,00,00,00,SNR_AVG:0.00
SatInView:19 GDOP:112
Roll:89.127831 Pitch:40.443172
X_AVG:-6.227875 Y_AVG:7.419158 Z_AVG:-0.160367
X_SD:0.079707 Y_SD:0.062688 Z_SD:0.114784
$MXCM10033,2,52,20240104,025703,12,0E71013A,47EFA2DE,00C2,0000,051A,10,A201*1B
GPS_PRN:32,28,26,31,29,10,25,16,03,19419619919500,00,SAT_TAL:13
GPS_SNR:27,16,25,32,36,23,32,15,21,26,27,22,37,00,00,SNR_AVG:26.08
GLO_PRN:00,00,00,00,00,00,00,00,00,00,00,00,00,00,00,SAT_TAL:00
GLO_SNR:00,00,00,00,00,00,00,00,00,00,00,00,00,00,00,SNR_AVG:0.00
GAL_PRN:05,25,09,31,24,04,00,00,00,00,00,00,00,00,00,SAT_TAL:06
GAL_SNR:15,14,22,20,18,40,00,00,00,00,00,00,00,00,00,SNR_AVG:21.50
BEI_PRN:00,00,00,00,00,00,00,00,00,00,00,00,00,00,00,SAT_TAL:00
BEI_SNR:00,00,00,00,00,00,00,00,00,00,00,00,00,00,00,SNR_AVG:0.00
QZS_PRN:00,00,00,00,00,SAT_TAL:00
QZS_SNR:00,00,00,00,00,SNR_AVG:0.00
SatInView:19 GDOP:109
Roll:90.103630 Pitch:39.824909
X_AVG:-6.229503 Y_AVG:7.424186 Z_AVG:-0.159696
X_SD:0.087649 Y_SD:0.067967 Z_SD:0.114171
$MXCM10033,2,53,20240104,025919,12,0E70FFC2,47EFA022,00C2,0000,1E6D,10,A201*6C
GPS_PRN:32,26,28,31,29,10,25,16,03,19419619919500,00,SAT_TAL:13
GPS_SNR:34,19,14,26,41,23,36,21,22,26,26,22,35,00,00,SNR_AVG:26.54
GLO_PRN:00,00,00,00,00,00,00,00,00,00,00,00,00,00,00,SAT_TAL:00
GLO_SNR:00,00,00,00,00,00,00,00,00,00,00,00,00,00,00,SNR_AVG:0.00
GAL_PRN:05,25,09,31,24,04,00,00,00,00,00,00,00,00,00,SAT_TAL:05
GAL_SNR:18,00,15,22,17,38,00,00,00,00,00,00,00,00,00,SNR_AVG:22.00
BEI_PRN:00,00,00,00,00,00,00,00,00,00,00,00,00,00,00,SAT_TAL:00
BEI_SNR:00,00,00,00,00,00,00,00,00,00,00,00,00,00,00,SNR_AVG:0.00
QZS_PRN:00,00,00,00,00,SAT_TAL:00
QZS_SNR:00,00,00,00,00,SNR_AVG:0.00
SatInView:19 GDOP:114
Roll:89.127831 Pitch:40.443172
X_AVG:-6.223613 Y_AVG:7.437642 Z_AVG:-0.163910
X_SD:0.081347 Y_SD:0.059119 Z_SD:0.105839
$MXCM10033,2,54,20240104,025934,12,0E70FFBF,47EFA01B,00C2,0000,1E6D,11,A201*63
GPS_PRN:32,26,28,31,29,10,25,16,03,19419619919500,00,SAT_TAL:13
GPS_SNR:33,23,13,17,41,18,36,18,20,26,25,22,36,00,00,SNR_AVG:25.23
GLO_PRN:00,00,00,00,00,00,00,00,00,00,00,00,00,00,00,SAT_TAL:00
GLO_SNR:00,00,00,00,00,00,00,00,00,00,00,00,00,00,00,SNR_AVG:0.00
GAL_PRN:05,25,09,31,24,04,00,00,00,00,00,00,00,00,00,SAT_TAL:06
GAL_SNR:18,16,21,24,17,37,00,00,00,00,00,00,00,00,00,SNR_AVG:22.17
BEI_PRN:00,00,00,00,00,00,00,00,00,00,00,00,00,00,00,SAT_TAL:00
BEI_SNR:00,00,00,00,00,00,00,00,00,00,00,00,00,00,00,SNR_AVG:0.00
QZS_PRN:00,00,00,00,00,SAT_TAL:00
QZS_SNR:00,00,00,00,00,SNR_AVG:0.00
SatInView:19 GDOP:108
Roll:89.128288 Pitch:40.422321
X_AVG:-6.217005 Y_AVG:7.429932 Z_AVG:-0.176887
X_SD:0.081193 Y_SD:0.066478 Z_SD:0.119125
$MXCM10033,2,55,20240104,030150,12,0E71004B,47EFA38A,00C2,0000,7C63,0E,A201*14
GPS_PRN:32,26,28,31,29,16,10,25,03,19419619919500,00,SAT_TAL:12
GPS_SNR:37,27,22,25,40,21,27,38,00,33,21,23,38,00,00,SNR_AVG:29.33
GLO_PRN:00,00,00,00,00,00,00,00,00,00,00,00,00,00,00,SAT_TAL:00
GLO_SNR:00,00,00,00,00,00,00,00,00,00,00,00,00,00,00,SNR_AVG:0.00
GAL_PRN:05,25,09,31,24,04,00,00,00,00,00,00,00,00,00,SAT_TAL:04
GAL_SNR:00,16,00,27,17,34,00,00,00,00,00,00,00,00,00,SNR_AVG:23.50
BEI_PRN:00,00,00,00,00,00,00,00,00,00,00,00,00,00,00,SAT_TAL:00
BEI_SNR:00,00,00,00,00,00,00,00,00,00,00,00,00,00,00,SNR_AVG:0.00
QZS_PRN:00,00,00,00,00,SAT_TAL:00
QZS_SNR:00,00,00,00,00,SNR_AVG:0.00
SatInView:19 GDOP:124
Roll:89.127831 Pitch:40.443172
X_AVG:-6.236207 Y_AVG:7.428974 Z_AVG:-0.160558
X_SD:0.077330 Y_SD:0.063581 Z_SD:0.120202
$MXCM10033,2,56,20240104,030205,12,0E71006E,47EFA325,00C2,0000,7C63,11,A201*1A
GPS_PRN:32,26,28,31,29,16,10,25,03,19419619919500,00,SAT_TAL:13
GPS_SNR:35,30,21,21,40,22,21,38,13,34,17,23,38,00,00,SNR_AVG:27.15
GLO_PRN:00,00,00,00,00,00,00,00,00,00,00,00,00,00,00,SAT_TAL:00
GLO_SNR:00,00,00,00,00,00,00,00,00,00,00,00,00,00,00,SNR_AVG:0.00
GAL_PRN:05,25,09,31,24,04,00,00,00,00,00,00,00,00,00,SAT_TAL:06
GAL_SNR:16,19,18,25,19,35,00,00,00,00,00,00,00,00,00,SNR_AVG:22.00
BEI_PRN:00,00,00,00,00,00,00,00,00,00,00,00,00,00,00,SAT_TAL:00
BEI_SNR:00,00,00,00,00,00,00,00,00,00,00,00,00,00,00,SNR_AVG:0.00
QZS_PRN:00,00,00,00,00,SAT_TAL:00
QZS_SNR:00,00,00,00,00,SNR_AVG:0.00
SatInView:19 GDOP:109
Roll:89.128288 Pitch:40.422321
X_AVG:-6.233908 Y_AVG:7.429549 Z_AVG:-0.163862
X_SD:0.084711 Y_SD:0.065557 Z_SD:0.113097
$MXCM10033,2,57,20240104,030421,12,0E710142,47EFA384,00C2,0000,6566,0E,A201*63
GPS_PRN:32,26,28,31,29,16,10,25,03,19419619919500,00,SAT_TAL:13
GPS_SNR:21,23,19,23,39,19,32,27,21,35,29,23,38,00,00,SNR_AVG:26.85
GLO_PRN:00,00,00,00,00,00,00,00,00,00,00,00,00,00,00,SAT_TAL:00
GLO_SNR:00,00,00,00,00,00,00,00,00,00,00,00,00,00,00,SNR_AVG:0.00
GAL_PRN:05,25,09,24,31,04,00,00,00,00,00,00,00,00,00,SAT_TAL:02
GAL_SNR:00,00,21,00,00,36,00,00,00,00,00,00,00,00,00,SNR_AVG:28.50
BEI_PRN:00,00,00,00,00,00,00,00,00,00,00,00,00,00,00,SAT_TAL:00
BEI_SNR:00,00,00,00,00,00,00,00,00,00,00,00,00,00,00,SNR_AVG:0.00
QZS_PRN:00,00,00,00,00,SAT_TAL:00
QZS_SNR:00,00,00,00,00,SNR_AVG:0.00
SatInView:19 GDOP:119
Roll:89.127831 Pitch:40.443172
X_AVG:-6.247125 Y_AVG:7.433571 Z_AVG:-0.149401
X_SD:0.080852 Y_SD:0.066767 Z_SD:0.111423
$MXCM10033,2,58,20240104,030436,12,0E710252,47EFA18F,00C2,0000,6566,0F,A201*1B
GPS_PRN:32,26,28,31,29,16,10,25,03,19419619919500,00,SAT_TAL:13
GPS_SNR:30,18,15,29,39,21,31,28,13,35,29,23,38,00,00,SNR_AVG:26.85
GLO_PRN:00,00,00,00,00,00,00,00,00,00,00,00,00,00,00,SAT_TAL:00
GLO_SNR:00,00,00,00,00,00,00,00,00,00,00,00,00,00,00,SNR_AVG:0.00
GAL_PRN:05,25,09,24,31,04,00,00,00,00,00,00,00,00,00,SAT_TAL:04
GAL_SNR:00,00,20,22,20,38,00,00,00,00,00,00,00,00,00,SNR_AVG:25.00
BEI_PRN:00,00,00,00,00,00,00,00,00,00,00,00,00,00,00,SAT_TAL:00
BEI_SNR:00,00,00,00,00,00,00,00,00,00,00,00,00,00,00,SNR_AVG:0.00
QZS_PRN:00,00,00,00,00,SAT_TAL:00
QZS_SNR:00,00,00,00,00,SNR_AVG:0.00
SatInView:19 GDOP:117
Roll:89.743698 Pitch:40.694935
X_AVG:-6.230556 Y_AVG:7.435678 Z_AVG:-0.152418
X_SD:0.089104 Y_SD:0.061099 Z_SD:0.112569
$MXCM10033,2,59,20240104,030651,12,0E71003B,47EFA293,00C2,0000,64DB,10,A201*6A
GPS_PRN:32,26,28,31,29,16,10,25,03,19419619919500,00,SAT_TAL:12
GPS_SNR:38,00,22,30,39,25,30,31,26,35,27,23,32,00,00,SNR_AVG:29.83
GLO_PRN:00,00,00,00,00,00,00,00,00,00,00,00,00,00,00,SAT_TAL:00
GLO_SNR:00,00,00,00,00,00,00,00,00,00,00,00,00,00,00,SNR_AVG:0.00
GAL_PRN:05,25,09,24,31,04,00,00,00,00,00,00,00,00,00,SAT_TAL:06
GAL_SNR:13,19,21,29,29,38,00,00,00,00,00,00,00,00,00,SNR_AVG:24.83
BEI_PRN:00,00,00,00,00,00,00,00,00,00,00,00,00,00,00,SAT_TAL:00
BEI_SNR:00,00,00,00,00,00,00,00,00,00,00,00,00,00,00,SNR_AVG:0.00
QZS_PRN:00,00,00,00,00,SAT_TAL:00
QZS_SNR:00,00,00,00,00,SNR_AVG:0.00
SatInView:19 GDOP:110
Roll:89.127831 Pitch:40.443172
X_AVG:-6.240564 Y_AVG:7.444489 Z_AVG:-0.156919
X_SD:0.075874 Y_SD:0.065363 Z_SD:0.118545
$MXCM10033,2,60,20240104,030706,12,0E70FFED,47EFA2E7,00C2,0000,64DB,11,A201*6B
GPS_PRN:32,26,28,31,29,16,10,25,03,19419619919500,00,SAT_TAL:13
GPS_SNR:39,25,21,26,39,22,34,31,23,36,24,24,31,00,00,SNR_AVG:28.85
GLO_PRN:00,00,00,00,00,00,00,00,00,00,00,00,00,00,00,SAT_TAL:00
GLO_SNR:00,00,00,00,00,00,00,00,00,00,00,00,00,00,00,SNR_AVG:0.00
GAL_PRN:05,25,09,24,31,04,00,00,00,00,00,00,00,00,00,SAT_TAL:06
GAL_SNR:15,19,24,29,29,38,00,00,00,00,00,00,00,00,00,SNR_AVG:25.67
BEI_PRN:00,00,00,00,00,00,00,00,00,00,00,00,00,00,00,SAT_TAL:00
BEI_SNR:00,00,00,00,00,00,00,00,00,00,00,00,00,00,00,SNR_AVG:0.00
QZS_PRN:00,00,00,00,00,SAT_TAL:00
QZS_SNR:00,00,00,00,00,SNR_AVG:0.00
SatInView:19 GDOP:109
Roll:89.128288 Pitch:40.422321
X_AVG:-6.235872 Y_AVG:7.443675 Z_AVG:-0.150981
X_SD:0.078311 Y_SD:0.058666 Z_SD:0.119984
$MXCM10033,2,61,20240104,030922,12,0E70FF2A,47EFA3CC,00C2,0000,0000,0D,A201*13
GPS_PRN:32,26,28,31,29,16,10,25,03,19419919619500,00,SAT_TAL:12
GPS_SNR:34,26,25,23,40,19,33,33,22,34,23,00,26,00,00,SNR_AVG:28.17
GLO_PRN:00,00,00,00,00,00,00,00,00,00,00,00,00,00,00,SAT_TAL:00
GLO_SNR:00,00,00,00,00,00,00,00,00,00,00,00,00,00,00,SNR_AVG:0.00
GAL_PRN:25,09,24,04,05,00,00,00,00,00,00,00,00,00,00,SAT_TAL:02
GAL_SNR:00,00,26,38,00,00,00,00,00,00,00,00,00,00,00,SNR_AVG:32.00
BEI_PRN:00,00,00,00,00,00,00,00,00,00,00,00,00,00,00,SAT_TAL:00
BEI_SNR:00,00,00,00,00,00,00,00,00,00,00,00,00,00,00,SNR_AVG:0.00
QZS_PRN:00,00,00,00,00,SAT_TAL:00
QZS_SNR:00,00,00,00,00,SNR_AVG:0.00
SatInView:18 GDOP:119
Roll:89.127831 Pitch:40.443172
X_AVG:-6.241905 Y_AVG:7.434290 Z_AVG:-0.158356
X_SD:0.073551 Y_SD:0.063516 Z_SD:0.119113
$MXCM10033,2,62,20240104,030937,12,0E70FFB8,47EFA0A9,00C2,0000,0000,0F,A201*64
GPS_PRN:32,26,28,31,29,16,10,25,03,19419919619500,00,SAT_TAL:12
GPS_SNR:38,26,25,26,39,24,34,33,24,33,24,00,21,00,00,SNR_AVG:28.92
GLO_PRN:00,00,00,00,00,00,00,00,00,00,00,00,00,00,00,SAT_TAL:00
GLO_SNR:00,00,00,00,00,00,00,00,00,00,00,00,00,00,00,SNR_AVG:0.00
GAL_PRN:05,25,09,24,31,04,00,00,00,00,00,00,00,00,00,SAT_TAL:05
GAL_SNR:22,13,00,24,30,38,00,00,00,00,00,00,00,00,00,SNR_AVG:25.40
BEI_PRN:00,00,00,00,00,00,00,00,00,00,00,00,00,00,00,SAT_TAL:00
BEI_SNR:00,00,00,00,00,00,00,00,00,00,00,00,00,00,00,SNR_AVG:0.00
QZS_PRN:00,00,00,00,00,SAT_TAL:00
QZS_SNR:00,00,00,00,00,SNR_AVG:0.00
SatInView:19 GDOP:111
Roll:89.128288 Pitch:40.422321
X_AVG:-6.239224 Y_AVG:7.429788 Z_AVG:-0.165107
X_SD:0.078115 Y_SD:0.060459 Z_SD:0.113592
$MXCM10033,2,63,20240104,031153,12,0E71001B,47EFA863,00C2,0000,67E7,11,A201*16
GPS_PRN:32,26,28,31,29,16,10,25,03,19419919619500,00,SAT_TAL:13
GPS_SNR:43,23,29,28,36,24,33,33,18,33,23,31,39,00,00,SNR_AVG:30.23
GLO_PRN:00,00,00,00,00,00,00,00,00,00,00,00,00,00,00,SAT_TAL:00
GLO_SNR:00,00,00,00,00,00,00,00,00,00,00,00,00,00,00,SNR_AVG:0.00
GAL_PRN:05,25,09,24,31,04,00,00,00,00,00,00,00,00,00,SAT_TAL:05
GAL_SNR:17,22,22,21,00,36,00,00,00,00,00,00,00,00,00,SNR_AVG:23.60
BEI_PRN:00,00,00,00,00,00,00,00,00,00,00,00,00,00,00,SAT_TAL:00
BEI_SNR:00,00,00,00,00,00,00,00,00,00,00,00,00,00,00,SNR_AVG:0.00
QZS_PRN:00,00,00,00,00,SAT_TAL:00
QZS_SNR:00,00,00,00,00,SNR_AVG:0.00
SatInView:19 GDOP:109
Roll:89.127831 Pitch:40.443172
X_AVG:-6.233190 Y_AVG:7.432183 Z_AVG:-0.151269
X_SD:0.078880 Y_SD:0.059047 Z_SD:0.122964
$MXCM10033,2,64,20240104,031208,12,0E710047,47EFA743,00C1,0000,67E7,11,A201*62
GPS_PRN:32,26,28,31,29,16,10,25,03,19419919619500,00,SAT_TAL:13
GPS_SNR:42,25,28,30,35,23,34,33,18,33,23,31,38,00,00,SNR_AVG:30.23
GLO_PRN:00,00,00,00,00,00,00,00,00,00,00,00,00,00,00,SAT_TAL:00
GLO_SNR:00,00,00,00,00,00,00,00,00,00,00,00,00,00,00,SNR_AVG:0.00
GAL_PRN:25,09,24,04,05,00,00,00,00,00,00,00,00,00,00,SAT_TAL:05
GAL_SNR:17,23,23,36,14,00,00,00,00,00,00,00,00,00,00,SNR_AVG:22.60
BEI_PRN:00,00,00,00,00,00,00,00,00,00,00,00,00,00,00,SAT_TAL:00
BEI_SNR:00,00,00,00,00,00,00,00,00,00,00,00,00,00,00,SNR_AVG:0.00
QZS_PRN:00,00,00,00,00,SAT_TAL:00
QZS_SNR:00,00,00,00,00,SNR_AVG:0.00
SatInView:18 GDOP:109
Roll:89.128372 Pitch:40.484371
X_AVG:-6.233813 Y_AVG:7.434146 Z_AVG:-0.171428
X_SD:0.079603 Y_SD:0.063532 Z_SD:0.117384
$MXCM10033,2,65,20240104,031424,12,0E70FE3B,47EFA615,00C1,0000,6D15,0E,A201*69
GPS_PRN:32,26,28,31,16,29,10,25,03,19419919619500,00,SAT_TAL:12
GPS_SNR:34,21,27,19,30,34,20,32,25,29,00,29,37,00,00,SNR_AVG:28.08
GLO_PRN:00,00,00,00,00,00,00,00,00,00,00,00,00,00,00,SAT_TAL:00
GLO_SNR:00,00,00,00,00,00,00,00,00,00,00,00,00,00,00,SNR_AVG:0.00
GAL_PRN:05,25,09,24,31,04,00,00,00,00,00,00,00,00,00,SAT_TAL:02
GAL_SNR:00,00,00,18,00,41,00,00,00,00,00,00,00,00,00,SNR_AVG:29.50
BEI_PRN:00,00,00,00,00,00,00,00,00,00,00,00,00,00,00,SAT_TAL:00
BEI_SNR:00,00,00,00,00,00,00,00,00,00,00,00,00,00,00,SNR_AVG:0.00
QZS_PRN:00,00,00,00,00,SAT_TAL:00
QZS_SNR:00,00,00,00,00,SNR_AVG:0.00
SatInView:19 GDOP:118
Roll:89.127831 Pitch:40.443172
X_AVG:-6.244826 Y_AVG:7.438216 Z_AVG:-0.156153
X_SD:0.079938 Y_SD:0.060992 Z_SD:0.114156
$MXCM10033,2,66,20240104,031439,12,0E70FDAE,47EFA566,00C1,0000,6D15,11,A201*60
GPS_PRN:32,26,28,31,16,29,10,25,03,19419919619500,00,SAT_TAL:13
GPS_SNR:33,21,30,23,24,36,26,25,27,29,23,28,37,00,00,SNR_AVG:27.85
GLO_PRN:00,00,00,00,00,00,00,00,00,00,00,00,00,00,00,SAT_TAL:00
GLO_SNR:00,00,00,00,00,00,00,00,00,00,00,00,00,00,00,SNR_AVG:0.00
GAL_PRN:25,09,24,04,05,00,00,00,00,00,00,00,00,00,00,SAT_TAL:05
GAL_SNR:16,21,19,42,17,00,00,00,00,00,00,00,00,00,00,SNR_AVG:23.00
BEI_PRN:00,00,00,00,00,00,00,00,00,00,00,00,00,00,00,SAT_TAL:00
BEI_SNR:00,00,00,00,00,00,00,00,00,00,00,00,00,00,00,SNR_AVG:0.00
QZS_PRN:00,00,00,00,00,SAT_TAL:00
QZS_SNR:00,00,00,00,00,SNR_AVG:0.00
SatInView:18 GDOP:108
Roll:89.128288 Pitch:40.422321
X_AVG:-6.245018 Y_AVG:7.429836 Z_AVG:-0.161468
X_SD:0.075941 Y_SD:0.065419 Z_SD:0.113713
$MXCM10033,2,67,20240104,031655,12,0E70FDAC,47EFA3F6,00C2,0000,6C85,0D,A201*60
GPS_PRN:32,26,28,31,16,29,10,03,25,19419919619500,00,SAT_TAL:11
GPS_SNR:32,21,18,23,00,39,36,23,29,32,00,26,42,00,00,SNR_AVG:29.18
GLO_PRN:00,00,00,00,00,00,00,00,00,00,00,00,00,00,00,SAT_TAL:00
GLO_SNR:00,00,00,00,00,00,00,00,00,00,00,00,00,00,00,SNR_AVG:0.00
GAL_PRN:05,25,09,24,31,04,00,00,00,00,00,00,00,00,00,SAT_TAL:03
GAL_SNR:19,00,00,00,32,40,00,00,00,00,00,00,00,00,00,SNR_AVG:30.33
BEI_PRN:00,00,00,00,00,00,00,00,00,00,00,00,00,00,00,SAT_TAL:00
BEI_SNR:00,00,00,00,00,00,00,00,00,00,00,00,00,00,00,SNR_AVG:0.00
QZS_PRN:00,00,00,00,00,SAT_TAL:00
QZS_SNR:00,00,00,00,00,SNR_AVG:0.00
SatInView:19 GDOP:121
Roll:89.127831 Pitch:40.443172
X_AVG:-6.242097 Y_AVG:7.433523 Z_AVG:-0.160415
X_SD:0.067646 Y_SD:0.061659 Z_SD:0.115695
$MXCM10033,2,68,20240104,031710,12,0E70FE28,47EFA454,00C1,0000,6C85,12,A201*64
GPS_PRN:32,26,28,31,16,29,10,03,25,19419919619500,00,SAT_TAL:12
GPS_SNR:22,21,23,25,19,38,35,21,29,32,00,26,43,00,00,SNR_AVG:27.83
GLO_PRN:00,00,00,00,00,00,00,00,00,00,00,00,00,00,00,SAT_TAL:00
GLO_SNR:00,00,00,00,00,00,00,00,00,00,00,00,00,00,00,SNR_AVG:0.00
GAL_PRN:05,25,09,24,31,04,00,00,00,00,00,00,00,00,00,SAT_TAL:06
GAL_SNR:19,14,23,22,32,40,00,00,00,00,00,00,00,00,00,SNR_AVG:25.00
BEI_PRN:00,00,00,00,00,00,00,00,00,00,00,00,00,00,00,SAT_TAL:00
BEI_SNR:00,00,00,00,00,00,00,00,00,00,00,00,00,00,00,SNR_AVG:0.00
QZS_PRN:00,00,00,00,00,SAT_TAL:00
QZS_SNR:00,00,00,00,00,SNR_AVG:0.00
SatInView:19 GDOP:107
Roll:89.128288 Pitch:40.422321
X_AVG:-6.230126 Y_AVG:7.431081 Z_AVG:-0.164341
X_SD:0.081803 Y_SD:0.060763 Z_SD:0.121063
$MXCM10033,2,69,20240104,031926,12,0E70FDA6,47EFA3E3,00C1,0000,2E5D,10,A201*1E
GPS_PRN:32,26,28,31,16,29,03,10,25,19419919619500,00,SAT_TAL:12
GPS_SNR:37,20,22,25,00,40,18,40,25,33,18,19,43,00,00,SNR_AVG:28.33
GLO_PRN:00,00,00,00,00,00,00,00,00,00,00,00,00,00,00,SAT_TAL:00
GLO_SNR:00,00,00,00,00,00,00,00,00,00,00,00,00,00,00,SNR_AVG:0.00
GAL_PRN:05,25,09,24,31,04,00,00,00,00,00,00,00,00,00,SAT_TAL:05
GAL_SNR:18,16,19,00,32,39,00,00,00,00,00,00,00,00,00,SNR_AVG:24.80
BEI_PRN:00,00,00,00,00,00,00,00,00,00,00,00,00,00,00,SAT_TAL:00
BEI_SNR:00,00,00,00,00,00,00,00,00,00,00,00,00,00,00,SNR_AVG:0.00
QZS_PRN:00,00,00,00,00,SAT_TAL:00
QZS_SNR:00,00,00,00,00,SNR_AVG:0.00
SatInView:19 GDOP:111
Roll:89.127831 Pitch:40.443172
X_AVG:-6.239032 Y_AVG:7.433954 Z_AVG:-0.170902
X_SD:0.083021 Y_SD:0.065571 Z_SD:0.106985
$MXCM10033,2,70,20240104,031941,12,0E70FD2F,47EFA3C4,00C1,0000,2E5D,11,A201*14
GPS_PRN:32,26,28,31,16,29,03,10,25,19419919619500,00,SAT_TAL:11
GPS_SNR:38,25,17,17,00,40,19,37,19,33,00,16,42,00,00,SNR_AVG:27.55
GLO_PRN:00,00,00,00,00,00,00,00,00,00,00,00,00,00,00,SAT_TAL:00
GLO_SNR:00,00,00,00,00,00,00,00,00,00,00,00,00,00,00,SNR_AVG:0.00
GAL_PRN:05,25,09,24,31,04,00,00,00,00,00,00,00,00,00,SAT_TAL:06
GAL_SNR:18,18,19,13,32,38,00,00,00,00,00,00,00,00,00,SNR_AVG:23.00
BEI_PRN:00,00,00,00,00,00,00,00,00,00,00,00,00,00,00,SAT_TAL:00
BEI_SNR:00,00,00,00,00,00,00,00,00,00,00,00,00,00,00,SNR_AVG:0.00
QZS_PRN:00,00,00,00,00,SAT_TAL:00
QZS_SNR:00,00,00,00,00,SNR_AVG:0.00
SatInView:19 GDOP:109
Roll:89.128288 Pitch:40.422321
X_AVG:-6.242097 Y_AVG:7.433428 Z_AVG:-0.153567
X_SD:0.073570 Y_SD:0.056872 Z_SD:0.124167
$MXCM10033,2,71,20240104,032156,12,0E70FA4A,47EF8E16,00C1,0000,564F,09,A202*1E
GPS_PRN:32,26,28,31,16,29,03,10,25,19419919619500,00,SAT_TAL:08
GPS_SNR:17,17,17,00,19,16,00,16,00,00,00,16,18,00,00,SNR_AVG:17.00
GLO_PRN:00,00,00,00,00,00,00,00,00,00,00,00,00,00,00,SAT_TAL:00
GLO_SNR:00,00,00,00,00,00,00,00,00,00,00,00,00,00,00,SNR_AVG:0.00
GAL_PRN:05,25,09,24,31,04,00,00,00,00,00,00,00,00,00,SAT_TAL:01
GAL_SNR:00,00,00,00,00,16,00,00,00,00,00,00,00,00,00,SNR_AVG:16.00
BEI_PRN:00,00,00,00,00,00,00,00,00,00,00,00,00,00,00,SAT_TAL:00
BEI_SNR:00,00,00,00,00,00,00,00,00,00,00,00,00,00,00,SNR_AVG:0.00
QZS_PRN:00,00,00,00,00,SAT_TAL:00
QZS_SNR:00,00,00,00,00,SNR_AVG:0.00
SatInView:19 GDOP:161
Roll:153.721436 Pitch:39.247135
X_AVG:-7.017546 Y_AVG:3.817296 Z_AVG:-7.030619
X_SD:1.603087 Y_SD:0.714234 Z_SD:1.382845
$MXCM10033,2,72,20240104,032211,12,0E70F808,47EF895C,00C1,0000,7834,09,A202*6D
GPS_PRN:32,26,28,31,16,29,03,10,25,19419919619500,00,SAT_TAL:08
GPS_SNR:00,18,15,18,18,00,17,17,00,00,00,15,16,00,00,SNR_AVG:16.75
GLO_PRN:00,00,00,00,00,00,00,00,00,00,00,00,00,00,00,SAT_TAL:00
GLO_SNR:00,00,00,00,00,00,00,00,00,00,00,00,00,00,00,SNR_AVG:0.00
GAL_PRN:05,25,09,24,31,04,00,00,00,00,00,00,00,00,00,SAT_TAL:01
GAL_SNR:00,00,00,00,00,15,00,00,00,00,00,00,00,00,00,SNR_AVG:15.00
BEI_PRN:00,00,00,00,00,00,00,00,00,00,00,00,00,00,00,SAT_TAL:00
BEI_SNR:00,00,00,00,00,00,00,00,00,00,00,00,00,00,00,SNR_AVG:0.00
QZS_PRN:00,00,00,00,00,SAT_TAL:00
QZS_SNR:00,00,00,00,00,SNR_AVG:0.00
SatInView:19 GDOP:150
Roll:158.568207 Pitch:47.751579
X_AVG:-7.980897 Y_AVG:3.063874 Z_AVG:-5.739113
X_SD:0.748141 Y_SD:0.492112 Z_SD:0.792404
$MXCM10033,2,73,20240104,032426,00,0E70F88C,47EF8873,00C1,0000,0000,00,A202*6C
GPS_PRN:28,31,29,00,00,00,00,00,00,00,00,00,00,00,00,SAT_TAL:00
GPS_SNR:00,00,00,00,00,00,00,00,00,00,00,00,00,00,00,SNR_AVG:0.00
GLO_PRN:00,00,00,00,00,00,00,00,00,00,00,00,00,00,00,SAT_TAL:00
GLO_SNR:00,00,00,00,00,00,00,00,00,00,00,00,00,00,00,SNR_AVG:0.00
GAL_PRN:00,00,00,00,00,00,00,00,00,00,00,00,00,00,00,SAT_TAL:00
GAL_SNR:00,00,00,00,00,00,00,00,00,00,00,00,00,00,00,SNR_AVG:0.00
BEI_PRN:00,00,00,00,00,00,00,00,00,00,00,00,00,00,00,SAT_TAL:00
BEI_SNR:00,00,00,00,00,00,00,00,00,00,00,00,00,00,00,SNR_AVG:0.00
QZS_PRN:00,00,00,00,00,SAT_TAL:00
QZS_SNR:00,00,00,00,00,SNR_AVG:0.00
SatInView:3 GDOP:17319
Roll:180.000015 Pitch:20.038313
X_AVG:-1.093215 Y_AVG:-0.106496 Z_AVG:-11.058897
X_SD:0.081981 Y_SD:0.065268 Z_SD:0.200801
$MXCM10033,2,74,20240104,032441,00,0E70F88C,47EF8873,00C1,0000,0000,00,A202*6A
GPS_PRN:32,19900,00,00,00,00,00,00,00,00,00,00,00,00,SAT_TAL:00
GPS_SNR:00,00,00,00,00,00,00,00,00,00,00,00,00,00,00,SNR_AVG:0.00
GLO_PRN:00,00,00,00,00,00,00,00,00,00,00,00,00,00,00,SAT_TAL:00
GLO_SNR:00,00,00,00,00,00,00,00,00,00,00,00,00,00,00,SNR_AVG:0.00
GAL_PRN:00,00,00,00,00,00,00,00,00,00,00,00,00,00,00,SAT_TAL:00
GAL_SNR:00,00,00,00,00,00,00,00,00,00,00,00,00,00,00,SNR_AVG:0.00
BEI_PRN:00,00,00,00,00,00,00,00,00,00,00,00,00,00,00,SAT_TAL:00
BEI_SNR:00,00,00,00,00,00,00,00,00,00,00,00,00,00,00,SNR_AVG:0.00
QZS_PRN:00,00,00,00,00,SAT_TAL:00
QZS_SNR:00,00,00,00,00,SNR_AVG:0.00
SatInView:2 GDOP:17319
Roll:180.000015 Pitch:20.101873
X_AVG:-1.103414 Y_AVG:-0.102809 Z_AVG:-11.062488
X_SD:0.078209 Y_SD:0.062914 Z_SD:0.105637
$MXCM10033,2,75,20240104,032656,00,0E70F88C,47EF8873,00C1,0000,0000,00,A202*6F
GPS_PRN:28,31,16,19600,00,00,00,00,00,00,00,00,00,00,SAT_TAL:00
GPS_SNR:00,00,00,00,00,00,00,00,00,00,00,00,00,00,00,SNR_AVG:0.00
GLO_PRN:00,00,00,00,00,00,00,00,00,00,00,00,00,00,00,SAT_TAL:00
GLO_SNR:00,00,00,00,00,00,00,00,00,00,00,00,00,00,00,SNR_AVG:0.00
GAL_PRN:00,00,00,00,00,00,00,00,00,00,00,00,00,00,00,SAT_TAL:00
GAL_SNR:00,00,00,00,00,00,00,00,00,00,00,00,00,00,00,SNR_AVG:0.00
BEI_PRN:00,00,00,00,00,00,00,00,00,00,00,00,00,00,00,SAT_TAL:00
BEI_SNR:00,00,00,00,00,00,00,00,00,00,00,00,00,00,00,SNR_AVG:0.00
QZS_PRN:00,00,00,00,00,SAT_TAL:00
QZS_SNR:00,00,00,00,00,SNR_AVG:0.00
SatInView:4 GDOP:17319
Roll:-27.649519 Pitch:90.000000
X_AVG:-9.462219 Y_AVG:-0.757732 Z_AVG:1.146846
X_SD:0.449869 Y_SD:0.731985 Z_SD:0.420420
$MXCM10033,2,76,20240104,032711,00,0E7103D9,47EF898F,00C1,0000,0000,00,A202*6F
GPS_PRN:32,28,31,16,29,03,10,25,19419919619500,00,00,SAT_TAL:02
GPS_SNR:00,19,00,00,00,00,20,00,00,00,00,00,00,00,00,SNR_AVG:19.50
GLO_PRN:00,00,00,00,00,00,00,00,00,00,00,00,00,00,00,SAT_TAL:00
GLO_SNR:00,00,00,00,00,00,00,00,00,00,00,00,00,00,00,SNR_AVG:0.00
GAL_PRN:25,24,31,04,05,00,00,00,00,00,00,00,00,00,00,SAT_TAL:00
GAL_SNR:00,00,00,00,00,00,00,00,00,00,00,00,00,00,00,SNR_AVG:0.00
BEI_PRN:00,00,00,00,00,00,00,00,00,00,00,00,00,00,00,SAT_TAL:00
BEI_SNR:00,00,00,00,00,00,00,00,00,00,00,00,00,00,00,SNR_AVG:0.00
QZS_PRN:00,00,00,00,00,SAT_TAL:00
QZS_SNR:00,00,00,00,00,SNR_AVG:0.00
SatInView:17 GDOP:10168
Roll:0.095169 Pitch:90.000000
X_AVG:-9.427407 Y_AVG:-0.697301 Z_AVG:1.138609
X_SD:0.076109 Y_SD:0.067117 Z_SD:0.122487
$MXCM10033,3*35
$MXCM001,10033,0*2B
======== Tracker Setting ========
[System]
COMPort:COM29
SerialNumber:MX231218CW000007
FirmwareVersion:231220163813_v1.0.CN
[Periodic]
Enable:1
Stage:2
WorkMode:0
T0:15
T1:270
T2:120
T3:30
T4:120
FirstFixStage:2
TraceFixStage:0
PeriodicCycle:31
[Dynamic]
Enable:0
PrecisionChk:0
T5:45
T6:175
[Geofencing]
Enable:0
T7:20
T8:60
DistanceThreshold:1000
DestinationLongitude:121.2237164
DestinationLatitude:24.9698319
DestinationAltitude:154
[MotionDetection]
Enable:1
Angle:45
DataRate:200
SampleFrequency:50
[GPS_EPO]
EpoDataNumber:12
FWN:2295
FTOW:259200
LWN:2295
LTOW:518400
[GLO_EPO]
EpoDataNumber:12
FWN:2295
FTOW:259200
LWN:2295
LTOW:518400
[GAL_EPO]
EpoDataNumber:0
FWN:0
FTOW:0
LWN:0
LTOW:0
[BEI_EPO]
EpoDataNumber:0
FWN:0
FTOW:0
LWN:0
LTOW:0
