$MXCM10033,0*36
$MXCM10033,1,86,212*08
$MXCM10033,2,1,19800105,235956,00,35A4E8F5,00000000,0089,0000,0000,00,8102*54
GPS_PRN:16,28,09,00,00,00,00,00,00,00,00,00,00,00,00,SAT_TAL:03
GPS_SNR:24,36,34,00,00,00,00,00,00,00,00,00,00,00,00,SNR_AVG:31.33
GLO_PRN:00,00,00,00,00,00,00,00,00,00,00,00,00,00,00,SAT_TAL:00
GLO_SNR:00,00,00,00,00,00,00,00,00,00,00,00,00,00,00,SNR_AVG:0.00
GAL_PRN:00,00,00,00,00,00,00,00,00,00,00,00,00,00,00,SAT_TAL:00
GAL_SNR:00,00,00,00,00,00,00,00,00,00,00,00,00,00,00,SNR_AVG:0.00
BEI_PRN:00,00,00,00,00,00,00,00,00,00,00,00,00,00,00,SAT_TAL:00
BEI_SNR:00,00,00,00,00,00,00,00,00,00,00,00,00,00,00,SNR_AVG:0.00
QZS_PRN:00,00,00,00,00,SAT_TAL:00
QZS_SNR:00,00,00,00,00,SNR_AVG:0.00
SatInView:3 GDOP:19998
Roll:113.542915 Pitch:53.930580
X_AVG:-7.386500 Y_AVG:6.213031 Z_AVG:-6.170221
X_SD:11.111591 Y_SD:10.034220 Z_SD:9.025763
$MXCM10033,2,2,19800106,000011,00,35A4E8F5,00000000,0089,0000,0000,00,8102*5A
GPS_PRN:19404,09,18,27,26,16,08,00,00,00,00,00,00,00,SAT_TAL:08
GPS_SNR:21,34,29,32,34,21,25,33,00,00,00,00,00,00,00,SNR_AVG:28.62
GLO_PRN:00,00,00,00,00,00,00,00,00,00,00,00,00,00,00,SAT_TAL:00
GLO_SNR:00,00,00,00,00,00,00,00,00,00,00,00,00,00,00,SNR_AVG:0.00
GAL_PRN:00,00,00,00,00,00,00,00,00,00,00,00,00,00,00,SAT_TAL:00
GAL_SNR:00,00,00,00,00,00,00,00,00,00,00,00,00,00,00,SNR_AVG:0.00
BEI_PRN:00,00,00,00,00,00,00,00,00,00,00,00,00,00,00,SAT_TAL:00
BEI_SNR:00,00,00,00,00,00,00,00,00,00,00,00,00,00,00,SNR_AVG:0.00
QZS_PRN:00,00,00,00,00,SAT_TAL:00
QZS_SNR:00,00,00,00,00,SNR_AVG:0.00
SatInView:8 GDOP:19998
Roll:133.895203 Pitch:52.423866
X_AVG:-10.895848 Y_AVG:6.937100 Z_AVG:-8.771670
X_SD:7.975813 Y_SD:9.591169 Z_SD:6.488342
$MXCM10033,2,3,19800106,000025,00,35A4E8F5,00000000,0089,0000,0000,00,8102*5C
GPS_PRN:19903,31,04,08,27,26,28,09,19519416,00,00,00,SAT_TAL:12
GPS_SNR:25,31,33,27,32,32,30,33,29,35,29,23,00,00,00,SNR_AVG:29.92
GLO_PRN:00,00,00,00,00,00,00,00,00,00,00,00,00,00,00,SAT_TAL:00
GLO_SNR:00,00,00,00,00,00,00,00,00,00,00,00,00,00,00,SNR_AVG:0.00
GAL_PRN:00,00,00,00,00,00,00,00,00,00,00,00,00,00,00,SAT_TAL:00
GAL_SNR:00,00,00,00,00,00,00,00,00,00,00,00,00,00,00,SNR_AVG:0.00
BEI_PRN:00,00,00,00,00,00,00,00,00,00,00,00,00,00,00,SAT_TAL:00
BEI_SNR:00,00,00,00,00,00,00,00,00,00,00,00,00,00,00,SNR_AVG:0.00
QZS_PRN:00,00,00,00,00,SAT_TAL:00
QZS_SNR:00,00,00,00,00,SNR_AVG:0.00
SatInView:12 GDOP:19998
Roll:136.976120 Pitch:48.252995
X_AVG:-11.191299 Y_AVG:7.162063 Z_AVG:-10.248108
X_SD:9.692757 Y_SD:8.841898 Z_SD:3.856677
$MXCM10033,2,4,19800108,062057,00,35A4E8F5,00000000,0089,0000,0000,00,8102*54
GPS_PRN:19603,31,04,18,27,26,09,08,21,16,19419928,00,SAT_TAL:14
GPS_SNR:28,32,32,33,39,26,34,35,33,29,33,30,19,32,00,SNR_AVG:31.07
GLO_PRN:00,00,00,00,00,00,00,00,00,00,00,00,00,00,00,SAT_TAL:00
GLO_SNR:00,00,00,00,00,00,00,00,00,00,00,00,00,00,00,SNR_AVG:0.00
GAL_PRN:00,00,00,00,00,00,00,00,00,00,00,00,00,00,00,SAT_TAL:00
GAL_SNR:00,00,00,00,00,00,00,00,00,00,00,00,00,00,00,SNR_AVG:0.00
BEI_PRN:00,00,00,00,00,00,00,00,00,00,00,00,00,00,00,SAT_TAL:00
BEI_SNR:00,00,00,00,00,00,00,00,00,00,00,00,00,00,00,SNR_AVG:0.00
QZS_PRN:00,00,00,00,00,SAT_TAL:00
QZS_SNR:00,00,00,00,00,SNR_AVG:0.00
SatInView:14 GDOP:19998
Roll:137.493042 Pitch:68.052666
X_AVG:-11.199439 Y_AVG:4.928946 Z_AVG:-5.393527
X_SD:6.151401 Y_SD:9.891288 Z_SD:5.345511
$MXCM10033,2,5,19800108,062111,00,35A4E8F5,00000000,0089,0000,0000,00,8102*56
GPS_PRN:19604,21,16,18,27,26,03,31,28,09,19519419908,SAT_TAL:15
GPS_SNR:32,27,33,34,27,36,34,31,33,22,20,29,33,25,33,SNR_AVG:29.93
GLO_PRN:00,00,00,00,00,00,00,00,00,00,00,00,00,00,00,SAT_TAL:00
GLO_SNR:00,00,00,00,00,00,00,00,00,00,00,00,00,00,00,SNR_AVG:0.00
GAL_PRN:00,00,00,00,00,00,00,00,00,00,00,00,00,00,00,SAT_TAL:00
GAL_SNR:00,00,00,00,00,00,00,00,00,00,00,00,00,00,00,SNR_AVG:0.00
BEI_PRN:00,00,00,00,00,00,00,00,00,00,00,00,00,00,00,SAT_TAL:00
BEI_SNR:00,00,00,00,00,00,00,00,00,00,00,00,00,00,00,SNR_AVG:0.00
QZS_PRN:00,00,00,00,00,SAT_TAL:00
QZS_SNR:00,00,00,00,00,SNR_AVG:0.00
SatInView:15 GDOP:19998
Roll:129.137070 Pitch:45.094803
X_AVG:-8.201599 Y_AVG:5.903167 Z_AVG:-6.047971
X_SD:9.354482 Y_SD:9.638854 Z_SD:5.087778
$MXCM10033,2,6,19800108,062124,00,35A4E8F5,00000000,0089,0000,0000,00,8101*50
GPS_PRN:19909,31,04,18,27,26,03,16,19619519408,00,00,SAT_TAL:13
GPS_SNR:25,23,36,32,32,35,31,28,32,20,33,32,30,00,00,SNR_AVG:29.92
GLO_PRN:00,00,00,00,00,00,00,00,00,00,00,00,00,00,00,SAT_TAL:00
GLO_SNR:00,00,00,00,00,00,00,00,00,00,00,00,00,00,00,SNR_AVG:0.00
GAL_PRN:00,00,00,00,00,00,00,00,00,00,00,00,00,00,00,SAT_TAL:00
GAL_SNR:00,00,00,00,00,00,00,00,00,00,00,00,00,00,00,SNR_AVG:0.00
BEI_PRN:00,00,00,00,00,00,00,00,00,00,00,00,00,00,00,SAT_TAL:00
BEI_SNR:00,00,00,00,00,00,00,00,00,00,00,00,00,00,00,SNR_AVG:0.00
QZS_PRN:00,00,00,00,00,SAT_TAL:00
QZS_SNR:00,00,00,00,00,SNR_AVG:0.00
SatInView:13 GDOP:19998
Roll:132.105255 Pitch:44.637688
X_AVG:-7.936029 Y_AVG:5.697884 Z_AVG:-6.031068
X_SD:9.504949 Y_SD:9.546533 Z_SD:5.642799
$MXCM10033,2,7,19800108,062136,00,35A4E8F5,00000000,0089,0000,0000,00,8101*52
GPS_PRN:19628,31,04,18,27,26,09,08,16,19519419903,00,SAT_TAL:14
GPS_SNR:31,34,35,33,36,35,33,35,32,25,33,27,26,32,00,SNR_AVG:31.93
GLO_PRN:00,00,00,00,00,00,00,00,00,00,00,00,00,00,00,SAT_TAL:00
GLO_SNR:00,00,00,00,00,00,00,00,00,00,00,00,00,00,00,SNR_AVG:0.00
GAL_PRN:00,00,00,00,00,00,00,00,00,00,00,00,00,00,00,SAT_TAL:00
GAL_SNR:00,00,00,00,00,00,00,00,00,00,00,00,00,00,00,SNR_AVG:0.00
BEI_PRN:00,00,00,00,00,00,00,00,00,00,00,00,00,00,00,SAT_TAL:00
BEI_SNR:00,00,00,00,00,00,00,00,00,00,00,00,00,00,00,SNR_AVG:0.00
QZS_PRN:00,00,00,00,00,SAT_TAL:00
QZS_SNR:00,00,00,00,00,SNR_AVG:0.00
SatInView:14 GDOP:19998
Roll:11.315232 Pitch:32.801731
X_AVG:-7.936029 Y_AVG:5.697884 Z_AVG:-6.031068
X_SD:9.504949 Y_SD:9.546533 Z_SD:5.642799
$MXCM10033,2,8,19800108,062149,00,35A4E8F5,00000000,0089,0000,0000,00,8102*56
GPS_PRN:19528,31,04,18,27,26,09,08,03,16,19419919621,SAT_TAL:15
GPS_SNR:34,34,32,33,34,33,32,31,31,22,34,31,24,31,26,SNR_AVG:30.80
GLO_PRN:00,00,00,00,00,00,00,00,00,00,00,00,00,00,00,SAT_TAL:00
GLO_SNR:00,00,00,00,00,00,00,00,00,00,00,00,00,00,00,SNR_AVG:0.00
GAL_PRN:00,00,00,00,00,00,00,00,00,00,00,00,00,00,00,SAT_TAL:00
GAL_SNR:00,00,00,00,00,00,00,00,00,00,00,00,00,00,00,SNR_AVG:0.00
BEI_PRN:00,00,00,00,00,00,00,00,00,00,00,00,00,00,00,SAT_TAL:00
BEI_SNR:00,00,00,00,00,00,00,00,00,00,00,00,00,00,00,SNR_AVG:0.00
QZS_PRN:00,00,00,00,00,SAT_TAL:00
QZS_SNR:00,00,00,00,00,SNR_AVG:0.00
SatInView:15 GDOP:19998
Roll:103.970428 Pitch:56.560196
X_AVG:-8.374895 Y_AVG:4.733193 Z_AVG:-3.246316
X_SD:9.184402 Y_SD:8.946316 Z_SD:6.004401
$MXCM10033,2,9,19800108,062202,00,35A4E8F5,00000000,0089,0000,0000,00,8102*5B
GPS_PRN:19528,31,04,18,27,26,09,08,03,16,19419919621,SAT_TAL:15
GPS_SNR:32,35,35,32,33,30,32,35,35,32,30,23,24,33,29,SNR_AVG:31.33
GLO_PRN:00,00,00,00,00,00,00,00,00,00,00,00,00,00,00,SAT_TAL:00
GLO_SNR:00,00,00,00,00,00,00,00,00,00,00,00,00,00,00,SNR_AVG:0.00
GAL_PRN:00,00,00,00,00,00,00,00,00,00,00,00,00,00,00,SAT_TAL:00
GAL_SNR:00,00,00,00,00,00,00,00,00,00,00,00,00,00,00,SNR_AVG:0.00
BEI_PRN:00,00,00,00,00,00,00,00,00,00,00,00,00,00,00,SAT_TAL:00
BEI_SNR:00,00,00,00,00,00,00,00,00,00,00,00,00,00,00,SNR_AVG:0.00
QZS_PRN:00,00,00,00,00,SAT_TAL:00
QZS_SNR:00,00,00,00,00,SNR_AVG:0.00
SatInView:15 GDOP:19998
Roll:93.653877 Pitch:64.035744
X_AVG:-8.806291 Y_AVG:4.145644 Z_AVG:-1.992734
X_SD:7.866804 Y_SD:8.190946 Z_SD:3.357987
$MXCM10033,2,10,19800108,062215,00,35A4E8F5,00000000,0089,0000,0000,00,8102*65
GPS_PRN:19528,31,04,18,27,26,09,08,03,16,19419919621,SAT_TAL:15
GPS_SNR:35,33,33,34,27,32,32,32,33,22,35,29,25,33,34,SNR_AVG:31.27
GLO_PRN:00,00,00,00,00,00,00,00,00,00,00,00,00,00,00,SAT_TAL:00
GLO_SNR:00,00,00,00,00,00,00,00,00,00,00,00,00,00,00,SNR_AVG:0.00
GAL_PRN:00,00,00,00,00,00,00,00,00,00,00,00,00,00,00,SAT_TAL:00
GAL_SNR:00,00,00,00,00,00,00,00,00,00,00,00,00,00,00,SNR_AVG:0.00
BEI_PRN:00,00,00,00,00,00,00,00,00,00,00,00,00,00,00,SAT_TAL:00
BEI_SNR:00,00,00,00,00,00,00,00,00,00,00,00,00,00,00,SNR_AVG:0.00
QZS_PRN:00,00,00,00,00,SAT_TAL:00
QZS_SNR:00,00,00,00,00,SNR_AVG:0.00
SatInView:15 GDOP:19998
Roll:118.147102 Pitch:90.000000
X_AVG:-8.621407 Y_AVG:3.749683 Z_AVG:-2.446205
X_SD:7.992858 Y_SD:8.382073 Z_SD:4.660370
$MXCM10033,2,11,20240102,062229,12,0E982E91,47EF149F,00A2,000E,1691,09,8102*6B
GPS_PRN:19616,04,31,26,08,28,09,18,03,21,19419919527,SAT_TAL:14
GPS_SNR:33,33,34,34,34,32,34,33,25,24,00,33,22,32,36,SNR_AVG:31.36
GLO_PRN:00,00,00,00,00,00,00,00,00,00,00,00,00,00,00,SAT_TAL:00
GLO_SNR:00,00,00,00,00,00,00,00,00,00,00,00,00,00,00,SNR_AVG:0.00
GAL_PRN:00,00,00,00,00,00,00,00,00,00,00,00,00,00,00,SAT_TAL:00
GAL_SNR:00,00,00,00,00,00,00,00,00,00,00,00,00,00,00,SNR_AVG:0.00
BEI_PRN:00,00,00,00,00,00,00,00,00,00,00,00,00,00,00,SAT_TAL:00
BEI_SNR:00,00,00,00,00,00,00,00,00,00,00,00,00,00,00,SNR_AVG:0.00
QZS_PRN:00,00,00,00,00,SAT_TAL:00
QZS_SNR:00,00,00,00,00,SNR_AVG:0.00
SatInView:15 GDOP:228
Roll:112.918983 Pitch:61.717049
X_AVG:-7.859508 Y_AVG:5.128387 Z_AVG:-5.077390
X_SD:9.175213 Y_SD:10.370582 Z_SD:8.235785
$MXCM10033,2,12,20240102,062244,12,0E97BE97,47EF4378,00AC,0015,52D4,09,8102*10
GPS_PRN:19616,04,31,26,08,28,09,18,03,19419919527,00,SAT_TAL:14
GPS_SNR:27,32,26,36,33,33,36,32,34,32,30,23,34,36,00,SNR_AVG:31.71
GLO_PRN:00,00,00,00,00,00,00,00,00,00,00,00,00,00,00,SAT_TAL:00
GLO_SNR:00,00,00,00,00,00,00,00,00,00,00,00,00,00,00,SNR_AVG:0.00
GAL_PRN:00,00,00,00,00,00,00,00,00,00,00,00,00,00,00,SAT_TAL:00
GAL_SNR:00,00,00,00,00,00,00,00,00,00,00,00,00,00,00,SNR_AVG:0.00
BEI_PRN:00,00,00,00,00,00,00,00,00,00,00,00,00,00,00,SAT_TAL:00
BEI_SNR:00,00,00,00,00,00,00,00,00,00,00,00,00,00,00,SNR_AVG:0.00
QZS_PRN:00,00,00,00,00,SAT_TAL:00
QZS_SNR:00,00,00,00,00,SNR_AVG:0.00
SatInView:14 GDOP:228
Roll:97.498871 Pitch:65.726639
X_AVG:-9.997478 Y_AVG:3.880792 Z_AVG:-2.744672
X_SD:7.493108 Y_SD:8.529117 Z_SD:5.531572
$MXCM10033,2,13,20240102,062259,12,0E972625,47EF349F,00A8,001A,47D5,09,8102*6D
GPS_PRN:19616,04,31,26,08,28,09,18,03,19419919527,00,SAT_TAL:14
GPS_SNR:33,35,34,30,34,34,35,34,35,31,31,23,24,24,00,SNR_AVG:31.21
GLO_PRN:00,00,00,00,00,00,00,00,00,00,00,00,00,00,00,SAT_TAL:00
GLO_SNR:00,00,00,00,00,00,00,00,00,00,00,00,00,00,00,SNR_AVG:0.00
GAL_PRN:00,00,00,00,00,00,00,00,00,00,00,00,00,00,00,SAT_TAL:00
GAL_SNR:00,00,00,00,00,00,00,00,00,00,00,00,00,00,00,SNR_AVG:0.00
BEI_PRN:00,00,00,00,00,00,00,00,00,00,00,00,00,00,00,SAT_TAL:00
BEI_SNR:00,00,00,00,00,00,00,00,00,00,00,00,00,00,00,SNR_AVG:0.00
QZS_PRN:00,00,00,00,00,SAT_TAL:00
QZS_SNR:00,00,00,00,00,SNR_AVG:0.00
SatInView:14 GDOP:229
Roll:156.137268 Pitch:71.966843
X_AVG:-6.965256 Y_AVG:2.662406 Z_AVG:-4.391006
X_SD:8.437178 Y_SD:7.871376 Z_SD:5.249938
$MXCM10033,2,14,20240102,062314,12,0E96B88A,47EF74F0,00BC,0015,2D9E,09,8102*1A
GPS_PRN:19616,04,31,26,08,28,09,18,03,19419919527,00,SAT_TAL:14
GPS_SNR:31,30,35,35,28,32,36,34,31,22,26,26,34,34,00,SNR_AVG:31.00
GLO_PRN:00,00,00,00,00,00,00,00,00,00,00,00,00,00,00,SAT_TAL:00
GLO_SNR:00,00,00,00,00,00,00,00,00,00,00,00,00,00,00,SNR_AVG:0.00
GAL_PRN:00,00,00,00,00,00,00,00,00,00,00,00,00,00,00,SAT_TAL:00
GAL_SNR:00,00,00,00,00,00,00,00,00,00,00,00,00,00,00,SNR_AVG:0.00
BEI_PRN:00,00,00,00,00,00,00,00,00,00,00,00,00,00,00,SAT_TAL:00
BEI_SNR:00,00,00,00,00,00,00,00,00,00,00,00,00,00,00,SNR_AVG:0.00
QZS_PRN:00,00,00,00,00,SAT_TAL:00
QZS_SNR:00,00,00,00,00,SNR_AVG:0.00
SatInView:14 GDOP:229
Roll:-66.809616 Pitch:90.000000
X_AVG:-6.620867 Y_AVG:2.522246 Z_AVG:-2.029797
X_SD:8.952917 Y_SD:8.433121 Z_SD:3.695609
$MXCM10033,2,15,20240102,062329,12,0E965617,47EFA85F,00CB,0019,4548,0A,8102*1F
GPS_PRN:19616,04,31,26,08,28,09,18,03,19419919527,00,SAT_TAL:14
GPS_SNR:34,35,32,30,34,34,22,31,34,32,32,24,28,33,00,SNR_AVG:31.07
GLO_PRN:00,00,00,00,00,00,00,00,00,00,00,00,00,00,00,SAT_TAL:00
GLO_SNR:00,00,00,00,00,00,00,00,00,00,00,00,00,00,00,SNR_AVG:0.00
GAL_PRN:00,00,00,00,00,00,00,00,00,00,00,00,00,00,00,SAT_TAL:00
GAL_SNR:00,00,00,00,00,00,00,00,00,00,00,00,00,00,00,SNR_AVG:0.00
BEI_PRN:00,00,00,00,00,00,00,00,00,00,00,00,00,00,00,SAT_TAL:00
BEI_SNR:00,00,00,00,00,00,00,00,00,00,00,00,00,00,00,SNR_AVG:0.00
QZS_PRN:00,00,00,00,00,SAT_TAL:00
QZS_SNR:00,00,00,00,00,SNR_AVG:0.00
SatInView:14 GDOP:203
Roll:100.930244 Pitch:90.000000
X_AVG:-7.819381 Y_AVG:4.030049 Z_AVG:-1.894139
X_SD:9.306093 Y_SD:9.330938 Z_SD:4.504559
$MXCM10033,2,16,20240102,062344,12,0E963E9E,47EF7AE4,00CE,000A,0631,0A,8102*62
GPS_PRN:19604,31,26,08,28,09,18,03,19419919516,00,00,SAT_TAL:13
GPS_SNR:33,31,35,32,35,33,35,33,34,27,25,34,28,00,00,SNR_AVG:31.92
GLO_PRN:00,00,00,00,00,00,00,00,00,00,00,00,00,00,00,SAT_TAL:00
GLO_SNR:00,00,00,00,00,00,00,00,00,00,00,00,00,00,00,SNR_AVG:0.00
GAL_PRN:00,00,00,00,00,00,00,00,00,00,00,00,00,00,00,SAT_TAL:00
GAL_SNR:00,00,00,00,00,00,00,00,00,00,00,00,00,00,00,SNR_AVG:0.00
BEI_PRN:00,00,00,00,00,00,00,00,00,00,00,00,00,00,00,SAT_TAL:00
BEI_SNR:00,00,00,00,00,00,00,00,00,00,00,00,00,00,00,SNR_AVG:0.00
QZS_PRN:00,00,00,00,00,SAT_TAL:00
QZS_SNR:00,00,00,00,00,SNR_AVG:0.00
SatInView:13 GDOP:134
Roll:99.336517 Pitch:67.724152
X_AVG:-8.004744 Y_AVG:3.816003 Z_AVG:-1.533661
X_SD:8.358903 Y_SD:9.336577 Z_SD:4.720538
$MXCM10033,2,17,20240102,062359,12,0E95D825,47EFC12C,00D7,001A,42DD,0A,8102*6F
GPS_PRN:19604,31,26,08,28,09,18,03,19419919516,00,00,SAT_TAL:13
GPS_SNR:35,35,27,33,33,31,33,35,31,29,24,24,34,00,00,SNR_AVG:31.08
GLO_PRN:00,00,00,00,00,00,00,00,00,00,00,00,00,00,00,SAT_TAL:00
GLO_SNR:00,00,00,00,00,00,00,00,00,00,00,00,00,00,00,SNR_AVG:0.00
GAL_PRN:00,00,00,00,00,00,00,00,00,00,00,00,00,00,00,SAT_TAL:00
GAL_SNR:00,00,00,00,00,00,00,00,00,00,00,00,00,00,00,SNR_AVG:0.00
BEI_PRN:00,00,00,00,00,00,00,00,00,00,00,00,00,00,00,SAT_TAL:00
BEI_SNR:00,00,00,00,00,00,00,00,00,00,00,00,00,00,00,SNR_AVG:0.00
QZS_PRN:00,00,00,00,00,SAT_TAL:00
QZS_SNR:00,00,00,00,00,SNR_AVG:0.00
SatInView:13 GDOP:204
Roll:124.547836 Pitch:90.000000
X_AVG:-8.745668 Y_AVG:3.485357 Z_AVG:-1.335752
X_SD:8.287128 Y_SD:7.929707 Z_SD:3.799612
$MXCM10033,2,18,20240102,062414,12,0E954EF6,47EFBDD3,00F6,001A,420A,0B,8102*17
GPS_PRN:19604,31,26,08,28,09,18,03,21,19419919516,00,SAT_TAL:14
GPS_SNR:34,32,31,34,34,38,31,34,30,31,31,24,30,35,00,SNR_AVG:32.07
GLO_PRN:00,00,00,00,00,00,00,00,00,00,00,00,00,00,00,SAT_TAL:00
GLO_SNR:00,00,00,00,00,00,00,00,00,00,00,00,00,00,00,SNR_AVG:0.00
GAL_PRN:00,00,00,00,00,00,00,00,00,00,00,00,00,00,00,SAT_TAL:00
GAL_SNR:00,00,00,00,00,00,00,00,00,00,00,00,00,00,00,SNR_AVG:0.00
BEI_PRN:00,00,00,00,00,00,00,00,00,00,00,00,00,00,00,SAT_TAL:00
BEI_SNR:00,00,00,00,00,00,00,00,00,00,00,00,00,00,00,SNR_AVG:0.00
QZS_PRN:00,00,00,00,00,SAT_TAL:00
QZS_SNR:00,00,00,00,00,SNR_AVG:0.00
SatInView:14 GDOP:201
Roll:97.507202 Pitch:90.000000
X_AVG:-7.136636 Y_AVG:2.537330 Z_AVG:-1.105042
X_SD:9.067327 Y_SD:7.871162 Z_SD:4.742727
$MXCM10033,2,19,20240102,062630,12,0E90611F,47EFBD46,011F,001A,4506,0B,8202*66
GPS_PRN:19616,31,08,26,28,09,18,03,19419919504,00,00,SAT_TAL:13
GPS_SNR:34,35,27,32,34,24,31,33,30,32,23,28,33,00,00,SNR_AVG:30.46
GLO_PRN:00,00,00,00,00,00,00,00,00,00,00,00,00,00,00,SAT_TAL:00
GLO_SNR:00,00,00,00,00,00,00,00,00,00,00,00,00,00,00,SNR_AVG:0.00
GAL_PRN:00,00,00,00,00,00,00,00,00,00,00,00,00,00,00,SAT_TAL:00
GAL_SNR:00,00,00,00,00,00,00,00,00,00,00,00,00,00,00,SNR_AVG:0.00
BEI_PRN:00,00,00,00,00,00,00,00,00,00,00,00,00,00,00,SAT_TAL:00
BEI_SNR:00,00,00,00,00,00,00,00,00,00,00,00,00,00,00,SNR_AVG:0.00
QZS_PRN:00,00,00,00,00,SAT_TAL:00
QZS_SNR:00,00,00,00,00,SNR_AVG:0.00
SatInView:13 GDOP:201
Roll:157.208420 Pitch:90.000000
X_AVG:-7.791847 Y_AVG:2.852222 Z_AVG:-2.043157
X_SD:8.781954 Y_SD:8.050548 Z_SD:3.019740
$MXCM10033,2,20,20240102,062645,12,0E8FD52B,47EFDDBF,0125,001C,3DBC,0B,8202*6B
GPS_PRN:19616,31,08,26,28,09,18,03,21,19419919504,00,SAT_TAL:14
GPS_SNR:34,35,28,34,33,22,31,32,29,31,30,24,33,33,00,SNR_AVG:30.64
GLO_PRN:00,00,00,00,00,00,00,00,00,00,00,00,00,00,00,SAT_TAL:00
GLO_SNR:00,00,00,00,00,00,00,00,00,00,00,00,00,00,00,SNR_AVG:0.00
GAL_PRN:00,00,00,00,00,00,00,00,00,00,00,00,00,00,00,SAT_TAL:00
GAL_SNR:00,00,00,00,00,00,00,00,00,00,00,00,00,00,00,SNR_AVG:0.00
BEI_PRN:00,00,00,00,00,00,00,00,00,00,00,00,00,00,00,SAT_TAL:00
BEI_SNR:00,00,00,00,00,00,00,00,00,00,00,00,00,00,00,SNR_AVG:0.00
QZS_PRN:00,00,00,00,00,SAT_TAL:00
QZS_SNR:00,00,00,00,00,SNR_AVG:0.00
SatInView:14 GDOP:202
Roll:104.846046 Pitch:90.000000
X_AVG:-7.772358 Y_AVG:2.937266 Z_AVG:-1.861386
X_SD:9.373267 Y_SD:8.471338 Z_SD:3.894365
$MXCM10033,2,21,20240102,062900,12,0E8ABF58,47F04E67,0167,0019,470D,0B,8202*17
GPS_PRN:19616,31,08,26,09,28,18,03,19419919504,00,00,SAT_TAL:13
GPS_SNR:35,35,29,34,35,31,24,32,29,32,22,28,33,00,00,SNR_AVG:30.69
GLO_PRN:00,00,00,00,00,00,00,00,00,00,00,00,00,00,00,SAT_TAL:00
GLO_SNR:00,00,00,00,00,00,00,00,00,00,00,00,00,00,00,SNR_AVG:0.00
GAL_PRN:00,00,00,00,00,00,00,00,00,00,00,00,00,00,00,SAT_TAL:00
GAL_SNR:00,00,00,00,00,00,00,00,00,00,00,00,00,00,00,SNR_AVG:0.00
BEI_PRN:00,00,00,00,00,00,00,00,00,00,00,00,00,00,00,SAT_TAL:00
BEI_SNR:00,00,00,00,00,00,00,00,00,00,00,00,00,00,00,SNR_AVG:0.00
QZS_PRN:00,00,00,00,00,SAT_TAL:00
QZS_SNR:00,00,00,00,00,SNR_AVG:0.00
SatInView:13 GDOP:202
Roll:101.067703 Pitch:90.000000
X_AVG:-8.133650 Y_AVG:3.248901 Z_AVG:-0.489385
X_SD:9.142063 Y_SD:8.342661 Z_SD:4.324815
$MXCM10033,2,22,20240102,062916,12,0E8A32C2,47F075B5,0174,001A,449F,0B,8202*1D
GPS_PRN:19616,31,08,26,09,28,18,21,03,19419919504,00,SAT_TAL:14
GPS_SNR:34,35,28,34,33,32,31,34,35,30,29,25,19,34,00,SNR_AVG:30.93
GLO_PRN:00,00,00,00,00,00,00,00,00,00,00,00,00,00,00,SAT_TAL:00
GLO_SNR:00,00,00,00,00,00,00,00,00,00,00,00,00,00,00,SNR_AVG:0.00
GAL_PRN:00,00,00,00,00,00,00,00,00,00,00,00,00,00,00,SAT_TAL:00
GAL_SNR:00,00,00,00,00,00,00,00,00,00,00,00,00,00,00,SNR_AVG:0.00
BEI_PRN:00,00,00,00,00,00,00,00,00,00,00,00,00,00,00,SAT_TAL:00
BEI_SNR:00,00,00,00,00,00,00,00,00,00,00,00,00,00,00,SNR_AVG:0.00
QZS_PRN:00,00,00,00,00,SAT_TAL:00
QZS_SNR:00,00,00,00,00,SNR_AVG:0.00
SatInView:14 GDOP:131
Roll:129.498947 Pitch:72.636169
X_AVG:-8.554416 Y_AVG:4.297248 Z_AVG:-1.694506
X_SD:9.109570 Y_SD:9.333072 Z_SD:5.092240
$MXCM10033,2,23,20240102,063131,12,0E855E9A,47F19EFD,01A9,001C,40AF,0B,8202*13
GPS_PRN:19616,08,31,26,09,28,18,03,19419919504,00,00,SAT_TAL:13
GPS_SNR:34,35,33,28,33,31,21,34,29,31,24,31,32,00,00,SNR_AVG:30.46
GLO_PRN:00,00,00,00,00,00,00,00,00,00,00,00,00,00,00,SAT_TAL:00
GLO_SNR:00,00,00,00,00,00,00,00,00,00,00,00,00,00,00,SNR_AVG:0.00
GAL_PRN:00,00,00,00,00,00,00,00,00,00,00,00,00,00,00,SAT_TAL:00
GAL_SNR:00,00,00,00,00,00,00,00,00,00,00,00,00,00,00,SNR_AVG:0.00
BEI_PRN:00,00,00,00,00,00,00,00,00,00,00,00,00,00,00,SAT_TAL:00
BEI_SNR:00,00,00,00,00,00,00,00,00,00,00,00,00,00,00,SNR_AVG:0.00
QZS_PRN:00,00,00,00,00,SAT_TAL:00
QZS_SNR:00,00,00,00,00,SNR_AVG:0.00
SatInView:13 GDOP:202
Roll:90.924744 Pitch:90.000000
X_AVG:-8.471143 Y_AVG:2.910594 Z_AVG:-1.394267
X_SD:8.443475 Y_SD:7.903171 Z_SD:3.206478
$MXCM10033,2,24,20240102,063147,12,0E84C803,47F1D926,019B,001C,3F5D,0B,8202*67
GPS_PRN:19616,31,08,26,09,28,18,21,03,19419919504,00,SAT_TAL:14
GPS_SNR:34,35,28,34,33,31,20,34,34,30,30,24,28,34,00,SNR_AVG:30.64
GLO_PRN:00,00,00,00,00,00,00,00,00,00,00,00,00,00,00,SAT_TAL:00
GLO_SNR:00,00,00,00,00,00,00,00,00,00,00,00,00,00,00,SNR_AVG:0.00
GAL_PRN:00,00,00,00,00,00,00,00,00,00,00,00,00,00,00,SAT_TAL:00
GAL_SNR:00,00,00,00,00,00,00,00,00,00,00,00,00,00,00,SNR_AVG:0.00
BEI_PRN:00,00,00,00,00,00,00,00,00,00,00,00,00,00,00,SAT_TAL:00
BEI_SNR:00,00,00,00,00,00,00,00,00,00,00,00,00,00,00,SNR_AVG:0.00
QZS_PRN:00,00,00,00,00,SAT_TAL:00
QZS_SNR:00,00,00,00,00,SNR_AVG:0.00
SatInView:14 GDOP:202
Roll:36.141495 Pitch:90.000000
X_AVG:-7.968159 Y_AVG:2.444529 Z_AVG:-1.326175
X_SD:9.048266 Y_SD:8.217877 Z_SD:3.823500
$MXCM10033,2,25,20240102,063403,12,0E7FF70B,47F3C308,0188,001B,3B87,0B,8202*66
GPS_PRN:19616,08,31,26,09,28,18,03,19419919504,00,00,SAT_TAL:13
GPS_SNR:34,35,34,26,32,32,26,34,30,30,24,32,34,00,00,SNR_AVG:31.00
GLO_PRN:00,00,00,00,00,00,00,00,00,00,00,00,00,00,00,SAT_TAL:00
GLO_SNR:00,00,00,00,00,00,00,00,00,00,00,00,00,00,00,SNR_AVG:0.00
GAL_PRN:00,00,00,00,00,00,00,00,00,00,00,00,00,00,00,SAT_TAL:00
GAL_SNR:00,00,00,00,00,00,00,00,00,00,00,00,00,00,00,SNR_AVG:0.00
BEI_PRN:00,00,00,00,00,00,00,00,00,00,00,00,00,00,00,SAT_TAL:00
BEI_SNR:00,00,00,00,00,00,00,00,00,00,00,00,00,00,00,SNR_AVG:0.00
QZS_PRN:00,00,00,00,00,SAT_TAL:00
QZS_SNR:00,00,00,00,00,SNR_AVG:0.00
SatInView:13 GDOP:203
Roll:122.781647 Pitch:90.000000
X_AVG:-8.895883 Y_AVG:3.469555 Z_AVG:-1.143063
X_SD:8.576812 Y_SD:8.364674 Z_SD:4.164309
$MXCM10033,2,26,20240102,063418,12,0E7F6E29,47F3E605,0182,0019,4618,0C,8202*1F
GPS_PRN:19616,08,31,26,09,28,18,21,03,19419919504,00,SAT_TAL:14
GPS_SNR:34,35,34,28,34,33,28,34,33,34,32,24,22,34,00,SNR_AVG:31.36
GLO_PRN:00,00,00,00,00,00,00,00,00,00,00,00,00,00,00,SAT_TAL:00
GLO_SNR:00,00,00,00,00,00,00,00,00,00,00,00,00,00,00,SNR_AVG:0.00
GAL_PRN:00,00,00,00,00,00,00,00,00,00,00,00,00,00,00,SAT_TAL:00
GAL_SNR:00,00,00,00,00,00,00,00,00,00,00,00,00,00,00,SNR_AVG:0.00
BEI_PRN:00,00,00,00,00,00,00,00,00,00,00,00,00,00,00,SAT_TAL:00
BEI_SNR:00,00,00,00,00,00,00,00,00,00,00,00,00,00,00,SNR_AVG:0.00
QZS_PRN:00,00,00,00,00,SAT_TAL:00
QZS_SNR:00,00,00,00,00,SNR_AVG:0.00
SatInView:14 GDOP:169
Roll:105.879463 Pitch:69.622116
X_AVG:-8.209356 Y_AVG:2.697314 Z_AVG:-1.280780
X_SD:8.065329 Y_SD:7.940444 Z_SD:3.456246
$MXCM10033,2,27,20240102,063634,12,0E7AC112,47F426D7,0159,0019,42FC,0B,8202*15
GPS_PRN:19616,08,31,26,09,28,18,03,19419919504,00,00,SAT_TAL:13
GPS_SNR:34,35,33,29,34,32,29,35,29,31,22,29,33,00,00,SNR_AVG:31.15
GLO_PRN:00,00,00,00,00,00,00,00,00,00,00,00,00,00,00,SAT_TAL:00
GLO_SNR:00,00,00,00,00,00,00,00,00,00,00,00,00,00,00,SNR_AVG:0.00
GAL_PRN:00,00,00,00,00,00,00,00,00,00,00,00,00,00,00,SAT_TAL:00
GAL_SNR:00,00,00,00,00,00,00,00,00,00,00,00,00,00,00,SNR_AVG:0.00
BEI_PRN:00,00,00,00,00,00,00,00,00,00,00,00,00,00,00,SAT_TAL:00
BEI_SNR:00,00,00,00,00,00,00,00,00,00,00,00,00,00,00,SNR_AVG:0.00
QZS_PRN:00,00,00,00,00,SAT_TAL:00
QZS_SNR:00,00,00,00,00,SNR_AVG:0.00
SatInView:13 GDOP:203
Roll:108.203674 Pitch:68.151817
X_AVG:-7.974097 Y_AVG:3.939403 Z_AVG:-2.276405
X_SD:7.878506 Y_SD:7.867345 Z_SD:4.056414
$MXCM10033,2,28,20240102,063649,12,0E7A3FA8,47F423BF,015A,0017,454A,0C,8202*1F
GPS_PRN:19616,08,31,26,09,28,18,21,03,19419919504,00,SAT_TAL:14
GPS_SNR:32,35,33,33,35,33,37,35,32,31,32,21,30,31,00,SNR_AVG:32.14
GLO_PRN:00,00,00,00,00,00,00,00,00,00,00,00,00,00,00,SAT_TAL:00
GLO_SNR:00,00,00,00,00,00,00,00,00,00,00,00,00,00,00,SNR_AVG:0.00
GAL_PRN:00,00,00,00,00,00,00,00,00,00,00,00,00,00,00,SAT_TAL:00
GAL_SNR:00,00,00,00,00,00,00,00,00,00,00,00,00,00,00,SNR_AVG:0.00
BEI_PRN:00,00,00,00,00,00,00,00,00,00,00,00,00,00,00,SAT_TAL:00
BEI_SNR:00,00,00,00,00,00,00,00,00,00,00,00,00,00,00,SNR_AVG:0.00
QZS_PRN:00,00,00,00,00,SAT_TAL:00
QZS_SNR:00,00,00,00,00,SNR_AVG:0.00
SatInView:14 GDOP:169
Roll:115.778412 Pitch:90.000000
X_AVG:-7.505878 Y_AVG:3.892284 Z_AVG:-2.618687
X_SD:7.889514 Y_SD:7.814992 Z_SD:3.755467
$MXCM10033,2,29,20240102,063905,12,0E761386,47F2551F,014D,0018,5278,0B,8202*6C
GPS_PRN:19616,08,31,26,09,28,18,03,19419919504,00,00,SAT_TAL:13
GPS_SNR:29,34,35,34,33,30,32,33,32,33,20,29,32,00,00,SNR_AVG:31.23
GLO_PRN:00,00,00,00,00,00,00,00,00,00,00,00,00,00,00,SAT_TAL:00
GLO_SNR:00,00,00,00,00,00,00,00,00,00,00,00,00,00,00,SNR_AVG:0.00
GAL_PRN:00,00,00,00,00,00,00,00,00,00,00,00,00,00,00,SAT_TAL:00
GAL_SNR:00,00,00,00,00,00,00,00,00,00,00,00,00,00,00,SNR_AVG:0.00
BEI_PRN:00,00,00,00,00,00,00,00,00,00,00,00,00,00,00,SAT_TAL:00
BEI_SNR:00,00,00,00,00,00,00,00,00,00,00,00,00,00,00,SNR_AVG:0.00
QZS_PRN:00,00,00,00,00,SAT_TAL:00
QZS_SNR:00,00,00,00,00,SNR_AVG:0.00
SatInView:13 GDOP:203
Roll:102.682259 Pitch:90.000000
X_AVG:-7.118584 Y_AVG:3.442692 Z_AVG:-1.447707
X_SD:8.418976 Y_SD:7.619389 Z_SD:2.633746
$MXCM10033,2,30,20240102,063920,12,0E75A530,47F21595,0155,0017,5238,0C,8202*1E
GPS_PRN:19616,08,31,26,09,28,18,21,03,19419919504,00,SAT_TAL:14
GPS_SNR:27,34,34,34,33,30,31,31,22,33,32,21,29,32,00,SNR_AVG:30.21
GLO_PRN:00,00,00,00,00,00,00,00,00,00,00,00,00,00,00,SAT_TAL:00
GLO_SNR:00,00,00,00,00,00,00,00,00,00,00,00,00,00,00,SNR_AVG:0.00
GAL_PRN:00,00,00,00,00,00,00,00,00,00,00,00,00,00,00,SAT_TAL:00
GAL_SNR:00,00,00,00,00,00,00,00,00,00,00,00,00,00,00,SNR_AVG:0.00
BEI_PRN:00,00,00,00,00,00,00,00,00,00,00,00,00,00,00,SAT_TAL:00
BEI_SNR:00,00,00,00,00,00,00,00,00,00,00,00,00,00,00,SNR_AVG:0.00
QZS_PRN:00,00,00,00,00,SAT_TAL:00
QZS_SNR:00,00,00,00,00,SNR_AVG:0.00
SatInView:14 GDOP:170
Roll:145.156784 Pitch:69.910759
X_AVG:-7.674098 Y_AVG:3.385182 Z_AVG:-1.317029
X_SD:7.545142 Y_SD:7.789898 Z_SD:3.168536
$MXCM10033,2,31,20240102,064136,12,0E718AB5,47F0893F,013B,0017,507F,0B,8202*1C
GPS_PRN:19616,08,31,26,09,28,18,02,03,19419919504,00,SAT_TAL:14
GPS_SNR:30,35,33,34,34,31,33,33,33,31,33,21,30,32,00,SNR_AVG:31.64
GLO_PRN:00,00,00,00,00,00,00,00,00,00,00,00,00,00,00,SAT_TAL:00
GLO_SNR:00,00,00,00,00,00,00,00,00,00,00,00,00,00,00,SNR_AVG:0.00
GAL_PRN:00,00,00,00,00,00,00,00,00,00,00,00,00,00,00,SAT_TAL:00
GAL_SNR:00,00,00,00,00,00,00,00,00,00,00,00,00,00,00,SNR_AVG:0.00
BEI_PRN:00,00,00,00,00,00,00,00,00,00,00,00,00,00,00,SAT_TAL:00
BEI_SNR:00,00,00,00,00,00,00,00,00,00,00,00,00,00,00,SNR_AVG:0.00
QZS_PRN:00,00,00,00,00,SAT_TAL:00
QZS_SNR:00,00,00,00,00,SNR_AVG:0.00
SatInView:14 GDOP:202
Roll:129.666183 Pitch:65.890358
X_AVG:-8.630505 Y_AVG:3.620968 Z_AVG:-2.977010
X_SD:8.002568 Y_SD:8.277746 Z_SD:5.027009
$MXCM10033,2,32,20240102,064151,12,0E7129EB,47F035B5,0124,0016,5924,0C,8202*10
GPS_PRN:19608,16,31,26,09,28,18,21,02,03,19419919504,SAT_TAL:15
GPS_SNR:29,35,34,35,33,31,33,31,25,29,34,33,23,32,34,SNR_AVG:31.40
GLO_PRN:00,00,00,00,00,00,00,00,00,00,00,00,00,00,00,SAT_TAL:00
GLO_SNR:00,00,00,00,00,00,00,00,00,00,00,00,00,00,00,SNR_AVG:0.00
GAL_PRN:00,00,00,00,00,00,00,00,00,00,00,00,00,00,00,SAT_TAL:00
GAL_SNR:00,00,00,00,00,00,00,00,00,00,00,00,00,00,00,SNR_AVG:0.00
BEI_PRN:00,00,00,00,00,00,00,00,00,00,00,00,00,00,00,SAT_TAL:00
BEI_SNR:00,00,00,00,00,00,00,00,00,00,00,00,00,00,00,SNR_AVG:0.00
QZS_PRN:00,00,00,00,00,SAT_TAL:00
QZS_SNR:00,00,00,00,00,SNR_AVG:0.00
SatInView:15 GDOP:171
Roll:113.527092 Pitch:67.486290
X_AVG:-9.316122 Y_AVG:4.246681 Z_AVG:-1.262009
X_SD:6.809250 Y_SD:6.983235 Z_SD:4.298113
$MXCM10033,2,33,20240102,064406,12,0E710234,47EFA832,0121,0000,26EA,0A,8201*6A
GPS_PRN:19608,16,31,26,09,28,18,02,03,19419919504,00,SAT_TAL:12
GPS_SNR:29,25,33,33,35,21,28,27,28,00,33,28,36,00,00,SNR_AVG:29.67
GLO_PRN:00,00,00,00,00,00,00,00,00,00,00,00,00,00,00,SAT_TAL:00
GLO_SNR:00,00,00,00,00,00,00,00,00,00,00,00,00,00,00,SNR_AVG:0.00
GAL_PRN:00,00,00,00,00,00,00,00,00,00,00,00,00,00,00,SAT_TAL:00
GAL_SNR:00,00,00,00,00,00,00,00,00,00,00,00,00,00,00,SNR_AVG:0.00
BEI_PRN:00,00,00,00,00,00,00,00,00,00,00,00,00,00,00,SAT_TAL:00
BEI_SNR:00,00,00,00,00,00,00,00,00,00,00,00,00,00,00,SNR_AVG:0.00
QZS_PRN:00,00,00,00,00,SAT_TAL:00
QZS_SNR:00,00,00,00,00,SNR_AVG:0.00
SatInView:14 GDOP:135
Roll:127.100990 Pitch:-17.306690
X_AVG:2.492510 Y_AVG:6.305209 Z_AVG:-6.192823
X_SD:4.295524 Y_SD:5.553380 Z_SD:4.351716
$MXCM10033,2,34,20240102,064422,12,0E70FF35,47EFA4E1,0122,0000,26EA,0C,8202*12
GPS_PRN:19608,16,31,26,09,28,18,21,02,03,19419919504,SAT_TAL:14
GPS_SNR:30,29,28,37,23,20,32,28,30,20,00,28,32,30,25,SNR_AVG:28.00
GLO_PRN:00,00,00,00,00,00,00,00,00,00,00,00,00,00,00,SAT_TAL:00
GLO_SNR:00,00,00,00,00,00,00,00,00,00,00,00,00,00,00,SNR_AVG:0.00
GAL_PRN:00,00,00,00,00,00,00,00,00,00,00,00,00,00,00,SAT_TAL:00
GAL_SNR:00,00,00,00,00,00,00,00,00,00,00,00,00,00,00,SNR_AVG:0.00
BEI_PRN:00,00,00,00,00,00,00,00,00,00,00,00,00,00,00,SAT_TAL:00
BEI_SNR:00,00,00,00,00,00,00,00,00,00,00,00,00,00,00,SNR_AVG:0.00
QZS_PRN:00,00,00,00,00,SAT_TAL:00
QZS_SNR:00,00,00,00,00,SNR_AVG:0.00
SatInView:15 GDOP:123
Roll:142.279816 Pitch:-24.763645
X_AVG:3.948022 Y_AVG:5.689648 Z_AVG:-6.947443
X_SD:4.052921 Y_SD:4.796070 Z_SD:4.040659
$MXCM10033,2,35,20240102,064636,12,0E710043,47EF9F2D,010C,0000,6AB8,09,8201*1B
GPS_PRN:19608,16,31,26,09,28,18,02,19419504,00,00,00,SAT_TAL:10
GPS_SNR:21,20,24,21,24,00,23,23,19,19,29,00,00,00,00,SNR_AVG:22.30
GLO_PRN:00,00,00,00,00,00,00,00,00,00,00,00,00,00,00,SAT_TAL:00
GLO_SNR:00,00,00,00,00,00,00,00,00,00,00,00,00,00,00,SNR_AVG:0.00
GAL_PRN:00,00,00,00,00,00,00,00,00,00,00,00,00,00,00,SAT_TAL:00
GAL_SNR:00,00,00,00,00,00,00,00,00,00,00,00,00,00,00,SNR_AVG:0.00
BEI_PRN:00,00,00,00,00,00,00,00,00,00,00,00,00,00,00,SAT_TAL:00
BEI_SNR:00,00,00,00,00,00,00,00,00,00,00,00,00,00,00,SNR_AVG:0.00
QZS_PRN:00,00,00,00,00,SAT_TAL:00
QZS_SNR:00,00,00,00,00,SNR_AVG:0.00
SatInView:12 GDOP:165
Roll:104.145027 Pitch:31.060793
X_AVG:-5.235410 Y_AVG:7.857737 Z_AVG:-2.599198
X_SD:0.815163 Y_SD:1.086410 Z_SD:0.507724
$MXCM10033,2,36,20240102,064652,12,0E71017B,47EFA65D,00F2,0000,7046,0A,8201*10
GPS_PRN:19608,16,31,26,09,28,21,18,19419919504,00,00,SAT_TAL:10
GPS_SNR:28,22,21,28,26,00,25,26,24,24,00,26,00,00,00,SNR_AVG:25.00
GLO_PRN:00,00,00,00,00,00,00,00,00,00,00,00,00,00,00,SAT_TAL:00
GLO_SNR:00,00,00,00,00,00,00,00,00,00,00,00,00,00,00,SNR_AVG:0.00
GAL_PRN:00,00,00,00,00,00,00,00,00,00,00,00,00,00,00,SAT_TAL:00
GAL_SNR:00,00,00,00,00,00,00,00,00,00,00,00,00,00,00,SNR_AVG:0.00
BEI_PRN:00,00,00,00,00,00,00,00,00,00,00,00,00,00,00,SAT_TAL:00
BEI_SNR:00,00,00,00,00,00,00,00,00,00,00,00,00,00,00,SNR_AVG:0.00
QZS_PRN:00,00,00,00,00,SAT_TAL:00
QZS_SNR:00,00,00,00,00,SNR_AVG:0.00
SatInView:13 GDOP:156
Roll:102.325500 Pitch:25.992554
X_AVG:-4.726154 Y_AVG:8.247568 Z_AVG:-2.193133
X_SD:0.137592 Y_SD:0.116561 Z_SD:0.168471
$MXCM10033,2,37,20240102,064907,00,0E70F818,47EFC68A,00F1,0000,6B1B,00,8201*65
GPS_PRN:19608,16,31,26,09,28,18,02,21,19419919504,00,SAT_TAL:05
GPS_SNR:00,00,00,31,18,00,15,00,00,14,00,00,23,00,00,SNR_AVG:20.20
GLO_PRN:00,00,00,00,00,00,00,00,00,00,00,00,00,00,00,SAT_TAL:00
GLO_SNR:00,00,00,00,00,00,00,00,00,00,00,00,00,00,00,SNR_AVG:0.00
GAL_PRN:00,00,00,00,00,00,00,00,00,00,00,00,00,00,00,SAT_TAL:00
GAL_SNR:00,00,00,00,00,00,00,00,00,00,00,00,00,00,00,SNR_AVG:0.00
BEI_PRN:00,00,00,00,00,00,00,00,00,00,00,00,00,00,00,SAT_TAL:00
BEI_SNR:00,00,00,00,00,00,00,00,00,00,00,00,00,00,00,SNR_AVG:0.00
QZS_PRN:00,00,00,00,00,SAT_TAL:00
QZS_SNR:00,00,00,00,00,SNR_AVG:0.00
SatInView:14 GDOP:536
Roll:114.128586 Pitch:10.875186
X_AVG:-2.573340 Y_AVG:8.690169 Z_AVG:-3.888980
X_SD:0.275521 Y_SD:0.202404 Z_SD:0.249111
$MXCM10033,2,38,20240102,064923,12,0E7102E8,47EFA627,00F0,0000,65DA,08,8201*10
GPS_PRN:19608,16,31,26,09,28,18,02,19419919504,00,00,SAT_TAL:09
GPS_SNR:17,18,22,24,26,00,21,00,21,19,00,25,00,00,00,SNR_AVG:21.44
GLO_PRN:00,00,00,00,00,00,00,00,00,00,00,00,00,00,00,SAT_TAL:00
GLO_SNR:00,00,00,00,00,00,00,00,00,00,00,00,00,00,00,SNR_AVG:0.00
GAL_PRN:00,00,00,00,00,00,00,00,00,00,00,00,00,00,00,SAT_TAL:00
GAL_SNR:00,00,00,00,00,00,00,00,00,00,00,00,00,00,00,SNR_AVG:0.00
BEI_PRN:00,00,00,00,00,00,00,00,00,00,00,00,00,00,00,SAT_TAL:00
BEI_SNR:00,00,00,00,00,00,00,00,00,00,00,00,00,00,00,SNR_AVG:0.00
QZS_PRN:00,00,00,00,00,SAT_TAL:00
QZS_SNR:00,00,00,00,00,SNR_AVG:0.00
SatInView:13 GDOP:175
Roll:108.900002 Pitch:19.471655
X_AVG:-1.241323 Y_AVG:8.184121 Z_AVG:-6.285912
X_SD:3.390342 Y_SD:3.483117 Z_SD:2.244133
$MXCM10033,2,39,20240102,065138,00,0E7102E3,47EFA626,00F0,0000,0000,00,8201*15
GPS_PRN:21,07,19400,00,00,00,00,00,00,00,00,00,00,00,SAT_TAL:00
GPS_SNR:00,00,00,00,00,00,00,00,00,00,00,00,00,00,00,SNR_AVG:0.00
GLO_PRN:00,00,00,00,00,00,00,00,00,00,00,00,00,00,00,SAT_TAL:00
GLO_SNR:00,00,00,00,00,00,00,00,00,00,00,00,00,00,00,SNR_AVG:0.00
GAL_PRN:00,00,00,00,00,00,00,00,00,00,00,00,00,00,00,SAT_TAL:00
GAL_SNR:00,00,00,00,00,00,00,00,00,00,00,00,00,00,00,SNR_AVG:0.00
BEI_PRN:00,00,00,00,00,00,00,00,00,00,00,00,00,00,00,SAT_TAL:00
BEI_SNR:00,00,00,00,00,00,00,00,00,00,00,00,00,00,00,SNR_AVG:0.00
QZS_PRN:00,00,00,00,00,SAT_TAL:00
QZS_SNR:00,00,00,00,00,SNR_AVG:0.00
SatInView:3 GDOP:17319
Roll:101.976334 Pitch:25.963728
X_AVG:-4.273497 Y_AVG:8.445286 Z_AVG:-2.155447
X_SD:0.090148 Y_SD:0.085128 Z_SD:0.124446
$MXCM10033,2,40,20240102,065153,00,0E7102E3,47EFA626,00F0,0000,0000,00,8201*16
GPS_PRN:07,19419900,00,00,00,00,00,00,00,00,00,00,00,SAT_TAL:00
GPS_SNR:00,00,00,00,00,00,00,00,00,00,00,00,00,00,00,SNR_AVG:0.00
GLO_PRN:00,00,00,00,00,00,00,00,00,00,00,00,00,00,00,SAT_TAL:00
GLO_SNR:00,00,00,00,00,00,00,00,00,00,00,00,00,00,00,SNR_AVG:0.00
GAL_PRN:00,00,00,00,00,00,00,00,00,00,00,00,00,00,00,SAT_TAL:00
GAL_SNR:00,00,00,00,00,00,00,00,00,00,00,00,00,00,00,SNR_AVG:0.00
BEI_PRN:00,00,00,00,00,00,00,00,00,00,00,00,00,00,00,SAT_TAL:00
BEI_SNR:00,00,00,00,00,00,00,00,00,00,00,00,00,00,00,SNR_AVG:0.00
QZS_PRN:00,00,00,00,00,SAT_TAL:00
QZS_SNR:00,00,00,00,00,SNR_AVG:0.00
SatInView:3 GDOP:17319
Roll:99.191803 Pitch:26.172844
X_AVG:-4.321573 Y_AVG:8.439348 Z_AVG:-1.937331
X_SD:0.100255 Y_SD:0.087668 Z_SD:0.128491
$MXCM10033,2,41,20240102,065408,12,0E71057C,47EF9DEE,00F0,0004,7D63,07,8201*61
GPS_PRN:19604,16,31,26,09,28,18,02,21,07,19419919508,SAT_TAL:08
GPS_SNR:18,00,18,26,19,00,21,00,19,20,00,00,00,20,00,SNR_AVG:20.12
GLO_PRN:00,00,00,00,00,00,00,00,00,00,00,00,00,00,00,SAT_TAL:00
GLO_SNR:00,00,00,00,00,00,00,00,00,00,00,00,00,00,00,SNR_AVG:0.00
GAL_PRN:00,00,00,00,00,00,00,00,00,00,00,00,00,00,00,SAT_TAL:00
GAL_SNR:00,00,00,00,00,00,00,00,00,00,00,00,00,00,00,SNR_AVG:0.00
BEI_PRN:00,00,00,00,00,00,00,00,00,00,00,00,00,00,00,SAT_TAL:00
BEI_SNR:00,00,00,00,00,00,00,00,00,00,00,00,00,00,00,SNR_AVG:0.00
QZS_PRN:00,00,00,00,00,SAT_TAL:00
QZS_SNR:00,00,00,00,00,SNR_AVG:0.00
SatInView:15 GDOP:189
Roll:115.843689 Pitch:38.964184
X_AVG:-5.146249 Y_AVG:7.895183 Z_AVG:-3.608949
X_SD:4.423581 Y_SD:6.152056 Z_SD:5.241048
$MXCM10033,2,42,20240102,065423,12,0E7103CE,47EF9C92,00F0,0001,76F4,0D,8201*60
GPS_PRN:19604,16,31,26,09,28,21,18,02,07,19419919508,SAT_TAL:13
GPS_SNR:20,15,11,31,25,13,18,22,16,18,00,14,00,16,15,SNR_AVG:18.00
GLO_PRN:00,00,00,00,00,00,00,00,00,00,00,00,00,00,00,SAT_TAL:00
GLO_SNR:00,00,00,00,00,00,00,00,00,00,00,00,00,00,00,SNR_AVG:0.00
GAL_PRN:00,00,00,00,00,00,00,00,00,00,00,00,00,00,00,SAT_TAL:00
GAL_SNR:00,00,00,00,00,00,00,00,00,00,00,00,00,00,00,SNR_AVG:0.00
BEI_PRN:00,00,00,00,00,00,00,00,00,00,00,00,00,00,00,SAT_TAL:00
BEI_SNR:00,00,00,00,00,00,00,00,00,00,00,00,00,00,00,SNR_AVG:0.00
QZS_PRN:00,00,00,00,00,SAT_TAL:00
QZS_SNR:00,00,00,00,00,SNR_AVG:0.00
SatInView:15 GDOP:119
Roll:104.513390 Pitch:25.961355
X_AVG:-4.857406 Y_AVG:8.169755 Z_AVG:-2.080076
X_SD:0.622782 Y_SD:0.446042 Z_SD:0.505535
$MXCM10033,2,43,20240102,065638,12,0E710810,47EF91C8,00B2,0000,4221,08,8201*6A
GPS_PRN:19604,16,31,26,09,28,18,02,21,07,19419919508,SAT_TAL:09
GPS_SNR:28,15,00,28,25,00,17,00,20,28,00,00,00,22,18,SNR_AVG:22.33
GLO_PRN:00,00,00,00,00,00,00,00,00,00,00,00,00,00,00,SAT_TAL:00
GLO_SNR:00,00,00,00,00,00,00,00,00,00,00,00,00,00,00,SNR_AVG:0.00
GAL_PRN:00,00,00,00,00,00,00,00,00,00,00,00,00,00,00,SAT_TAL:00
GAL_SNR:00,00,00,00,00,00,00,00,00,00,00,00,00,00,00,SNR_AVG:0.00
BEI_PRN:00,00,00,00,00,00,00,00,00,00,00,00,00,00,00,SAT_TAL:00
BEI_SNR:00,00,00,00,00,00,00,00,00,00,00,00,00,00,00,SNR_AVG:0.00
QZS_PRN:00,00,00,00,00,SAT_TAL:00
QZS_SNR:00,00,00,00,00,SNR_AVG:0.00
SatInView:15 GDOP:167
Roll:115.396202 Pitch:4.468530
X_AVG:-1.026942 Y_AVG:8.664168 Z_AVG:-4.712506
X_SD:0.162382 Y_SD:0.300665 Z_SD:0.205281
$MXCM10033,2,44,20240102,065654,12,0E710379,47EF9FD0,00C9,0000,4221,0B,8201*6B
GPS_PRN:19604,16,31,26,09,28,21,18,02,19419919508,00,SAT_TAL:11
GPS_SNR:24,00,20,31,28,14,32,23,14,18,18,00,22,00,00,SNR_AVG:22.18
GLO_PRN:00,00,00,00,00,00,00,00,00,00,00,00,00,00,00,SAT_TAL:00
GLO_SNR:00,00,00,00,00,00,00,00,00,00,00,00,00,00,00,SNR_AVG:0.00
GAL_PRN:00,00,00,00,00,00,00,00,00,00,00,00,00,00,00,SAT_TAL:00
GAL_SNR:00,00,00,00,00,00,00,00,00,00,00,00,00,00,00,SNR_AVG:0.00
BEI_PRN:00,00,00,00,00,00,00,00,00,00,00,00,00,00,00,SAT_TAL:00
BEI_SNR:00,00,00,00,00,00,00,00,00,00,00,00,00,00,00,SNR_AVG:0.00
QZS_PRN:00,00,00,00,00,SAT_TAL:00
QZS_SNR:00,00,00,00,00,SNR_AVG:0.00
SatInView:14 GDOP:127
Roll:97.220009 Pitch:17.201796
X_AVG:-3.165917 Y_AVG:8.946929 Z_AVG:-1.663860
X_SD:0.390816 Y_SD:0.252672 Z_SD:0.361650
$MXCM10033,2,45,20240102,065909,12,0E70FFAA,47EFA6FC,00CA,0000,3987,09,8201*1B
GPS_PRN:19604,16,31,26,09,28,18,02,21,07,19419508,00,SAT_TAL:10
GPS_SNR:26,00,00,24,20,00,34,19,23,26,00,23,27,17,00,SNR_AVG:23.90
GLO_PRN:00,00,00,00,00,00,00,00,00,00,00,00,00,00,00,SAT_TAL:00
GLO_SNR:00,00,00,00,00,00,00,00,00,00,00,00,00,00,00,SNR_AVG:0.00
GAL_PRN:00,00,00,00,00,00,00,00,00,00,00,00,00,00,00,SAT_TAL:00
GAL_SNR:00,00,00,00,00,00,00,00,00,00,00,00,00,00,00,SNR_AVG:0.00
BEI_PRN:00,00,00,00,00,00,00,00,00,00,00,00,00,00,00,SAT_TAL:00
BEI_SNR:00,00,00,00,00,00,00,00,00,00,00,00,00,00,00,SNR_AVG:0.00
QZS_PRN:00,00,00,00,00,SAT_TAL:00
QZS_SNR:00,00,00,00,00,SNR_AVG:0.00
SatInView:14 GDOP:161
Roll:89.943085 Pitch:19.414179
X_AVG:-3.099931 Y_AVG:8.985811 Z_AVG:-0.853263
X_SD:0.197787 Y_SD:0.241346 Z_SD:0.202876
$MXCM10033,2,46,20240102,065925,12,0E7100B7,47EFA01D,00CA,0000,3987,0B,8201*6F
GPS_PRN:19604,16,31,26,09,28,21,02,18,19419919508,00,SAT_TAL:11
GPS_SNR:27,00,18,29,23,00,34,22,21,19,24,00,27,17,00,SNR_AVG:23.73
GLO_PRN:00,00,00,00,00,00,00,00,00,00,00,00,00,00,00,SAT_TAL:00
GLO_SNR:00,00,00,00,00,00,00,00,00,00,00,00,00,00,00,SNR_AVG:0.00
GAL_PRN:00,00,00,00,00,00,00,00,00,00,00,00,00,00,00,SAT_TAL:00
GAL_SNR:00,00,00,00,00,00,00,00,00,00,00,00,00,00,00,SNR_AVG:0.00
BEI_PRN:00,00,00,00,00,00,00,00,00,00,00,00,00,00,00,SAT_TAL:00
BEI_SNR:00,00,00,00,00,00,00,00,00,00,00,00,00,00,00,SNR_AVG:0.00
QZS_PRN:00,00,00,00,00,SAT_TAL:00
QZS_SNR:00,00,00,00,00,SNR_AVG:0.00
SatInView:14 GDOP:151
Roll:95.033180 Pitch:19.222273
X_AVG:-3.546938 Y_AVG:8.830712 Z_AVG:-0.957987
X_SD:0.194420 Y_SD:0.153856 Z_SD:0.173901
$MXCM10033,2,47,20240102,070140,12,0E71046D,47EFA557,00CA,0000,6A5A,08,8201*6C
GPS_PRN:19604,16,31,26,09,28,02,18,21,07,19419919508,SAT_TAL:08
GPS_SNR:00,00,19,27,26,00,21,21,00,00,00,19,00,21,13,SNR_AVG:20.88
GLO_PRN:00,00,00,00,00,00,00,00,00,00,00,00,00,00,00,SAT_TAL:00
GLO_SNR:00,00,00,00,00,00,00,00,00,00,00,00,00,00,00,SNR_AVG:0.00
GAL_PRN:00,00,00,00,00,00,00,00,00,00,00,00,00,00,00,SAT_TAL:00
GAL_SNR:00,00,00,00,00,00,00,00,00,00,00,00,00,00,00,SNR_AVG:0.00
BEI_PRN:00,00,00,00,00,00,00,00,00,00,00,00,00,00,00,SAT_TAL:00
BEI_SNR:00,00,00,00,00,00,00,00,00,00,00,00,00,00,00,SNR_AVG:0.00
QZS_PRN:00,00,00,00,00,SAT_TAL:00
QZS_SNR:00,00,00,00,00,SNR_AVG:0.00
SatInView:15 GDOP:167
Roll:93.740982 Pitch:17.927326
X_AVG:-4.388469 Y_AVG:7.857737 Z_AVG:-3.076755
X_SD:5.064742 Y_SD:5.992376 Z_SD:4.690300
$MXCM10033,2,48,20240102,070155,12,0E710400,47EF9F8E,00CA,0000,5EED,0D,8201*6F
GPS_PRN:19604,16,31,26,09,21,28,02,18,07,19419919508,SAT_TAL:13
GPS_SNR:23,15,24,32,29,11,21,22,21,15,00,20,00,27,17,SNR_AVG:21.31
GLO_PRN:00,00,00,00,00,00,00,00,00,00,00,00,00,00,00,SAT_TAL:00
GLO_SNR:00,00,00,00,00,00,00,00,00,00,00,00,00,00,00,SNR_AVG:0.00
GAL_PRN:00,00,00,00,00,00,00,00,00,00,00,00,00,00,00,SAT_TAL:00
GAL_SNR:00,00,00,00,00,00,00,00,00,00,00,00,00,00,00,SNR_AVG:0.00
BEI_PRN:00,00,00,00,00,00,00,00,00,00,00,00,00,00,00,SAT_TAL:00
BEI_SNR:00,00,00,00,00,00,00,00,00,00,00,00,00,00,00,SNR_AVG:0.00
QZS_PRN:00,00,00,00,00,SAT_TAL:00
QZS_SNR:00,00,00,00,00,SNR_AVG:0.00
SatInView:15 GDOP:120
Roll:116.738007 Pitch:6.345619
X_AVG:-1.436550 Y_AVG:8.500497 Z_AVG:-5.022801
X_SD:0.156440 Y_SD:0.128007 Z_SD:0.188596
$MXCM10033,2,49,20240102,070410,12,0E70FEF5,47EF8E33,00CA,0000,0000,06,8201*63
GPS_PRN:19604,16,31,09,26,28,02,21,19419919508,00,00,SAT_TAL:06
GPS_SNR:15,00,22,32,16,00,00,24,00,00,00,26,00,00,00,SNR_AVG:22.50
GLO_PRN:00,00,00,00,00,00,00,00,00,00,00,00,00,00,00,SAT_TAL:00
GLO_SNR:00,00,00,00,00,00,00,00,00,00,00,00,00,00,00,SNR_AVG:0.00
GAL_PRN:00,00,00,00,00,00,00,00,00,00,00,00,00,00,00,SAT_TAL:00
GAL_SNR:00,00,00,00,00,00,00,00,00,00,00,00,00,00,00,SNR_AVG:0.00
BEI_PRN:00,00,00,00,00,00,00,00,00,00,00,00,00,00,00,SAT_TAL:00
BEI_SNR:00,00,00,00,00,00,00,00,00,00,00,00,00,00,00,SNR_AVG:0.00
QZS_PRN:00,00,00,00,00,SAT_TAL:00
QZS_SNR:00,00,00,00,00,SNR_AVG:0.00
SatInView:13 GDOP:165
Roll:97.685005 Pitch:22.915466
X_AVG:-3.966314 Y_AVG:8.618438 Z_AVG:-1.881689
X_SD:0.466828 Y_SD:0.276971 Z_SD:0.360762
$MXCM10033,2,50,20240102,070425,12,0E7101D4,47EF991B,00CA,0000,0000,0B,8201*17
GPS_PRN:19604,16,31,09,26,21,28,02,18,07,19419508,00,SAT_TAL:11
GPS_SNR:20,00,18,27,00,27,32,30,24,17,00,19,29,15,00,SNR_AVG:23.45
GLO_PRN:00,00,00,00,00,00,00,00,00,00,00,00,00,00,00,SAT_TAL:00
GLO_SNR:00,00,00,00,00,00,00,00,00,00,00,00,00,00,00,SNR_AVG:0.00
GAL_PRN:00,00,00,00,00,00,00,00,00,00,00,00,00,00,00,SAT_TAL:00
GAL_SNR:00,00,00,00,00,00,00,00,00,00,00,00,00,00,00,SNR_AVG:0.00
BEI_PRN:00,00,00,00,00,00,00,00,00,00,00,00,00,00,00,SAT_TAL:00
BEI_SNR:00,00,00,00,00,00,00,00,00,00,00,00,00,00,00,SNR_AVG:0.00
QZS_PRN:00,00,00,00,00,SAT_TAL:00
QZS_SNR:00,00,00,00,00,SNR_AVG:0.00
SatInView:14 GDOP:151
Roll:97.683655 Pitch:22.560057
X_AVG:-4.490033 Y_AVG:7.816316 Z_AVG:-1.246207
X_SD:5.243621 Y_SD:7.358405 Z_SD:4.529736
$MXCM10033,2,51,20240102,070641,12,0E7104B3,47EFA239,00CA,0000,75A6,08,8201*17
GPS_PRN:19604,16,31,09,26,28,02,21,18,07,19419919508,SAT_TAL:08
GPS_SNR:19,00,20,30,18,20,28,00,19,00,00,00,00,21,00,SNR_AVG:21.88
GLO_PRN:00,00,00,00,00,00,00,00,00,00,00,00,00,00,00,SAT_TAL:00
GLO_SNR:00,00,00,00,00,00,00,00,00,00,00,00,00,00,00,SNR_AVG:0.00
GAL_PRN:00,00,00,00,00,00,00,00,00,00,00,00,00,00,00,SAT_TAL:00
GAL_SNR:00,00,00,00,00,00,00,00,00,00,00,00,00,00,00,SNR_AVG:0.00
BEI_PRN:00,00,00,00,00,00,00,00,00,00,00,00,00,00,00,SAT_TAL:00
BEI_SNR:00,00,00,00,00,00,00,00,00,00,00,00,00,00,00,SNR_AVG:0.00
QZS_PRN:00,00,00,00,00,SAT_TAL:00
QZS_SNR:00,00,00,00,00,SNR_AVG:0.00
SatInView:15 GDOP:148
Roll:90.916374 Pitch:35.742599
X_AVG:-5.821571 Y_AVG:7.692773 Z_AVG:-0.814667
X_SD:0.213142 Y_SD:0.149269 Z_SD:0.305665
$MXCM10033,2,52,20240102,070657,12,0E7102AA,47EF9FCC,00CA,0000,623B,0C,8202*1A
GPS_PRN:19604,16,31,09,26,21,28,02,18,19419919508,00,SAT_TAL:12
GPS_SNR:17,00,19,22,10,17,20,21,20,14,17,00,19,12,00,SNR_AVG:17.33
GLO_PRN:00,00,00,00,00,00,00,00,00,00,00,00,00,00,00,SAT_TAL:00
GLO_SNR:00,00,00,00,00,00,00,00,00,00,00,00,00,00,00,SNR_AVG:0.00
GAL_PRN:00,00,00,00,00,00,00,00,00,00,00,00,00,00,00,SAT_TAL:00
GAL_SNR:00,00,00,00,00,00,00,00,00,00,00,00,00,00,00,SNR_AVG:0.00
BEI_PRN:00,00,00,00,00,00,00,00,00,00,00,00,00,00,00,SAT_TAL:00
BEI_SNR:00,00,00,00,00,00,00,00,00,00,00,00,00,00,00,SNR_AVG:0.00
QZS_PRN:00,00,00,00,00,SAT_TAL:00
QZS_SNR:00,00,00,00,00,SNR_AVG:0.00
SatInView:14 GDOP:123
Roll:148.117050 Pitch:-30.713755
X_AVG:4.694741 Y_AVG:2.574776 Z_AVG:-8.394480
X_SD:3.407748 Y_SD:3.977075 Z_SD:3.100527
$MXCM10033,2,53,20240102,070912,12,0E70FFD1,47EFAD6C,00CA,0000,7AED,0C,8202*6E
GPS_PRN:19604,16,31,09,26,28,02,21,18,07,19419919508,SAT_TAL:12
GPS_SNR:00,19,17,43,16,28,35,30,30,22,17,00,00,41,23,SNR_AVG:26.75
GLO_PRN:00,00,00,00,00,00,00,00,00,00,00,00,00,00,00,SAT_TAL:00
GLO_SNR:00,00,00,00,00,00,00,00,00,00,00,00,00,00,00,SNR_AVG:0.00
GAL_PRN:00,00,00,00,00,00,00,00,00,00,00,00,00,00,00,SAT_TAL:00
GAL_SNR:00,00,00,00,00,00,00,00,00,00,00,00,00,00,00,SNR_AVG:0.00
BEI_PRN:00,00,00,00,00,00,00,00,00,00,00,00,00,00,00,SAT_TAL:00
BEI_SNR:00,00,00,00,00,00,00,00,00,00,00,00,00,00,00,SNR_AVG:0.00
QZS_PRN:00,00,00,00,00,SAT_TAL:00
QZS_SNR:00,00,00,00,00,SNR_AVG:0.00
SatInView:15 GDOP:112
Roll:164.004669 Pitch:40.809277
X_AVG:-6.968033 Y_AVG:2.781975 Z_AVG:-7.510044
X_SD:0.078153 Y_SD:0.065095 Z_SD:0.133087
$MXCM10033,2,54,20240102,070928,12,0E70FA52,47EFA3A7,00CA,0000,7AED,0C,8202*61
GPS_PRN:19604,16,31,09,26,21,02,28,18,07,19419508,00,SAT_TAL:12
GPS_SNR:17,00,16,43,20,25,28,32,35,25,17,00,40,17,00,SNR_AVG:26.25
GLO_PRN:00,00,00,00,00,00,00,00,00,00,00,00,00,00,00,SAT_TAL:00
GLO_SNR:00,00,00,00,00,00,00,00,00,00,00,00,00,00,00,SNR_AVG:0.00
GAL_PRN:00,00,00,00,00,00,00,00,00,00,00,00,00,00,00,SAT_TAL:00
GAL_SNR:00,00,00,00,00,00,00,00,00,00,00,00,00,00,00,SNR_AVG:0.00
BEI_PRN:00,00,00,00,00,00,00,00,00,00,00,00,00,00,00,SAT_TAL:00
BEI_SNR:00,00,00,00,00,00,00,00,00,00,00,00,00,00,00,SNR_AVG:0.00
QZS_PRN:00,00,00,00,00,SAT_TAL:00
QZS_SNR:00,00,00,00,00,SNR_AVG:0.00
SatInView:14 GDOP:113
Roll:164.019028 Pitch:42.120377
X_AVG:-6.974594 Y_AVG:2.769237 Z_AVG:-7.510044
X_SD:0.079295 Y_SD:0.073069 Z_SD:0.131997
$MXCM10033,2,55,20240102,071143,12,0E70FFBD,47EF9CA1,00CB,0000,426B,0C,8202*6A
GPS_PRN:19604,16,31,09,26,02,28,21,07,18,19419919508,SAT_TAL:12
GPS_SNR:26,18,25,45,00,18,26,41,32,15,21,00,00,40,18,SNR_AVG:27.08
GLO_PRN:00,00,00,00,00,00,00,00,00,00,00,00,00,00,00,SAT_TAL:00
GLO_SNR:00,00,00,00,00,00,00,00,00,00,00,00,00,00,00,SNR_AVG:0.00
GAL_PRN:00,00,00,00,00,00,00,00,00,00,00,00,00,00,00,SAT_TAL:00
GAL_SNR:00,00,00,00,00,00,00,00,00,00,00,00,00,00,00,SNR_AVG:0.00
BEI_PRN:00,00,00,00,00,00,00,00,00,00,00,00,00,00,00,SAT_TAL:00
BEI_SNR:00,00,00,00,00,00,00,00,00,00,00,00,00,00,00,SNR_AVG:0.00
QZS_PRN:00,00,00,00,00,SAT_TAL:00
QZS_SNR:00,00,00,00,00,SNR_AVG:0.00
SatInView:15 GDOP:115
Roll:164.089264 Pitch:40.608326
X_AVG:-6.971864 Y_AVG:2.773882 Z_AVG:-7.495487
X_SD:0.081657 Y_SD:0.070585 Z_SD:0.132736
$MXCM10033,2,56,20240102,071159,12,0E70FFC9,47EF9BCC,00CB,0000,426B,0E,8202*69
GPS_PRN:19604,16,31,09,26,21,02,28,07,18,19419919508,SAT_TAL:14
GPS_SNR:24,18,26,46,17,22,29,20,41,16,16,14,00,40,15,SNR_AVG:24.57
GLO_PRN:00,00,00,00,00,00,00,00,00,00,00,00,00,00,00,SAT_TAL:00
GLO_SNR:00,00,00,00,00,00,00,00,00,00,00,00,00,00,00,SNR_AVG:0.00
GAL_PRN:00,00,00,00,00,00,00,00,00,00,00,00,00,00,00,SAT_TAL:00
GAL_SNR:00,00,00,00,00,00,00,00,00,00,00,00,00,00,00,SNR_AVG:0.00
BEI_PRN:00,00,00,00,00,00,00,00,00,00,00,00,00,00,00,SAT_TAL:00
BEI_SNR:00,00,00,00,00,00,00,00,00,00,00,00,00,00,00,SNR_AVG:0.00
QZS_PRN:00,00,00,00,00,SAT_TAL:00
QZS_SNR:00,00,00,00,00,SNR_AVG:0.00
SatInView:15 GDOP:107
Roll:164.098541 Pitch:40.896122
X_AVG:-6.981872 Y_AVG:2.770913 Z_AVG:-7.502621
X_SD:0.075588 Y_SD:0.077023 Z_SD:0.126438
$MXCM10033,2,57,20240102,071415,12,0E710059,47EF9C5F,00CA,0000,0000,09,8202*6D
GPS_PRN:19604,16,09,31,26,02,21,28,07,18,19419508,00,SAT_TAL:09
GPS_SNR:27,00,00,00,45,29,19,31,38,00,20,00,44,21,00,SNR_AVG:30.44
GLO_PRN:00,00,00,00,00,00,00,00,00,00,00,00,00,00,00,SAT_TAL:00
GLO_SNR:00,00,00,00,00,00,00,00,00,00,00,00,00,00,00,SNR_AVG:0.00
GAL_PRN:00,00,00,00,00,00,00,00,00,00,00,00,00,00,00,SAT_TAL:00
GAL_SNR:00,00,00,00,00,00,00,00,00,00,00,00,00,00,00,SNR_AVG:0.00
BEI_PRN:00,00,00,00,00,00,00,00,00,00,00,00,00,00,00,SAT_TAL:00
BEI_SNR:00,00,00,00,00,00,00,00,00,00,00,00,00,00,00,SNR_AVG:0.00
QZS_PRN:00,00,00,00,00,SAT_TAL:00
QZS_SNR:00,00,00,00,00,SNR_AVG:0.00
SatInView:14 GDOP:163
Roll:163.876389 Pitch:40.491135
X_AVG:-6.991066 Y_AVG:2.773020 Z_AVG:-7.517035
X_SD:0.130657 Y_SD:0.100712 Z_SD:0.149022
$MXCM10033,2,58,20240102,071430,12,0E710104,47EF9E04,00CA,0000,0000,0B,8202*66
GPS_PRN:19604,16,09,31,26,21,02,28,18,19419508,00,00,SAT_TAL:11
GPS_SNR:30,00,17,00,45,21,31,22,39,20,18,44,27,00,00,SNR_AVG:28.55
GLO_PRN:00,00,00,00,00,00,00,00,00,00,00,00,00,00,00,SAT_TAL:00
GLO_SNR:00,00,00,00,00,00,00,00,00,00,00,00,00,00,00,SNR_AVG:0.00
GAL_PRN:00,00,00,00,00,00,00,00,00,00,00,00,00,00,00,SAT_TAL:00
GAL_SNR:00,00,00,00,00,00,00,00,00,00,00,00,00,00,00,SNR_AVG:0.00
BEI_PRN:00,00,00,00,00,00,00,00,00,00,00,00,00,00,00,SAT_TAL:00
BEI_SNR:00,00,00,00,00,00,00,00,00,00,00,00,00,00,00,SNR_AVG:0.00
QZS_PRN:00,00,00,00,00,SAT_TAL:00
QZS_SNR:00,00,00,00,00,SNR_AVG:0.00
SatInView:13 GDOP:153
Roll:164.078613 Pitch:41.191570
X_AVG:-6.985320 Y_AVG:2.765837 Z_AVG:-7.523595
X_SD:0.073204 Y_SD:0.065643 Z_SD:0.130382
$MXCM10033,2,59,20240102,071645,12,0E710001,47EF9E1B,00CA,0001,3D28,0B,8202*68
GPS_PRN:19604,16,09,31,26,21,02,07,28,18,19419919508,SAT_TAL:13
GPS_SNR:32,18,20,00,41,18,30,32,16,43,20,18,00,43,23,SNR_AVG:27.23
GLO_PRN:00,00,00,00,00,00,00,00,00,00,00,00,00,00,00,SAT_TAL:00
GLO_SNR:00,00,00,00,00,00,00,00,00,00,00,00,00,00,00,SNR_AVG:0.00
GAL_PRN:00,00,00,00,00,00,00,00,00,00,00,00,00,00,00,SAT_TAL:00
GAL_SNR:00,00,00,00,00,00,00,00,00,00,00,00,00,00,00,SNR_AVG:0.00
BEI_PRN:00,00,00,00,00,00,00,00,00,00,00,00,00,00,00,SAT_TAL:00
BEI_SNR:00,00,00,00,00,00,00,00,00,00,00,00,00,00,00,SNR_AVG:0.00
QZS_PRN:00,00,00,00,00,SAT_TAL:00
QZS_SNR:00,00,00,00,00,SNR_AVG:0.00
SatInView:15 GDOP:123
Roll:161.564926 Pitch:41.912102
X_AVG:-6.983931 Y_AVG:2.747976 Z_AVG:-7.540068
X_SD:0.410789 Y_SD:0.440572 Z_SD:0.738478
$MXCM10033,2,60,20240102,071700,12,0E71001D,47EFA061,00CE,0000,391D,0C,8202*69
GPS_PRN:19604,16,09,31,26,21,02,07,28,18,19419919508,SAT_TAL:13
GPS_SNR:32,19,22,00,40,18,34,28,10,42,22,18,00,42,22,SNR_AVG:26.85
GLO_PRN:00,00,00,00,00,00,00,00,00,00,00,00,00,00,00,SAT_TAL:00
GLO_SNR:00,00,00,00,00,00,00,00,00,00,00,00,00,00,00,SNR_AVG:0.00
GAL_PRN:00,00,00,00,00,00,00,00,00,00,00,00,00,00,00,SAT_TAL:00
GAL_SNR:00,00,00,00,00,00,00,00,00,00,00,00,00,00,00,SNR_AVG:0.00
BEI_PRN:00,00,00,00,00,00,00,00,00,00,00,00,00,00,00,SAT_TAL:00
BEI_SNR:00,00,00,00,00,00,00,00,00,00,00,00,00,00,00,SNR_AVG:0.00
QZS_PRN:00,00,00,00,00,SAT_TAL:00
QZS_SNR:00,00,00,00,00,SNR_AVG:0.00
SatInView:15 GDOP:120
Roll:164.082001 Pitch:41.051411
X_AVG:-6.985894 Y_AVG:2.783603 Z_AVG:-7.492374
X_SD:0.099802 Y_SD:0.096398 Z_SD:0.139690
$MXCM10033,2,61,20240102,071916,12,0E70FE5D,47EF9BB3,00CE,0000,1E46,0C,8202*12
GPS_PRN:19604,16,09,31,26,21,02,07,28,18,19419919508,SAT_TAL:13
GPS_SNR:29,21,27,16,47,28,27,25,00,42,19,19,00,37,22,SNR_AVG:27.62
GLO_PRN:00,00,00,00,00,00,00,00,00,00,00,00,00,00,00,SAT_TAL:00
GLO_SNR:00,00,00,00,00,00,00,00,00,00,00,00,00,00,00,SNR_AVG:0.00
GAL_PRN:00,00,00,00,00,00,00,00,00,00,00,00,00,00,00,SAT_TAL:00
GAL_SNR:00,00,00,00,00,00,00,00,00,00,00,00,00,00,00,SNR_AVG:0.00
BEI_PRN:00,00,00,00,00,00,00,00,00,00,00,00,00,00,00,SAT_TAL:00
BEI_SNR:00,00,00,00,00,00,00,00,00,00,00,00,00,00,00,SNR_AVG:0.00
QZS_PRN:00,00,00,00,00,SAT_TAL:00
QZS_SNR:00,00,00,00,00,SNR_AVG:0.00
SatInView:15 GDOP:133
Roll:163.996521 Pitch:41.415573
X_AVG:-6.978903 Y_AVG:2.796340 Z_AVG:-7.504202
X_SD:0.084203 Y_SD:0.083130 Z_SD:0.143203
$MXCM10033,2,62,20240102,071931,12,0E70FDDE,47EF99CB,00CE,0000,688E,0B,8202*6A
GPS_PRN:19604,16,09,31,26,21,02,28,18,19419919508,00,SAT_TAL:13
GPS_SNR:28,16,20,20,46,26,25,21,42,21,19,00,37,16,00,SNR_AVG:25.92
GLO_PRN:00,00,00,00,00,00,00,00,00,00,00,00,00,00,00,SAT_TAL:00
GLO_SNR:00,00,00,00,00,00,00,00,00,00,00,00,00,00,00,SNR_AVG:0.00
GAL_PRN:00,00,00,00,00,00,00,00,00,00,00,00,00,00,00,SAT_TAL:00
GAL_SNR:00,00,00,00,00,00,00,00,00,00,00,00,00,00,00,SNR_AVG:0.00
BEI_PRN:00,00,00,00,00,00,00,00,00,00,00,00,00,00,00,SAT_TAL:00
BEI_SNR:00,00,00,00,00,00,00,00,00,00,00,00,00,00,00,SNR_AVG:0.00
QZS_PRN:00,00,00,00,00,SAT_TAL:00
QZS_SNR:00,00,00,00,00,SNR_AVG:0.00
SatInView:14 GDOP:139
Roll:164.071960 Pitch:40.903454
X_AVG:-6.970428 Y_AVG:2.764736 Z_AVG:-7.503819
X_SD:0.339080 Y_SD:0.455318 Z_SD:0.184627
$MXCM10033,2,63,20240102,072146,00,0E70EF72,47EFA317,00CE,0000,0000,00,8202*12
GPS_PRN:19604,16,09,31,26,21,02,07,28,18,19419919508,SAT_TAL:04
GPS_SNR:30,00,00,00,18,00,31,20,00,00,00,00,00,00,00,SNR_AVG:24.75
GLO_PRN:00,00,00,00,00,00,00,00,00,00,00,00,00,00,00,SAT_TAL:00
GLO_SNR:00,00,00,00,00,00,00,00,00,00,00,00,00,00,00,SNR_AVG:0.00
GAL_PRN:00,00,00,00,00,00,00,00,00,00,00,00,00,00,00,SAT_TAL:00
GAL_SNR:00,00,00,00,00,00,00,00,00,00,00,00,00,00,00,SNR_AVG:0.00
BEI_PRN:00,00,00,00,00,00,00,00,00,00,00,00,00,00,00,SAT_TAL:00
BEI_SNR:00,00,00,00,00,00,00,00,00,00,00,00,00,00,00,SNR_AVG:0.00
QZS_PRN:00,00,00,00,00,SAT_TAL:00
QZS_SNR:00,00,00,00,00,SNR_AVG:0.00
SatInView:15 GDOP:6008
Roll:162.579636 Pitch:36.619205
X_AVG:-7.054514 Y_AVG:2.842358 Z_AVG:-7.329230
X_SD:0.997750 Y_SD:1.144173 Z_SD:1.148311
$MXCM10033,2,64,20240102,072201,12,0E7100DC,47EF8F15,00CE,0000,7403,0D,8202*6C
GPS_PRN:19604,16,09,31,26,21,02,07,28,18,19419919508,SAT_TAL:13
GPS_SNR:18,16,17,16,22,18,21,16,17,18,00,13,00,17,17,SNR_AVG:17.38
GLO_PRN:00,00,00,00,00,00,00,00,00,00,00,00,00,00,00,SAT_TAL:00
GLO_SNR:00,00,00,00,00,00,00,00,00,00,00,00,00,00,00,SNR_AVG:0.00
GAL_PRN:00,00,00,00,00,00,00,00,00,00,00,00,00,00,00,SAT_TAL:00
GAL_SNR:00,00,00,00,00,00,00,00,00,00,00,00,00,00,00,SNR_AVG:0.00
BEI_PRN:00,00,00,00,00,00,00,00,00,00,00,00,00,00,00,SAT_TAL:00
BEI_SNR:00,00,00,00,00,00,00,00,00,00,00,00,00,00,00,SNR_AVG:0.00
QZS_PRN:00,00,00,00,00,SAT_TAL:00
QZS_SNR:00,00,00,00,00,SNR_AVG:0.00
SatInView:15 GDOP:117
Roll:162.834152 Pitch:45.649117
X_AVG:-7.416237 Y_AVG:2.702629 Z_AVG:-7.038855
X_SD:0.103297 Y_SD:0.085014 Z_SD:0.145477
$MXCM10033,2,65,20240102,072417,12,0E70FD3A,47EF8C3B,00CE,0000,88CE,0A,8202*69
GPS_PRN:19604,16,09,31,26,21,02,07,28,18,19419919508,SAT_TAL:11
GPS_SNR:19,29,00,00,23,00,25,21,18,20,00,17,26,27,16,SNR_AVG:21.91
GLO_PRN:00,00,00,00,00,00,00,00,00,00,00,00,00,00,00,SAT_TAL:00
GLO_SNR:00,00,00,00,00,00,00,00,00,00,00,00,00,00,00,SNR_AVG:0.00
GAL_PRN:00,00,00,00,00,00,00,00,00,00,00,00,00,00,00,SAT_TAL:00
GAL_SNR:00,00,00,00,00,00,00,00,00,00,00,00,00,00,00,SNR_AVG:0.00
BEI_PRN:00,00,00,00,00,00,00,00,00,00,00,00,00,00,00,SAT_TAL:00
BEI_SNR:00,00,00,00,00,00,00,00,00,00,00,00,00,00,00,SNR_AVG:0.00
QZS_PRN:00,00,00,00,00,SAT_TAL:00
QZS_SNR:00,00,00,00,00,SNR_AVG:0.00
SatInView:15 GDOP:137
Roll:161.238297 Pitch:38.882126
X_AVG:-6.848129 Y_AVG:2.984097 Z_AVG:-7.521488
X_SD:0.082954 Y_SD:0.063021 Z_SD:0.131962
$MXCM10033,2,66,20240102,072432,12,0E70FB6C,47EF8D4C,00CE,0000,8960,0D,8202*69
GPS_PRN:19604,16,09,31,26,21,02,07,28,18,19419919508,SAT_TAL:13
GPS_SNR:20,29,22,14,28,17,25,21,18,00,00,16,25,27,22,SNR_AVG:21.85
GLO_PRN:00,00,00,00,00,00,00,00,00,00,00,00,00,00,00,SAT_TAL:00
GLO_SNR:00,00,00,00,00,00,00,00,00,00,00,00,00,00,00,SNR_AVG:0.00
GAL_PRN:00,00,00,00,00,00,00,00,00,00,00,00,00,00,00,SAT_TAL:00
GAL_SNR:00,00,00,00,00,00,00,00,00,00,00,00,00,00,00,SNR_AVG:0.00
BEI_PRN:00,00,00,00,00,00,00,00,00,00,00,00,00,00,00,SAT_TAL:00
BEI_SNR:00,00,00,00,00,00,00,00,00,00,00,00,00,00,00,SNR_AVG:0.00
QZS_PRN:00,00,00,00,00,SAT_TAL:00
QZS_SNR:00,00,00,00,00,SNR_AVG:0.00
SatInView:15 GDOP:120
Roll:161.424011 Pitch:38.841148
X_AVG:-6.848752 Y_AVG:2.993674 Z_AVG:-7.531831
X_SD:0.073593 Y_SD:0.062509 Z_SD:0.135435
$MXCM10033,2,67,20240102,072647,00,0E70FB4C,47EF8D0F,00CE,0000,0000,00,8202*1B
GPS_PRN:07,28,00,00,00,00,00,00,00,00,00,00,00,00,00,SAT_TAL:00
GPS_SNR:00,00,00,00,00,00,00,00,00,00,00,00,00,00,00,SNR_AVG:0.00
GLO_PRN:00,00,00,00,00,00,00,00,00,00,00,00,00,00,00,SAT_TAL:00
GLO_SNR:00,00,00,00,00,00,00,00,00,00,00,00,00,00,00,SNR_AVG:0.00
GAL_PRN:00,00,00,00,00,00,00,00,00,00,00,00,00,00,00,SAT_TAL:00
GAL_SNR:00,00,00,00,00,00,00,00,00,00,00,00,00,00,00,SNR_AVG:0.00
BEI_PRN:00,00,00,00,00,00,00,00,00,00,00,00,00,00,00,SAT_TAL:00
BEI_SNR:00,00,00,00,00,00,00,00,00,00,00,00,00,00,00,SNR_AVG:0.00
QZS_PRN:00,00,00,00,00,SAT_TAL:00
QZS_SNR:00,00,00,00,00,SNR_AVG:0.00
SatInView:2 GDOP:17319
Roll:0.000000 Pitch:0.000000
X_AVG:-0.715546 Y_AVG:-0.311013 Z_AVG:8.740640
X_SD:0.081017 Y_SD:0.067827 Z_SD:0.136724
$MXCM10033,2,68,20240102,072702,00,0E70FB4C,47EF8D0F,00CE,0000,0000,00,8202*14
GPS_PRN:02,07,28,18,00,00,00,00,00,00,00,00,00,00,00,SAT_TAL:00
GPS_SNR:00,00,00,00,00,00,00,00,00,00,00,00,00,00,00,SNR_AVG:0.00
GLO_PRN:00,00,00,00,00,00,00,00,00,00,00,00,00,00,00,SAT_TAL:00
GLO_SNR:00,00,00,00,00,00,00,00,00,00,00,00,00,00,00,SNR_AVG:0.00
GAL_PRN:00,00,00,00,00,00,00,00,00,00,00,00,00,00,00,SAT_TAL:00
GAL_SNR:00,00,00,00,00,00,00,00,00,00,00,00,00,00,00,SNR_AVG:0.00
BEI_PRN:00,00,00,00,00,00,00,00,00,00,00,00,00,00,00,SAT_TAL:00
BEI_SNR:00,00,00,00,00,00,00,00,00,00,00,00,00,00,00,SNR_AVG:0.00
QZS_PRN:00,00,00,00,00,SAT_TAL:00
QZS_SNR:00,00,00,00,00,SNR_AVG:0.00
SatInView:4 GDOP:17319
Roll:0.000000 Pitch:0.796936
X_AVG:-0.890517 Y_AVG:-0.271269 Z_AVG:8.719236
X_SD:0.074229 Y_SD:0.065327 Z_SD:0.134517
$MXCM10033,2,69,20240102,072917,00,0E70FB4C,47EF8D0F,00CE,0000,0000,00,8202*1F
GPS_PRN:02,07,28,19600,00,00,00,00,00,00,00,00,00,00,SAT_TAL:00
GPS_SNR:00,00,00,00,00,00,00,00,00,00,00,00,00,00,00,SNR_AVG:0.00
GLO_PRN:00,00,00,00,00,00,00,00,00,00,00,00,00,00,00,SAT_TAL:00
GLO_SNR:00,00,00,00,00,00,00,00,00,00,00,00,00,00,00,SNR_AVG:0.00
GAL_PRN:00,00,00,00,00,00,00,00,00,00,00,00,00,00,00,SAT_TAL:00
GAL_SNR:00,00,00,00,00,00,00,00,00,00,00,00,00,00,00,SNR_AVG:0.00
BEI_PRN:00,00,00,00,00,00,00,00,00,00,00,00,00,00,00,SAT_TAL:00
BEI_SNR:00,00,00,00,00,00,00,00,00,00,00,00,00,00,00,SNR_AVG:0.00
QZS_PRN:00,00,00,00,00,SAT_TAL:00
QZS_SNR:00,00,00,00,00,SNR_AVG:0.00
SatInView:4 GDOP:17319
Roll:0.000000 Pitch:90.000000
X_AVG:-9.977845 Y_AVG:-0.343814 Z_AVG:0.009098
X_SD:0.076696 Y_SD:0.064159 Z_SD:0.135025
$MXCM10033,2,70,20240102,072932,00,0E70FB4C,47EF8D0F,00CE,0000,0000,00,8202*10
GPS_PRN:31,02,07,19600,00,00,00,00,00,00,00,00,00,00,SAT_TAL:00
GPS_SNR:00,00,00,00,00,00,00,00,00,00,00,00,00,00,00,SNR_AVG:0.00
GLO_PRN:00,00,00,00,00,00,00,00,00,00,00,00,00,00,00,SAT_TAL:00
GLO_SNR:00,00,00,00,00,00,00,00,00,00,00,00,00,00,00,SNR_AVG:0.00
GAL_PRN:00,00,00,00,00,00,00,00,00,00,00,00,00,00,00,SAT_TAL:00
GAL_SNR:00,00,00,00,00,00,00,00,00,00,00,00,00,00,00,SNR_AVG:0.00
BEI_PRN:00,00,00,00,00,00,00,00,00,00,00,00,00,00,00,SAT_TAL:00
BEI_SNR:00,00,00,00,00,00,00,00,00,00,00,00,00,00,00,SNR_AVG:0.00
QZS_PRN:00,00,00,00,00,SAT_TAL:00
QZS_SNR:00,00,00,00,00,SNR_AVG:0.00
SatInView:4 GDOP:17319
Roll:0.000000 Pitch:90.000000
X_AVG:-9.992881 Y_AVG:-0.324421 Z_AVG:-0.022841
X_SD:0.257326 Y_SD:0.152322 Z_SD:0.161448
$MXCM10033,2,71,20240102,073147,00,0E70FB4C,47EF8D0F,00CE,0000,0000,00,8202*1A
GPS_PRN:19609,02,07,28,01,18,16,00,00,00,00,00,00,00,SAT_TAL:01
GPS_SNR:00,00,21,00,00,00,00,00,00,00,00,00,00,00,00,SNR_AVG:21.00
GLO_PRN:00,00,00,00,00,00,00,00,00,00,00,00,00,00,00,SAT_TAL:00
GLO_SNR:00,00,00,00,00,00,00,00,00,00,00,00,00,00,00,SNR_AVG:0.00
GAL_PRN:00,00,00,00,00,00,00,00,00,00,00,00,00,00,00,SAT_TAL:00
GAL_SNR:00,00,00,00,00,00,00,00,00,00,00,00,00,00,00,SNR_AVG:0.00
BEI_PRN:00,00,00,00,00,00,00,00,00,00,00,00,00,00,00,SAT_TAL:00
BEI_SNR:00,00,00,00,00,00,00,00,00,00,00,00,00,00,00,SNR_AVG:0.00
QZS_PRN:00,00,00,00,00,SAT_TAL:00
QZS_SNR:00,00,00,00,00,SNR_AVG:0.00
SatInView:8 GDOP:17148
Roll:0.000000 Pitch:90.000000
X_AVG:-9.935131 Y_AVG:-0.156967 Z_AVG:2.180012
X_SD:0.075815 Y_SD:0.064435 Z_SD:0.127544
$MXCM10033,2,72,20240102,073202,12,0E71032F,47EF831F,00EC,0000,0000,07,8202*6C
GPS_PRN:19604,16,09,21,31,26,02,07,28,01,18,194199195SAT_TAL:07
GPS_SNR:17,00,18,00,17,16,20,21,00,00,00,00,00,00,15,SNR_AVG:17.71
GLO_PRN:00,00,00,00,00,00,00,00,00,00,00,00,00,00,00,SAT_TAL:00
GLO_SNR:00,00,00,00,00,00,00,00,00,00,00,00,00,00,00,SNR_AVG:0.00
GAL_PRN:00,00,00,00,00,00,00,00,00,00,00,00,00,00,00,SAT_TAL:00
GAL_SNR:00,00,00,00,00,00,00,00,00,00,00,00,00,00,00,SNR_AVG:0.00
BEI_PRN:00,00,00,00,00,00,00,00,00,00,00,00,00,00,00,SAT_TAL:00
BEI_SNR:00,00,00,00,00,00,00,00,00,00,00,00,00,00,00,SNR_AVG:0.00
QZS_PRN:00,00,00,00,00,SAT_TAL:00
QZS_SNR:00,00,00,00,00,SNR_AVG:0.00
SatInView:16 GDOP:258
Roll:0.000000 Pitch:90.000000
X_AVG:-9.939250 Y_AVG:-0.170710 Z_AVG:2.160954
X_SD:0.074660 Y_SD:0.057418 Z_SD:0.132277
$MXCM10033,2,73,20240102,073417,00,0E7103A4,47EF8076,00E7,0000,0000,00,8202*6B
GPS_PRN:26,07,01,19600,00,00,00,00,00,00,00,00,00,00,SAT_TAL:00
GPS_SNR:00,00,00,00,00,00,00,00,00,00,00,00,00,00,00,SNR_AVG:0.00
GLO_PRN:00,00,00,00,00,00,00,00,00,00,00,00,00,00,00,SAT_TAL:00
GLO_SNR:00,00,00,00,00,00,00,00,00,00,00,00,00,00,00,SNR_AVG:0.00
GAL_PRN:00,00,00,00,00,00,00,00,00,00,00,00,00,00,00,SAT_TAL:00
GAL_SNR:00,00,00,00,00,00,00,00,00,00,00,00,00,00,00,SNR_AVG:0.00
BEI_PRN:00,00,00,00,00,00,00,00,00,00,00,00,00,00,00,SAT_TAL:00
BEI_SNR:00,00,00,00,00,00,00,00,00,00,00,00,00,00,00,SNR_AVG:0.00
QZS_PRN:00,00,00,00,00,SAT_TAL:00
QZS_SNR:00,00,00,00,00,SNR_AVG:0.00
SatInView:4 GDOP:17319
Roll:0.000000 Pitch:90.000000
X_AVG:-9.936903 Y_AVG:-0.162953 Z_AVG:2.160284
X_SD:0.074764 Y_SD:0.063052 Z_SD:0.136581
$MXCM10033,2,74,20240102,073432,00,0E7103A4,47EF8076,00E7,0000,0000,00,8202*6B
GPS_PRN:26,07,01,28,19600,00,00,00,00,00,00,00,00,00,SAT_TAL:01
GPS_SNR:18,00,00,00,00,00,00,00,00,00,00,00,00,00,00,SNR_AVG:18.00
GLO_PRN:00,00,00,00,00,00,00,00,00,00,00,00,00,00,00,SAT_TAL:00
GLO_SNR:00,00,00,00,00,00,00,00,00,00,00,00,00,00,00,SNR_AVG:0.00
GAL_PRN:00,00,00,00,00,00,00,00,00,00,00,00,00,00,00,SAT_TAL:00
GAL_SNR:00,00,00,00,00,00,00,00,00,00,00,00,00,00,00,SNR_AVG:0.00
BEI_PRN:00,00,00,00,00,00,00,00,00,00,00,00,00,00,00,SAT_TAL:00
BEI_SNR:00,00,00,00,00,00,00,00,00,00,00,00,00,00,00,SNR_AVG:0.00
QZS_PRN:00,00,00,00,00,SAT_TAL:00
QZS_SNR:00,00,00,00,00,SNR_AVG:0.00
SatInView:5 GDOP:17319
Roll:0.000000 Pitch:90.000000
X_AVG:-9.935084 Y_AVG:-0.172769 Z_AVG:2.159566
X_SD:0.079048 Y_SD:0.060539 Z_SD:0.135324
$MXCM10033,2,75,20240102,073647,00,0E7103A4,47EF8076,00E7,0000,0000,00,8202*6A
GPS_PRN:19604,16,09,21,31,26,02,07,19919508,00,00,00,SAT_TAL:01
GPS_SNR:00,00,00,00,00,00,00,19,00,00,00,00,00,00,00,SNR_AVG:19.00
GLO_PRN:00,00,00,00,00,00,00,00,00,00,00,00,00,00,00,SAT_TAL:00
GLO_SNR:00,00,00,00,00,00,00,00,00,00,00,00,00,00,00,SNR_AVG:0.00
GAL_PRN:00,00,00,00,00,00,00,00,00,00,00,00,00,00,00,SAT_TAL:00
GAL_SNR:00,00,00,00,00,00,00,00,00,00,00,00,00,00,00,SNR_AVG:0.00
BEI_PRN:00,00,00,00,00,00,00,00,00,00,00,00,00,00,00,SAT_TAL:00
BEI_SNR:00,00,00,00,00,00,00,00,00,00,00,00,00,00,00,SNR_AVG:0.00
QZS_PRN:00,00,00,00,00,SAT_TAL:00
QZS_SNR:00,00,00,00,00,SNR_AVG:0.00
SatInView:12 GDOP:17108
Roll:0.000000 Pitch:90.000000
X_AVG:-9.925698 Y_AVG:-0.170710 Z_AVG:2.148121
X_SD:0.069201 Y_SD:0.060354 Z_SD:0.133924
$MXCM10033,2,76,20240102,073702,12,0E710864,47EF8826,00E7,0000,6974,06,8202*11
GPS_PRN:19604,16,09,21,31,26,02,07,01,28,19419919508,SAT_TAL:06
GPS_SNR:00,00,17,00,20,17,19,20,20,00,00,00,00,00,00,SNR_AVG:18.83
GLO_PRN:00,00,00,00,00,00,00,00,00,00,00,00,00,00,00,SAT_TAL:00
GLO_SNR:00,00,00,00,00,00,00,00,00,00,00,00,00,00,00,SNR_AVG:0.00
GAL_PRN:00,00,00,00,00,00,00,00,00,00,00,00,00,00,00,SAT_TAL:00
GAL_SNR:00,00,00,00,00,00,00,00,00,00,00,00,00,00,00,SNR_AVG:0.00
BEI_PRN:00,00,00,00,00,00,00,00,00,00,00,00,00,00,00,SAT_TAL:00
BEI_SNR:00,00,00,00,00,00,00,00,00,00,00,00,00,00,00,SNR_AVG:0.00
QZS_PRN:00,00,00,00,00,SAT_TAL:00
QZS_SNR:00,00,00,00,00,SNR_AVG:0.00
SatInView:15 GDOP:154
Roll:0.000000 Pitch:90.000000
X_AVG:-9.941596 Y_AVG:-0.167597 Z_AVG:2.131601
X_SD:0.074285 Y_SD:0.065782 Z_SD:0.130090
$MXCM10033,2,77,20240102,073917,00,0E710836,47EF87DE,00E7,0000,0000,00,8202*1E
GPS_PRN:19604,16,21,02,26,31,07,01,19419919508,00,00,SAT_TAL:03
GPS_SNR:00,00,21,00,00,18,00,18,00,00,00,00,00,00,00,SNR_AVG:19.00
GLO_PRN:00,00,00,00,00,00,00,00,00,00,00,00,00,00,00,SAT_TAL:00
GLO_SNR:00,00,00,00,00,00,00,00,00,00,00,00,00,00,00,SNR_AVG:0.00
GAL_PRN:00,00,00,00,00,00,00,00,00,00,00,00,00,00,00,SAT_TAL:00
GAL_SNR:00,00,00,00,00,00,00,00,00,00,00,00,00,00,00,SNR_AVG:0.00
BEI_PRN:00,00,00,00,00,00,00,00,00,00,00,00,00,00,00,SAT_TAL:00
BEI_SNR:00,00,00,00,00,00,00,00,00,00,00,00,00,00,00,SNR_AVG:0.00
QZS_PRN:00,00,00,00,00,SAT_TAL:00
QZS_SNR:00,00,00,00,00,SNR_AVG:0.00
SatInView:13 GDOP:16678
Roll:0.000000 Pitch:90.000000
X_AVG:-9.931301 Y_AVG:-0.173104 Z_AVG:2.147786
X_SD:0.070731 Y_SD:0.062029 Z_SD:0.133322
$MXCM10033,2,78,20240102,073932,12,0E710BAC,47EF86F1,00E7,0000,2AD6,08,8202*16
GPS_PRN:19604,16,09,21,02,26,31,07,01,19419919508,00,SAT_TAL:08
GPS_SNR:15,00,18,00,17,00,18,17,18,00,17,00,16,00,00,SNR_AVG:17.00
GLO_PRN:00,00,00,00,00,00,00,00,00,00,00,00,00,00,00,SAT_TAL:00
GLO_SNR:00,00,00,00,00,00,00,00,00,00,00,00,00,00,00,SNR_AVG:0.00
GAL_PRN:00,00,00,00,00,00,00,00,00,00,00,00,00,00,00,SAT_TAL:00
GAL_SNR:00,00,00,00,00,00,00,00,00,00,00,00,00,00,00,SNR_AVG:0.00
BEI_PRN:00,00,00,00,00,00,00,00,00,00,00,00,00,00,00,SAT_TAL:00
BEI_SNR:00,00,00,00,00,00,00,00,00,00,00,00,00,00,00,SNR_AVG:0.00
QZS_PRN:00,00,00,00,00,SAT_TAL:00
QZS_SNR:00,00,00,00,00,SNR_AVG:0.00
SatInView:14 GDOP:147
Roll:0.000000 Pitch:90.000000
X_AVG:-9.933168 Y_AVG:-0.178324 Z_AVG:2.143524
X_SD:0.077517 Y_SD:0.066134 Z_SD:0.140941
$MXCM10033,2,79,20240102,074147,00,0E710BB1,47EF848A,00E7,0000,0000,00,8202*6D
GPS_PRN:08,07,01,19600,00,00,00,00,00,00,00,00,00,00,SAT_TAL:00
GPS_SNR:00,00,00,00,00,00,00,00,00,00,00,00,00,00,00,SNR_AVG:0.00
GLO_PRN:00,00,00,00,00,00,00,00,00,00,00,00,00,00,00,SAT_TAL:00
GLO_SNR:00,00,00,00,00,00,00,00,00,00,00,00,00,00,00,SNR_AVG:0.00
GAL_PRN:00,00,00,00,00,00,00,00,00,00,00,00,00,00,00,SAT_TAL:00
GAL_SNR:00,00,00,00,00,00,00,00,00,00,00,00,00,00,00,SNR_AVG:0.00
BEI_PRN:00,00,00,00,00,00,00,00,00,00,00,00,00,00,00,SAT_TAL:00
BEI_SNR:00,00,00,00,00,00,00,00,00,00,00,00,00,00,00,SNR_AVG:0.00
QZS_PRN:00,00,00,00,00,SAT_TAL:00
QZS_SNR:00,00,00,00,00,SNR_AVG:0.00
SatInView:4 GDOP:17319
Roll:0.000000 Pitch:90.000000
X_AVG:-9.934413 Y_AVG:-0.159888 Z_AVG:2.113644
X_SD:0.075645 Y_SD:0.062458 Z_SD:0.122683
$MXCM10033,2,80,20240102,074202,00,0E710BB1,47EF848A,00E7,0000,0000,00,8202*69
GPS_PRN:08,07,01,00,00,00,00,00,00,00,00,00,00,00,00,SAT_TAL:00
GPS_SNR:00,00,00,00,00,00,00,00,00,00,00,00,00,00,00,SNR_AVG:0.00
GLO_PRN:00,00,00,00,00,00,00,00,00,00,00,00,00,00,00,SAT_TAL:00
GLO_SNR:00,00,00,00,00,00,00,00,00,00,00,00,00,00,00,SNR_AVG:0.00
GAL_PRN:00,00,00,00,00,00,00,00,00,00,00,00,00,00,00,SAT_TAL:00
GAL_SNR:00,00,00,00,00,00,00,00,00,00,00,00,00,00,00,SNR_AVG:0.00
BEI_PRN:00,00,00,00,00,00,00,00,00,00,00,00,00,00,00,SAT_TAL:00
BEI_SNR:00,00,00,00,00,00,00,00,00,00,00,00,00,00,00,SNR_AVG:0.00
QZS_PRN:00,00,00,00,00,SAT_TAL:00
QZS_SNR:00,00,00,00,00,SNR_AVG:0.00
SatInView:3 GDOP:17319
Roll:0.000000 Pitch:90.000000
X_AVG:-9.928619 Y_AVG:-0.178084 Z_AVG:2.135767
X_SD:0.081339 Y_SD:0.065117 Z_SD:0.139762
$MXCM10033,2,81,20240102,074417,00,0E710BB1,47EF848A,00E7,0000,0000,00,8202*6A
GPS_PRN:08,31,07,01,00,00,00,00,00,00,00,00,00,00,00,SAT_TAL:00
GPS_SNR:00,00,00,00,00,00,00,00,00,00,00,00,00,00,00,SNR_AVG:0.00
GLO_PRN:00,00,00,00,00,00,00,00,00,00,00,00,00,00,00,SAT_TAL:00
GLO_SNR:00,00,00,00,00,00,00,00,00,00,00,00,00,00,00,SNR_AVG:0.00
GAL_PRN:00,00,00,00,00,00,00,00,00,00,00,00,00,00,00,SAT_TAL:00
GAL_SNR:00,00,00,00,00,00,00,00,00,00,00,00,00,00,00,SNR_AVG:0.00
BEI_PRN:00,00,00,00,00,00,00,00,00,00,00,00,00,00,00,SAT_TAL:00
BEI_SNR:00,00,00,00,00,00,00,00,00,00,00,00,00,00,00,SNR_AVG:0.00
QZS_PRN:00,00,00,00,00,SAT_TAL:00
QZS_SNR:00,00,00,00,00,SNR_AVG:0.00
SatInView:4 GDOP:17319
Roll:0.000000 Pitch:90.000000
X_AVG:-9.936903 Y_AVG:-0.184788 Z_AVG:2.100763
X_SD:0.069960 Y_SD:0.061478 Z_SD:0.131009
$MXCM10033,2,82,20240102,074432,00,0E710BB1,47EF848A,00E7,0000,0000,00,8202*6E
GPS_PRN:08,01,19600,00,00,00,00,00,00,00,00,00,00,00,SAT_TAL:00
GPS_SNR:00,00,00,00,00,00,00,00,00,00,00,00,00,00,00,SNR_AVG:0.00
GLO_PRN:00,00,00,00,00,00,00,00,00,00,00,00,00,00,00,SAT_TAL:00
GLO_SNR:00,00,00,00,00,00,00,00,00,00,00,00,00,00,00,SNR_AVG:0.00
GAL_PRN:00,00,00,00,00,00,00,00,00,00,00,00,00,00,00,SAT_TAL:00
GAL_SNR:00,00,00,00,00,00,00,00,00,00,00,00,00,00,00,SNR_AVG:0.00
BEI_PRN:00,00,00,00,00,00,00,00,00,00,00,00,00,00,00,SAT_TAL:00
BEI_SNR:00,00,00,00,00,00,00,00,00,00,00,00,00,00,00,SNR_AVG:0.00
QZS_PRN:00,00,00,00,00,SAT_TAL:00
QZS_SNR:00,00,00,00,00,SNR_AVG:0.00
SatInView:3 GDOP:17319
Roll:0.000000 Pitch:90.000000
X_AVG:-9.930822 Y_AVG:-0.203128 Z_AVG:2.083907
X_SD:0.071522 Y_SD:0.060484 Z_SD:0.130971
$MXCM10033,2,83,20240102,074647,00,0E710BB1,47EF848A,00E7,0000,0000,00,8202*6F
GPS_PRN:08,07,01,00,00,00,00,00,00,00,00,00,00,00,00,SAT_TAL:00
GPS_SNR:00,00,00,00,00,00,00,00,00,00,00,00,00,00,00,SNR_AVG:0.00
GLO_PRN:00,00,00,00,00,00,00,00,00,00,00,00,00,00,00,SAT_TAL:00
GLO_SNR:00,00,00,00,00,00,00,00,00,00,00,00,00,00,00,SNR_AVG:0.00
GAL_PRN:00,00,00,00,00,00,00,00,00,00,00,00,00,00,00,SAT_TAL:00
GAL_SNR:00,00,00,00,00,00,00,00,00,00,00,00,00,00,00,SNR_AVG:0.00
BEI_PRN:00,00,00,00,00,00,00,00,00,00,00,00,00,00,00,SAT_TAL:00
BEI_SNR:00,00,00,00,00,00,00,00,00,00,00,00,00,00,00,SNR_AVG:0.00
QZS_PRN:00,00,00,00,00,SAT_TAL:00
QZS_SNR:00,00,00,00,00,SNR_AVG:0.00
SatInView:3 GDOP:19998
Roll:0.000000 Pitch:90.000000
X_AVG:-9.920766 Y_AVG:-0.205714 Z_AVG:2.111202
X_SD:0.075503 Y_SD:0.065404 Z_SD:0.123913
$MXCM10033,2,84,20240102,074702,00,0E710BB1,47EF848A,00E7,0000,0000,00,8202*68
GPS_PRN:08,07,01,00,00,00,00,00,00,00,00,00,00,00,00,SAT_TAL:00
GPS_SNR:00,00,00,00,00,00,00,00,00,00,00,00,00,00,00,SNR_AVG:0.00
GLO_PRN:00,00,00,00,00,00,00,00,00,00,00,00,00,00,00,SAT_TAL:00
GLO_SNR:00,00,00,00,00,00,00,00,00,00,00,00,00,00,00,SNR_AVG:0.00
GAL_PRN:00,00,00,00,00,00,00,00,00,00,00,00,00,00,00,SAT_TAL:00
GAL_SNR:00,00,00,00,00,00,00,00,00,00,00,00,00,00,00,SNR_AVG:0.00
BEI_PRN:00,00,00,00,00,00,00,00,00,00,00,00,00,00,00,SAT_TAL:00
BEI_SNR:00,00,00,00,00,00,00,00,00,00,00,00,00,00,00,SNR_AVG:0.00
QZS_PRN:00,00,00,00,00,SAT_TAL:00
QZS_SNR:00,00,00,00,00,SNR_AVG:0.00
SatInView:3 GDOP:19998
Roll:0.000000 Pitch:90.000000
X_AVG:-9.926800 Y_AVG:-0.222713 Z_AVG:2.075432
X_SD:0.073475 Y_SD:0.060229 Z_SD:0.133198
$MXCM10033,2,85,20240102,074917,00,0E710BB1,47EF848A,00E7,0000,0000,00,8202*63
GPS_PRN:08,31,01,19600,00,00,00,00,00,00,00,00,00,00,SAT_TAL:00
GPS_SNR:00,00,00,00,00,00,00,00,00,00,00,00,00,00,00,SNR_AVG:0.00
GLO_PRN:00,00,00,00,00,00,00,00,00,00,00,00,00,00,00,SAT_TAL:00
GLO_SNR:00,00,00,00,00,00,00,00,00,00,00,00,00,00,00,SNR_AVG:0.00
GAL_PRN:00,00,00,00,00,00,00,00,00,00,00,00,00,00,00,SAT_TAL:00
GAL_SNR:00,00,00,00,00,00,00,00,00,00,00,00,00,00,00,SNR_AVG:0.00
BEI_PRN:00,00,00,00,00,00,00,00,00,00,00,00,00,00,00,SAT_TAL:00
BEI_SNR:00,00,00,00,00,00,00,00,00,00,00,00,00,00,00,SNR_AVG:0.00
QZS_PRN:00,00,00,00,00,SAT_TAL:00
QZS_SNR:00,00,00,00,00,SNR_AVG:0.00
SatInView:4 GDOP:19998
Roll:-84.442841 Pitch:90.000000
X_AVG:-9.852051 Y_AVG:-1.235577 Z_AVG:0.394812
X_SD:0.076161 Y_SD:0.055707 Z_SD:0.128448
$MXCM10033,2,86,20240102,074932,00,0E710BB1,47EF848A,00E7,0000,0000,00,8202*67
GPS_PRN:08,01,00,00,00,00,00,00,00,00,00,00,00,00,00,SAT_TAL:00
GPS_SNR:00,00,00,00,00,00,00,00,00,00,00,00,00,00,00,SNR_AVG:0.00
GLO_PRN:00,00,00,00,00,00,00,00,00,00,00,00,00,00,00,SAT_TAL:00
GLO_SNR:00,00,00,00,00,00,00,00,00,00,00,00,00,00,00,SNR_AVG:0.00
GAL_PRN:00,00,00,00,00,00,00,00,00,00,00,00,00,00,00,SAT_TAL:00
GAL_SNR:00,00,00,00,00,00,00,00,00,00,00,00,00,00,00,SNR_AVG:0.00
BEI_PRN:00,00,00,00,00,00,00,00,00,00,00,00,00,00,00,SAT_TAL:00
BEI_SNR:00,00,00,00,00,00,00,00,00,00,00,00,00,00,00,SNR_AVG:0.00
QZS_PRN:00,00,00,00,00,SAT_TAL:00
QZS_SNR:00,00,00,00,00,SNR_AVG:0.00
SatInView:2 GDOP:19998
Roll:-84.453117 Pitch:90.000000
X_AVG:-9.842618 Y_AVG:-1.244340 Z_AVG:0.402473
X_SD:0.074943 Y_SD:0.066313 Z_SD:0.121694
$MXCM10033,3*35
$MXCM001,10033,0*2B
======== Tracker Setting ========
[System]
COMPort:COM31
SerialNumber:MX231214C0000001
FirmwareVersion:231220163813_v1.0.CN
[Periodic]
Enable:0
Stage:0
WorkMode:0
T0:15
T1:270
T2:120
T3:30
T4:120
FirstFixStage:2
TraceFixStage:0
PeriodicCycle:36
[Dynamic]
Enable:0
PrecisionChk:0
T5:45
T6:175
[Geofencing]
Enable:0
T7:20
T8:60
DistanceThreshold:1000
DestinationLongitude:121.2237164
DestinationLatitude:24.9698319
DestinationAltitude:154
[MotionDetection]
Enable:1
Angle:45
DataRate:200
SampleFrequency:50
[GPS_EPO]
EpoDataNumber:12
FWN:2295
FTOW:172800
LWN:2295
LTOW:432000
[GLO_EPO]
EpoDataNumber:12
FWN:2295
FTOW:172800
LWN:2295
LTOW:432000
[GAL_EPO]
EpoDataNumber:0
FWN:0
FTOW:0
LWN:0
LTOW:0
[BEI_EPO]
EpoDataNumber:0
FWN:0
FTOW:0
LWN:0
LTOW:0
